0.749546349049
0.745998203754
0.747916936874
0.742689847946
0.732432544231
0.72202527523
0.727129995823
0.728134036064
0.725800395012
0.724291861057
0.722002923489
0.725120007992
0.72074586153
0.719019532204
0.725753724575
0.712051451206
0.710965335369
0.706648647785
0.695739328861
0.712848961353
0.713831484318
0.710060298443
0.695195257664
0.713206470013
0.694437026978
0.700083971024
0.702171742916
0.704539895058
0.690486431122
0.683938622475
0.692589640617
0.690725386143
0.705464780331
0.70410490036
0.699146032333
0.707283675671
0.69041377306
0.703805446625
0.69352209568
0.697390198708
0.696756064892
0.696384549141
0.689502179623
0.694513559341
0.693996608257
0.691994547844
0.694578886032
0.691655814648
0.69285517931
0.693887472153
0.690767526627
0.69380658865
0.691529333591
0.696450650692
0.695348083973
0.687275409698
0.688817024231
0.688845694065
0.690766096115
0.687052369118
0.690984904766
0.689704954624
0.692178666592
0.685721516609
0.685040950775
0.688111484051
0.683068394661
0.687147736549
0.684446036816
0.680679380894
0.685715258121
0.68437474966
0.681945860386
0.675943434238
0.68063378334
0.683623611927
0.68542611599
0.689272046089
0.680130720139
0.681323885918
0.677678644657
0.684670805931
0.685053110123
0.681597590446
0.682059526443
0.684688150883
0.680776059628
0.687660038471
0.683959662914
0.68629181385
0.678026497364
0.68562412262
0.683859407902
0.685292243958
0.677503764629
0.682163536549
0.677082836628
0.681100010872
0.683432281017
0.674627184868
0.676993966103
0.677744567394
0.679194450378
0.67556977272
0.683626115322
0.675792038441
0.677114725113
0.676611602306
0.681869626045
0.680256783962
0.674220263958
0.675722241402
0.677197039127
0.677255153656
0.676592707634
0.670194089413
0.678274691105
0.678338766098
0.679904043674
0.666749179363
0.675324082375
0.676882505417
0.67845594883
0.671509444714
0.67683249712
0.673546791077
0.671227276325
0.671581685543
0.675207972527
0.67391616106
0.669268786907
0.663945138454
0.665026724339
0.677158176899
0.665379285812
0.661822736263
0.66610366106
0.667464017868
0.669374346733
0.664074361324
0.664860665798
0.668972730637
0.657452762127
0.66231572628
0.673497021198
0.663824677467
0.650392055511
0.664251327515
0.668335020542
0.660642325878
0.66516572237
0.664224743843
0.658691525459
0.649301350117
0.661691665649
0.668803989887
0.656169712543
0.658174753189
0.653179705143
0.66878682375
0.653394281864
0.646804153919
0.655567586422
0.663864016533
0.657408714294
0.650615274906
0.651025176048
0.648193717003
0.662113547325
0.665117740631
0.651829183102
0.657743453979
0.654210448265
0.659098207951
0.656188607216
0.643561661243
0.643951654434
0.628395020962
0.663031697273
0.650345444679
0.66149866581
0.643761396408
0.644398927689
0.629425346851
0.651022434235
0.641654908657
0.627501130104
0.650432229042
0.633653044701
0.626376628876
0.649856030941
0.644785523415
0.639495015144
0.63532102108
0.635057747364
0.639325082302
0.618706524372
0.644157290459
0.644705653191
0.652437388897
0.633810281754
0.656016230583
0.651407778263
0.640304207802
0.637046337128
0.64058047533
0.627619683743
0.650589346886
0.626680076122
0.614444494247
0.642965555191
0.637141168118
0.629750072956
0.627668678761
0.646798312664
0.62308806181
0.613696098328
0.641138911247
0.624694705009
0.643727600574
0.625155508518
0.617189109325
0.615346848965
0.632953822613
0.629904150963
0.626486301422
0.604443013668
0.619354009628
0.636280834675
0.618905246258
0.613020062447
0.633999943733
0.628251969814
0.614952385426
0.614962279797
0.621157228947
0.622534990311
0.646386921406
0.623521566391
0.601091384888
0.618718028069
0.623976111412
0.604620337486
0.623251259327
0.596805691719
0.622585296631
0.598966419697
0.622749447823
0.619744181633
0.626268327236
0.63735216856
0.606358528137
0.605548262596
0.618025898933
0.598650872707
0.594132363796
0.594869077206
0.596328854561
0.605109810829
0.606182217598
0.594467163086
0.603678584099
0.593386232853
0.598338186741
0.575513124466
0.605301260948
0.597234606743
0.59181022644
0.612977027893
0.621460914612
0.619334757328
0.605795562267
0.616558551788
0.599463284016
0.617628276348
0.599486529827
0.615133404732
0.621118366718
0.586090803146
0.588130772114
0.5926207304
0.577920734882
0.583642363548
0.580090939999
0.609046876431
0.592643082142
0.598756849766
0.602471828461
0.61030960083
0.59922760725
0.599045574665
0.612683713436
0.606049716473
0.579158782959
0.554726302624
0.593510687351
0.62492609024
0.574880361557
0.569892525673
0.597612559795
