0.760343968868
0.758860826492
0.757391810417
0.755937159061
0.754497110844
0.753071725368
0.751661062241
0.750264585018
0.748882293701
0.74751496315
0.746162652969
0.744825422764
0.743503332138
0.742196261883
0.740902781487
0.739624023438
0.738360285759
0.737111389637
0.735877513885
0.734658300877
0.733453810215
0.732263803482
0.731088340282
0.729927122593
0.728780031204
0.727647006512
0.726528704166
0.725423872471
0.724331438541
0.723250448704
0.722182393074
0.721127033234
0.720082521439
0.719048202038
0.718024849892
0.717011988163
0.716010391712
0.715020060539
0.71404081583
0.713072538376
0.712113022804
0.711162567139
0.710220575333
0.709286928177
0.708362996578
0.707447230816
0.706539690495
0.705640554428
0.704748213291
0.703864634037
0.702987372875
0.70211648941
0.701250910759
0.700391232967
0.699539124966
0.698694586754
0.697857499123
0.697026669979
0.6962018013
0.695384085178
0.694573223591
0.693767547607
0.69296425581
0.692158937454
0.691353976727
0.69055134058
0.689751029015
0.688954591751
0.68816202879
0.687371313572
0.686583161354
0.685796976089
0.685008883476
0.684224843979
0.683441758156
0.682659626007
0.68188136816
0.681106925011
0.680336415768
0.679570019245
0.678807556629
0.678046345711
0.677287340164
0.676531851292
0.675779402256
0.675029337406
0.674284338951
0.673542439938
0.672803938389
0.672068238258
0.671335458755
0.670602500439
0.669867217541
0.669130325317
0.668391406536
0.667653679848
0.666917145252
0.66617757082
0.665439605713
0.664702117443
0.663964867592
0.663228094578
0.662491798401
0.661753296852
0.661008894444
0.660264015198
0.659520089626
0.658774971962
0.658031344414
0.657297134399
0.656566858292
0.655836582184
0.655106246471
0.654378592968
0.653653085232
0.652925610542
0.652196466923
0.65146625042
0.650736868382
0.650011599064
0.649285912514
0.648555576801
0.647821187973
0.647088825703
0.646349668503
0.645606160164
0.644864916801
0.644129931927
0.643394887447
0.642660915852
0.641926527023
0.641198158264
0.640475511551
0.639769375324
0.639069616795
0.638374745846
0.637689054012
0.637013494968
0.636344730854
0.635680556297
0.63501894474
0.634358167648
0.63369601965
0.633031189442
0.632362484932
0.631690263748
0.631014704704
0.63033759594
0.629661440849
0.628983557224
0.62830555439
0.627627491951
0.626948237419
0.626265048981
0.625573277473
0.624875843525
0.624175608158
0.623466074467
0.622751832008
0.622034966946
0.621317267418
0.620597600937
0.619877636433
0.61915576458
0.618431925774
0.617706298828
0.616978943348
0.616249978542
0.615519285202
0.614787042141
0.61405313015
0.61331820488
0.612584650517
0.611850500107
0.611116290092
0.610379636288
0.609641253948
0.608901321888
0.608160376549
0.607419550419
0.606677114964
0.605933487415
0.605191767216
0.6044511199
0.603710472584
0.602968811989
0.60222530365
0.601479649544
0.60073196888
0.599982380867
0.599230706692
0.598475813866
0.597720623016
0.596964120865
0.596204936504
0.595444142818
0.594681382179
0.593917012215
0.593149900436
0.592379689217
0.591606378555
0.590832769871
0.590057373047
0.589279234409
0.588498175144
0.587716162205
0.586934924126
0.586151957512
0.585366666317
0.584578931332
0.583788514137
0.582994222641
0.582200944424
0.581405222416
0.580606162548
0.579805493355
0.579004466534
0.578200936317
0.577395021915
0.576586484909
0.575777590275
0.574966907501
0.574153900146
0.573338508606
0.57252061367
0.571700334549
0.570876717567
0.570049583912
0.569221556187
0.568394482136
0.567565202713
0.566733658314
0.565899670124
0.565062820911
0.564225792885
0.563388228416
0.562548518181
0.561708331108
0.560867071152
0.560023903847
0.559178769588
0.558331668377
0.557483255863
0.556636989117
0.555790185928
0.554945766926
0.554101884365
0.553256690502
0.552411198616
0.551568627357
0.550727784634
0.549887835979
0.549047231674
0.548206090927
0.547364294529
0.54652261734
0.545682072639
0.544840097427
0.543998599052
0.543156921864
0.542314946651
0.54147619009
0.540637373924
0.539798259735
0.538961589336
0.538125038147
0.537288486958
0.536451935768
0.535616397858
0.534781754017
0.533948481083
0.533115386963
0.532285273075
0.531456649303
0.530628323555
0.529800474644
0.52897298336
0.528145670891
0.527318537235
0.526491582394
0.525664746761
0.524837911129
0.524010956287
0.523186147213
0.522363126278
0.521540284157
0.520717561245
0.519894957542
0.519074380398
0.5182543993
0.517435193062
0.516617417336
0.515800058842
0.514983832836
0.514167368412
0.513350725174
0.51253426075
0.51172119379
0.510909616947
0.51009863615
0.509291291237
0.508484482765
0.507678151131
0.506872236729
0.506066799164
0.505261540413
0.504457056522
0.503653228283
0.502849698067
0.50204616785
0.501242637634
0.500438988209
0.499635159969
0.498831033707
0.498026549816
0.497222095728
0.496417969465
0.49561342597
0.494808584452
0.4940058887
0.493207037449
0.492408335209
0.491611689329
0.490820169449
0.490028262138
0.489236742258
0.488445371389
0.487654089928
0.486862897873
0.486071556807
0.485279917717
0.484486728907
0.48369294405
0.482898384333
0.482103228569
0.481307804585
0.480511546135
0.47971445322
0.478916376829
0.478116363287
0.477313816547
0.476509839296
0.475704401731
0.47489541769
0.474084705114
0.473279476166
0.472471952438
0.471663177013
0.470853209496
0.470042049885
0.469229787588
0.468416303396
0.467601656914
0.466785848141
0.465963900089
0.46514236927
0.464325249195
0.463507384062
0.462688922882
0.461869478226
0.4610491395
0.460227936506
0.459413826466
0.458600670099
0.457787305117
0.45697376132
0.456160008907
0.455344229937
0.454528093338
0.453717142344
0.452914834023
0.452114880085
0.451315492392
0.450513958931
0.449710279703
0.448908835649
0.448113441467
0.447313696146
0.446513950825
0.445713698864
0.444908708334
0.444106996059
0.4433195889
0.442533046007
0.44174683094
0.44095608592
0.440165609121
0.439375340939
0.438585311174
0.437795490026
0.437005907297
0.436216622591
0.435427486897
0.434638649225
0.433854103088
0.433074623346
0.432296097279
0.431518495083
0.430741727352
0.429965794086
0.429190695286
0.428416341543
0.427642673254
0.426869720221
0.426097363234
0.4253256917
0.424554586411
0.423784136772
0.423014134169
0.422244668007
0.421475708485
0.420710653067
0.419953048229
0.419201821089
0.418456107378
0.417712539434
0.416970610619
0.416230350733
0.415491610765
0.414754331112
0.414018511772
0.413284003735
0.412550777197
0.411818802357
0.411088049412
0.410366296768
0.409648269415
0.408932000399
0.40821737051
0.407504379749
0.406793028116
0.406083106995
0.405376404524
0.40467813611
0.403981924057
0.403284579515
0.402587532997
0.401889562607
0.401191204786
0.400493741035
0.399797290564
0.399101674557
0.39840695262
0.397713154554
0.397020876408
0.396334916353
0.395650416613
0.394967347383
0.394285619259
0.393605262041
0.392926245928
0.392248511314
0.391575425863
0.390909105539
0.390248298645
0.389602541924
0.388959974051
0.38831987977
0.387682259083
0.387047082186
0.386420339346
0.385793536901
0.38516882062
0.384547680616
0.383933216333
0.383321404457
0.382712364197
0.382105916739
0.381502211094
0.380901217461
0.380302906036
0.379707306623
0.379114210606
0.378523766994
0.377935767174
0.377350181341
0.376766979694
0.376185983419
0.375607073307
0.375030308962
0.374455481768
0.374398142099
0.374340862036
0.374283760786
0.374226629734
0.374169647694
0.374112695456
0.374055862427
0.373999029398
0.373942226171
0.373885542154
0.373828858137
0.37377217412
0.37371557951
0.3736589849
0.373602420092
0.373545885086
0.373489439487
0.373432964087
0.373376458883
0.373320043087
0.373263537884
0.373207211494
0.373150795698
0.373094439507
0.373038083315
0.372981756926
0.372925400734
0.372869133949
0.37281280756
0.372756481171
0.372700244188
0.372644007206
0.372587710619
0.372531473637
0.372475236654
0.372418999672
0.372362822294
0.372307300568
0.372251659632
0.372196137905
0.372140616179
0.372085124254
0.372029662132
0.371974289417
0.3719188869
0.37186357379
0.371808230877
0.371752977371
0.371697664261
0.371642410755
0.371587246656
0.371532022953
0.371476829052
0.371421545744
0.37136644125
0.371311306953
0.371256172657
0.371201038361
0.371145933867
0.371090859175
0.371035814285
0.370980709791
0.370925724506
0.370870679617
0.37081566453
0.37076061964
0.370705604553
0.370650738478
0.370595723391
0.370540738106
0.370485812426
0.370430856943
0.370375961065
0.370321065187
0.370266139507
0.370211243629
0.370156407356
0.370101481676
0.370046675205
0.369991779327
0.369936913252
0.369882136583
0.36982730031
0.369772493839
0.369717657566
0.3696629107
0.369608134031
0.369553357363
0.369498580694
0.369443833828
0.369389086962
0.369334310293
0.369279593229
0.369224876165
0.369170188904
0.36911547184
0.369060754776
0.369006127119
0.368951410055
0.368896692991
0.368842065334
0.368787407875
0.368732720613
0.368678122759
0.368623495102
0.368568897247
0.36851426959
0.368459641933
0.368405044079
0.368350446224
0.368295878172
0.368241280317
0.368186742067
0.368132174015
0.368077605963
0.368023097515
0.36796849966
0.367913991213
0.367859452963
