0.749349892139
0.727854192257
0.704593420029
0.743566572666
0.707313418388
0.701250493526
0.704575896263
0.707781672478
0.705321311951
0.70260310173
0.686625480652
0.702346146107
0.684023499489
0.699585914612
0.695873141289
0.698460400105
0.689244270325
0.698312520981
0.707856237888
0.689013361931
0.688840031624
0.685936331749
0.68775165081
0.690413177013
0.685773670673
0.686719357967
0.688402473927
0.689126908779
0.685914576054
0.685459494591
0.687046468258
0.690171122551
0.688637197018
0.68500328064
0.684665501118
0.683397233486
0.684879660606
0.683784723282
0.685760378838
0.685399115086
0.682919085026
0.690403282642
0.682974755764
0.685427486897
0.686157822609
0.679625272751
0.685031473637
0.684890985489
0.687005937099
0.69024938345
0.682834208012
0.683727741241
0.679785907269
0.687155306339
0.68368345499
0.687920868397
0.683104813099
0.685721516609
0.689727723598
0.679673194885
0.682896435261
0.686557531357
0.687290549278
0.68660902977
0.6815995574
0.6823554039
0.687797904015
0.686652600765
0.686424791813
0.685108065605
0.688731193542
0.688946008682
0.679247438908
0.690780699253
0.687063515186
0.687211930752
0.683889091015
0.686496555805
0.687513113022
0.688483715057
0.684725105762
0.688470482826
0.690848946571
0.686366021633
0.685065567493
0.68356782198
0.688375174999
0.684580802917
0.684820413589
0.68591272831
0.68579441309
0.686919748783
0.683993697166
0.685207843781
0.684662997723
0.685330152512
0.681756436825
0.683488368988
0.687430620193
0.684167504311
0.687407910824
0.684935510159
0.685117542744
0.690106928349
0.683343887329
0.682678103447
0.680813550949
0.682424902916
0.686381697655
0.685533046722
0.682625770569
0.68118417263
0.685512065887
0.69031059742
0.684223592281
0.685832977295
0.684110164642
0.684335827827
0.680599749088
0.68591183424
0.68053740263
0.685386836529
0.683113276958
0.682924509048
0.685543060303
0.688865244389
0.687560915947
0.677399873734
0.681429684162
0.68204253912
0.684285581112
0.689149260521
0.687301874161
0.67868322134
0.680725038052
0.689729392529
0.683526396751
0.681882739067
0.686145067215
0.692223846912
0.686722695827
0.683201014996
0.687026619911
0.688817858696
0.686438858509
0.680475652218
0.688598036766
0.682499885559
0.681776762009
0.682761132717
0.683901131153
0.685714185238
0.684528827667
0.688814640045
0.685989439487
0.687874257565
0.687842965126
0.681958317757
0.685144543648
0.684443950653
0.682428121567
0.687163889408
0.682906985283
0.683715820312
0.685281872749
0.675991296768
0.686921298504
0.682734072208
0.684469223022
0.683595895767
0.683838307858
0.68619197607
0.683811903
0.682766139507
0.686805903912
0.689412176609
0.69104295969
0.687049627304
0.686873137951
0.687413871288
0.685719549656
0.684858620167
0.687090337276
0.687319517136
0.682134032249
0.685036718845
0.684677481651
0.682625234127
0.683782339096
0.677047729492
0.685469150543
0.684157073498
0.684446156025
0.682259321213
0.687025129795
0.688430070877
0.681258141994
0.681510388851
0.686173439026
0.686497092247
0.683179914951
0.685984671116
0.690510511398
0.67911785841
0.678368866444
0.67973035574
0.685050427914
0.68568354845
0.685039401054
0.681537687778
0.689686834812
0.686694025993
0.687072873116
0.681502401829
0.681617259979
0.683970808983
0.68905878067
0.680566012859
0.681217670441
0.687470138073
0.681337058544
0.689189851284
0.685892999172
0.680818557739
0.676124215126
0.688092768192
0.684062480927
0.682494103909
0.684546649456
0.683723568916
0.680211722851
0.677601873875
0.692385911942
0.685285329819
0.681699752808
0.684654712677
0.680320620537
0.682770967484
0.676672637463
0.681969165802
0.681274652481
0.682339131832
0.684211909771
0.681303083897
0.678747057915
0.684954226017
0.683350563049
0.680084168911
0.686713695526
0.688901603222
0.686953604221
0.686529994011
0.686628103256
0.685340106487
0.673301517963
0.683269381523
0.681553602219
0.682358384132
0.678041934967
0.688893258572
0.687074661255
0.684465527534
0.679545938969
0.678485095501
0.684020161629
0.679615616798
0.681373715401
0.678236484528
0.687190651894
0.680654108524
0.676039040089
0.681987166405
0.683057367802
0.680087506771
0.681054532528
0.68192332983
0.679604232311
0.689775109291
0.68277913332
0.68826687336
0.685765683651
0.685680925846
0.682511925697
0.686247169971
0.688497781754
0.683637678623
0.682618200779
0.688300013542
0.679212331772
0.689516603947
0.68528676033
0.689468979836
0.684426307678
0.689513266087
0.693654298782
0.683370471001
0.677626252174
0.67871928215
0.681657671928
0.685280025005
