0.69281244278
0.692545235157
0.690957546234
0.690092802048
0.689532160759
0.688127100468
0.688582539558
0.687206864357
0.687025547028
0.686321139336
0.688107550144
0.685101568699
0.684947371483
0.686297595501
0.684814751148
0.680850446224
0.681584000587
0.682495713234
0.683279693127
0.679082334042
0.681312084198
0.681335508823
0.677546977997
0.674847662449
0.678134024143
0.675281882286
0.677861809731
0.670231044292
0.669350504875
0.674196541309
0.673127532005
0.665178239346
0.65625679493
0.669615149498
0.658542990685
0.665273249149
0.662830710411
0.670853614807
0.663643240929
0.667545735836
0.656111061573
0.655113875866
0.670044839382
0.659308135509
0.666272580624
0.654550492764
0.665359437466
0.648113071918
0.653481662273
0.64776712656
0.655074357986
0.642899274826
0.652773678303
0.643274128437
0.668345093727
0.645191192627
0.658266663551
0.646749973297
0.645329296589
0.646148920059
0.648127317429
0.639686048031
0.643960118294
0.644321918488
0.644682347775
0.646989941597
0.638372182846
0.651227533817
0.646552205086
0.637558043003
0.625951945782
0.638776361942
0.635627090931
0.631857097149
0.662618041039
0.652960956097
0.624650835991
0.650070726871
0.631311476231
0.624717652798
0.64666390419
0.63052970171
0.630160391331
0.612709164619
0.646831691265
0.622105896473
0.620367705822
0.626309037209
0.622618973255
0.638414204121
0.622872471809
0.627920210361
0.611868083477
0.627982974052
0.623039186001
0.631382644176
0.625752449036
0.628815233707
0.647091925144
0.609775006771
0.63233435154
0.62833327055
0.596710562706
0.634353995323
0.640838742256
0.628315448761
0.610869169235
0.598999559879
0.612961471081
0.61155629158
0.627769529819
0.614924609661
0.625396132469
0.631163358688
0.620627820492
0.623033225536
0.622505366802
0.616741597652
0.588805198669
0.638229012489
0.601872086525
0.60814344883
0.602591574192
0.609044909477
0.605233490467
0.592154502869
0.616177499294
0.620556890965
0.596529424191
0.614424943924
0.607219874859
0.630911171436
0.616697907448
0.628188729286
0.610227823257
0.605002462864
0.603325366974
0.627664268017
0.609850645065
0.571240663528
0.583587288857
0.628175139427
0.604122877121
0.597174346447
0.620038986206
0.602974772453
0.625369310379
0.622684180737
0.598250627518
0.621276259422
0.588523745537
0.610982298851
0.605234265327
0.583592414856
0.633759856224
0.607850253582
0.607023715973
0.586122453213
0.598134994507
0.59741294384
0.592860221863
0.603203833103
0.593001663685
0.616736710072
0.604335904121
0.603040754795
0.607264041901
0.584122121334
0.58512121439
0.630529940128
0.593717396259
0.603905379772
0.587662577629
0.596956551075
0.598013281822
0.622898995876
0.589469134808
0.601643681526
0.601689577103
0.593327879906
0.578629374504
0.594361901283
0.601815223694
0.59217864275
0.586278259754
0.609355568886
0.601427793503
0.605654060841
0.602937102318
0.604356646538
0.606858849525
0.592779755592
0.570680618286
0.592183172703
0.593686342239
0.591021716595
0.585031986237
0.57847815752
0.589975178242
0.554052114487
0.604127764702
0.610810577869
0.59132784605
0.588118195534
0.553965210915
0.576777637005
0.652136623859
0.617525935173
0.589144706726
0.604700505733
0.614386439323
0.59835845232
0.621201097965
0.580561280251
0.568491697311
0.612640798092
0.597003161907
0.615818917751
0.572888851166
0.57356852293
0.605065941811
0.586725831032
0.580911040306
0.597146809101
0.607736825943
0.582016050816
0.589558899403
0.588161408901
0.586684048176
0.584924697876
0.586006045341
0.596387147903
0.585959255695
0.563817918301
0.566439568996
0.610772073269
0.585445702076
0.570116579533
0.573497474194
0.600431144238
0.603601932526
0.606098294258
0.588660061359
0.572963654995
0.583959341049
0.572062134743
0.581351101398
0.617538332939
0.56776791811
0.6249371171
0.603127360344
0.588554918766
0.595121741295
0.591398596764
0.582032501698
0.589999735355
0.591410934925
0.602489590645
0.574622988701
0.616213977337
0.581302762032
0.582888960838
0.586083829403
0.594562351704
0.597812712193
0.595166027546
0.616419017315
0.595225870609
0.605508208275
0.57073366642
0.593737363815
0.595306456089
0.577298700809
0.574291825294
0.590503454208
0.595399558544
0.590820789337
0.58703994751
0.602092921734
0.636018037796
0.590831637383
0.586676597595
0.59875279665
0.581466555595
0.597306191921
0.610683262348
0.597191095352
0.582271695137
0.609688937664
0.572565615177
0.591789066792
0.593027055264
0.589069545269
0.595219373703
0.603135287762
0.567727982998
0.607415258884
0.56157720089
0.588300228119
0.589661300182
