0.764377474785
0.687153160572
0.713607251644
0.683111548424
0.662343859673
0.660675346851
0.660515606403
0.661457657814
0.646391034126
0.651663422585
0.630797147751
0.629346132278
0.612223088741
0.651893794537
0.61691904068
0.630202114582
0.602914988995
0.618360817432
0.619004309177
0.625380635262
0.600659310818
0.586984395981
0.61008399725
0.605489015579
0.581458687782
0.600260317326
0.613128602505
0.574696362019
0.581504166126
0.588609158993
0.580958366394
0.575145661831
0.586491644382
0.578850328922
0.58197927475
0.58162343502
0.548760294914
0.558157682419
0.608778595924
0.58399271965
0.589592695236
0.553036749363
0.571451425552
0.55131983757
0.579878389835
0.563893914223
0.573856055737
0.56925535202
0.567251205444
0.570022523403
0.58879339695
0.565388739109
0.530493319035
0.592625379562
0.531404793262
0.553369045258
0.551111161709
0.567083418369
0.580350041389
0.55278557539
0.536702990532
0.545116603374
0.511996388435
0.524003505707
0.557090997696
0.520515799522
0.570866644382
0.543878138065
0.571467936039
0.539547920227
0.582271099091
0.542422950268
0.544838786125
0.532918095589
0.532672286034
0.546060681343
0.559409081936
0.531572341919
0.52919614315
0.542568027973
0.533846437931
0.527161419392
0.543117463589
0.549151659012
0.542793035507
0.54633051157
0.538583397865
0.543617665768
0.571153283119
0.493469953537
0.542966842651
0.526385366917
0.543772041798
0.530282974243
0.484360694885
0.486168801785
0.524531006813
0.545506119728
0.511455059052
0.548835635185
0.521062493324
0.516940116882
0.553744852543
0.523563504219
0.505438089371
0.541345477104
0.587605535984
0.508870184422
0.53861194849
0.5303581357
0.485733926296
0.491654336452
0.542446613312
0.517511188984
0.495640009642
0.505753219128
0.524275183678
0.503061294556
0.53045386076
0.50830245018
0.524334073067
0.522265672684
0.565803647041
0.554648756981
0.555272936821
0.514161705971
0.502030968666
0.523286998272
0.555151462555
0.504922926426
0.506542623043
0.506113767624
0.505237102509
0.540221691132
0.505248010159
0.480265468359
0.495335876942
0.482170373201
0.509612798691
0.52601903677
0.522727131844
0.485723555088
0.467465013266
0.530539035797
0.49236112833
0.48289680481
0.48957836628
0.533234477043
0.533676862717
0.486406356096
0.463802725077
0.480647951365
0.527897775173
0.507751524448
0.580822706223
0.538398265839
0.524266958237
0.56616127491
0.484764426947
0.517782270908
0.528679311275
0.556329846382
0.503124475479
0.483179152012
0.508104145527
0.500738799572
0.52130562067
0.531876027584
0.510009586811
0.490732103586
0.50827229023
0.522747814655
0.570077061653
0.489884227514
0.483676731586
0.47504144907
0.50933110714
0.511231780052
0.477174222469
0.523973166943
0.530699670315
0.522651851177
0.506334245205
0.53417378664
0.478345930576
0.509927332401
0.529781937599
0.501335740089
0.499161720276
0.497391611338
0.478545814753
0.501582145691
0.499888151884
0.471473425627
0.533683419228
0.507170796394
0.495494931936
0.463374257088
0.489925861359
0.476634502411
0.477599650621
0.502512693405
0.558563411236
0.484913736582
0.452958792448
0.476492196321
0.481838315725
0.511842668056
0.510754466057
0.457575768232
0.577833294868
0.527687311172
0.493800908327
0.536729335785
0.488346934319
0.467053383589
0.471768200397
0.492599278688
0.434842824936
0.478652626276
0.521876394749
0.477478921413
0.484682410955
0.481747835875
0.499807596207
0.499515742064
0.439545989037
0.502406001091
0.539942502975
0.458308458328
0.493682801723
0.473813354969
0.50373095274
0.475608080626
0.459155857563
0.499118715525
0.510656237602
0.497287511826
0.456552833319
0.519865453243
0.459056913853
0.469745844603
0.520502090454
0.524807095528
0.515051245689
0.535088896751
0.458258420229
0.515815973282
0.483033567667
0.472378402948
0.476671725512
0.530719220638
0.483152210712
0.556616663933
0.494975656271
0.47772872448
0.461588799953
0.500337004662
0.530723512173
0.484899371862
0.455949664116
0.475495189428
0.502448379993
0.489595144987
0.430924415588
0.462559074163
0.432268381119
0.511855781078
0.526192426682
0.498105973005
0.472780674696
0.482682168484
0.476553797722
0.440509676933
0.476089537144
0.545511782169
0.527660489082
0.468542486429
0.532079815865
0.484195381403
0.460562348366
0.473318099976
0.509919643402
0.464442700148
0.473095774651
0.462674319744
0.521776199341
0.467529416084
0.490337014198
0.523567140102
0.456533670425
0.471019804478
0.489975035191
0.52557772398
0.501686930656
0.508480906487
0.452469080687
0.503018856049
0.531106352806
0.452735185623
0.470771223307
0.476744681597
0.500864744186
0.417028069496
0.50749194622
0.488004654646
0.48463255167
0.496676117182
0.464973032475
0.48587423563
0.499624997377
0.505493879318
0.475044727325
0.491927802563
0.490424007177
0.463417768478
0.4587931633
0.467353999615
0.489393442869
0.500197529793
0.51584738493
0.469740271568
0.477726012468
0.491458266973
0.496024757624
0.484773367643
0.515843689442
0.440604746342
0.449499964714
0.485617369413
0.46900832653
0.481709212065
0.429299652576
0.453904420137
0.507261455059
0.507865071297
0.51892220974
0.43381306529
0.483324736357
0.433753460646
0.486125737429
0.510450065136
0.445982247591
0.458158612251
0.480491369963
0.474532485008
0.4770591259
0.47644624114
0.456242591143
0.506556153297
0.505543231964
0.436285316944
0.449104011059
0.435010075569
0.473395287991
0.489830940962
0.492736458778
0.477591902018
0.425200998783
0.477341800928
0.46449187398
0.488720715046
0.484208166599
0.521417438984
0.482679486275
0.531200528145
0.495017379522
0.543415665627
0.476799488068
0.415709793568
0.438596844673
0.436197042465
0.499209433794
0.439113646746
0.459280312061
0.490164935589
0.462220132351
0.501619756222
0.489500999451
0.460958749056
0.521672546864
0.470934659243
0.466342747211
0.444119185209
0.495725393295
0.445736259222
0.476613909006
0.518487155437
0.427817881107
0.52290225029
0.473525941372
0.445498049259
0.462540775537
0.455634146929
0.448622018099
0.486217290163
0.435306489468
0.44768255949
0.465191662312
0.461439490318
0.484565556049
0.466487973928
0.493243664503
0.447591751814
0.487432569265
0.446463376284
0.513125956059
0.522280693054
0.463071614504
0.448889225721
0.50718998909
0.478318721056
0.412985503674
0.462122440338
0.504440367222
0.441562771797
0.523845672607
0.487582743168
0.465796262026
0.448068231344
0.45618480444
0.448062688112
0.413019269705
0.450440764427
0.477466791868
0.470967143774
0.442964881659
0.46727848053
0.410810291767
0.475953996181
0.490967392921
0.454087257385
0.464900612831
0.434721261263
0.513324320316
0.464990079403
0.478347986937
0.462233752012
0.521266520023
0.463491886854
0.446438312531
0.441042780876
0.515281677246
0.512843906879
0.507591784
0.450326383114
0.439450383186
0.491544634104
0.517830371857
0.460681587458
0.437125235796
0.485247343779
0.445986926556
0.499354451895
0.496922820807
0.445312380791
0.448702394962
0.492887884378
0.442289561033
0.481805860996
0.473321527243
0.49186989665
0.429064720869
0.475291132927
0.519181907177
0.483659178019
0.47805544734
0.479352265596
0.466870337725
0.494836062193
0.460816651583
0.469375103712
0.472714841366
0.513659596443
0.46175044775
0.469800651073
0.463738739491
0.466752290726
0.446266442537
0.458258271217
0.485989719629
0.433421611786
0.480320751667
0.450385093689
0.475027501583
0.463817179203
0.474838107824
0.517416357994
0.45093742013
0.426420927048
0.459203392267
0.478020936251
0.474361777306
0.449668824673
0.467276006937
0.491019785404
0.439856290817
0.438541322947
0.47819980979
0.464054077864
