0.694209337234
0.69380491972
0.693658351898
0.693246662617
0.693002223969
0.692732036114
0.692457377911
0.692350804806
0.692211449146
0.691948056221
0.69182997942
0.691704452038
0.691557526588
0.691337347031
0.691290199757
0.691064894199
0.690905809402
0.690644145012
0.690653502941
0.690530478954
0.690333664417
0.69023424387
0.690072417259
0.689898252487
0.689415454865
0.68975353241
0.689255774021
0.688784718513
0.689065277576
0.68839609623
0.688281297684
0.687881350517
0.687906086445
0.68801599741
0.687391936779
0.686770379543
0.686776638031
0.687148988247
0.686699390411
0.685352027416
0.685011684895
0.685481548309
0.68481773138
0.684325158596
0.683646321297
0.682980120182
0.683017194271
0.681309223175
0.680364012718
0.680337548256
0.680276036263
0.678910136223
0.67802631855
0.677565693855
0.675409972668
0.673382282257
0.672724604607
0.672017157078
0.66884469986
0.667318105698
0.6659719944
0.66577154398
0.665346264839
0.662520051003
0.661910772324
0.660908043385
0.663284957409
0.656736969948
0.652425169945
0.651716649532
0.648457765579
0.638306498528
0.63814252615
0.642413198948
0.63034260273
0.625490069389
0.620222389698
0.622834563255
0.621629714966
0.617089569569
0.600977957249
0.614907562733
0.615203976631
0.608768343925
0.605023264885
0.613970041275
0.610408723354
0.619179785252
0.611249685287
0.619430959225
0.610773742199
0.608813345432
0.609716653824
0.609955787659
0.613315165043
0.611932098866
0.611505806446
0.612090945244
0.611835300922
0.605973541737
