0.767106115818
0.745063722134
0.743053913116
0.721625506878
0.746060550213
0.724473655224
0.669670462608
0.711959779263
0.723835706711
0.700787305832
0.694320380688
0.694552600384
0.70095282793
0.661559462547
0.691892683506
0.67110478878
0.651902079582
0.672921538353
0.659192919731
0.664579153061
0.637022316456
0.643785059452
0.646475732327
0.63549053669
0.627629339695
0.627192676067
0.624777138233
0.613797664642
0.617053866386
0.608986735344
0.626247823238
0.617647409439
0.614507973194
0.613365828991
0.605987131596
0.591563522816
0.578818261623
0.581029593945
0.588640034199
0.590628504753
0.604369044304
0.591287195683
0.588276684284
0.580408096313
0.582817792892
0.591645002365
0.585111916065
0.560696542263
0.560476303101
0.579206883907
0.580304443836
0.547361254692
0.56368803978
0.564469158649
0.548567473888
0.554170429707
0.537773907185
0.549773752689
0.548784732819
0.517952501774
0.517478227615
0.526795446873
0.514682471752
0.502880811691
0.517481148243
0.526221752167
0.524569571018
0.524469554424
0.519795238972
0.500836908817
0.51337403059
0.501387298107
0.497940480709
0.518094658852
0.504320859909
0.49411329627
0.50133907795
0.480030298233
0.453977555037
0.482208192348
0.468408793211
0.466179966927
0.47279137373
0.477535068989
0.460507839918
0.432066172361
0.457271307707
0.450192958117
0.464852869511
0.431572556496
0.432337611914
0.434154689312
0.44306153059
0.435224235058
0.430204063654
0.424460023642
0.442602604628
0.429761856794
0.411866635084
0.409199029207
0.430157423019
0.394072443247
0.409243881702
0.376194655895
0.413343369961
0.414789289236
0.40364998579
0.38749563694
0.388586103916
0.399741053581
0.395758062601
0.380875259638
0.376196324825
0.359185159206
0.370028048754
0.38599768281
0.373507976532
0.366500705481
0.355940461159
0.355133980513
0.355989784002
0.376073896885
0.371867746115
0.368009209633
0.361180156469
0.360148102045
0.345890849829
0.363184422255
0.328576177359
0.316037774086
0.322642445564
0.320722937584
0.313201189041
0.313398301601
0.32632085681
0.331213563681
0.309521347284
0.336383789778
0.305554658175
0.304548978806
0.289882540703
0.299917250872
0.324375540018
0.31802636385
0.265136599541
0.295214653015
0.292167276144
0.305971354246
0.269971102476
0.258258610964
0.283472508192
0.290842235088
0.2514346838
0.277492552996
0.253108173609
0.291925817728
0.288060456514
0.268008828163
0.275959789753
0.258196979761
0.242894992232
0.240431666374
0.256789952517
0.233149304986
0.261467218399
0.28375351429
0.249802231789
0.229978814721
0.248464867473
0.248780325055
0.275807291269
0.259375870228
0.247385084629
0.239747568965
0.262480169535
0.222660422325
0.204304620624
0.236460581422
0.227842047811
0.217946991324
0.228861272335
0.227503284812
0.219973638654
0.223576411605
0.24041672051
0.19707429409
0.237646907568
0.218890979886
0.208053648472
0.20901286602
0.227343261242
0.199621260166
0.216098994017
0.243381172419
0.192061781883
0.187060013413
0.183407053351
0.223096266389
0.191274315119
0.191596463323
0.178264409304
0.169557526708
0.179131224751
0.19845277071
0.177680313587
0.166644319892
0.175984695554
0.192188203335
0.18236528337
0.186824634671
0.164159014821
0.179607495666
0.159556359053
0.182462826371
0.176957666874
0.155890613794
0.160308554769
0.162815630436
0.166006922722
0.161463841796
0.169408962131
0.157758280635
0.14064130187
0.189936593175
0.167298644781
0.147111102939
0.156670734286
0.121046818793
0.175660207868
0.143141254783
0.139440372586
0.155355677009
0.132146388292
0.136722028255
0.149427860975
0.126636818051
0.122296340764
0.138527959585
0.129102781415
0.128749072552
0.134551540017
0.120765194297
0.118647359312
0.141430705786
0.114647947252
0.117887333035
0.134027510881
0.116522334516
0.125985860825
0.114877939224
0.104880027473
0.105765625834
0.130309477448
0.178055211902
0.132662072778
0.150963068008
0.109975188971
0.161782070994
0.14166072011
0.126190915704
0.113261640072
0.0889530330896
0.109948068857
0.11054982245
0.105544447899
0.0814591646194
0.111368224025
0.0931398719549
0.113294675946
0.143787413836
0.118999972939
0.0926196277142
0.0941521003842
0.100110515952
0.103694319725
0.107425868511
0.109756991267
0.0680133700371
0.121802352369
0.120947301388
0.123533599079
0.119864746928
0.0965054109693
0.106711156666
0.0849972143769
0.106867834926
0.0824453979731
0.0937766730785
0.107849054039
0.091674990952
0.112054646015
0.0721748545766
0.0715313255787
0.0813672617078
0.0718824788928
0.0794779732823
0.0698650479317
0.0811413004994
0.0981410294771
0.0997076928616
0.0581244081259
0.11340264231
0.0871682018042
0.0650869086385
0.0879712328315
0.0886837914586
0.0761044099927
0.0889400169253
0.0938174054027
0.0923782363534
0.0835494548082
0.084539912641
0.0562515966594
0.0652100890875
0.0758267864585
0.0768829733133
0.0669177547097
0.0536278933287
0.0772039443254
0.0814117267728
0.0772328823805
0.0702525824308
0.0650719180703
0.0698053836823
0.0766941979527
0.0617871358991
0.0586691424251
0.0620316639543
0.0861665457487
0.0592301264405
0.0802607759833
0.0770755559206
0.0624475292861
0.0639813914895
0.0538658089936
0.0477276295424
0.0774387791753
0.069585442543
0.0827640742064
0.0643468797207
0.0749621391296
0.0718719363213
0.0797758698463
0.0722043961287
0.0528782457113
0.0877015665174
0.0627803653479
0.0678883343935
0.0849249735475
0.0652980282903
0.0699266269803
0.0687846317887
0.0567889176309
0.06824401021
0.0649403631687
0.0446388572454
0.0367555767298
0.0958573818207
0.0607156231999
0.057016376406
0.0335156060755
0.0640538260341
0.0604780055583
0.0714452043176
0.0372540019453
0.0529841072857
0.0594096891582
0.0497120507061
0.0449072942138
0.0340456143022
0.0537662282586
0.0502742007375
0.0536418408155
0.0641396194696
0.0551555454731
0.0585464537144
0.0426052436233
0.0560759715736
0.0444736666977
0.047381490469
0.0656993091106
0.0356652103364
0.0547223202884
0.0399806089699
0.0430437736213
0.061449944973
0.0540833026171
0.041515853256
0.0528105199337
0.0309585779905
0.0471676103771
0.0403122007847
0.0346895679832
0.0516455993056
0.0366135947406
0.0613962970674
0.035365127027
0.0440861918032
0.0610324144363
0.045807108283
0.0515234358609
0.039113085717
0.0410724766552
0.0558830499649
0.0260594692081
0.0315856337547
0.0519864931703
0.0483371503651
0.0563627555966
0.0476764291525
0.0572198852897
0.0363061875105
0.0464387349784
0.0604993999004
0.0370901562274
0.0270579550415
0.0502707287669
0.0423525385559
0.0416938997805
0.0483032464981
0.0412935763597
0.0359191261232
0.0544627830386
0.0346988849342
0.0347353331745
0.0523038990796
0.0392999872565
0.0314766541123
0.0447622314095
0.0431149192154
0.0357100479305
0.0354180000722
0.0337167493999
0.0354674980044
0.0681380927563
0.0415629781783
0.0330383107066
0.0346760675311
0.0376839414239
0.0249441713095
0.0360420756042
0.0381920449436
0.0384025350213
0.0573065169156
0.0475318022072
0.0257661417127
0.0239899419248
0.0311273019761
0.0228648651391
0.0560596622527
0.0372373349965
0.0602928809822
0.0668398886919
0.0277637895197
0.0223283451051
0.0314010232687
0.0286218617111
0.031717479229
0.0245509557426
0.0398890562356
0.0598339810967
0.0222841706127
0.0200128275901
0.0245512202382
0.0273359641433
0.0468209199607
0.0340206697583
0.0316823534667
0.0347967892885
0.0444728434086
0.0198359098285
0.0200489554554
0.0277159903198
0.0413083694875
0.0318714268506
0.0460943691432
0.0237268079072
0.0226612295955
0.0458493120968
0.0423200689256
0.0326867364347
0.0248581692576
0.0169023573399
0.0370481647551
0.0208713766187
0.0154837016016
0.0169188920408
0.0173506867141
0.0399642325938
0.0366216599941
0.0267962161452
0.0332136228681
0.0134521014988
0.04180977121
0.0227316971868
0.0325920879841
0.0203287471086
0.017910592258
0.0237157568336
0.026649735868
0.0137004479766
0.0385171808302
0.0196468066424
0.0229769796133
0.0128445969895
0.0204504057765
0.0161483306438
0.02631062828
0.012050406076
0.0261392481625
0.0309129916131
0.0247600972652
0.0187306273729
0.0122330663726
0.0237204898149
0.0281700249761
0.0134029248729
0.0163239147514
0.0212470218539
0.0427531190217
0.0213923491538
0.0308693032712
0.0265108011663
0.0236311368644
0.0272084772587
0.0243483446538
0.0183474943042
0.016412910074
0.0148374596611
0.0151168331504
0.0208448600024
0.0129834394902
0.0176611673087
0.0279910508543
0.0197019670159
0.0417149439454
0.0150311514735
0.0307527612895
0.0198756381869
0.0179245453328
0.0349474139512
0.0141029562801
0.0446599312127
0.014834641479
0.0281914938241
0.0333201810718
0.021035939455
0.0296488571912
0.0173015892506
0.0286996215582
0.0297737661749
0.0248753614724
0.0214217528701
0.023074215278
0.0162236075848
0.0284319743514
0.0424846410751
0.0212067216635
0.0148047832772
0.0129235303029
0.0118919555098
0.0151261957362
0.0128633705899
0.0418135933578
0.0156540963799
0.0199890118092
0.02048744075
0.015272394754
0.0219214204699
0.0177101176232
0.0210490208119
0.0217586793005
0.0250697415322
0.022832589224
0.0183810964227
0.0132910097018
0.0195289999247
0.0180642064661
0.0177883431315
0.0162633880973
0.0132653238252
0.0139013221487
0.0190130695701
0.0307600852102
0.0159003604203
0.0132628176361
0.0150528457016
0.0129920160398
0.0205663591623
0.0157808437943
0.0236277189106
0.0147679094225
0.0252903457731
0.0138143934309
0.0195216871798
0.00967998895794
0.0163207929581
0.0307984035462
0.0192028637975
0.0104983495548
0.0122324489057
0.018907841295
0.0135062681511
0.0206486266106
0.00776978349313
0.0195257980376
0.015842910856
0.0159364230931
0.0217188354582
0.016870001331
0.00905144121498
0.0266605000943
0.0132908383384
0.0288332775235
0.0177126936615
0.0291589573026
0.0189666226506
0.0178077016026
0.0301542114466
0.0116622559726
0.0277696289122
0.010277910158
0.0147736407816
0.0154691105708
0.0130345858634
0.0107519337907
0.0324806794524
0.0142114106566
0.0325390696526
0.0120551269501
0.034365978092
0.0130265234038
0.0173400677741
0.0217352695763
0.0174375735223
0.0125224599615
0.0122393332422
0.0237230490893
0.0149456476793
0.0133972065523
0.0142442341894
0.0105513734743
0.0172740630805
0.0209448169917
0.0355217345059
0.00863440614194
0.0185831282288
0.0095376810059
0.00589965330437
0.0147858224809
0.0402074456215
0.0238223616034
0.0368048250675
0.02141033113
0.00846442673355
0.0213628169149
0.00988948065788
0.00595664884895
0.00704095838591
0.00755780097097
0.0124700879678
0.0119678322226
0.0102241458371
0.0185006018728
0.0126755973324
0.019617876038
0.0154116591439
0.0132173448801
0.0130875241011
0.0120559427887
0.00872474163771
0.0253986809403
0.00984449591488
0.0177915301174
0.018791673705
0.0148652344942
0.0121913235635
0.0101179508492
0.0131340455264
0.0274033583701
0.00816804356873
0.0167683959007
0.0142603656277
0.00807690247893
0.0243366807699
0.0125175230205
0.00713230902329
0.00645527942106
0.00911090429872
0.00526002328843
0.0117631480098
0.00859360955656
0.00949901528656
0.015298965387
0.0159529168159
0.0227385479957
0.00713100843132
0.0127626694739
0.0156817045063
0.0113882217556
0.0183795541525
0.00704042846337
0.00849378947169
0.00906445086002
0.0130771417171
0.0120844356716
0.0138451037928
0.0138185154647
0.0194287523627
0.0163297206163
0.0283480510116
0.0121578779072
0.027560217306
0.00678340625018
0.00426057679579
0.00724832527339
0.0169772189111
0.0121152866632
0.0104453694075
0.0170430317521
0.0239862073213
0.00981663167477
0.0143800713122
0.00858956761658
0.0180920250714
0.0144674582407
0.012715658173
0.00875619892031
0.0169419627637
0.00816596020013
0.0107881193981
0.00900879316032
0.0208896305412
0.0106294546276
0.0103096263483
0.0154472226277
0.0122766718268
0.0040465448983
0.00623177969828
0.00592347141355
0.0243111494929
0.00749972555786
0.00707522593439
0.0074483663775
0.0137343676761
0.0127460565418
0.0153707191348
0.0165269672871
0.0196171123534
0.0226546898484
0.00623642699793
0.00590917095542
0.00833566579968
0.0142614385113
0.0151656484231
0.00590507267043
0.0124140037224
0.00980029813945
0.0168663002551
0.0129019925371
0.00544930901378
0.0147448349744
0.00835477374494
0.00741766858846
0.0239728931338
0.00679749203846
0.0131108770147
0.0131697263569
0.0147866653278
0.00659947935492
0.00586789334193
0.0124217998236
0.00982162449509
0.00977327674627
0.0164809059352
0.00810748990625
0.020312288776
0.0102412523702
0.00872562080622
0.014215647243
0.0146199660376
0.00499980105087
0.011727374047
0.00862184818834
0.0159070957452
0.00959045346826
0.0126874903217
0.00805571768433
0.00902015622705
0.0105142593384
0.00520239118487
0.00365605158731
0.0158622581512
0.0178083498031
0.00643213419244
0.00698021193966
0.00753831677139
0.00807452015579
0.00762559473515
0.00624617887661
0.00852836761624
0.00674570491537
0.00480576232076
0.0040403236635
0.00970550812781
0.00709324935451
0.0216567628086
0.00660229008645
0.0102201486006
0.00604879762977
0.00859133992344
0.0153563022614
0.010706147179
0.00862624961883
0.00551467156038
0.00380866974592
0.00404985528439
0.00341610820033
0.0359693989158
0.00610026717186
0.0155776292086
0.0114562083036
0.00601171795279
0.0109363337979
0.00536080496386
0.0124658662826
0.0183751657605
0.0285114776343
0.0146924369037
0.00553955603391
0.00438170693815
0.00375098711811
0.0210650376976
0.00386737473309
0.011031142436
0.00491314847022
0.0140897985548
0.0134039400145
0.00514934351668
0.00701334653422
0.00691589619964
0.00662787770852
0.0174729377031
0.00812433194369
0.0106421904638
0.0113048180938
0.00651253433898
0.014499804005
0.0106760896742
0.00716326804832
0.00765337469056
0.00520032132044
0.00677402876318
0.016888923943
0.00508975051343
0.00981221627444
0.00779100414366
0.00710842665285
0.00472562387586
0.0093094818294
0.00898680835962
0.0124285081401
0.00934841670096
0.00533722667024
0.00498479045928
0.00764008285478
0.01341033075
0.00536817871034
0.0124466754496
0.033159147948
0.0190962441266
0.011522648856
0.0117016723379
0.0112214544788
0.022509727627
0.0239066854119
0.010769222863
0.00824485439807
0.00907403323799
0.00338328815997
0.0107991779223
0.00282987765968
0.0104465615004
0.0136311650276
0.00262683490291
0.00612234603614
0.00506967585534
0.00932067167014
0.0159893278033
0.0130278458819
0.00738172465935
0.00529790716246
0.00677759200335
0.00737900147215
0.00671605905518
0.00603616517037
0.0125065306202
0.0171551816165
0.00339320464991
0.0113296462223
0.00505197094753
0.00423416495323
0.00443746661767
0.00629508728161
0.00526859704405
0.00848409347236
0.0150909004733
0.00395880779251
0.0346913933754
0.00197630445473
0.00811708997935
0.00402254983783
0.0148045066744
0.00596140231937
0.00468417676166
0.00422893511131
0.00753486342728
0.00243501714431
0.0158207360655
0.0171729438007
0.0053680781275
0.00368633423932
0.0119638973847
0.00478416401893
0.00690720416605
0.0181855298579
0.00468711787835
0.00838075019419
0.00250326865353
0.00760357547551
0.00522515410557
0.0059848097153
0.00797807238996
0.00939187128097
0.00372795364819
0.00477314088494
0.00915347691625
0.0054573607631
0.00466573471203
0.00600620498881
0.00611884146929
0.0102276280522
0.00618553953245
0.0181902162731
0.00933427363634
0.0097528975457
0.00607123598456
0.0213806591928
0.0074708936736
0.0129960719496
0.00277631380595
0.00583523185924
0.0108100185171
0.00405257660896
0.011823663488
0.016808398068
0.00925955083221
0.00376122584566
0.0179737713188
0.00282494071871
0.0137203922495
0.00534319598228
0.00389288598672
0.00435190135613
0.00347835035063
0.00554236304015
0.00760891009122
0.0138819795102
0.00345491315238
0.0072363987565
0.00647857459262
0.00401374604553
0.00551879731938
0.0076293759048
0.00302429683506
0.00282832537778
0.0130039397627
0.00326625420712
0.00490305898711
0.00768913654611
0.00711969239637
0.00231735128909
0.0189392119646
0.00599892903119
0.00926734786481
0.00628727814183
0.00304094562307
0.00761838117614
0.0127396062016
0.00388339906931
0.00683876313269
0.00508464546874
0.00376547221094
0.00512908399105
0.0249067451805
0.00588957034051
0.0251192599535
0.00455915834755
0.00372135965154
0.00259466050193
