0.76217597723
0.753181517124
0.744512736797
0.736482203007
0.72892254591
0.721641361713
0.714630186558
0.707831561565
0.701299011707
0.695039391518
0.689091086388
0.683408021927
0.678031563759
0.672898232937
0.667931079865
0.663190603256
0.658762812614
0.654478251934
0.650339126587
0.6464214921
0.642621874809
0.6389529109
0.63554084301
0.632324635983
0.62920999527
0.626263141632
0.623428463936
0.620686173439
0.618025183678
0.615403473377
0.612820863724
0.610292494297
0.607869803905
0.605635046959
0.603499770164
0.601422905922
0.599419355392
0.597516834736
0.59575676918
0.594034612179
0.59236818552
0.59074562788
0.589146375656
0.587564408779
0.586011350155
0.584482491016
0.582999944687
0.581527352333
0.580110251904
0.57877600193
0.577467918396
0.576161324978
0.574850440025
0.573519289494
0.572160720825
0.570814788342
0.569494307041
0.568167805672
0.566839814186
0.565498054028
0.56416285038
0.562833964825
0.56151664257
0.560184299946
0.558870732784
0.55757778883
0.556322395802
0.555074751377
0.553867101669
0.552697181702
0.551530480385
0.550386667252
0.549247264862
0.54811757803
0.547021865845
0.545952737331
0.544868052006
0.543783843517
0.542694807053
0.541613817215
0.540562987328
0.53951883316
0.538465976715
0.537394762039
0.536310195923
0.535234868526
0.534149646759
0.533047318459
0.531971156597
0.530925571918
0.529855668545
0.528768241405
0.527681171894
0.52659535408
0.525486469269
0.52438467741
0.523277997971
0.522197604179
0.521132528782
0.520053267479
0.518943667412
0.517830610275
0.516748845577
0.515669286251
0.514591693878
0.513493001461
0.512351870537
0.511180698872
0.510025858879
0.508883833885
0.507743000984
0.506599366665
0.505463659763
0.504320144653
0.503174781799
0.502025604248
0.500890791416
0.499762326479
0.498624920845
0.497500389814
0.496376991272
0.495255887508
0.494137018919
0.493019253016
0.491875171661
0.490716427565
0.489555627108
0.488410651684
0.487277626991
0.486135572195
0.485040098429
0.483946502209
0.482840240002
0.481746286154
0.480634689331
0.479508310556
0.478370338678
0.477230250835
0.476063132286
0.474910408258
0.473758220673
0.472584754229
0.471374630928
0.470221430063
0.469022750854
0.467804372311
0.466609269381
0.465383946896
0.464172482491
0.462972015142
0.461768746376
0.460585951805
0.459410279989
0.458220422268
0.456982761621
0.455722600222
0.454434156418
0.453162938356
0.451899319887
0.450654625893
0.449398964643
0.448167681694
0.44694969058
0.445746302605
0.444543302059
0.44333049655
0.442113667727
0.440908372402
0.439699620008
0.438503742218
0.4373023808
0.436094731092
0.434891015291
0.43369448185
0.43250232935
0.431306838989
0.430132985115
0.428952038288
0.427768200636
0.426612824202
0.425474137068
0.424341857433
0.423197716475
0.422058463097
0.420926123857
0.419773161411
0.418643325567
0.417489051819
0.416344255209
0.415161311626
0.413955718279
0.412740200758
0.411571115255
0.410384476185
0.409212857485
0.408014178276
0.40685236454
0.405653387308
0.404463529587
0.403296798468
0.402126222849
0.400962084532
0.399867594242
0.398756444454
0.397667378187
0.396590143442
0.395504236221
0.394443333149
0.393395930529
0.392340272665
0.391287744045
0.390245229006
0.389233618975
0.388184309006
0.387141168118
0.386088520288
0.385024577379
0.384004473686
0.382970511913
0.381878018379
0.380784898996
0.379706919193
0.378647118807
0.377604007721
0.376461952925
0.375405758619
0.374356597662
0.373253524303
0.372148662806
0.371011614799
0.369899809361
0.368809103966
0.367675125599
0.366540551186
0.365403920412
0.364284098148
0.363181471825
0.362051725388
0.360910862684
0.359797149897
0.358670979738
0.357493102551
0.356352895498
0.355180740356
0.354031831026
0.352899551392
0.351702272892
0.350509136915
0.34934642911
0.348149478436
0.346932172775
0.345772117376
0.344558209181
0.343337357044
0.342137813568
0.340945273638
0.339741140604
0.338549286127
0.337352097034
0.336092591286
0.334931224585
0.333694189787
0.332453817129
0.33126655221
0.330045163631
0.328798651695
0.327493101358
0.326247245073
0.324997991323
0.323743909597
0.322478652
0.321124643087
0.319801360369
0.31858304143
0.317303627729
0.315950900316
0.314639806747
0.313441991806
0.312185496092
0.310867935419
0.30962523818
0.308377891779
0.307118713856
0.305868387222
0.304557800293
0.303314775229
0.302058130503
0.300842940807
0.299616545439
0.29834446311
0.297128111124
0.295940816402
0.294681996107
0.293450057507
0.292170614004
0.290969878435
0.289773344994
0.288532972336
0.287281751633
0.286052495241
0.284814834595
0.283570885658
0.282283067703
0.280984818935
0.279729127884
0.278395593166
0.27705013752
0.275661230087
0.27419167757
0.272676587105
0.271221488714
0.269726365805
0.268243789673
0.266799300909
0.265327781439
0.263864099979
0.262421876192
0.260965615511
0.25950306654
0.257910996675
0.256277650595
0.254771918058
0.253238111734
0.251706421375
0.250192940235
0.248753219843
0.24730913341
0.245887473226
0.244466677308
0.243039354682
0.241629004478
0.240229204297
0.23885601759
0.2374458462
0.236010923982
0.234618529677
0.233245372772
0.231874704361
0.230512753129
0.229137778282
0.227799504995
0.226486101747
0.225182652473
0.223896354437
0.222584575415
0.221283957362
0.219978243113
0.218627005816
0.217311680317
0.215960040689
0.214690431952
0.213431194425
0.212194621563
0.210917130113
0.209604814649
0.208363547921
0.207128256559
0.205886185169
0.204667493701
0.203476116061
0.202259674668
0.201070830226
0.199861913919
0.198685541749
0.197523146868
0.196355998516
0.195254474878
0.194075852633
0.192944407463
0.19183960557
0.190713077784
0.189671218395
0.188614889979
0.187566027045
0.18647775054
0.185428902507
0.184417501092
0.183393880725
0.182353615761
0.181299850345
0.180268287659
0.179267480969
0.178228735924
0.177218466997
0.176251798868
0.175274074078
0.174302041531
0.173322185874
0.172361761332
0.171388193965
0.170414507389
0.169446974993
0.168494731188
0.16759455204
0.166647896171
0.165724948049
0.164756923914
0.163830906153
0.162882685661
0.161990746856
0.161094218493
0.160147428513
0.159274756908
0.158382251859
0.157466515899
0.156633779407
0.155777394772
0.154930964112
0.154082760215
0.153252527118
0.152448326349
0.151600494981
0.150835797191
0.150071516633
0.149249315262
0.148482456803
0.147715121508
0.146982952952
0.146222934127
0.145405545831
0.144662767649
0.143930360675
0.14318151772
0.142424121499
0.14167304337
0.140986487269
0.140254884958
0.139560326934
0.138809174299
0.13812059164
0.137423843145
0.136712267995
0.136048510671
0.135359197855
0.134678065777
0.133983060718
0.133293434978
0.132584542036
0.131877347827
0.131125301123
0.130340620875
0.129626259208
0.128815636039
0.128049239516
0.127302154899
0.126561358571
0.125808686018
0.125093847513
0.124337173998
0.123584151268
0.122669659555
0.12174449861
0.120769202709
0.119876414537
0.118939854205
0.118006169796
0.117102533579
0.116208814085
0.115217499435
0.114193834364
0.113210193813
0.112227350473
0.111250117421
0.110304251313
0.109419316053
0.108610749245
0.107814006507
0.107011459768
0.10617646575
0.105431452394
0.104765601456
0.104098014534
0.103418059647
0.102746747434
0.102081134915
0.101448856294
0.100796796381
0.100106820464
0.0994781553745
0.0988693609834
0.0982336774468
0.0976325422525
0.0970367714763
0.0964754745364
0.0958948731422
0.0953110381961
0.0947542712092
0.0941886082292
0.0936881676316
0.0931629911065
0.0926089510322
0.0920903459191
0.0915706530213
0.0910466089845
0.0905269309878
0.0900169536471
0.0895293056965
0.0890453308821
0.0885744541883
0.0880869776011
0.0876215398312
0.087168045342
0.0866813734174
0.0862487703562
0.0858070850372
0.0853610560298
0.0849124342203
0.0844765231013
0.0840461924672
0.083656154573
0.0832016766071
0.0827993005514
0.0824019163847
0.0819779112935
0.0815610736609
0.0811695083976
0.0807778313756
0.0803675577044
0.0799733102322
0.0795859619975
0.0792041942477
0.078811943531
0.0784558281302
0.0780713930726
0.0776843503118
0.0773239433765
0.0769556686282
0.0765772387385
0.0762207508087
0.0758707672358
0.0755084827542
0.0751555487514
0.0748085081577
0.0744698792696
0.0741286277771
0.0737886503339
0.0734580531716
0.0731293410063
0.0727936923504
0.0724633783102
0.0721405893564
0.0718217790127
0.0715087875724
0.0711842551827
0.070868819952
0.0705552995205
0.0702497810125
0.0699353218079
0.0696308985353
0.0693399533629
0.0690347328782
0.068771019578
0.068454451859
0.0681727528572
0.0678863450885
0.067594408989
0.0673165395856
0.0670312121511
0.0667511820793
0.0664775893092
0.0662138387561
0.0659215822816
0.065573386848
0.0652060285211
0.0648288801312
0.0644316524267
0.0640443488955
0.0636603683233
0.0632784515619
0.0628946200013
0.0625108703971
0.0621461123228
0.0617565959692
0.0612715519965
0.0607808418572
0.0603003166616
0.0598336532712
0.0593901313841
0.0589607469738
0.0585363022983
0.0581245683134
0.0577065721154
0.057270552963
0.0568753816187
0.056486915797
0.0561185777187
0.0557499453425
0.0553813129663
0.0550342686474
0.0546761080623
0.054334577173
0.0539962761104
0.0536742284894
0.0533609762788
0.0530548915267
0.0527529269457
0.0524524375796
0.0521474406123
0.0518490970135
0.0515660904348
0.0513014942408
0.051030293107
0.0507630556822
0.0504958741367
0.0502372197807
0.0499813035131
0.0497257821262
0.049479547888
0.0492382086813
0.0490070581436
0.0487691052258
0.0485335327685
0.0483076609671
0.0480809360743
0.0478548556566
0.047635987401
0.0474197790027
0.0472051165998
0.0469958372414
0.0467864349484
0.0465774461627
0.0463787838817
0.0461783446372
0.0459840111434
0.0457908585668
0.0455982610583
0.0454141423106
0.0452275983989
0.0450443774462
0.0448671728373
0.0446831211448
0.0445083789527
0.0443334616721
0.0441510416567
0.0439687855542
0.0437920838594
0.0436175428331
0.0434417761862
0.0432710982859
0.0431010909379
0.0429292954504
0.0427655205131
0.0425931848586
0.0424175783992
0.0422497540712
0.0420817770064
0.0419159121811
0.0417595840991
0.0415966585279
0.0414369441569
0.0412861891091
0.0411354191601
0.0409836992621
0.04083603248
0.0407000519335
0.0405577719212
0.0404075756669
0.0402669347823
0.0401184558868
0.0399656333029
0.0398151725531
0.0396661311388
0.0395217351615
0.0393773466349
0.0392369031906
0.039103448391
0.0389637090266
0.0388214625418
0.0386871621013
0.0385552532971
0.0384247116745
0.0382951684296
0.0381671860814
0.0380482785404
0.0379242375493
0.037804748863
0.0376861728728
0.0375693850219
0.037453379482
0.0373351462185
0.0372226685286
0.0371118448675
0.0370052531362
0.0368962362409
0.0367888621986
0.0366819016635
0.0365785844624
0.0364746153355
0.0363709852099
0.0362718403339
0.0361723080277
0.0360736846924
0.0359813049436
0.0358860678971
0.035790193826
0.03569849208
0.0356047563255
0.0355109162629
0.0354177765548
0.0353256501257
0.0352391935885
0.035150129348
0.0350584387779
0.0349679403007
0.0348724536598
0.0347798205912
0.0346864014864
0.0345952063799
0.0345025323331
0.0344115942717
0.03431911394
0.0342288501561
0.0341379977763
0.0340502075851
0.0339637137949
0.0338776484132
0.0337890312076
0.0337038449943
0.0336206145585
0.0335367918015
0.0334542095661
0.0333749838173
0.0332957580686
0.0332154557109
0.0331362634897
0.0330623686314
0.0329897068441
0.0329163633287
0.0328440666199
0.0327746830881
0.0327058658004
0.0326365940273
0.0325689800084
0.0325006358325
0.0324357300997
0.0323723964393
0.0323095396161
0.0322466269135
0.0321831479669
0.0321231223643
0.0320633128285
0.0320034846663
0.0319442041218
0.0318862050772
0.0318299904466
0.0317729711533
0.0317178666592
0.0316601395607
0.0316055752337
0.0315520353615
0.0315002724528
0.0314458943903
0.0313950739801
0.0313442312181
0.0312924832106
0.0312421768904
0.0311923064291
0.0311413109303
0.0310951750726
0.031045274809
0.0309963580221
0.0309490095824
0.0309015512466
0.0308540444821
0.0308062061667
0.0307602584362
0.0307134520262
0.0306667964906
0.0306207146496
0.0305750407279
0.0305297132581
0.0304856412113
0.0304420869797
0.0303977243602
0.0303543657064
0.0303110200912
0.0302689317614
0.0302259158343
0.0301827099174
0.0301413405687
0.0301010031253
0.030059190467
0.0300196260214
0.0299811866134
0.0299407653511
0.0299009345472
0.0298633929342
0.0298237595707
0.0297839585692
0.0297452826053
0.0297074913979
0.0296702738851
0.029631247744
0.0295935347676
0.0295560192317
0.0295194257051
0.0294818785042
0.0294457413256
0.0294095594436
0.0293735079467
