0.693148136139
0.69903755188
0.686403095722
0.688271045685
0.680880665779
0.684199869633
0.677698194981
0.693090736866
0.683326900005
0.686010062695
0.674917817116
0.685895204544
0.684815108776
0.675943136215
0.675886034966
0.680439949036
0.677876412868
0.683963835239
0.670945167542
0.673823356628
0.664628684521
0.668597579002
0.657322704792
0.66609197855
0.683404266834
0.662233233452
0.66449534893
0.670861542225
0.661819458008
0.667227566242
0.645485162735
0.65898245573
0.645905733109
0.651831269264
0.641435444355
0.649063646793
0.681732058525
0.657933652401
0.646370768547
0.647428572178
0.631095170975
0.665548324585
0.638035476208
0.637434720993
0.645510852337
0.619600772858
0.637595713139
0.654340207577
0.636420547962
0.676302850246
0.667975723743
0.632879137993
0.620838522911
0.638340651989
0.6361541152
0.623978495598
0.61465972662
0.630709826946
0.625485002995
0.618236720562
0.622358500957
0.632721543312
0.611623227596
0.624019920826
0.615002691746
0.613888382912
0.613419413567
0.611674010754
0.63667601347
0.670536696911
0.613985896111
0.592630207539
0.619458913803
0.602246642113
0.591295540333
0.607677042484
0.567311942577
0.587216317654
0.607256412506
0.62286400795
0.615996301174
0.641940176487
0.59142100811
0.59905654192
0.568034350872
0.591474890709
0.610004842281
0.580495178699
0.578360855579
0.632644295692
0.594210147858
0.558834791183
0.602879106998
0.566535413265
0.579488158226
0.567691624165
0.575905799866
0.554251670837
0.5532964468
0.58440643549
0.586986482143
0.592380702496
0.554529070854
0.554773032665
0.538545906544
0.589040756226
0.556105136871
0.54081851244
0.542189538479
0.548106908798
0.559782505035
0.573031306267
0.541690766811
0.558028161526
0.538180291653
0.538431406021
0.562734007835
0.513232946396
0.537688076496
0.560023725033
0.602197170258
0.508832335472
0.5702278018
0.537540018559
0.541566550732
0.546121716499
0.522393167019
0.557431042194
0.536259829998
0.579614758492
0.522223889828
0.570401966572
0.532256960869
0.532930791378
0.536208748817
0.556579530239
0.498905986547
0.576228141785
0.508792757988
0.559004724026
0.539746046066
0.500958800316
0.511851906776
0.517381072044
0.478763401508
0.502485990524
0.483162045479
0.518892228603
0.492257326841
0.522351682186
0.537805497646
0.568016529083
0.503565311432
0.487387895584
0.533878624439
0.534689843655
0.471116960049
0.503634691238
0.504661142826
0.474157571793
0.48012009263
0.498045921326
0.446784615517
0.493411540985
0.49810397625
0.474604696035
0.500282406807
0.510743021965
0.510757029057
0.522504091263
0.480331748724
0.470512449741
0.535635054111
0.474298775196
0.528552889824
0.526811897755
0.484759509563
0.498493313789
0.491850465536
0.486780673265
0.526766061783
0.542812824249
0.477431595325
0.488032191992
0.475804656744
0.497750788927
0.493369907141
0.577531099319
0.432591050863
0.480230778456
0.517917215824
0.48343706131
0.488804578781
0.550341427326
0.463262856007
0.509057700634
0.505340278149
0.470570236444
0.440830588341
0.495883226395
