0.458536595106
0.448780477047
0.473170727491
0.43902438879
0.453658550978
0.453658550978
0.448780477047
0.507317066193
0.497560977936
0.47804877162
0.463414639235
0.43902438879
0.424390256405
0.473170727491
0.482926815748
0.492682933807
0.47804877162
0.453658550978
0.473170727491
0.463414639235
0.463414639235
0.497560977936
0.512195110321
0.47804877162
0.536585390568
0.517073154449
0.453658550978
0.482926815748
0.507317066193
0.468292683363
0.502439022064
0.482926815748
0.517073154449
0.482926815748
0.497560977936
0.482926815748
0.517073154449
0.521951198578
0.56097561121
0.487804889679
0.521951198578
0.507317066193
0.487804889679
0.482926815748
0.497560977936
0.521951198578
0.492682933807
0.517073154449
0.512195110321
0.521951198578
0.556097567081
0.47804877162
0.526829242706
0.482926815748
0.541463434696
0.507317066193
0.517073154449
0.512195110321
0.512195110321
0.517073154449
0.526829242706
0.473170727491
0.521951198578
0.492682933807
0.536585390568
0.512195110321
0.531707346439
0.517073154449
0.492682933807
0.47804877162
0.517073154449
0.512195110321
0.517073154449
0.521951198578
0.536585390568
0.507317066193
0.512195110321
0.517073154449
0.521951198578
0.526829242706
0.507317066193
0.536585390568
0.517073154449
0.56097561121
0.536585390568
0.526829242706
0.517073154449
0.517073154449
0.536585390568
0.531707346439
0.551219522953
0.531707346439
0.502439022064
0.541463434696
0.541463434696
0.556097567081
0.541463434696
0.517073154449
0.507317066193
0.536585390568
