0.789558529854
0.801645219326
0.721479713917
0.769106209278
0.704136788845
0.762503266335
0.801347255707
0.735302984715
0.765783011913
0.757303655148
0.69855093956
0.717346489429
0.73337996006
0.733771502972
0.712272405624
0.697695672512
0.707812786102
0.702203392982
0.731191515923
0.715386092663
0.714631438255
0.71984565258
0.722539544106
0.688937962055
0.687212407589
0.696194410324
0.700785577297
0.690302252769
0.664196193218
0.707466840744
0.682852387428
0.674111485481
0.664872169495
0.667991518974
0.6894313097
0.654433012009
0.657062292099
0.705935001373
0.698056578636
0.673361599445
0.694220244884
0.680058479309
0.666797995567
0.678088068962
0.684761285782
0.678619623184
0.674633920193
0.661047518253
0.681668758392
0.673424899578
0.666608095169
0.651822149754
0.656500220299
0.650163590908
0.653258681297
0.678548514843
0.638913691044
0.648418009281
0.664259016514
0.641532719135
0.627704441547
0.649675071239
0.677469789982
0.659229397774
0.661212742329
0.645023465157
0.69141471386
0.673187255859
0.657429933548
0.641572058201
0.652555882931
0.633392035961
0.632285416126
0.664169371128
0.652007460594
0.63879776001
0.636642098427
0.650357365608
0.638888478279
0.640109837055
0.649797439575
0.648726284504
0.655042409897
0.606445431709
0.621731340885
0.63099604845
0.629626631737
0.653869509697
0.620284378529
0.680555939674
0.622068703175
0.624381184578
0.651678025723
0.660413861275
0.642966210842
0.662575900555
0.618629872799
0.648075759411
0.671291589737
0.66505253315
