0.694918394089
0.691921532154
0.69226706028
0.688894152641
0.688072323799
0.686591565609
0.684002816677
0.684526085854
0.68370860815
0.683426260948
0.68068253994
0.680263400078
0.676717698574
0.673244893551
0.670625686646
0.669640421867
0.667248010635
0.66274535656
0.665838301182
0.658259153366
0.65513497591
0.653300285339
0.652223706245
0.647594749928
0.641952455044
0.643212139606
0.634491026402
0.62362831831
0.634034633636
0.620937645435
0.616719961166
0.616019666195
0.60899990797
0.604170799255
0.59962528944
0.592271208763
0.597593426704
0.578830659389
0.576217114925
0.565036296844
0.572718083858
0.547118484974
0.560581386089
0.539902746677
0.542568385601
0.525291919708
0.531618118286
0.52735966444
0.522135317326
0.508648633957
0.508195340633
0.492118865252
0.478842586279
0.494025528431
0.478308469057
0.47086584568
0.458095312119
0.466790050268
0.441368073225
0.460425704718
0.432696729898
0.425874143839
0.413328617811
0.442623496056
0.4210742414
0.4092258811
0.384522259235
0.396130234003
0.396444529295
0.377587527037
0.365945309401
0.371516495943
0.369984060526
0.359489798546
0.36220023036
0.363996148109
0.352956920862
0.350357055664
0.345280796289
0.346023291349
0.349280416965
0.365405023098
0.343397825956
0.312331676483
0.322639584541
0.318658530712
0.331151872873
0.315964251757
0.320116698742
0.32114943862
0.305999189615
0.311834990978
0.280346930027
0.306682646275
0.289253890514
0.330990076065
0.296368002892
0.309199750423
0.305173933506
0.271804153919
0.312354028225
0.252744466066
0.269284129143
0.263738453388
0.280582547188
0.290614008904
0.307592630386
0.262149900198
0.240031465888
0.262081801891
0.238972708583
0.275007873774
0.237662196159
0.27458974719
0.323291510344
0.246365264058
0.261037260294
0.2346868366
0.289661765099
0.247339710593
0.262332558632
0.220072180033
0.285552173853
0.22858607769
0.325589001179
0.302073419094
0.291676431894
0.221753522754
0.225798681378
0.271271169186
0.2447245121
0.246779128909
0.291489422321
0.28407394886
0.302293241024
0.261182785034
0.232908129692
0.241950213909
0.24487374723
0.235826522112
0.247402012348
0.234945774078
0.198174580932
0.264031529427
0.253059566021
0.244412526488
0.219505384564
0.191155686975
0.282280296087
0.238320991397
0.254296302795
0.255455195904
0.231963291764
0.215475052595
0.237615302205
0.262812107801
0.222342997789
0.249686598778
0.255966901779
0.200892731547
0.27793392539
0.223104864359
0.226212948561
0.205847069621
0.226563051343
0.23082229495
0.260455816984
0.240019649267
0.208789810538
0.186762139201
0.232760488987
0.257066130638
0.244949802756
0.206805408001
0.226694494486
0.250780194998
0.21650236845
0.243967860937
0.240751326084
0.186658591032
0.203404888511
0.22463876009
0.255897343159
0.235829815269
0.288253903389
0.23548348248
0.222902342677
0.272109806538
0.258721500635
0.235806196928
0.227657645941
0.230514422059
0.218485414982
0.228203520179
0.235194161534
0.283392637968
0.20965641737
0.268069237471
0.253406822681
0.266639530659
0.237315922976
0.21747289598
0.227121591568
0.207218930125
0.340351909399
0.220820873976
0.219761744142
0.213655605912
0.206962555647
0.196540027857
0.215927645564
0.237865209579
0.238387987018
0.226317748427
0.190263390541
0.183817565441
0.238458901644
0.243556976318
0.220518454909
0.189057424664
0.216498628259
0.215573430061
0.242154955864
0.219814687967
0.19229722023
0.250793844461
0.215209141374
0.245065033436
0.256595492363
0.221557512879
0.199585571885
0.210365846753
0.226474523544
0.216476306319
0.18201880157
0.217172831297
0.196496412158
0.231462270021
0.212160274386
0.207459852099
0.256735503674
0.239733889699
0.217618376017
0.215416714549
0.233432173729
0.258030682802
0.18722166121
0.288632243872
0.208219587803
0.205333575606
0.240593284369
0.245703652501
0.207970023155
0.252568930387
0.206947922707
0.232325971127
0.18565736711
0.223434284329
0.22618573904
0.265391439199
0.175629734993
0.235634282231
0.217696756124
0.236882060766
0.192314654589
0.180068045855
0.244487226009
0.260678857565
0.206709116697
0.210623517632
0.259444832802
0.208779290318
0.196121290326
0.226336926222
0.175337389112
0.250934660435
0.267337828875
0.259106189013
0.191273868084
0.175046235323
0.204049050808
0.199854508042
0.172527983785
0.21544252336
0.220153406262
0.235042706132
0.205155789852
0.206061214209
0.238867118955
0.255255907774
0.239640578628
0.235706627369
0.17257720232
0.22070851922
0.168860331178
0.232537910342
0.215860620141
0.219497710466
0.229830399156
0.205080285668
0.220174178481
0.194959610701
0.286145806313
0.169631481171
0.244784191251
0.180347576737
0.223529085517
0.223442181945
0.223022446036
0.247697934508
0.171048924327
0.213301584125
0.156119644642
0.179618775845
0.201098367572
0.234484285116
0.23955796659
0.186125576496
0.167925387621
0.189006194472
0.26588922739
0.236246734858
0.204019039869
0.271876573563
0.240356981754
0.205967634916
0.158069476485
0.289633005857
0.241399407387
0.248367637396
0.31030613184
0.202350080013
0.226881086826
0.155203998089
0.218948215246
0.190659597516
0.215930327773
0.172290816903
0.200221642852
0.186497762799
0.211111679673
0.21104182303
0.207573115826
0.210135608912
0.196245521307
0.234746769071
0.227535009384
0.213175997138
0.238961488008
0.211919888854
0.232093840837
0.26992982626
0.208347141743
0.189498722553
0.208220973611
0.199964761734
0.188979133964
0.236815452576
0.154415890574
0.187880143523
0.233704715967
0.163572266698
0.211089655757
0.205709859729
0.192025348544
0.247128590941
0.233683794737
0.188697487116
0.202533170581
0.228184357285
0.190480098128
0.205710619688
0.229079291224
0.180397614837
0.188672825694
0.192589342594
0.206876277924
0.210303485394
0.199376046658
0.207449421287
0.223732694983
0.233052447438
0.229425787926
0.193599864841
0.190331161022
0.209753170609
0.227182179689
0.225981384516
0.204968944192
0.234308794141
0.252320110798
0.234729409218
0.209291175008
0.174031957984
0.204030066729
0.207876294851
0.202085599303
0.192673042417
0.234844133258
0.149967938662
0.196944564581
0.168744191527
0.147835701704
0.155371770263
0.232561737299
0.248719021678
0.240785807371
0.186701595783
0.276785731316
0.215821713209
0.177299126983
0.249222874641
0.208255082369
0.210602864623
0.205978944898
0.180202886462
0.258997708559
0.221407726407
0.182083427906
0.188431829214
0.221047952771
0.192470565438
0.201085418463
0.219004243612
0.23672837019
0.276649355888
0.220427408814
0.250963062048
0.165651664138
0.25404727459
0.180279776454
0.213494852185
0.166264951229
0.229827597737
0.217220962048
0.25593906641
0.205548241735
0.176168501377
0.166444137692
0.187535181642
0.193323850632
0.158589452505
0.204982787371
0.211145892739
0.189645648003
0.25077265501
0.190835833549
0.180430307984
0.23194129765
0.181826919317
0.239188492298
0.205234974623
0.183198839426
0.247689709067
0.171504050493
0.22251291573
0.250059276819
0.181259140372
0.211913764477
0.199598774314
0.129750043154
0.17909283936
0.163418024778
0.222876161337
0.231821000576
0.210131168365
0.23933494091
0.230263516307
0.201845660806
0.259356230497
0.249557554722
0.243855714798
0.229495689273
0.205392852426
0.171128198504
0.185997739434
0.194388061762
0.160442814231
0.246625870466
0.227266818285
0.273278743029
0.209253430367
0.201171502471
0.228252053261
0.211287125945
0.195984944701
0.245750248432
0.222616314888
0.240166246891
0.180450066924
0.202978089452
0.21251617372
0.1614279598
0.202220454812
0.192362904549
0.204132154584
0.189931169152
0.199410557747
0.220879271626
0.231561973691
0.193741589785
0.182250097394
0.276638299227
0.211274772882
0.18524351716
0.202128589153
0.273626625538
0.20471765101
0.229641869664
0.195445209742
0.249882221222
0.159876227379
0.179317831993
0.219095855951
0.251183837652
0.191813319921
0.256821215153
0.199486300349
0.218066200614
0.176512256265
0.186346247792
0.225609853864
0.207842797041
0.245886087418
0.204274922609
0.228767797351
0.229308381677
0.194738507271
0.205852642655
0.227059930563
0.205167561769
0.190481230617
0.216708928347
0.184284344316
0.229660958052
0.230387821794
0.164381757379
0.211694031954
0.200263664126
0.247274160385
0.283151060343
0.149432137609
0.221692427993
0.263362884521
0.173543810844
0.223658710718
0.134927362204
0.205860421062
0.179750829935
0.204938694835
0.199871152639
0.202077254653
0.21313777566
0.235473483801
0.253198981285
0.139122188091
0.231512084603
0.26397934556
0.205584153533
0.230028808117
0.196475803852
0.179432019591
0.20618057251
0.223386898637
0.177765503526
0.328080296516
0.198556691408
0.194194614887
0.17593370378
0.211449429393
0.201255887747
0.1857791394
0.167989969254
0.206431940198
0.198770493269
0.243279278278
0.196733444929
0.2437030375
0.259703189135
0.254695177078
0.212503418326
0.23039200902
0.230910822749
0.201188609004
0.207976087928
0.171406105161
0.214211136103
0.223639756441
0.243809655309
0.190121382475
0.172550112009
0.225804641843
0.22110645473
0.265555024147
0.24749211967
0.175126776099
0.238911867142
0.194600731134
0.253680050373
0.189511969686
0.176240086555
0.183037400246
0.173004090786
0.230815976858
0.233126536012
0.191001355648
0.205673575401
0.195742368698
0.195962205529
0.215450286865
0.191181734204
0.181945279241
0.178824052215
0.238450542092
0.212186917663
0.23326407373
0.217856436968
0.196293324232
0.214121997356
0.225290328264
0.175620257854
0.27645534277
0.214892044663
0.181850522757
0.206362262368
0.229234591126
0.200347155333
0.158935785294
0.212403297424
0.170451790094
0.212414085865
0.176278725266
0.154772803187
0.212569832802
0.251081228256
0.15115904808
0.227869793773
0.184787526727
0.24447363615
0.197822675109
0.200797408819
0.221518442035
0.21219086647
0.212890475988
0.206396281719
0.24225756526
0.159490168095
0.142484262586
0.182079061866
0.196630731225
0.162661403418
0.165159344673
0.257204562426
0.19365029037
0.209840893745
0.200062096119
0.197463110089
0.170093640685
0.238855078816
0.160865709186
0.204942300916
0.23651945591
0.201886177063
0.229996427894
0.219741910696
0.205142080784
0.21642871201
0.168647319078
0.276290714741
0.188770219684
0.165171667933
0.155913710594
0.285936653614
0.203764393926
0.205384001136
0.21235319972
0.189440280199
0.204754680395
0.261256337166
0.2246247679
0.151959627867
0.170659318566
0.182178676128
0.15479542315
0.169926792383
0.293000012636
0.200496137142
0.165345519781
0.207377284765
0.212210014462
0.175761803985
0.173632398248
0.187945142388
0.199429392815
0.149986580014
0.232158735394
0.235823884606
0.150730267167
0.203502580523
0.22971765697
0.193088158965
0.17069002986
0.226794749498
0.181517124176
0.140724733472
0.183560922742
0.171038880944
0.205523684621
0.182853266597
0.178089544177
0.203195020556
0.147518292069
0.202473580837
0.192272946239
0.177327930927
0.178269773722
0.227398201823
0.232601970434
0.214597448707
0.20250852406
0.18723963201
0.206315457821
0.199896886945
0.178422912955
0.215063124895
0.199560582638
0.181485205889
0.127689987421
0.191698253155
0.127187713981
0.20302888751
0.184809014201
0.22223097086
0.184187337756
0.210945352912
0.191745474935
0.197293445468
0.180452674627
0.239636510611
0.180005759001
0.204971909523
0.187133878469
0.200972601771
0.155880525708
0.210391819477
0.178132504225
0.173624739051
0.18923920393
0.157583668828
0.202941507101
0.255218535662
0.238067492843
0.254237234592
0.158213302493
0.242065936327
0.153933361173
0.156839638948
0.183905407786
0.218130096793
0.176512748003
0.187729775906
0.199211865664
0.159449338913
0.136876374483
0.160347342491
0.204822033644
0.274049252272
0.196261629462
0.20288027823
0.207686111331
0.186337217689
0.191261589527
0.198559761047
0.197909936309
0.212198078632
0.151960656047
0.224374935031
0.186651036143
0.196722596884
0.170232072473
0.182320192456
0.167161479592
0.223516255617
0.213667050004
0.238139420748
0.164581224322
0.176970109344
0.176575094461
0.174300417304
0.223402112722
0.189668372273
0.240627646446
0.18599845469
0.152118071914
0.183694660664
0.189294651151
0.186228811741
0.144628956914
0.210647255182
0.17283667624
0.206426307559
0.15466812253
0.219901636243
0.23528341949
0.204986602068
0.160174369812
0.17032957077
0.133635640144
0.196806490421
0.209227561951
0.158544003963
0.172392070293
0.254541128874
0.229192107916
0.180977985263
0.201103538275
0.188727602363
0.196520492435
0.195812121034
0.169064983726
0.208046615124
0.188160121441
0.208945915103
0.198920160532
0.131542548537
0.240070238709
0.189164429903
0.204745918512
0.251120120287
0.165154471993
0.161586329341
0.188690289855
0.160222232342
0.180291742086
0.195070758462
0.163176119328
0.189846694469
0.18759341538
0.157299429178
0.146552681923
0.195364281535
0.222560584545
0.20791579783
0.208067670465
0.147153586149
0.205516725779
0.181069001555
0.176020309329
0.179799988866
0.177135169506
0.159788370132
0.195102751255
0.190067619085
0.130068838596
0.149416521192
0.252339869738
0.164205983281
0.170201346278
0.161036148667
0.237100288272
0.222722738981
0.156389206648
0.192350029945
0.157994374633
0.219871163368
0.162776052952
0.222698897123
0.193582445383
0.192292243242
0.17189347744
0.193731114268
0.184835329652
0.202270880342
0.245533198118
0.179881095886
0.155517712235
0.171108931303
0.163726970553
0.194073095918
0.183031335473
0.151573464274
0.24184396863
0.2192081213
0.193299025297
0.172652125359
0.190034732223
0.161305174232
0.156224220991
0.15687058866
0.219115614891
0.235082045197
0.172253325582
0.242979824543
0.17314453423
0.22721453011
0.126706421375
0.229616001248
0.187402367592
0.249592721462
0.225690603256
0.195681452751
0.180617913604
0.129052340984
0.170458763838
0.181958019733
0.199213266373
0.174931317568
0.206453114748
0.175871774554
0.16354085505
0.222094580531
0.241201072931
0.161678090692
0.146363899112
0.190489515662
0.173463851213
0.211832880974
0.151335507631
0.149838894606
0.183937728405
0.221448764205
0.164708018303
0.17524844408
0.191887110472
0.167299672961
0.211009025574
0.175825849175
0.156042978168
0.216826066375
0.214421898127
0.202146485448
0.164403140545
0.200479313731
0.156107231975
0.164852514863
0.145374283195
0.145566001534
0.189018115401
0.246111780405
0.175143390894
0.135107845068
0.194934546947
0.207855328918
0.181405097246
0.173218250275
0.16012789309
0.123749934137
0.167259380221
0.214512079954
0.194672375917
0.184655681252
0.216648027301
0.182955428958
0.195949956775
0.186474606395
0.138015642762
0.189657643437
0.184535473585
0.206382021308
0.188871890306
0.185538515449
0.209621429443
0.197424694896
0.16121289134
0.164521440864
0.177458375692
0.140956282616
0.190945774317
0.198067441583
0.282660871744
0.227600902319
0.196020677686
0.183446645737
0.203846275806
0.196556538343
0.231356725097
0.165352076292
0.133321270347
0.140224218369
0.130215793848
0.156165778637
0.199829682708
0.188589051366
0.136049672961
0.182533621788
0.196682646871
0.207520350814
0.176846772432
0.202282264829
0.250252962112
0.145777031779
0.139265492558
0.183716267347
0.15162922442
0.16230173409
0.169213026762
0.174247607589
0.224934026599
0.189494997263
0.170062616467
