0.691904902458
0.690680801868
0.691119253635
0.691019773483
0.691009581089
0.690429270267
0.691693842411
0.690957844257
0.69079041481
0.689039349556
0.690190851688
0.690704345703
0.689842283726
0.690283417702
0.690348386765
0.689160108566
0.689981281757
0.689243972301
0.690354824066
0.689664244652
0.689807713032
0.689535975456
0.689467430115
0.689300537109
0.688871979713
0.68953961134
0.689550757408
0.688597142696
0.688831150532
0.688423395157
0.689042270184
0.688473820686
0.688530504704
0.688531517982
0.688984036446
0.687096118927
0.688190162182
0.68731123209
0.68822157383
0.68778270483
0.68766283989
0.687915086746
0.688174188137
0.687984585762
0.688083231449
0.687721312046
0.687652528286
0.688159108162
0.686028003693
0.686366856098
0.686220467091
0.687690198421
0.686257719994
0.686247229576
0.686845064163
0.68589836359
0.686266064644
0.686262607574
0.686621248722
0.686037838459
0.685289859772
0.687070608139
0.684992194176
0.685935795307
0.68705278635
0.685586929321
0.685386240482
0.684805214405
0.686843514442
0.685734689236
0.684596955776
0.68497222662
0.685525000095
0.684636712074
0.68576925993
0.684195458889
0.684642076492
0.68485969305
0.684827625751
0.684389412403
0.684506773949
0.685282707214
0.683188021183
0.683999478817
0.682951390743
0.685659110546
0.684167861938
0.683536827564
0.683881044388
0.68334954977
0.682766497135
0.684680461884
0.684184730053
0.682994544506
0.681761801243
0.684006154537
0.683964729309
0.684040248394
0.682426393032
0.682833909988
0.682467579842
0.680963456631
0.682353675365
0.679957926273
0.682065844536
0.682074248791
0.680404126644
0.679483413696
0.683092236519
0.680938661098
0.680726885796
0.681389391422
0.680044829845
0.679755747318
0.679455697536
0.682057142258
0.679886162281
0.681640088558
0.678966999054
0.680621504784
0.681028366089
0.679102361202
0.678459048271
0.680713653564
0.678934216499
0.676749765873
0.678134381771
0.679767012596
0.678379535675
0.679997801781
0.68009352684
0.678623080254
0.677958786488
0.679667234421
0.678626656532
0.679273664951
0.677873313427
0.677402377129
0.677499294281
0.675483822823
0.678203165531
0.677082955837
0.676730394363
0.675216376781
0.673711776733
0.678213357925
0.67775118351
0.677402675152
0.674123942852
0.676066935062
0.676328957081
0.675109982491
0.677521049976
0.677028775215
0.674601316452
0.675714194775
0.674836099148
0.676585733891
0.672982871532
0.672685563564
0.677303850651
0.674087882042
0.675419926643
0.673614144325
0.675045609474
0.671410918236
0.67142021656
0.670972287655
0.675445318222
0.669997632504
0.67274004221
0.67107206583
0.671785831451
0.669693231583
0.672255039215
0.670242071152
0.669525265694
0.670087873936
0.669163525105
0.670627951622
0.670600116253
0.670277833939
0.670606970787
0.667996168137
0.672287046909
0.669919371605
0.669449388981
0.666697084904
0.670631885529
0.667957127094
0.663622677326
0.66907453537
0.667266607285
0.666278719902
0.666643738747
0.666338980198
0.663716614246
0.666950523853
0.665378749371
0.665256977081
0.668812394142
0.663864970207
0.663328051567
0.666920721531
0.666914284229
0.661555469036
0.664727389812
0.661406815052
0.664277613163
0.662715315819
0.662706494331
0.665214300156
0.661036968231
0.661377489567
0.662125468254
0.66312533617
0.660836398602
0.660018384457
0.660561978817
0.659561038017
0.65918636322
0.659237802029
0.661878108978
0.657862007618
0.659707784653
0.659022212029
0.658518195152
0.6603282094
0.659902572632
0.660180747509
0.656455457211
0.654221117496
0.65638846159
0.658718943596
0.654066443443
0.657620310783
0.652973949909
0.658096849918
0.658600747585
0.655811786652
0.655022501945
0.654326677322
0.655493319035
0.652557075024
0.653011023998
0.653515636921
0.651520133018
0.650551557541
0.650501251221
0.649301052094
0.655202329159
0.647099494934
0.652849376202
0.651211321354
0.649388372898
0.649378538132
0.651558578014
0.652293086052
0.649996101856
0.647145628929
0.648881614208
0.644799351692
0.639778077602
0.648304879665
0.648640751839
0.646970450878
0.646932601929
0.644413173199
0.64751636982
0.645640075207
0.647846221924
0.644566059113
0.650089740753
0.647006750107
0.639037251472
0.642632067204
0.642642259598
0.640512883663
0.642057001591
0.644109666348
0.639898598194
0.640016257763
0.635966956615
0.643612742424
0.638829529285
0.635634839535
0.636080861092
0.636270523071
0.637387931347
0.640055119991
0.63808631897
0.632985055447
0.637971878052
0.635057866573
0.629335522652
0.635998368263
0.630218207836
0.636673629284
0.637472331524
0.628985285759
0.629969477654
0.635694980621
0.630922496319
0.631226301193
0.631664156914
0.629005968571
0.632087945938
0.627294898033
0.629990935326
0.626797139645
0.629985034466
0.629035711288
0.622836649418
0.62728613615
0.625523269176
0.627438426018
0.627949655056
0.623613059521
0.625661790371
0.617109358311
0.621512830257
0.624730706215
0.628223478794
0.621221840382
0.624626934528
0.624566257
0.621176362038
0.616296350956
0.628286242485
0.619969189167
0.622028768063
0.617281854153
0.622884213924
0.622334718704
0.617200493813
0.618569672108
0.61188185215
0.612815141678
0.621963560581
0.619943678379
0.615530490875
0.612942636013
0.616482794285
0.620580375195
0.609292328358
0.615770816803
0.614194989204
0.61421495676
0.616422057152
0.6184425354
0.610850393772
0.611983597279
0.605930745602
0.608585059643
0.614839076996
0.614813148975
0.608235776424
0.606480896473
0.611378490925
0.615175187588
0.610341310501
0.604847073555
0.606640040874
0.606654942036
0.605203986168
0.609408259392
0.605149686337
0.602754890919
0.606383919716
0.614327430725
0.600310742855
0.605929434299
0.604797422886
0.600281000137
0.602506220341
0.607353389263
0.599099516869
0.600886464119
0.598956167698
0.598267912865
0.59944319725
0.599292516708
0.605572462082
0.594627022743
0.609370708466
0.597827732563
0.605224251747
0.597025513649
0.601487100124
0.591273486614
0.593886613846
0.596618115902
0.594523787498
0.586921453476
0.594759643078
0.586092710495
0.594499826431
0.587207615376
0.59243863821
0.594123065472
0.596277058125
0.600622534752
0.591375887394
0.59277755022
0.588177144527
0.591360390186
0.589809715748
0.592257916927
0.598945856094
0.600459754467
0.584388792515
0.592096269131
0.588788330555
0.583253145218
0.582829475403
0.587894797325
0.589544534683
0.58723461628
0.587699949741
0.582147300243
0.574949026108
0.591750323772
0.573414325714
0.577859938145
0.582840025425
0.579668819904
0.581422746181
0.589132785797
0.57434463501
0.584109425545
0.581688165665
0.585567593575
0.579192280769
0.573108017445
0.575054705143
0.596430718899
0.581067025661
0.573069036007
0.565887033939
0.581848561764
0.576826393604
0.56880569458
0.583493351936
0.56679558754
0.57330083847
0.572737753391
0.576124846935
0.568334281445
0.579516351223
0.572369515896
0.577116310596
0.581381320953
0.584015965462
0.567935049534
0.580917000771
0.573195874691
0.571872234344
0.574098408222
0.570318341255
0.578067541122
0.568848371506
0.567391753197
0.574521183968
0.570623338223
0.574954211712
0.572467625141
0.561137259007
0.561548769474
0.557914376259
0.561650454998
0.56703466177
0.567900896072
0.574846565723
0.563950002193
0.565486133099
0.556477665901
0.557803630829
0.574251532555
0.570068120956
0.564873278141
0.552499234676
0.559161961079
0.563307404518
0.56848692894
0.553786993027
0.561391413212
0.555867671967
0.56598597765
0.560167849064
0.556212425232
0.551608622074
0.559184968472
0.557742297649
0.54861998558
0.559706509113
0.551809072495
0.56358063221
0.5652333498
0.561351060867
0.557884156704
0.559517264366
0.552692890167
0.548801481724
0.552913844585
0.560356080532
0.55972379446
0.552299022675
0.549517512321
0.557317078114
0.543972611427
0.5443354249
0.550793409348
0.567031979561
0.566528260708
0.552317500114
0.552697002888
0.550469100475
0.542914688587
0.546625375748
0.546649336815
0.547852516174
0.554416835308
0.545666754246
0.551613628864
0.552428364754
0.557786226273
0.542888641357
0.543439924717
0.541756987572
0.559107363224
0.549415767193
0.569614291191
0.548794686794
0.544457614422
0.554128348827
0.54479777813
0.543678998947
0.549300611019
0.551242947578
0.549616456032
0.550137996674
0.541854500771
0.555927097797
0.540889680386
0.534442663193
0.552284598351
0.533765256405
0.535962164402
0.53941231966
0.527223885059
0.543563902378
0.53433161974
0.541100263596
0.526734948158
0.545129716396
0.547638654709
0.539608895779
0.536953508854
0.51515352726
0.535342097282
0.537823021412
0.513463258743
0.534320652485
0.53815472126
0.529848515987
0.543002307415
0.523576974869
0.541145384312
0.539896726608
0.541693389416
0.543170213699
0.537352263927
0.529019713402
0.538504481316
0.545511782169
0.536186277866
0.534353613853
0.518438637257
0.531913280487
0.524749398232
0.536769628525
0.51443529129
0.537404894829
0.529901206493
0.530112504959
0.529066622257
0.553609549999
0.539450585842
0.523086190224
0.514195680618
0.522114396095
0.533072113991
0.522405683994
0.535502612591
0.516263186932
0.519441187382
0.51279014349
0.538389980793
0.510328948498
0.529995858669
0.522314488888
0.540844976902
0.521245181561
0.525956094265
0.518358588219
0.540556550026
0.512649834156
0.505482971668
0.523241758347
0.51198464632
0.519008934498
0.542387008667
0.535220682621
0.526853621006
0.524794876575
0.500986218452
0.532075762749
0.515027880669
0.521828711033
0.522405922413
0.518661916256
0.518268585205
0.525617718697
0.535922110081
0.525640070438
0.517493367195
0.512067735195
0.518065989017
0.519436180592
0.524599671364
0.525580525398
0.518123030663
0.539218366146
0.512120604515
0.534211933613
0.508205294609
0.512885093689
0.515053927898
0.519482195377
0.515444099903
0.519601821899
0.513841032982
0.50499355793
0.526191473007
0.511484503746
0.495944857597
0.503525316715
0.494936138391
0.511882603168
0.517324507236
0.526887893677
0.528979361057
0.504697561264
0.499587595463
0.521682798862
0.519916236401
0.501241505146
0.531773507595
0.51457965374
0.515385270119
0.508720576763
0.523433983326
0.508565664291
0.502301633358
0.521587848663
0.508432388306
0.516723096371
0.506678521633
0.515442490578
0.50868833065
0.493316203356
0.485239475965
0.514191627502
0.515568673611
0.523204088211
0.522257804871
0.524813711643
0.493756115437
0.518881142139
0.52322602272
0.517354905605
0.53411090374
0.516575038433
0.529619395733
0.538125514984
0.512899398804
0.50003182888
0.534418225288
0.526902794838
0.517140030861
0.510622262955
0.496717095375
0.51817470789
0.514914512634
0.510265767574
0.507387280464
0.538028299809
0.501465678215
0.531220495701
0.511863589287
0.506714880466
0.515608489513
0.496502012014
0.521656572819
0.506128430367
0.510966658592
0.506495118141
0.514183104038
0.534414291382
0.517279207706
0.518956124783
0.506183743477
0.509936571121
0.504899799824
0.529165506363
0.51907324791
0.519157648087
0.514111936092
0.507943332195
0.492432206869
0.492620408535
0.529341638088
0.512559354305
0.521428525448
0.500437200069
0.51745402813
0.510305583477
0.497250825167
0.523408591747
0.515249609947
0.535524606705
0.51161044836
0.505102753639
0.510126233101
0.511637449265
0.507791638374
0.525656282902
0.5345890522
0.535168886185
0.512021422386
0.516145050526
0.510498583317
0.505168139935
0.523813009262
0.513202011585
0.51668214798
0.51780962944
0.508575320244
0.501187264919
0.501859128475
0.522458553314
0.513566672802
0.515654802322
0.529096364975
0.529005408287
0.516429245472
0.515962362289
0.503353714943
0.515441596508
0.509963989258
0.527779877186
0.519039571285
0.509170889854
0.506200551987
0.5064432621
0.515324652195
0.52163630724
0.509875357151
0.521016657352
0.541645109653
0.523331940174
0.522337913513
0.515499889851
0.517384946346
0.511599123478
0.518395006657
0.507513582706
0.498834520578
0.515423238277
0.522253334522
0.500037312508
0.506129741669
0.521055877209
0.535551667213
0.495109826326
0.515880525112
0.515597701073
0.508000135422
0.489951342344
0.521967709064
0.508807003498
0.509813845158
0.519967556
0.517053961754
0.533230125904
0.511270642281
0.50817579031
0.518503189087
0.525833904743
0.526740431786
