0.714005172253
0.72362267971
0.710023462772
0.70912861824
0.713249921799
0.709727168083
0.704524636269
0.703943789005
0.707936406136
0.706364631653
0.702656745911
0.705784916878
0.703747093678
0.700325071812
0.693874597549
0.701166987419
0.697045326233
0.696309745312
0.699154436588
0.693736433983
0.698642134666
0.696284174919
0.698243498802
0.697436988354
0.696057140827
0.696025848389
0.695189118385
0.693571269512
0.693645715714
0.693691492081
0.693086266518
0.692153871059
0.692575275898
0.693134427071
0.692235410213
0.692672669888
0.691847622395
0.692394733429
0.692072451115
0.691844046116
0.692694187164
0.691962122917
0.693134605885
0.6918207407
0.692421376705
0.691708624363
0.692120492458
0.693007469177
0.692113518715
0.692279338837
