0.693766355515
0.693446993828
0.693030238152
0.692763447762
0.69254642725
0.692551851273
0.692249298096
0.692083895206
0.692157745361
0.691748321056
0.691534996033
0.691092729568
0.690935373306
0.691351592541
0.690308213234
0.69017803669
0.690115272999
0.689178884029
0.689742028713
0.688777923584
0.688590347767
0.687582910061
0.68739938736
0.685561239719
0.686704933643
0.68546551466
0.68436986208
0.683293640614
0.683122158051
0.683103919029
0.680927991867
0.679707467556
0.67865717411
0.676631748676
0.677410125732
0.673557877541
0.673308372498
0.671139061451
0.668748259544
0.666446208954
0.664615929127
0.662993967533
0.660785079002
0.656021356583
0.65620392561
0.64961129427
0.646212756634
0.645194292068
0.638628482819
0.631542384624
0.624435663223
0.621542155743
0.617474734783
0.613240003586
0.599820256233
0.605250716209
0.594077825546
0.592797338963
0.582368671894
0.58527380228
0.574690461159
0.570012748241
0.551785707474
0.556705951691
0.541418373585
0.533101260662
0.527315437794
0.509359359741
0.517800986767
0.515975534916
0.501197338104
0.501611828804
0.492096751928
0.474289983511
0.452713727951
0.473443597555
0.452350497246
0.436855554581
0.425863683224
0.432740956545
0.423696756363
0.395929843187
0.39440754056
0.395521581173
0.376107335091
0.382245779037
0.377661436796
0.375990331173
0.347959816456
0.354599505663
0.364392399788
0.320377856493
0.346324563026
0.346365213394
0.308622717857
0.316846996546
0.301202118397
0.320582836866
0.299463272095
0.282235652208
0.285538375378
0.265903413296
0.284366518259
0.303059607744
0.259813994169
0.266379833221
0.255747467279
0.242842122912
0.263765931129
0.220914036036
0.255376636982
0.237075731158
0.271308004856
0.213207185268
0.228877142072
0.221673861146
0.209993422031
0.192462399602
0.230301752687
0.231526792049
0.217298194766
0.23874682188
0.264129847288
0.233956292272
0.19636502862
0.209029197693
0.224551126361
0.157518997788
0.201776385307
0.198358878493
0.184781819582
0.19413253665
0.182131543756
0.215380936861
0.151297017932
0.15568998456
0.139148101211
0.154287949204
0.226477012038
0.24073664844
0.150977179408
0.160819634795
0.154621466994
0.145324081182
0.139848470688
0.162153869867
0.166252315044
0.145318627357
0.180038675666
0.150931447744
0.158499270678
0.124784179032
0.155162855983
0.136999607086
0.151798740029
0.126256883144
0.146443963051
0.146111413836
0.136731788516
0.116514086723
0.122980825603
0.120205596089
0.113285392523
0.113088726997
0.147981673479
0.107207976282
0.123183369637
0.152320206165
0.0782795697451
0.0994482189417
0.0780909284949
0.103718996048
0.0930534303188
0.110561966896
0.0885862931609
0.130028530955
0.096112318337
0.111998803914
0.0846018791199
0.0931470096111
0.121821276844
0.123257607222
0.088148124516
0.107181124389
0.0781601443887
0.0789186879992
0.0848366692662
0.0546644628048
0.0741649791598
0.128054395318
0.107187151909
0.0646536201239
0.106702029705
0.087818518281
0.0378968119621
0.0788673236966
0.0881237760186
0.049198474735
0.0527491308749
0.0831852778792
0.0907401293516
0.126251965761
0.0619798973203
0.0889746323228
0.0564945861697
0.0778202265501
0.0514880754054
0.0764204859734
0.0757010653615
0.0597607120872
0.056446891278
0.0612664148211
0.0755485966802
0.0561493933201
0.0650963559747
0.0972801372409
0.0403142608702
0.0728203654289
0.0278307143599
0.0537596344948
0.0513994060457
0.0366227440536
0.0588140636683
0.0969939753413
0.0776658579707
0.0292554739863
0.0696107968688
0.041968818754
0.0584330521524
0.080784343183
0.0414092540741
0.077244065702
0.0390200205147
0.0441528521478
0.034640494734
0.0268247909844
0.0347650423646
0.0512886121869
0.0302549824119
0.074903473258
0.0841816142201
0.0411820560694
0.0587022192776
0.0651003345847
0.0557194016874
0.0425494648516
0.0729615166783
0.0658124610782
0.0817620828748
0.0604090280831
0.047462169081
0.0344028025866
0.0461009293795
0.0447448827326
0.0600599236786
0.0283700935543
0.0289850626141
0.0504411309958
0.0653668567538
0.0527844168246
0.0297374352813
0.0463950261474
0.0742892473936
0.0545350313187
0.0381591618061
0.0493639782071
0.0527892708778
0.0282463915646
0.0555295534432
0.0518928803504
0.0350875109434
0.0402346104383
0.0439313240349
0.0389740839601
0.0364276506007
0.0787379816175
0.0401820316911
0.0753839761019
0.0456506833434
0.0521326847374
0.0548334494233
0.0577962137759
0.0232675857842
0.0254487022758
0.0264804065228
0.0464753173292
0.0309738200158
0.0252818185836
0.0588654913008
0.0449853949249
0.0436970591545
0.0585628189147
0.0305996593088
0.0289814136922
0.0199183132499
0.0459719225764
0.060346134007
0.0436152853072
0.0444305054843
0.0315168052912
0.0231044776738
0.0357423536479
0.0723430514336
0.0202038679272
0.034130718559
0.0275104083121
0.0401933826506
0.0226646848023
0.0388759486377
0.0268549416214
0.0245442222804
0.0439302399755
0.0624183565378
0.0488726459444
0.0516451336443
0.0399599149823
0.043176241219
0.0377876982093
0.0266998447478
0.051023144275
0.0350809730589
0.0691038295627
0.0548669472337
0.0257493648678
0.0455653592944
0.0473496615887
0.0425513014197
0.031335324049
0.0662261471152
0.0463052466512
0.053522888571
0.0370975360274
0.0598634667695
0.0304848384112
0.0264002960175
0.0564426034689
0.0447902306914
0.0174129456282
0.0362606756389
0.0136038661003
0.024092104286
0.0314989313483
0.0211527608335
0.027016909793
0.0331177078187
0.0375212989748
0.0544031858444
0.0386737696826
0.0348411053419
0.0131827676669
0.0785110369325
0.0215782150626
0.0669953972101
0.0670958086848
0.118266880512
0.0161926019937
0.0881659984589
0.101191945374
0.0195347592235
0.00992926023901
0.0178133454174
0.025983247906
0.0488026440144
0.0177010539919
0.0599866434932
0.0202537421137
0.0431874170899
0.0141437761486
0.0451514683664
0.0190866384655
0.0217023994774
0.0490496344864
0.0252029299736
0.0299292448908
0.0348846428096
0.0572172664106
0.0444168373942
0.0839306786656
0.00864976178855
0.0291703436524
0.0291092917323
0.027431556955
0.00921640731394
0.00818610563874
0.0236910283566
0.00949704088271
0.0136188343167
0.0145146278664
0.0362801328301
0.0194343794137
0.0246951896697
0.0464818961918
0.00574737461284
0.0530088655651
0.0159956403077
0.0303537454456
0.0165238585323
0.00681234803051
0.0136167313904
0.0292991939932
0.0128080099821
0.0437968783081
0.00882743671536
0.0296548288316
0.0417178533971
0.0112781319767
0.0414360463619
0.0145492656156
0.00527104502544
0.0518418848515
0.0257589202374
0.00751971872523
0.037514179945
0.0133711546659
0.0250539947301
0.0275994278491
0.0180137287825
0.00330867688172
0.0452403128147
0.0360708683729
0.0510455183685
0.0102085685357
0.0191439501941
0.0165169034153
0.0260694921017
0.0301189497113
0.00493511091918
0.0201330352575
0.00844072829932
0.0336074903607
0.0109554221854
0.0113858049735
0.0135331805795
0.00522750290111
0.0171452220529
0.0143284639344
0.0204814951867
0.0129642765969
0.0402649641037
0.0516939759254
0.010468268767
0.0145539594814
0.0277491621673
0.00422281678766
0.0208775922656
0.00599533040076
0.00399935059249
0.0332467854023
0.0195345431566
0.00288902572356
0.00733911897987
0.0107772480696
0.0224884469062
0.0390950627625
0.0755407065153
0.060777977109
0.00845909956843
0.00850909296423
0.0352223739028
0.0124736679718
0.0116868456826
0.00566346570849
0.007363691926
0.0255924593657
0.03028774634
0.0652980655432
0.00769048649818
0.00780871743336
0.0387442819774
0.00518403062597
0.00853060558438
0.0130190569907
0.0141532626003
0.00747011275962
0.0150061221793
0.00630458118394
0.0181366298348
0.019913226366
0.0107616726309
0.00414262944832
0.0523112490773
0.0479211434722
0.0168928988278
0.0372126176953
0.0430444478989
0.0179922319949
0.00890936423093
0.0158372428268
0.00368608557619
0.0438773967326
0.0499281473458
0.0133073898032
0.0284455958754
0.0163536574692
0.00635083578527
0.00331609370187
0.0057539655827
0.00383724691346
0.016230398789
0.00700016738847
0.0528014525771
0.0056618261151
0.0396630465984
0.0169746298343
0.00435843877494
0.0365904681385
0.00641074869782
0.0156815294176
0.00442249095067
0.00552591122687
0.0285945795476
0.0139885498211
0.00271826819517
0.0223142225295
0.00266911112703
0.00430188374594
0.0356878824532
0.0341179668903
0.0109974592924
0.0332638844848
0.023955674842
0.00769465742633
0.0120230047032
0.0132288830355
0.0202076882124
0.0377500206232
0.00882596801966
0.00701349088922
0.0096901319921
0.013193779625
0.0112030329183
0.0496996827424
0.0159019846469
0.0158564466983
0.0337009616196
0.0675645470619
0.0323555879295
0.0174165219069
0.00867066998035
0.0128869153559
0.00892147514969
0.0168169829994
0.00868527404964
0.00357862911187
0.0113380951807
0.0385538451374
0.00601950846612
0.0158639233559
0.00389031344093
0.00469058519229
0.00657117646188
0.0115554239601
0.00941341090947
0.00341138150543
0.00653143273667
0.00257760263048
0.0138121079654
0.0107182851061
0.00153924280312
0.0165272578597
0.00337807228789
0.00950442906469
0.0230878759176
0.0433503501117
0.00993660930544
0.00188451027498
0.0247224606574
0.00523227779195
0.0181921366602
0.0276448205113
0.00191075389739
0.00461614551023
0.055004902184
0.00415308400989
0.0618139579892
0.00459584826604
0.013667549938
0.00367317628115
0.010874136351
0.0150352288038
0.00623373128474
0.00908587593585
0.0193269494921
0.00892338436097
0.00171381176915
0.0107091907412
0.00441639963537
0.0153997093439
0.0236127395183
0.0157818496227
0.00196538935415
0.0379909574986
0.00206683762372
0.00707986857742
0.0170759316534
0.00609145592898
0.00181060214527
0.00747429160401
0.0178577639163
0.0232053194195
0.0029139094986
0.0343675985932
0.00793301034719
0.00317887263373
0.0166605114937
0.00558038055897
0.00541077414528
0.0074814367108
0.00979252438992
0.00306137511507
0.00473306607455
0.00493686273694
0.0067873862572
0.0128538673744
0.0115899471566
0.00503273494542
0.0144285140559
0.0028453853447
0.00369415455498
0.0173081625253
0.0149987777695
0.0436979047954
0.00208373554051
0.0214706975967
0.0235393196344
0.0497405529022
0.00311993598007
0.00316722644493
0.0200858004391
0.00376983801834
0.0138186737895
0.0375113151968
0.00279167946428
0.00694668386132
0.01032350678
0.00243337661959
0.0391824804246
0.00516924960539
0.0394074842334
0.0591719374061
0.0213445480913
0.00496809883043
0.00651140604168
0.033196285367
0.00876443181187
0.00373296765611
0.0313482247293
0.0258213989437
0.0137347830459
0.0105815045536
0.02314376086
0.00290152034722
0.0373836047947
0.00462680775672
0.00286929495633
0.00509173236787
0.0167330037802
0.00216919137165
0.0242221131921
0.0164899956435
0.0423390641809
0.0246392302215
0.00828664842993
0.00540418270975
0.0366709083319
0.00148382724728
0.00439240643755
0.0193117167801
0.00369317363948
0.0473839640617
0.0367823727429
0.00452119298279
0.0224535241723
0.00660062022507
0.00398000376299
0.00353019707836
0.00752289127558
0.00485250912607
0.0173526871949
0.00612864363939
0.0127081712708
0.00628322688863
0.00187909894157
0.00437750248238
0.00131531979423
0.0169217530638
0.00942156277597
0.0103614330292
0.0147021198645
0.0035927973222
0.00549384159967
0.00180332572199
0.00809295661747
0.0081156520173
0.00361832999624
0.00981313642114
0.00166156783234
0.00739839347079
0.0109720416367
0.00916608143598
0.00485310563818
0.00310887675732
0.0147733408958
0.0102593237534
0.00135312066413
0.037693746388
0.0111258765683
0.023910490796
0.0098921218887
0.00999924633652
0.00818885862827
0.0100159160793
0.0211292915046
0.00084223470185
0.00384551007301
0.0207717828453
0.00126455398276
0.00695961294696
0.0207546427846
0.048892121762
0.0134956734255
0.00932263676077
0.00189946463797
0.00197282177396
0.00708502903581
0.00124983349815
0.00232731946744
0.0212550181895
0.00857085362077
0.0186975318938
0.0238778013736
0.00743512157351
0.0114853000268
0.00560888415202
0.00441342033446
0.0285942200571
0.0123783992603
0.000859582854901
0.0301304254681
0.00112079735845
0.0150016574189
0.00110447523184
0.000866848160513
0.00396455731243
0.00142330676317
0.022508200258
0.00626697484404
0.00668868981302
0.0101328976452
0.00214818143286
0.00175974366721
0.0105693722144
0.00537977460772
0.0056072967127
0.00110801134724
0.00224845856428
0.0474419444799
0.0101069798693
0.000882628490217
0.00729999504983
0.00104728806764
0.0252823829651
0.000817315594759
0.0245618168265
0.0140704540536
0.0423287078738
0.00386979500763
0.000913923257031
0.00210592197254
0.00160090206191
0.0140606556088
0.000728630053345
0.00116654217709
0.00872353184968
0.00129156908952
0.0128747513518
0.0176337901503
0.00122849456966
0.0200334973633
0.00675842864439
0.0204771663994
0.00159737095237
0.00702621834353
0.00947888102382
0.000861921231262
0.0363916158676
0.00885597988963
0.00125143746845
0.0227167457342
0.00341614894569
0.00110046146438
0.00681103998795
0.00119598465972
0.0319256149232
0.00765813607723
0.00121878331993
0.00189217447769
0.00873316358775
0.0149785205722
0.000937588745728
0.00257228431292
0.0294072497636
0.00834663305432
0.0041285334155
0.00711757689714
0.0246885772794
0.0543812438846
0.0263509713113
0.0233179479837
0.0115716848522
0.00112504686695
0.00338987424038
0.00365198915824
0.00621721008793
0.0204624775797
0.00572363100946
0.0133262006566
0.00100597832352
0.000864020141307
0.00099134456832
0.00708700018004
0.0373546741903
0.0232595186681
0.0071194046177
0.00223875395022
0.00936904549599
0.00319766020402
0.00177977071144
0.00283002573997
0.0185407027602
0.00271280109882
0.024693582207
0.00813620723784
0.001444111811
0.000783682742622
0.00413450179622
0.00451461412013
0.00155363429803
0.00377164944075
0.0164089798927
0.0187930501997
0.0112105160952
0.0161569509655
0.0104322321713
0.000792964128777
0.00199772883207
0.00649006478488
0.00624154647812
0.0262064840645
0.0160053689033
0.00327138020657
0.0124583654106
0.0138991782442
0.00240370654501
0.00353690329939
0.0088374838233
0.0054772477597
0.00305043836124
0.00235298206098
0.00139115529601
0.0093127368018
0.00258346041664
0.00468774838373
0.0054083308205
0.0072618839331
0.0020937283989
0.0313413478434
0.00175132777076
0.00118555035442
0.00284941657446
0.0282074026763
0.00247688521631
0.0195476934314
0.0101446462795
0.0126418210566
0.00179600517731
0.0300771128386
0.0100268190727
0.00123216887005
0.00329929101281
0.00255214073695
0.0254057310522
0.00331334304065
0.0439544171095
0.00142570119351
0.00361404102296
0.00236993795261
0.000461419404019
0.0203153453767
0.00723660970107
0.00151610607281
0.0145328920335
0.00698508648202
0.00837533269078
0.00420362083241
0.00790914334357
0.0150607181713
0.0213491506875
0.00499641150236
0.0115483496338
0.00135618564673
0.00113122235052
0.0468006171286
0.00139166740701
0.000581307802349
0.000862411747221
0.0493461154401
0.00373718421906
0.0824821814895
0.0197026655078
0.00767341023311
0.00927209295332
0.046007797122
0.0277593117207
0.00357638974674
0.00680045550689
0.00386697193608
0.003576958552
0.00644764909521
0.0219455156475
0.0183705426753
0.00196959380992
0.00128937815316
0.00889998022467
0.00666091172025
0.00547180650756
0.0183832719922
0.00266295438632
0.00226286426187
0.0336384810507
0.00119734648615
0.00348230404779
0.0508554168046
0.0232670549303
0.0265161860734
0.0080141229555
0.00566344568506
0.00868122279644
0.00251879845746
0.00901092775166
0.00409904913977
0.0132945319638
0.00750609533861
0.00222376035526
0.00618272041902
0.00204340578057
0.0143177649006
0.00316015561111
0.0479073300958
0.0270591359586
0.0108320293948
0.00180951470975
0.0174648147076
0.0023933085613
0.00397242931649
0.00293862307444
0.00325793633237
0.00269516208209
0.00861594639719
0.00139467546251
0.00271346326917
0.0142086669803
0.00349861639552
0.00510502560064
0.0020486745052
0.0178444683552
0.0144700827077
0.0167352985591
0.00520888064057
0.00811506342143
0.00719643989578
0.0046430635266
0.00147284707054
0.00178422103636
0.00335309398361
0.00173130910844
0.00661057047546
0.029549036175
0.0026114070788
0.00243486254476
0.0132866380736
0.00153501075692
0.00212568952702
0.00643276749179
0.0131245702505
0.00389848602936
0.0027067209594
0.0200147163123
0.00222646980546
0.0186325423419
0.00920839328319
0.00440725218505
0.0175142493099
0.00413363380358
0.00162871344946
0.00575248198584
0.00105144339614
0.00205407943577
0.00128148042131
0.00861398503184
0.00578551040962
0.00767345679924
0.00803098641336
0.00202919682488
0.00528041739017
0.00352294859476
0.00140976544935
0.00197938643396
0.00129980384372
0.017418993637
0.0549821816385
0.00844065472484
0.0223864279687
0.00113503972534
0.00103486829903
0.00142066332046
0.00243876618333
0.00237303576432
0.00769123807549
0.00155262509361
0.00222958251834
0.00669976323843
0.0171030014753
0.00279243569821
0.0205302964896
0.0292128492147
0.00800589565188
0.00417902739719
0.000939634395763
0.00717372680083
0.00222484045662
0.0106475921348
0.0226832777262
0.0125120254233
0.00314280949533
0.0117259435356
0.0201689209789
0.0027761568781
0.0126887895167
0.00128417718224
0.0103139635175
0.000767140008975
0.00109856692143
0.0034521271009
0.00293683959171
0.00546362670138
0.00236689788289
0.00235406705178
0.00200447998941
0.00172161823139
0.00470878044143
0.0010100400541
0.00134674611036
0.00400464097038
0.018174180761
0.00127587013412
0.00444727158174
0.00200530630536
0.000814033439383
0.00119817000814
0.0010392384138
0.0124301174656
0.00189063663129
0.00361874862574
0.0240895990282
0.002483145101
0.000585592351854
0.00425753602758
0.00595504837111
0.000597728881985
0.00759859429672
0.00224091508426
0.00379866920412
0.00460048764944
0.00175866251811
0.0201063510031
0.00853805989027
0.00251524616033
0.00341233541258
0.0173116419464
0.00162720156368
0.00737223913893
0.00185026915278
0.00361189176328
0.00229885568842
0.00188848597463
0.00327378720976
0.010297187604
0.00277135660872
0.00859622098505
0.00773620046675
0.00244562071748
0.00274228467606
0.00123343151063
0.000496684806421
0.00185132457409
0.00440336577594
0.00175109494012
0.0132896089926
0.00118559936527
0.0160138402134
0.013016121462
0.000983800273389
0.00614036992192
0.00461498973891
0.00303227268159
0.00681524444371
0.00194334844127
0.00496198888868
0.0405017323792
0.00114431756083
0.00511874631047
0.00434616440907
0.00702749565244
0.00215440313332
0.00204757251777
0.00157034455333
0.00101497001015
0.00298163620755
0.00896047055721
0.00219494174235
0.00445680739358
0.00217312574387
0.000713499262929
0.00202952907421
0.00864862278104
0.000843786168844
0.00315800053068
0.00088230118854
0.0107972342521
0.00646365340799
0.00331569416448
0.00120881421026
0.00934513285756
0.0065408567898
0.00216663815081
0.0138846905902
0.00254029151984
0.00131314038299
0.000867063994519
0.00197024922818
0.0228680409491
0.0100230993703
0.00500383041799
0.0032983024139
0.000611568742897
0.00228878832422
0.0076241469942
0.00447996146977
0.00130982685369
0.00737095437944
0.00195224268828
0.00126197235659
0.000334614655003
0.00137196981814
0.00124998646788
0.000627613277175
0.00525569869205
0.0159959383309
0.00104884884786
0.0128648784012
0.000512907397933
0.00724015571177
0.00342829898
0.000614563934505
0.00669253105298
0.00242957868613
0.00129119621124
0.00851665344089
0.000851203454658
0.0166026446968
0.00406623445451
0.000711330561899
0.0147189153358
0.00247486867011
0.000556022801902
0.00235015130602
0.000761559989769
0.00420698383823
0.00390494079329
0.00120681687258
0.00281540537253
0.000896746525541
0.0141345020384
0.0105175832286
0.00132799427956
0.00183700711932
0.000639515870716
0.00116982881445
0.0177669394761
0.00341887236573
0.00225418014452
0.00140055897646
0.000467671517981
0.00297741475515
0.00524699408561
0.0312521234155
0.00190838461276
0.00614986941218
0.00507564190775
