0.734137475491
0.716387808323
0.710406541824
0.738107383251
0.719512581825
0.709705471992
0.729627907276
0.698227524757
0.707997441292
0.694502353668
0.70654886961
0.684440791607
0.722924113274
0.702098429203
0.700642228127
0.721881091595
0.688441157341
0.718872189522
0.717387735844
0.704419851303
0.720585525036
0.697617411613
0.693610072136
0.713670015335
0.691225886345
0.696375191212
0.696713805199
0.695369839668
0.717672526836
0.688207983971
0.705404937267
0.684922754765
0.705420732498
0.6768425107
0.696608841419
0.679464221001
0.69689822197
0.707002818584
0.697322666645
0.706008672714
0.68182092905
0.690761685371
0.700339913368
0.711535930634
0.697345793247
0.68492102623
0.699689924717
0.684044361115
0.694593012333
0.686521708965
0.684442460537
0.694806218147
0.701223254204
0.688213348389
0.688635706902
0.686964929104
0.715558767319
0.699914157391
0.691951334476
0.683402955532
0.690810799599
0.655124425888
0.678003013134
0.685959398746
0.70022881031
0.696939706802
0.695438742638
0.686590731144
0.706124484539
0.689474284649
0.690022826195
0.691607654095
0.698169589043
0.671481072903
0.69802314043
0.691382884979
0.694792091846
0.699461936951
0.690719902515
0.678833127022
0.683043837547
0.689684331417
0.68957310915
0.672421813011
0.676089406013
0.697174072266
0.689172804356
0.700489163399
0.691953778267
0.686206221581
0.679005682468
0.681549787521
0.679664552212
0.683675646782
0.698343575001
0.676140606403
0.662343680859
0.671898007393
0.703220248222
0.676602125168
0.694376647472
0.683052182198
0.690909862518
0.691696763039
0.671650648117
0.692417025566
0.689601898193
0.69156986475
0.682809054852
0.682449281216
0.687557935715
0.67338347435
0.689073860645
0.677557229996
0.667509436607
0.678668677807
0.682745814323
0.698008418083
0.668884396553
0.6833512187
0.681167662144
0.680834949017
0.67209649086
0.668430507183
0.674477636814
0.67377191782
0.686142206192
0.669164836407
0.669720888138
0.67392295599
0.676733851433
0.683320581913
0.678152382374
0.675536811352
0.699019134045
0.673154592514
0.687087118626
0.677160024643
0.687180101871
0.693017303944
0.681510806084
0.669646799564
0.681770086288
0.683641970158
0.655228972435
0.671515345573
0.688778758049
0.67969584465
0.675092875957
0.68212211132
0.685996353626
0.68902438879
0.667264461517
0.655844330788
0.662154018879
0.671247661114
0.664094924927
0.688174664974
0.678225636482
0.677704691887
0.673946499825
0.674281716347
0.691333889961
0.692359864712
0.67409569025
0.681993305683
0.678296804428
0.670099794865
0.677386701107
0.682303071022
0.676809072495
0.694683849812
0.692694187164
0.681783854961
0.681756615639
0.680536210537
0.683155179024
0.672017633915
0.676355957985
0.676113545895
0.674599707127
0.671880424023
0.66329985857
0.683230519295
0.688027739525
0.673237264156
0.673551261425
0.668057501316
0.671314299107
0.675369620323
0.670063436031
0.674682319164
0.678180396557
0.672563076019
0.667537093163
0.67131960392
0.691213846207
0.676074504852
0.670111060143
0.673128902912
0.670590281487
0.660147249699
0.678749620914
0.677733361721
0.678562343121
0.66398358345
0.66865837574
0.674769282341
0.666316628456
0.67549097538
0.671894967556
0.674618899822
0.693734586239
0.6749740839
0.664531826973
0.680344223976
0.680733084679
0.680200636387
0.673697590828
0.668778002262
0.65404099226
0.677383482456
0.687027692795
0.667220413685
0.667766749859
0.661537289619
0.669866859913
0.649071216583
0.665424764156
0.655804276466
0.672474384308
0.677118837833
0.663794994354
0.649211764336
0.661278545856
0.660083472729
0.672600567341
0.671660482883
0.680871427059
0.687370657921
0.683328449726
0.664446890354
0.669014215469
0.667507171631
0.65183031559
0.668864011765
0.669368624687
0.674383401871
0.666167318821
0.664909482002
0.668215870857
0.681903839111
0.673455893993
0.678401470184
0.681859314442
0.671131134033
0.670958161354
0.671663224697
0.6871098876
0.671087801456
0.665287137032
0.685702085495
0.669592142105
0.662816882133
0.676221013069
0.680303633213
0.692039847374
0.663761496544
0.675482749939
0.668298661709
0.675086557865
0.661149501801
0.676263809204
0.657566726208
0.661129117012
0.667064368725
0.666696846485
0.674834489822
0.666763842106
0.673432052135
0.667840600014
0.673245191574
0.67062908411
0.683916926384
0.672381460667
0.661101698875
0.683492660522
0.669381320477
0.664989292622
0.669999420643
0.66463881731
0.665066599846
0.662361204624
0.672426402569
0.66684025526
0.675039172173
0.663284659386
0.672372221947
0.657574594021
0.670158445835
