0.56097561121
0.56097561121
0.56097561121
0.56097561121
0.56097561121
0.56097561121
0.56097561121
0.56097561121
0.56097561121
0.56097561121
0.56097561121
0.56097561121
0.56097561121
0.56097561121
0.56097561121
0.56097561121
0.56097561121
0.56097561121
0.56097561121
0.56097561121
0.56097561121
0.56097561121
0.56097561121
0.56097561121
0.56097561121
0.56097561121
0.56097561121
0.56097561121
0.56097561121
0.56097561121
0.56097561121
0.56097561121
0.56097561121
0.565853655338
0.575609743595
0.600000023842
0.609756112099
0.629268288612
0.648780465126
0.653658509254
0.68292683363
0.717073142529
0.741463422775
0.751219511032
0.795121967793
0.814634144306
0.839024364948
0.853658556938
0.887804865837
0.902438998222
0.907317101955
0.921951234341
0.926829278469
0.941463410854
0.941463410854
0.951219499111
0.95609754324
0.95609754324
0.970731735229
0.970731735229
0.970731735229
0.970731735229
0.985365867615
0.995121955872
0.995121955872
0.995121955872
0.995121955872
0.995121955872
1.0
1.0
1.0
1.0
1.0
1.0
1.0
1.0
1.0
1.0
1.0
1.0
1.0
1.0
1.0
1.0
1.0
1.0
1.0
1.0
1.0
1.0
1.0
1.0
1.0
1.0
1.0
1.0
1.0
1.0
1.0
1.0
1.0
1.0
1.0
1.0
1.0
1.0
1.0
1.0
1.0
1.0
1.0
1.0
1.0
1.0
1.0
1.0
1.0
1.0
1.0
1.0
1.0
1.0
1.0
1.0
1.0
1.0
1.0
1.0
1.0
1.0
1.0
1.0
1.0
1.0
1.0
1.0
1.0
1.0
1.0
1.0
1.0
1.0
1.0
1.0
1.0
1.0
1.0
1.0
1.0
1.0
1.0
1.0
1.0
1.0
1.0
1.0
1.0
1.0
1.0
1.0
1.0
1.0
1.0
1.0
1.0
1.0
1.0
1.0
1.0
1.0
1.0
1.0
1.0
1.0
1.0
1.0
1.0
1.0
1.0
1.0
1.0
1.0
1.0
1.0
1.0
1.0
1.0
1.0
1.0
1.0
1.0
1.0
1.0
1.0
1.0
1.0
1.0
1.0
1.0
1.0
1.0
1.0
1.0
1.0
1.0
1.0
1.0
1.0
1.0
1.0
1.0
1.0
1.0
1.0
1.0
1.0
1.0
1.0
1.0
1.0
1.0
1.0
1.0
1.0
1.0
1.0
1.0
1.0
1.0
1.0
1.0
1.0
1.0
1.0
1.0
1.0
1.0
1.0
1.0
1.0
1.0
1.0
1.0
1.0
1.0
1.0
1.0
1.0
1.0
1.0
1.0
1.0
1.0
1.0
1.0
1.0
1.0
1.0
1.0
1.0
1.0
1.0
1.0
1.0
1.0
1.0
1.0
1.0
1.0
1.0
1.0
1.0
1.0
1.0
1.0
1.0
1.0
1.0
1.0
1.0
1.0
1.0
1.0
1.0
1.0
1.0
1.0
1.0
1.0
1.0
1.0
1.0
1.0
1.0
1.0
1.0
1.0
1.0
1.0
1.0
