0.828227102757
0.789773762226
0.78966987133
0.78631901741
0.772778630257
0.800399363041
0.820583939552
0.770752847195
0.826173365116
0.772077143192
0.789908826351
0.796966135502
0.76759916544
0.766248464584
0.781774818897
0.772092521191
0.775068283081
0.776935994625
0.765466630459
0.750054359436
0.794372856617
0.749229967594
0.735148727894
0.741020083427
0.708554148674
0.741435110569
0.75136333704
0.715787053108
0.745789289474
0.776510536671
0.726977586746
0.753385663033
0.732119739056
0.760797202587
0.749458730221
0.719317615032
0.733683049679
0.74423635006
0.728508174419
0.73460662365
0.726095557213
0.691435813904
0.745967388153
0.710132360458
0.734414875507
0.714073956013
0.713153958321
0.699105322361
0.720250248909
0.725609600544
0.730276882648
0.677620172501
0.717170953751
0.6663672328
0.732275545597
0.677493810654
0.713185369968
0.666539311409
0.701259732246
0.71821808815
0.716365158558
0.698131203651
0.694470822811
0.652788996696
0.698598146439
0.70521402359
0.66892516613
0.659498989582
0.711268901825
0.676952958107
0.689141750336
0.673997223377
0.664471447468
0.654356300831
0.649930775166
0.669958293438
0.670214116573
0.677405655384
0.676856637001
0.696662724018
0.684851765633
0.684580743313
0.676591455936
0.632521271706
0.669485390186
0.697165668011
0.668999195099
0.675298631191
0.687884986401
0.679882347584
0.645713567734
0.674086093903
0.677312493324
0.656025111675
0.611183643341
0.679308474064
0.662857711315
0.661456763744
0.691625535488
0.661443948746
0.673040032387
0.661853611469
0.67050921917
0.683694839478
0.658478975296
0.654759466648
0.628001868725
0.674340605736
0.632178008556
0.669141232967
0.642915070057
0.661921262741
0.665697097778
0.657548010349
0.649581074715
0.629900872707
0.650321125984
0.641968309879
0.633830904961
0.657825171947
0.628517329693
0.651080369949
0.636537253857
0.628575742245
0.647084772587
0.633497714996
0.624190509319
0.63700324297
0.6393866539
0.64347833395
0.638738811016
0.622591435909
0.632054746151
0.610895216465
0.669833004475
0.618373453617
0.628629803658
0.621804237366
0.614774703979
0.610939323902
0.621832847595
0.626053392887
0.62689447403
0.617204546928
0.640400648117
0.631144106388
0.630650520325
0.625024557114
0.60557860136
0.592588245869
0.617364406586
0.626552522182
0.60421782732
0.638802886009
0.622579932213
0.620407998562
0.64923375845
0.614620387554
0.634575068951
0.585830926895
0.624062478542
0.631858885288
0.616280555725
0.622618198395
0.582935631275
0.605052053928
0.624238967896
0.625541508198
0.621330022812
0.600036084652
0.647156178951
0.630461037159
0.584329128265
0.610748171806
0.631846427917
0.608456194401
0.590277135372
0.601588308811
0.635042965412
0.619960784912
0.618876159191
0.605798184872
0.603877604008
0.625758349895
0.601034164429
0.594277203083
0.630600512028
0.596740365028
0.610557615757
0.593809187412
0.586985349655
0.573068916798
0.607850253582
0.567135214806
0.589193046093
0.602731049061
0.596058011055
0.613023579121
0.605204224586
0.632209837437
0.57510715723
0.614018857479
0.608258903027
0.59187746048
0.604213416576
0.58299446106
0.606122732162
0.604250133038
0.607652187347
0.59815210104
0.631075382233
0.61395919323
0.596097230911
0.582623004913
0.588303864002
0.580560982227
0.583500504494
0.585450172424
0.560249507427
0.568715214729
0.5632635355
0.575400054455
0.610154926777
0.573830604553
0.590213000774
0.601549386978
0.57981967926
0.605689287186
0.561424970627
0.590282261372
0.581995308399
0.576248824596
0.592328488827
0.592272996902
0.551094174385
0.575755357742
0.576760351658
0.594634771347
0.596855521202
0.58362442255
0.572886347771
0.598156392574
0.576684296131
0.597573459148
0.60087698698
0.570426702499
0.595994830132
0.549111783504
0.593344390392
0.568392276764
0.581092536449
0.581580460072
0.5504565835
0.595691859722
0.568823158741
0.620927631855
0.596333503723
0.564766466618
0.550750434399
0.574313402176
0.587031304836
0.572064757347
0.557171165943
0.553657710552
0.559018611908
0.597875595093
0.574211061001
0.597583115101
0.582214951515
0.596123278141
0.594228327274
0.544525623322
0.583224713802
0.595855355263
0.57516181469
0.590541601181
0.54790699482
0.583326995373
0.571932315826
0.600801706314
0.586612224579
0.577835440636
0.568413555622
0.577701866627
0.575716555119
0.614909172058
0.588535070419
0.577744007111
0.598965764046
0.58099937439
0.574505925179
0.59835422039
0.561924159527
0.599972844124
0.557014882565
0.561497151852
0.575881958008
0.572050690651
0.572219371796
0.580128729343
