0.693147242069
0.693131029606
0.693115949631
0.693100512028
0.693084716797
0.693068802357
0.693052887917
0.693036913872
0.693020880222
0.693004906178
0.692988693714
0.69297260046
0.692956566811
0.692940473557
0.692924320698
0.692908287048
0.69289213419
0.692875981331
0.692859947681
0.692843854427
0.692827820778
0.692811667919
0.692795693874
0.692779541016
0.692763566971
0.692747473717
0.692731380463
0.692715466022
0.692699313164
0.692683398724
0.692667365074
0.692651391029
0.692635416985
0.692619383335
0.692603349686
0.692587375641
0.692571282387
0.692555427551
0.692539513111
0.692523479462
0.692507565022
0.692491650581
0.692475676537
0.692459821701
0.692443847656
0.692427933216
0.692412078381
0.692396223545
0.692380309105
0.692364454269
0.692348599434
0.692332625389
0.692316770554
0.692301094532
0.692285180092
0.692269325256
0.692253470421
0.69223767519
0.692221879959
0.692206084728
0.692190349102
0.692174375057
0.692158699036
0.6921428442
0.692127108574
0.692111372948
0.692095577717
0.692079722881
0.692064106464
0.692048311234
0.692032575607
0.69201695919
0.692001104355
0.691985487938
0.691969692707
0.691954135895
0.691938459873
0.691922664642
0.691907048225
0.691891431808
0.691875696182
0.691860079765
0.691844344139
0.691828787327
0.69181317091
0.691797554493
0.691781818867
0.691766262054
0.691750645638
0.69173514843
0.691719532013
0.691703975201
0.691688358784
0.691672801971
0.691657245159
0.691641628742
0.691626131535
0.691610634327
0.691595077515
0.691579699516
0.691564023495
0.691548705101
0.691533088684
0.691517591476
0.691502094269
0.69148671627
0.691471159458
0.691455841064
0.691440343857
0.691424846649
0.691409349442
0.691394031048
0.691378653049
0.69136339426
0.691347837448
0.691332578659
0.691317081451
0.691301822662
0.691286385059
0.69127112627
0.691255748272
0.691240489483
0.691225230694
0.691209793091
0.691194534302
0.691179215908
0.691163957119
0.691148757935
0.691133499146
0.691118180752
0.691102981567
0.691087841988
0.691072583199
0.691057443619
0.69104218483
0.691026926041
0.69101190567
0.690996706486
0.690981507301
0.690966367722
0.690951228142
0.690936148167
0.690921008587
0.690905928612
0.690890848637
0.690875828266
0.690860748291
0.690845668316
0.690830588341
0.690815627575
0.690800607204
0.690785527229
0.690770566463
0.690755546093
0.690740585327
0.690725624561
0.6907107234
0.690695881844
0.690680921078
0.690666019917
0.690651059151
0.69063615799
0.690621376038
0.690606534481
0.69059163332
0.690576910973
0.690562009811
0.690547227859
0.690532386303
0.690517604351
0.690502882004
0.690488219261
0.6904733181
0.690458655357
0.69044393301
0.690429270267
0.690414488316
0.690399765968
0.69038516283
0.690370559692
0.690356016159
0.690341413021
0.690326690674
0.690312087536
0.690297484398
0.690283060074
0.690268456936
0.690253853798
0.690239429474
0.690224826336
0.690210402012
0.690195918083
0.690181434155
0.690167069435
0.690152645111
0.690138220787
0.690123796463
0.690109491348
0.69009500742
0.690080761909
0.69006639719
0.690052032471
0.690037727356
0.690023422241
0.69000929594
0.689994931221
0.689980685711
0.68996655941
0.689952254295
0.68993806839
0.68992382288
0.689909756184
0.689895570278
0.689881563187
0.689867317677
0.68985325098
0.68983912468
0.689825117588
0.689811229706
0.689797103405
0.689783096313
0.689769029617
0.68975520134
0.689741194248
0.689727246761
0.689713358879
0.689699411392
0.68968552351
0.689671754837
0.68965780735
0.689644098282
0.6896302104
0.689616441727
0.689602613449
0.689588904381
0.689575135708
0.68956142664
0.689547717571
0.689534008503
0.689520418644
0.689506649971
0.689493179321
0.689479470253
0.689465939999
0.689452409744
0.689438819885
0.689425289631
0.689411759377
0.689398169518
0.689384818077
0.689371407032
0.689357876778
0.689344465733
0.689331114292
0.689317643642
0.689304411411
0.689291000366
0.689277768135
0.68926435709
0.689251124859
0.689237892628
0.689224600792
0.689211368561
0.689198434353
0.689185082912
0.689171910286
0.689158797264
0.689145743847
0.689132630825
0.689119517803
0.689106583595
0.689093530178
0.689080417156
0.689067542553
0.68905454874
0.689041674137
0.689028680325
0.689015805721
0.689002871513
0.68898999691
0.688977301121
0.688964545727
0.688951730728
0.688938856125
0.68892621994
0.688913404942
0.688900768757
0.688888132572
0.688875436783
0.688862800598
0.688850224018
0.688837587833
0.688825070858
0.688812553883
0.688799917698
0.688787519932
0.688775062561
0.688762545586
0.688750207424
0.688737750053
0.688725292683
0.688712954521
0.688700675964
0.688688397408
0.688676059246
0.688663840294
0.688651621342
0.68863928318
0.688627123833
0.688614904881
0.688602805138
0.688590764999
0.688578605652
0.688566505909
0.68855458498
0.688542604446
0.688530623913
0.68851852417
0.688506662846
0.688494741917
0.688482820988
0.688470900059
0.68845897913
0.68844717741
0.688435316086
0.68842369318
0.688411831856
0.688400149345
0.68838840723
0.688376665115
0.68836504221
0.688353538513
0.688341856003
0.688330352306
0.688318789005
0.688307225704
0.688295841217
0.688284218311
0.688272893429
0.688261449337
0.688250005245
0.688238680363
0.688227295876
0.688215911388
0.688204586506
0.688193440437
0.688182115555
0.688170969486
0.688159763813
0.688148438931
0.688137352467
0.688126266003
0.688115119934
0.688104271889
0.688093066216
0.688082158566
0.688071072102
0.688060164452
0.688049256802
0.688038289547
0.688027441502
0.688016653061
0.68800586462
0.687995135784
0.687984287739
0.687973558903
0.687962830067
0.687952101231
0.687941551208
0.687930822372
0.687920153141
0.687909662724
0.687899112701
0.687888562679
0.687878072262
0.687867641449
0.687857151031
0.687846720219
0.68783634901
0.687826037407
0.687815606594
0.687805294991
0.687795102596
0.687784850597
0.687774658203
0.687764406204
0.687754273415
0.687744140625
0.687733948231
0.68772405386
0.687713861465
0.687703847885
0.687693834305
0.687683820724
0.687673866749
0.687664031982
0.687654078007
0.68764424324
0.687634527683
0.687624573708
0.68761485815
0.687605202198
0.687595367432
0.687585651875
0.687575995922
0.687566399574
0.687556862831
0.687547206879
0.687537670135
0.687528133392
0.687518656254
0.687509298325
0.687499761581
0.687490403652
0.687480926514
0.687471687794
0.687462329865
0.68745303154
0.68744379282
0.6874345541
0.687425255775
0.687416195869
0.687407016754
0.687397897243
0.687388896942
0.687379837036
0.68737077713
0.687361717224
0.687352716923
0.687343895435
0.687334895134
0.687326073647
0.687317192554
0.687308430672
0.687299489975
0.687290668488
0.687282085419
0.687273263931
0.687264561653
0.68725591898
0.687247395515
0.687238752842
0.687230110168
0.687221646309
0.687213182449
0.687204658985
0.687196135521
0.687187731266
0.687179327011
0.687170982361
0.687162697315
0.687154352665
0.687146067619
0.687137782574
0.687129616737
0.687121450901
0.687113344669
0.687105178833
0.687097012997
0.68708896637
0.687080919743
0.687072873116
0.687064945698
0.687056958675
0.687048912048
0.68704110384
0.687033295631
0.687025427818
0.687017679214
0.687009811401
0.687002062798
0.686994314194
0.686986804008
0.6869789958
0.686971366405
0.686963796616
0.686956107616
0.686948597431
0.686941146851
0.686933577061
0.68692612648
0.6869186759
0.686911225319
0.686903953552
0.686896622181
0.686889350414
0.686882078648
0.686874747276
0.68686747551
0.686860322952
0.68685311079
0.686846017838
0.686838805676
0.686831712723
0.686824738979
0.686817586422
0.686810612679
0.686803758144
0.686796784401
0.686789810658
0.686782956123
0.686776041985
0.68676918745
0.686762452126
0.686755657196
0.686748981476
0.686742246151
0.686735510826
0.686728894711
0.6867223382
0.686715722084
0.686709046364
0.686702549458
0.686696112156
0.686689555645
0.686683118343
0.686676681042
0.68667024374
0.686663985252
0.686657428741
0.686651229858
0.686644911766
0.686638653278
0.686632394791
0.686626315117
0.686620056629
0.686613976955
0.686607837677
0.686601758003
0.686595618725
0.686589598656
0.686583578587
0.686577618122
0.686571657658
0.686565697193
0.686559736729
0.686553955078
0.686548173428
0.686542332172
0.686536550522
0.686530828476
0.686524927616
0.68651932478
0.686513602734
0.686507940292
0.686502456665
0.686496853828
0.686491131783
0.686485648155
0.686480045319
0.686474680901
0.686469197273
0.686463713646
0.686458408833
0.686452925205
0.686447679996
0.686442136765
0.68643695116
0.686431646347
0.686426401138
0.686421334743
0.686415970325
0.686410903931
0.686405599117
0.686400651932
0.686395406723
0.686390399933
0.686385452747
0.686380386353
0.686375439167
0.686370491982
0.686365485191
0.68636059761
0.68635571003
0.686350882053
0.686346054077
0.686341226101
0.686336457729
0.686331629753
0.686326980591
0.686322152615
0.686317563057
0.686312913895
0.686308324337
0.68630361557
0.686299085617
0.686294555664
0.686290025711
0.686285555363
0.686281085014
0.686276614666
0.686272203922
0.686267852783
0.686263382435
0.686259031296
0.686254739761
0.686250388622
0.686246097088
0.686241805553
0.686237514019
0.686233460903
0.686229228973
0.686225116253
0.686220943928
0.686216771603
0.686212837696
0.686208665371
0.686204612255
0.686200559139
0.686196625233
0.686192631721
0.68618875742
0.686184763908
0.686180889606
0.686177015305
0.686173141003
0.686169445515
0.686165571213
0.68616181612
0.686157941818
0.68615424633
0.686150550842
0.68614679575
0.686143159866
0.686139523983
0.686135947704
0.686132371426
0.686128795147
0.686125159264
0.686121582985
0.686118066311
0.686114668846
0.686111092567
0.686107635498
0.686104238033
0.686100780964
0.686097443104
0.686094105244
0.686090767384
0.686087429523
0.686084151268
0.686080873013
0.686077594757
0.686074376106
0.686071157455
0.6860678792
0.686064779758
0.686061680317
0.686058461666
0.68605530262
0.686052262783
0.686049282551
0.686046183109
0.686043143272
0.68604016304
0.686037063599
0.68603426218
0.686031281948
0.686028301716
0.686025381088
0.686022520065
0.686019659042
0.686016798019
0.686013877392
0.686011135578
0.686008453369
0.686005532742
0.686002850533
0.686000168324
0.68599742651
0.685994684696
0.685992002487
0.685989379883
0.685986697674
0.685984015465
0.68598151207
0.685978889465
0.685976266861
0.685973823071
0.685971200466
0.685968756676
0.685966253281
0.685963690281
0.685961306095
0.6859588027
0.685956418514
0.685954034328
0.685951650143
0.685949265957
0.685946881771
0.68594455719
0.685942292213
0.685939908028
0.685937702656
0.685935437679
0.685933053493
0.685930967331
0.685928702354
0.685926496983
0.685924351215
0.685922145844
0.685919940472
0.685917854309
0.685915768147
0.685913681984
0.685911536217
0.685909450054
0.685907423496
0.685905337334
0.685903429985
0.685901343822
0.685899317265
0.685897469521
0.685895502567
0.685893416405
0.685891568661
0.685889542103
0.685887753963
0.685885846615
0.685883998871
0.685882210732
0.685880243778
0.685878455639
0.685876607895
0.68587487936
0.685873031616
0.685871243477
0.685869455338
0.685867846012
0.685866117477
0.685864329338
0.685862720013
0.685860931873
0.685859322548
0.685857653618
0.685856044292
0.685854434967
0.685852766037
0.685851156712
0.685849547386
0.68584805727
0.68584638834
0.685844779015
0.685843348503
0.685841798782
0.685840308666
0.68583881855
0.685837328434
0.685835838318
0.685834348202
0.685832977295
0.685831487179
0.685829997063
0.68582868576
0.685827314854
0.685825943947
0.685824513435
0.685823082924
0.685821771622
0.68582034111
0.685819089413
0.685817837715
0.685816466808
0.685815274715
0.685813844204
0.685812592506
0.685811400414
0.685810148716
0.685808956623
0.685807704926
0.685806512833
0.685805261135
0.685804128647
0.685802876949
0.685801744461
0.685800552368
0.685799360275
0.685798168182
0.685797035694
0.685796022415
0.685794889927
0.685793817043
0.68579274416
0.685791611671
0.685790598392
0.685789525509
0.685788393021
0.685787379742
0.685786247253
0.685785293579
0.685784339905
0.685783267021
0.685782253742
0.685781359673
0.685780286789
0.685779392719
0.685778439045
0.685777544975
0.685776591301
0.685775697231
0.685774743557
0.685774624348
0.685774505138
0.685774505138
0.685774326324
0.68577426672
0.685774207115
0.685774028301
0.685774028301
0.685773909092
0.685773730278
0.685773670673
0.685773611069
0.685773611069
0.685773432255
0.685773313046
0.685773313046
0.685773134232
0.685773074627
0.685773015022
0.685772955418
0.685772836208
0.685772716999
0.685772716999
0.68577247858
0.685772418976
0.685772418976
0.685772240162
0.685772120953
0.685772120953
0.685772120953
0.685771942139
0.685771942139
0.685771822929
0.685771644115
0.685771524906
0.685771524906
0.685771346092
0.685771346092
0.685771226883
0.685771048069
0.685771048069
0.685770988464
0.68577092886
0.685770750046
0.685770750046
0.685770630836
0.685770630836
0.685770452023
0.685770392418
0.685770273209
0.685770332813
0.685770153999
0.68577003479
0.685769975185
0.685769855976
0.685769736767
0.685769736767
0.685769677162
0.685769557953
0.685769438744
0.685769438744
0.685769200325
0.68576914072
0.68576914072
0.685768961906
0.685768902302
0.685768842697
0.685768663883
0.685768663883
0.685768663883
0.685768544674
0.685768485069
0.68576836586
0.685768246651
0.685768246651
0.685768067837
0.685767948627
0.685767948627
0.685767769814
0.685767769814
0.685767650604
0.68576747179
0.68576747179
0.685767352581
0.685767352581
0.685767292976
0.685767173767
0.685767054558
0.685766994953
0.685766875744
0.685766816139
0.685766756535
0.685766577721
0.685766518116
0.685766458511
0.685766458511
0.685766279697
0.685766160488
0.685766160488
0.685765981674
0.68576592207
0.685765862465
0.68576580286
0.685765624046
0.685765624046
0.685765564442
0.685765385628
0.685765326023
0.685765266418
0.685765087605
0.685765087605
0.685764968395
0.685764908791
0.685764789581
0.685764670372
0.685764670372
0.685764491558
0.685764491558
0.685764431953
0.685764312744
0.685764193535
0.685764074326
0.685764014721
0.685764074326
0.685763895512
0.685763835907
0.685763776302
0.685763716698
0.685763597488
0.685763597488
0.685763299465
0.685763418674
0.685763180256
0.685763180256
0.685763001442
0.685763001442
0.685762882233
0.685762882233
0.685762703419
0.685762703419
0.685762584209
0.685762405396
0.685762345791
0.685762345791
0.685762226582
0.685762107372
0.685762107372
0.685761928558
0.685761928558
0.685761809349
0.68576169014
0.685761630535
0.685761511326
0.685761511326
0.685761392117
0.685761213303
0.685761213303
0.685761094093
0.685760915279
0.685760915279
0.685760855675
0.68576079607
0.685760736465
0.685760617256
0.685760557652
0.685760498047
0.685760378838
0.685760259628
0.685760200024
0.685760140419
0.685760080814
0.685759902
0.685759902
0.685759782791
0.685759782791
0.685759663582
0.685759544373
0.685759544373
0.685759365559
0.685759305954
0.685759305954
0.685759186745
0.685759007931
0.685758948326
0.685758888721
0.685758888721
0.685758709908
0.685758709908
0.685758590698
0.685758471489
0.685758411884
0.685758292675
0.685758292675
0.685758173466
0.685758113861
0.685757994652
0.685757875443
0.685757994652
0.685757756233
