0.690898776054
0.690111398697
0.689616680145
0.689473211765
0.689288556576
0.689315199852
0.689024150372
0.688803374767
0.688186347485
0.688832104206
0.688760817051
0.690678298473
0.691128015518
0.685272097588
0.688548922539
0.69131052494
0.68655538559
0.685923159122
0.685255229473
0.682832837105
0.688333451748
0.689268827438
0.688221335411
0.686823308468
0.688539624214
0.686514794827
0.688544690609
0.686144888401
0.689725875854
0.686534464359
0.686663091183
0.68844974041
0.685600101948
0.685893118382
0.688403666019
0.685483753681
0.688410103321
0.682126581669
0.684535861015
0.685078859329
0.685184597969
0.685960292816
0.68259614706
0.688319563866
0.68616181612
0.684390246868
0.684950828552
0.686406195164
0.683408915997
0.681882321835
0.682378828526
0.685793042183
0.685463607311
0.684197902679
0.683713674545
0.684443414211
0.68400990963
0.686549842358
0.685545325279
0.685945510864
0.684215426445
0.681514382362
0.685758709908
0.683729052544
0.681404948235
0.683943986893
0.685119867325
0.684831500053
0.680769920349
0.683726251125
0.684245109558
0.684535801411
0.683572232723
0.684920251369
0.683628499508
0.685337781906
0.678696930408
0.684029579163
0.684818029404
0.683106899261
0.679534077644
0.683758199215
0.680043816566
0.682955622673
0.68213814497
0.683698952198
0.683674037457
0.682935118675
0.682538747787
0.680973827839
0.679094493389
0.681384146214
0.678889930248
0.680939376354
0.684318959713
0.683104336262
0.675556898117
0.67654389143
0.679468750954
0.678876161575
0.680881261826
0.681307971478
0.679307758808
0.680077075958
0.676801860332
0.678824722767
0.673079907894
0.677999854088
0.67748093605
0.678839802742
0.676872968674
0.679245531559
0.674197435379
0.673651874065
0.678535044193
0.676437497139
0.679277896881
0.678299188614
0.680451452732
0.67644071579
0.677859663963
0.675824701786
0.675292849541
0.676007390022
0.676023066044
0.674774587154
0.676280856133
0.677193105221
0.674855291843
0.678505480289
0.674134194851
0.678221821785
0.68034952879
0.672241151333
0.671319305897
0.670951485634
0.678439319134
0.678671121597
0.680541932583
0.672084748745
0.679311692715
0.675176918507
0.672885477543
0.673005104065
0.67131704092
0.672283887863
0.676419436932
0.669441401958
0.673366844654
0.672409951687
0.677341639996
0.667980611324
0.670790612698
0.674574613571
0.667941153049
0.671184122562
0.671273350716
0.663565516472
0.671017110348
0.664413511753
0.671279013157
0.672519564629
0.668890953064
0.674679219723
0.667104661465
0.670507967472
0.671130299568
0.672883808613
0.670766890049
0.667215287685
0.671414911747
0.66694021225
0.668195486069
0.663590312004
0.666226804256
0.668458223343
0.669419467449
0.668838560581
0.669035732746
0.665603399277
0.670191526413
0.669776678085
0.66791421175
0.666660130024
0.663027346134
0.669379651546
0.658372163773
0.666877806187
0.666521608829
0.665356576443
0.669761836529
0.662717998028
0.666960477829
0.662727713585
0.661085247993
0.662307679653
0.669856309891
0.66298687458
0.656909763813
0.662092864513
0.664307653904
0.666769325733
0.666033625603
0.654990494251
0.661466956139
0.660670161247
0.660381197929
0.66795194149
0.66779500246
0.656842291355
0.659309029579
0.664031982422
0.658487021923
0.665145456791
0.655687153339
0.658330202103
0.660218179226
0.656214416027
0.659660160542
0.655395209789
0.655378699303
0.655434429646
0.655310630798
0.658061563969
0.66039866209
0.652107417583
0.652122974396
0.663036525249
0.659903347492
0.651464939117
0.651851058006
0.653033196926
0.656303882599
0.658048510551
0.653676629066
0.652674853802
0.658401727676
0.650646030903
0.648736417294
0.651379227638
0.656807005405
0.652318418026
0.641451776028
0.643996357918
0.649297118187
0.651852548122
0.652636408806
0.654152750969
0.654803752899
0.644035160542
0.645873129368
0.65789693594
0.649070799351
0.651762962341
0.643272817135
0.649942934513
0.636721074581
0.651271224022
0.646105229855
0.650314748287
0.64652889967
0.648451209068
0.646312296391
0.647120833397
0.647760629654
0.640416681767
0.654368460178
0.64476287365
0.638540565968
0.650501549244
0.640689373016
0.641564130783
0.639812707901
0.643490672112
0.646465837955
0.645732998848
0.64356315136
0.640307545662
0.64742821455
0.644217073917
0.644296467304
0.631744503975
0.644050657749
0.644879221916
0.639921367168
0.632750868797
0.637810409069
0.639943182468
0.637048959732
0.633691549301
0.642910420895
0.64539951086
0.632550597191
0.640773355961
0.638585627079
0.636789560318
0.634387373924
0.639373064041
0.636504232883
0.63702994585
0.642412304878
0.633803188801
0.633493959904
0.629219412804
0.63001781702
0.62357968092
0.630863308907
0.621441066265
0.642193377018
0.632091939449
0.641055166721
0.637197732925
0.622976779938
0.631790399551
0.625430226326
0.629420220852
0.626897990704
0.639061450958
0.619300127029
0.614796757698
0.628620803356
0.61945348978
0.63360863924
0.616175711155
0.631459653378
0.623477876186
0.614234805107
0.637393057346
0.628648281097
0.615110993385
0.625095963478
0.623085677624
0.631083726883
0.616425514221
0.620997071266
0.639554202557
0.622201383114
0.621533334255
0.610437095165
0.6059653759
0.618491470814
0.615135252476
0.625157952309
0.630598366261
0.619972586632
0.61831176281
0.619861185551
0.625716269016
0.602698802948
0.619253456593
0.618478775024
0.607285618782
0.625910043716
0.61753308773
0.615410923958
0.625988721848
0.613686025143
0.61061000824
0.611914992332
0.616739094257
0.61934953928
0.61317896843
0.625062286854
0.607169032097
0.607657551765
0.622138798237
0.61084997654
0.609403371811
0.612208485603
0.615765631199
0.600944459438
0.610595285892
0.611306786537
0.608157157898
0.612052202225
0.616784989834
0.600187659264
0.61129617691
0.61352545023
0.616492211819
0.611628651619
0.625092864037
0.607640087605
0.600123047829
0.616449296474
0.615803062916
0.612718701363
0.608910262585
0.597769141197
0.597976863384
0.614644348621
0.610367774963
0.619784235954
0.603036105633
0.607797563076
0.594553649426
0.60348713398
0.589276909828
0.612767100334
0.591263830662
0.610038101673
0.608510553837
0.591288805008
0.604197502136
0.617776095867
0.625629723072
0.596239447594
0.600192010403
0.604130148888
0.605210065842
0.60281252861
0.610673129559
0.604830622673
0.600620865822
0.590407967567
0.603580892086
0.60570371151
0.594149827957
0.604328036308
0.59785169363
0.594053924084
0.60257434845
0.608250439167
0.602604210377
0.605468571186
0.592248380184
0.609735012054
0.603896975517
0.61974209547
0.60158342123
0.606033861637
0.604484438896
0.587828636169
0.583187699318
0.589203834534
0.599336087704
0.582255542278
0.597013771534
0.593704581261
0.59118360281
0.609174013138
0.594924688339
0.599738776684
0.592236399651
0.586522042751
0.599912583828
0.578580975533
0.574060857296
0.594450592995
0.593561470509
0.574297368526
0.589444339275
0.588958084583
0.591887116432
0.595692873001
0.592692673206
0.577500760555
0.592188775539
0.590645313263
0.590117037296
0.585420846939
0.584989845753
0.590118169785
0.587365806103
0.579907357693
0.587725162506
0.586629271507
0.574540615082
0.57993221283
0.590514659882
0.60125297308
0.592991650105
0.574339032173
0.578566253185
0.582107782364
0.60780698061
0.583995997906
0.597234487534
0.58368909359
0.581484258175
0.579344391823
0.594447672367
0.578106284142
0.583387434483
0.577380120754
0.584259450436
0.588931679726
0.580553114414
0.574128746986
0.567979991436
0.583374142647
0.556091666222
0.565308868885
0.573242306709
0.583059668541
0.564004600048
0.561063051224
0.562404811382
0.565233230591
0.579944372177
0.574183821678
0.587578773499
0.558678328991
0.579441130161
0.571083426476
0.565644443035
0.592471301556
0.569296419621
0.576590061188
0.584159255028
0.572743058205
0.546201407909
0.576727747917
0.569035053253
0.548615336418
0.562519848347
0.573429942131
0.555038094521
0.582791149616
0.575354933739
0.58966845274
0.557417273521
0.580972075462
0.578264713287
0.569946408272
0.571396887302
0.566542804241
0.557802975178
0.568645596504
0.60272359848
0.55899220705
0.571613729
0.56010723114
0.546798467636
0.575791835785
0.581540822983
0.571231067181
0.564169824123
0.583144724369
0.556658685207
0.562178432941
0.579430341721
0.586006224155
0.574686288834
0.579175949097
0.570169270039
0.561407744884
0.56941318512
0.56997615099
0.56960606575
0.590770304203
0.552601099014
0.576838076115
0.569873809814
0.572023034096
0.551167726517
0.571383416653
0.549954175949
0.576474905014
0.552270948887
0.578961312771
0.565115094185
0.56127679348
0.545374155045
0.535687029362
0.552313745022
0.541469573975
0.5687687397
0.546021044254
0.557441353798
0.5304864645
0.572053551674
0.556891083717
0.541928946972
0.565122842789
0.549744129181
0.568399131298
0.562126934528
0.556460082531
0.566352009773
0.551292777061
0.543203234673
0.569218635559
0.556906402111
0.569126427174
0.559085786343
0.539520859718
0.57445704937
0.553374707699
0.561072826385
0.547874510288
0.545777022839
0.5541883111
0.550445795059
0.555471777916
0.528071045876
0.563739955425
0.541218757629
0.560896277428
0.547535121441
0.551728725433
0.577265441418
0.5393242836
0.55560785532
0.555345952511
0.54879784584
0.561640143394
0.565041005611
0.569121420383
0.562939763069
0.547900974751
0.53547424078
0.571119368076
0.533009290695
0.566037595272
0.547483086586
0.557211458683
0.543875396252
0.552783966064
0.541159331799
0.532739818096
0.556217432022
0.539793670177
0.57069849968
0.550818383694
0.562859654427
0.53872358799
0.537039101124
0.531214654446
0.548110604286
0.564581155777
0.512594282627
0.54073381424
0.571623504162
0.5544257164
0.524280130863
0.551580309868
0.537330269814
0.53515714407
0.564662396908
0.550403416157
0.545227587223
0.563233435154
0.532231271267
0.538714647293
0.524751067162
0.538731873035
0.545421004295
0.564584612846
0.540494203568
0.527318716049
0.552137315273
0.541015982628
0.559349954128
0.536477982998
0.530170202255
0.528008341789
0.533725619316
0.522036194801
0.541850268841
0.537105917931
0.543438434601
0.566167712212
0.544954121113
0.557251632214
0.537665963173
0.540511548519
0.546693503857
0.530538976192
0.542478144169
0.533914804459
0.544272542
0.573727190495
0.530487120152
0.549157738686
0.559448719025
0.544138550758
0.529170155525
0.502762496471
0.541691422462
0.55988907814
0.504398941994
0.528996706009
0.556370556355
0.54552924633
0.533772945404
0.542058169842
0.539279341698
0.548440217972
0.561964452267
0.557938992977
0.542572855949
0.533983409405
0.530580639839
0.521286845207
0.516758084297
0.544990897179
0.559616029263
0.562151014805
0.568328678608
0.523611903191
0.540900409222
0.535845816135
0.560344576836
0.552805364132
0.511163413525
0.546014010906
0.525835037231
0.550102353096
0.542191624641
0.549732208252
0.501923620701
0.497985512018
0.544556856155
0.530480444431
0.527339935303
0.528354883194
0.553987562656
0.522814631462
0.525246620178
0.546973526478
0.52274864912
0.525194823742
0.535473763943
0.544973433018
0.519249379635
0.557623028755
0.519017279148
0.521219968796
0.514770686626
0.550086200237
0.546604037285
0.506817638874
0.519888460636
0.508447706699
0.512840688229
0.549959599972
0.532572925091
0.544480502605
0.542108535767
0.524938285351
0.511340379715
0.524975717068
0.516431391239
0.542915344238
0.52995043993
0.52221596241
0.526841163635
0.545444846153
0.526258826256
0.525039672852
0.516893446445
0.530510246754
0.531690061092
0.51290845871
0.527591586113
0.540526926517
0.531839668751
0.544441401958
0.531150877476
0.525677144527
0.515117287636
0.521047353745
0.521506428719
0.52236276865
0.50462782383
0.512993395329
0.521436333656
0.494365185499
0.51595890522
0.54011964798
0.528922379017
0.523424088955
0.512708961964
0.508560419083
0.546059012413
0.536236107349
0.516838312149
0.547815740108
0.514082014561
0.506976306438
0.486719489098
0.500960171223
0.522886157036
0.543582201004
0.527122616768
0.514869570732
0.512830793858
0.514993846416
0.504810571671
0.517582952976
0.49290600419
0.508130431175
0.501855969429
0.525087356567
0.523871421814
0.505574762821
0.541986942291
0.51861935854
0.510141789913
0.519528448582
0.510682702065
0.495653361082
0.533602714539
0.531851172447
0.53590464592
0.541315019131
0.511869013309
0.519055724144
0.519562721252
0.531442165375
0.534130930901
0.517874836922
0.494680166245
0.526653885841
0.530443787575
0.511077582836
0.528463840485
0.500645875931
0.531978487968
0.496160715818
0.543377697468
0.504026353359
0.521707475185
0.516279637814
0.511848509312
0.519434273243
0.502487719059
0.532037913799
0.514064013958
0.514908790588
0.52457344532
0.511035442352
0.489127606153
0.502819776535
0.506235301495
0.528063178062
0.512184500694
0.523533940315
0.517637610435
0.499306678772
0.497047871351
0.520548284054
0.497082233429
0.503673315048
0.512028515339
0.510916948318
0.503623425961
0.496800601482
0.498900473118
0.494987010956
0.518094062805
0.505593895912
0.522000312805
0.488732874393
0.493145018816
0.476884275675
0.503505587578
0.490367501974
0.541842162609
0.534216225147
0.507069528103
0.50095897913
0.515399694443
0.484297156334
0.503950595856
0.530223608017
0.540680289268
0.503393828869
0.514518499374
0.510222375393
0.524692714214
0.509771704674
0.499651700258
0.49154946208
0.526596069336
0.495256125927
0.519508421421
0.500962913036
0.506169557571
0.490713328123
0.501506865025
0.539949834347
0.49380633235
0.522910773754
0.493243515491
0.513223290443
0.513117074966
0.52091729641
0.492012619972
0.522840499878
0.494738727808
0.52044904232
0.496625572443
0.500901818275
0.502732932568
0.507928371429
0.53262591362
0.521111369133
0.51741206646
0.508123755455
0.516351103783
0.515758872032
0.482829511166
0.502318561077
0.499004244804
0.519074201584
0.490068376064
0.505732119083
0.491566121578
0.487843573093
0.444953769445
0.500437855721
0.465694159269
0.528335630894
0.497981905937
0.499810129404
0.49375346303
0.503347277641
0.472546875477
0.498326718807
0.482555359602
0.548423051834
0.481544345617
0.493352234364
0.4824449718
0.503937423229
0.496791064739
0.508160352707
0.498225152493
0.477920651436
0.462402611971
0.51201581955
0.464180439711
0.493864893913
0.485150933266
0.488634109497
0.481125295162
0.496367067099
0.485323488712
0.502720117569
0.468180179596
0.493484824896
0.469070255756
0.472988814116
0.480019807816
0.515171170235
0.469910919666
0.500566482544
0.485967755318
0.511386454105
0.492217749357
0.549938619137
0.493207991123
0.487054228783
0.506983220577
0.495657503605
0.460605829954
0.510456204414
0.470852077007
0.478893816471
0.496213018894
0.490566045046
0.493604421616
0.490503102541
0.477563947439
0.478271305561
0.494881927967
0.495403409004
0.502089202404
0.464890003204
0.511818349361
0.48753157258
0.466867625713
0.517975687981
0.479109764099
0.467483192682
0.471485108137
0.492887586355
0.502539396286
0.500848412514
0.488205552101
0.488004148006
0.493965953588
0.506692409515
0.511294126511
0.500111758709
0.528479814529
0.510493397713
0.47877317667
0.471519351006
0.488677173853
0.463735789061
0.475519478321
0.476465284824
0.474936515093
0.527304947376
0.481466084719
0.494045525789
0.493811041117
0.466561019421
0.49068403244
0.471152484417
0.476212888956
0.491007953882
0.444777846336
0.481434047222
0.49743822217
0.469336569309
0.497809946537
0.465101361275
0.487126231194
0.47676128149
0.465599477291
0.559158861637
0.4694673419
0.489721804857
0.453369855881
0.480840981007
0.478402078152
0.476685166359
0.477119892836
0.480907261372
0.47155585885
0.490687042475
0.506005167961
0.502643764019
0.45438015461
0.48717302084
0.502933204174
0.485301882029
0.452291756868
0.512671172619
0.469308942556
0.445931106806
0.469784706831
0.484492629766
0.51030677557
0.476211547852
0.485014468431
0.454929709435
0.484484016895
0.459897845984
0.502893984318
0.49071097374
0.494775086641
0.474949270487
0.486918091774
0.504513680935
0.492771118879
0.471216201782
0.497964709997
0.477750569582
0.444208592176
0.488442361355
0.487813651562
0.483836203814
0.464121639729
0.498733013868
0.49162825942
0.502106547356
0.491341501474
0.478250563145
0.462913095951
0.439753204584
0.518804430962
0.526918292046
0.473238140345
0.442654043436
0.472408950329
0.496828079224
0.455239385366
0.461990952492
0.465010583401
0.465953886509
0.480462789536
0.515140771866
0.477534264326
0.490894436836
0.49848562479
0.47738546133
0.467657744884
0.503218352795
0.464190930128
0.486140877008
0.50494492054
0.487272977829
0.521762430668
0.491249978542
0.478797584772
0.485429465771
0.458489060402
0.488328516483
0.471179783344
0.474313020706
0.492233395576
0.478184223175
0.511921525002
0.510023355484
0.44519546628
0.474038124084
0.515487909317
0.495742201805
0.472909390926
0.512253463268
0.478394508362
0.482005447149
0.483438998461
0.465875655413
0.467290878296
0.455950558186
0.486082077026
0.472819000483
0.443638622761
0.457382529974
0.49997985363
0.454725414515
0.480258584023
0.482028841972
0.444089233875
0.470228940248
0.455641061068
0.446298837662
0.438489735126
0.486801594496
0.480090022087
0.475795775652
0.481774449348
0.48753580451
0.466358661652
0.490261763334
0.443291634321
0.464656174183
0.453238248825
0.471437007189
0.515112280846
0.482731342316
0.456201344728
0.451579868793
0.466325461864
0.500826954842
0.507463693619
0.496765643358
0.483639329672
0.479121387005
0.466187179089
0.515402436256
0.473000228405
0.455989450216
0.497657895088
0.489395797253
0.469614088535
0.48524928093
0.454348742962
0.50777053833
0.465538054705
0.455314010382
0.477490723133
0.465887635946
0.461173146963
0.469070851803
0.480354517698
0.489155143499
0.476957142353
0.447869360447
0.471749007702
0.471781283617
0.451241612434
0.485388547182
0.512274801731
0.452174723148
0.473023861647
0.475386351347
0.45528960228
0.471663206816
0.473978847265
0.451392054558
0.497154563665
0.445020765066
0.496577888727
0.462718605995
0.463769048452
0.494580149651
0.459194421768
0.462808936834
0.443879932165
0.465305298567
0.478352814913
0.457665830851
0.462538897991
0.467502206564
0.487429141998
0.475517064333
0.464775562286
0.464455544949
0.453265011311
0.482499629259
0.4810590446
0.474198043346
0.47063434124
