0.765152394772
0.758119404316
0.768017828465
0.764094650745
0.777085900307
0.765098035336
0.764093220234
0.768357753754
0.756643652916
0.756691038609
0.760315656662
0.765345811844
0.767596781254
0.769390642643
0.759395241737
0.751099765301
0.752635598183
0.760959744453
0.757007956505
0.744863688946
0.750363528728
0.756968080997
0.747818052769
0.752358913422
0.749103426933
0.765077412128
0.749156594276
0.745665192604
0.747830033302
0.744270801544
0.749293506145
0.748388588428
0.746464550495
0.748011171818
0.739640712738
0.75213342905
0.744240522385
0.734717905521
0.739302575588
0.749211907387
0.737019896507
0.758409798145
0.731814265251
0.74016469717
0.744583785534
0.739228248596
0.748348236084
0.746738553047
0.737504243851
0.733111262321
0.744359433651
0.736318469048
0.740834951401
0.734082102776
0.733839809895
0.726374030113
0.732428431511
0.737290561199
0.729737460613
0.739845454693
0.728541970253
0.738756597042
0.738163650036
0.731289505959
0.730960607529
0.729633808136
0.728260159492
0.729586660862
0.736229419708
0.725623726845
0.72919934988
0.72729820013
0.721341252327
0.718657135963
0.733033716679
0.731842756271
0.718913018703
0.723218083382
0.726774036884
0.721008300781
0.728457272053
0.727947056293
0.73134291172
0.728861272335
0.722580909729
0.71171182394
0.715339183807
0.708307266235
0.720616698265
0.717871069908
0.727829873562
0.714512169361
0.717683076859
0.712911248207
0.713327467442
0.713936805725
0.713380217552
0.720796763897
0.720595300198
0.721704900265
0.711605191231
0.722726166248
0.701145648956
0.702087044716
0.714763939381
0.718657195568
0.708690464497
0.711476922035
0.712044119835
0.708080291748
0.715258717537
0.711952626705
0.713993191719
0.704369843006
0.710213243961
0.703503727913
0.723569869995
0.707351446152
0.707781434059
0.709430098534
0.704033374786
0.701878845692
0.707075893879
0.711222648621
0.701722621918
0.711153745651
0.707327783108
0.706274390221
0.710306107998
0.709655761719
0.703720331192
0.708352446556
0.709766209126
0.701500296593
0.698258697987
0.698633134365
0.698437035084
0.698545455933
0.699454188347
0.698812961578
0.699406266212
0.700490832329
0.70909678936
0.686050951481
0.699432611465
0.688983380795
0.703192055225
0.692932963371
0.705441296101
0.708218038082
0.707360267639
0.699028849602
0.706256985664
0.696764111519
0.699792206287
0.697194516659
0.688063263893
0.692260205746
0.696319162846
0.696516156197
0.689009308815
0.691303610802
0.703551709652
0.697967767715
0.691853046417
0.69258081913
0.690887212753
0.694520294666
0.685426950455
0.694858372211
0.689249038696
0.68523311615
0.685062766075
0.697171747684
0.692965447903
0.684944629669
0.68832218647
0.687825024128
0.68482542038
0.692907691002
0.688109397888
0.695256531239
0.684148788452
0.688906908035
0.690391421318
0.686352550983
0.691781044006
0.684955358505
0.681729733944
0.684702336788
0.681042790413
0.678817152977
0.682878613472
0.685666143894
0.686180055141
0.685523569584
0.694409310818
0.680684447289
0.679354250431
0.677173793316
0.683649778366
0.689565300941
0.670688450336
0.685426592827
0.676503717899
0.679737508297
0.68372541666
0.676884114742
0.678136408329
0.675620555878
0.678796291351
0.673503398895
0.686476767063
0.6883238554
0.683773756027
0.691022276878
0.697653353214
0.672754704952
0.670935750008
0.671889960766
0.67637103796
0.680101633072
0.673575997353
0.670968770981
0.6788636446
0.685574769974
0.677885115147
0.674471199512
0.681824088097
0.678890943527
0.674172401428
0.663954973221
0.667772829533
0.678414046764
0.674779236317
0.676560044289
0.679811894894
0.678631067276
0.663348734379
0.67080026865
0.670798003674
0.678361296654
0.668928563595
0.670386433601
0.671053826809
0.668509662151
0.667061567307
0.673556864262
0.664770424366
0.668455600739
0.672946214676
0.667898774147
0.662858486176
0.670712828636
0.668406665325
0.665405154228
0.655932188034
0.66416233778
0.670627713203
0.666952133179
0.665718793869
0.675861060619
0.658931255341
0.670321941376
0.674068629742
0.664147973061
0.664486169815
0.664839088917
0.65773999691
0.664489686489
0.665967166424
0.669762611389
0.665779948235
0.659748792648
0.659379839897
0.661841571331
0.672590732574
0.66318488121
0.663672626019
0.66359692812
0.670225799084
0.659457921982
0.658547997475
0.659811079502
0.669165253639
0.659244537354
0.658543407917
0.66085845232
0.652282297611
0.662302911282
0.658950924873
0.658317923546
0.656942367554
0.65933829546
0.665182769299
0.662916481495
0.659287452698
0.664123952389
0.66508024931
0.656809687614
0.659866034985
0.657602846622
0.660332083702
0.651437699795
0.661958634853
0.659020125866
0.660879731178
0.657520592213
0.658023715019
0.65632724762
0.65946161747
0.65258038044
0.658583581448
0.662737488747
0.658035874367
0.654001176357
0.659554004669
0.659813582897
0.65626013279
0.652001261711
0.660275280476
0.649252831936
0.655687451363
0.666006743908
0.646852314472
0.66204226017
0.65192180872
0.653139948845
0.653988659382
0.654033064842
0.653033494949
0.644841492176
0.655694782734
0.657305955887
0.654289960861
0.650126457214
0.652475893497
0.653561830521
0.645047843456
0.639089524746
0.648056566715
0.647126674652
0.652226686478
0.654593169689
0.646404385567
0.640454053879
0.647378385067
0.645072817802
0.65340667963
0.648531377316
0.646860361099
0.655826687813
0.645778954029
0.649851560593
0.651069998741
0.640564501286
0.653697490692
0.651630163193
0.649942994118
0.640919983387
0.642219305038
0.644126057625
0.647882223129
0.636049211025
0.647092342377
0.657119750977
0.644623041153
0.645621478558
0.633604228497
0.637393772602
0.648040831089
0.646364748478
0.636842012405
0.647975206375
0.64065104723
0.642655432224
0.647313714027
0.653516054153
0.647031784058
0.643435418606
0.643078565598
0.643344163895
0.635447740555
0.644955217838
0.645538568497
0.643728733063
0.645830392838
0.641624927521
0.642356812954
0.637786448002
0.639835178852
0.641362011433
0.637585401535
0.643376410007
0.650048017502
0.63760471344
0.641094684601
0.638930737972
0.640215814114
0.642161011696
0.634481370449
0.641637206078
0.635006785393
0.636940360069
0.645326793194
0.638128578663
0.628799676895
0.631551206112
0.634709477425
0.635106027126
0.635261416435
0.640715658665
0.63844782114
0.637036442757
0.636466562748
0.63355576992
0.629910647869
0.635903656483
0.635053038597
0.633129060268
0.634584128857
0.63242316246
0.641283810139
0.63356757164
0.630621135235
0.631407380104
0.635678529739
0.631383776665
0.629803240299
0.639176428318
0.636416077614
0.630260586739
0.635500192642
0.635730862617
0.632332205772
0.630739808083
0.638950765133
0.640464007854
0.629444420338
0.626361727715
0.630936324596
0.631052136421
0.626377284527
0.63172262907
0.635672867298
0.635467231274
0.640448689461
0.621865034103
0.630044877529
0.629223704338
0.629855215549
0.629406571388
0.633688032627
0.627263784409
0.634826540947
0.628707647324
0.625681757927
0.630398869514
0.631115436554
0.623713254929
0.624461114407
0.633737325668
0.62856477499
0.625670552254
0.626311540604
0.630958199501
0.634892523289
0.629278242588
0.626598775387
0.62891960144
0.629135012627
0.623588860035
0.625484466553
0.626887202263
0.623834729195
0.626898705959
0.620057702065
0.625443100929
0.616297781467
0.617064774036
0.628150105476
0.625168144703
0.625296711922
0.630026102066
0.623867273331
0.621847331524
0.621693074703
0.624151229858
0.623757004738
0.617995381355
0.629018843174
0.621273756027
0.621814012527
0.626596391201
0.624374270439
0.622377216816
0.620342314243
0.625160634518
0.620844364166
0.623567521572
0.618653416634
0.621319234371
0.618358612061
0.611251294613
0.618663966656
0.615184009075
0.620606601238
0.622264266014
0.614176511765
0.62335562706
0.620579242706
0.620918571949
0.614310562611
0.620246648788
0.611558318138
0.620202243328
0.611426651478
0.6136687994
0.619110584259
0.614496529102
0.621647238731
0.611523389816
0.614301681519
0.613765478134
0.609961748123
0.614421844482
0.620152831078
0.613711833954
0.611324071884
0.620056271553
0.608412444592
0.615082800388
0.616332173347
0.613518297672
0.617765963078
0.61670589447
0.610037446022
0.613352954388
0.612701952457
0.611631393433
0.61533755064
0.617277741432
0.617308795452
0.615133166313
0.613611400127
0.612994730473
0.608228564262
0.613984584808
0.613124549389
0.621318459511
0.616826653481
0.608610987663
0.613044798374
0.613258898258
0.613583981991
0.608508348465
0.611523747444
0.609277427197
0.607969641685
0.606482923031
0.612745821476
0.611203014851
0.616071581841
0.607577264309
0.606405317783
0.60952103138
0.607862949371
0.61159914732
0.606276571751
0.61157566309
0.606134831905
0.604393661022
0.607313036919
0.606864929199
0.608918309212
0.608051478863
0.607253372669
0.605777204037
0.592552900314
0.611666977406
0.609902083874
0.603364229202
0.603412926197
0.602771222591
0.606718242168
0.602740943432
0.609175026417
0.607203125954
0.606568098068
0.610660910606
0.605582892895
0.609325170517
0.609976291656
0.603677511215
0.609818637371
0.603663623333
0.6036054492
0.599844396114
0.608096778393
0.599977314472
0.600389063358
0.604015827179
0.609267175198
0.603666782379
0.607242286205
0.596556782722
0.59813696146
0.598060011864
0.604539692402
0.601472735405
0.597095906734
0.596681714058
0.596724629402
0.599891126156
0.60149371624
0.597875654697
0.591828525066
0.602382481098
0.597436070442
0.596661090851
0.60110104084
0.597323656082
0.593020737171
0.601822733879
0.601572394371
0.591585814953
0.607823014259
0.603083252907
0.599636673927
0.595851421356
0.601281344891
0.599391937256
0.596441686153
0.607955992222
0.597569644451
0.589042723179
0.604905724525
0.591081619263
0.605693757534
0.589485406876
0.602197766304
0.597117304802
0.595408976078
0.594620704651
0.592340946198
0.596633255482
0.59402012825
0.594564795494
0.598768115044
0.59698933363
0.596409380436
0.593865156174
0.596080780029
0.587131381035
0.602430522442
0.595017492771
0.593649685383
0.591678917408
0.586335003376
0.585631787777
0.594332575798
0.586599707603
0.591528773308
0.590115189552
0.59056442976
0.585071861744
0.590931534767
0.592296600342
0.588603138924
0.584459662437
0.589302420616
0.590379834175
0.60202819109
0.589074313641
0.593822300434
0.590935885906
0.591474413872
0.592599332333
0.594671428204
0.584953129292
0.582385003567
0.581826388836
0.591846764088
0.587220966816
0.581078410149
0.594060003757
0.581753015518
0.588699102402
0.588249921799
0.586480617523
0.587239444256
0.582102715969
0.592563688755
0.590632259846
0.583498001099
0.585619390011
0.585433125496
0.583848655224
0.584274053574
0.593091249466
0.583042025566
0.589511215687
0.58117878437
0.588042080402
0.586532950401
0.586016535759
0.584823668003
0.586225867271
0.591622650623
0.589709043503
0.587577223778
0.591453552246
0.586316764355
0.584897041321
0.590436637402
0.588559806347
0.586871087551
0.580588459969
0.583542943001
0.584051132202
0.585978984833
0.582683742046
0.583210408688
0.58456325531
0.580997467041
0.581568002701
0.579742729664
0.579879045486
0.587677359581
0.574775338173
0.580932080746
0.582573354244
0.579333305359
0.582103610039
0.577974617481
0.57565009594
0.59124058485
0.583416044712
0.583740055561
0.587226629257
0.579444229603
0.572527527809
0.574258685112
0.580630362034
0.579136788845
0.585470974445
0.579353749752
0.578405380249
0.579469442368
0.58053445816
0.583033502102
0.583925247192
0.57310116291
0.574529826641
0.57206594944
0.581596970558
0.580909788609
0.571712136269
0.570461690426
0.571208655834
0.575911164284
0.575003266335
0.587552011013
0.574597716331
0.570352673531
0.575794100761
0.572257936001
0.57503503561
0.57142162323
0.574133753777
0.577580630779
0.573189914227
0.576054096222
0.570572137833
0.576160907745
0.568340539932
0.572059869766
0.569105744362
0.570753276348
0.569307923317
0.575035452843
0.565638422966
0.574377954006
0.571379303932
0.568466603756
0.56756478548
0.574841380119
0.570835888386
0.575921416283
0.575968444347
0.563119292259
0.576549947262
0.568196177483
0.57251137495
0.570550680161
0.568011462688
0.570308029652
0.568347871304
0.565405130386
0.568558871746
