0.695203363895
0.690225064754
0.685591816902
0.678345441818
0.668954193592
0.65229344368
0.631386041641
0.604687273502
0.576273262501
0.548606455326
0.51800596714
0.502734541893
0.484179794788
0.460033982992
0.426602095366
0.410057216883
0.383403211832
0.366712033749
0.340085625648
0.317449361086
0.295170903206
0.267844796181
0.261223942041
0.253699839115
0.222659736872
0.200272664428
0.160092458129
0.172650009394
0.14217209816
0.120026305318
0.105584643781
0.0847009122372
0.0794165506959
0.0706740245223
0.0631929934025
0.0538999289274
0.0499475747347
0.0450738854706
0.0410491973162
0.0370666608214
0.0337526537478
0.0300535149872
0.0198866911232
0.0104820178822
0.00810446683317
0.0100452424958
0.0208629090339
0.00351306027733
0.00288088060915
0.00170454604086
0.00147777423263
0.00110982416663
0.000866518355906
0.00110018637497
0.00326727307402
0.180174455047
0.343847334385
0.068358361721
0.281260937452
0.108277969062
0.0270877648145
0.193591862917
0.0189224295318
0.032891318202
0.0674205496907
0.0258718822151
0.0466162711382
0.0250478200614
0.0225843526423
0.00765657704324
0.00636688573286
0.00570677965879
0.00725496374071
0.00912973377854
0.00794114731252
0.00693158758804
0.00638899905607
0.00847197882831
0.00530240079388
0.0049936636351
0.00469324365258
0.00422520423308
0.0038733643014
0.00373011501506
0.00330196483992
0.00273016863503
0.00232618674636
0.00199298677035
0.00170547945891
0.00145732343663
0.00124548294116
0.00106770021375
0.000920765916817
0.000794104591478
0.00068465404911
0.000591223768424
0.000512798957061
0.000447669939604
0.000391802634113
0.00034417770803
0.000303344422719
0.000268518255325
0.000239022949245
0.000213811232243
0.000192208754015
0.000173731037648
0.000157980219228
0.000144454359543
0.000132700326503
0.00012244831305
0.000113448673801
0.000105600360257
9.86787417787e-05
9.25581916817e-05
8.71291485964e-05
8.23173031677e-05
7.80175105319e-05
7.41683252272e-05
7.0717302151e-05
6.76137860864e-05
6.47800698061e-05
6.21969084023e-05
5.9844525822e-05
5.76903039473e-05
5.57161947654e-05
5.38963104191e-05
5.22172485944e-05
5.06609721924e-05
4.92140861752e-05
4.78635120089e-05
4.66007950308e-05
4.54183791589e-05
4.43124772573e-05
4.32761007687e-05
4.22964585596e-05
4.13703419326e-05
4.04933925893e-05
3.96600771637e-05
3.88683620258e-05
3.8110974856e-05
3.73908151232e-05
3.67023676517e-05
3.60415579053e-05
3.54095391231e-05
3.47999266523e-05
3.42164894391e-05
3.36539960699e-05
3.31115734298e-05
3.2586605812e-05
3.20793806168e-05
3.15898978442e-05
3.11152507493e-05
3.06513647956e-05
3.02031912724e-05
2.97692640743e-05
2.93455213978e-05
2.89357394649e-05
2.85335208901e-05
2.81438078673e-05
2.77628205367e-05
2.73934692814e-05
2.70325563179e-05
2.66803635895e-05
2.63369001914e-05
2.59986718447e-05
2.56691691902e-05
2.53466459981e-05
2.50316861639e-05
2.47216721618e-05
2.44189286605e-05
2.41202578763e-05
2.38297307078e-05
2.35438565142e-05
2.32637994486e-05
2.29915949603e-05
2.27211367019e-05
2.24582399824e-05
2.22002890951e-05
2.19440807996e-05
2.16957269004e-05
2.14526062337e-05
2.12147242564e-05
2.09806185012e-05
2.07488446904e-05
2.05223022931e-05
2.03012878046e-05
2.00814356504e-05
1.98656562134e-05
1.96554010472e-05
1.94480544451e-05
1.92433271877e-05
1.9042088752e-05
1.88446319953e-05
1.86500838026e-05
1.84590244316e-05
1.82697112905e-05
1.80850493052e-05
1.79018443305e-05
1.77229994733e-05
1.75467721419e-05
1.73731641553e-05
1.72010095412e-05
1.70323437487e-05
1.68671685969e-05
1.67019934452e-05
1.6541182049e-05
1.63806598721e-05
1.62236283359e-05
1.60703784786e-05
1.59182909556e-05
1.57682388817e-05
1.56213845912e-05
1.54733697855e-05
1.53288419824e-05
1.51883878061e-05
1.50485157064e-05
1.49121315189e-05
1.47780747284e-05
1.46446000144e-05
1.45122885442e-05
1.43852103065e-05
1.42572607729e-05
1.4131928765e-05
1.40089232445e-05
1.38879522638e-05
1.37666920637e-05
1.36489206852e-05
1.35288237288e-05
1.34145420816e-05
1.33020057547e-05
1.31859806061e-05
1.30743164846e-05
1.29646887217e-05
1.28568044602e-05
1.27503753902e-05
1.26439463202e-05
1.25392625705e-05
1.24383577713e-05
1.23374538816e-05
1.22362589536e-05
1.2136809346e-05
1.20379418149e-05
1.19413998618e-05
1.18463121908e-05
1.17506433526e-05
1.16587534649e-05
1.15668653962e-05
1.14755575851e-05
1.13857049655e-05
1.12970155897e-05
1.12071620606e-05
1.11207991722e-05
1.10344362838e-05
1.09506900117e-05
1.086694283e-05
1.07834875962e-05
1.0702068721e-05
1.06203569885e-05
1.05418457679e-05
1.04624623418e-05
1.03848224171e-05
1.0307764569e-05
1.02295434772e-05
1.0154813026e-05
1.00815350379e-05
1.00073857539e-05
9.93323646981e-06
9.86170289252e-06
9.79162541626e-06
9.71892950474e-06
9.65030540101e-06
9.57993597694e-06
9.51218407863e-06
9.44472321862e-06
9.37726144912e-06
9.31067279453e-06
9.24466530705e-06
9.18127534533e-06
9.11643201107e-06
9.05333217815e-06
8.98965117813e-06
8.92655225471e-06
8.86606994754e-06
8.80442530615e-06
8.74336092238e-06
8.68375173013e-06
8.62501383381e-06
8.56656697579e-06
8.50870219438e-06
8.44967416924e-06
8.39355470816e-06
8.33627109387e-06
8.2807327999e-06
8.22519359645e-06
8.17139971332e-06
8.1178968685e-06
8.06497519079e-06
8.012926628e-06
7.96058611741e-06
7.907955478e-06
