0.688486635685
0.692680716515
0.6831843853
0.686149477959
0.687242329121
0.684261500835
0.68615937233
0.681546866894
0.681405544281
0.681059896946
0.6820307374
0.685678184032
0.683146417141
0.691597044468
0.687983691692
0.689646601677
0.68149638176
0.680991470814
0.68505012989
0.682205319405
0.68239480257
0.685305416584
0.681428909302
0.681842505932
0.685435950756
0.683523833752
0.683095693588
0.685194730759
0.684214055538
0.681941628456
0.685801148415
0.687559723854
0.681893527508
0.682814896107
0.682646155357
0.676006197929
0.679543673992
0.68198466301
0.677603006363
0.687595546246
0.681158125401
0.671687722206
0.674832999706
0.679333329201
0.675644278526
0.682134389877
0.684358477592
0.69359254837
0.685706734657
0.674775123596
0.677842438221
0.675100207329
0.668826520443
0.672385215759
0.681021690369
0.675238549709
0.666431248188
0.676634550095
0.669960081577
0.665273070335
0.685865879059
0.680604815483
0.675535321236
0.677812099457
0.671857893467
0.663670241833
0.67319560051
0.669878721237
0.661570906639
0.667422235012
0.664589583874
0.678192794323
0.680599749088
0.68741774559
0.680898010731
0.675894081593
0.657655894756
0.662322998047
0.655929625034
0.669784903526
0.666549444199
0.668954849243
0.666630446911
0.68385797739
0.67650103569
0.707491099834
0.661017715931
0.66077375412
0.65949422121
0.664325773716
0.679773569107
0.660179674625
0.666057109833
0.670642018318
0.674702703953
0.656610250473
0.656906664371
0.653673648834
0.667957305908
0.653273940086
0.685479283333
0.652343630791
0.649160683155
0.649131953716
0.666263341904
0.646201372147
0.664295494556
0.670242965221
0.66827082634
0.659376740456
0.633000671864
0.653497755527
0.642597258091
0.645432651043
0.684548854828
0.648090660572
0.654530882835
0.643549323082
0.661068379879
0.670571982861
0.660624980927
0.6572676301
0.659851789474
0.655315876007
0.684544086456
0.664079904556
0.64791148901
0.656874358654
0.678059518337
0.643088281155
0.660773277283
0.658201515675
0.669899225235
0.640013933182
0.656504869461
0.67299747467
0.630225658417
0.651213288307
0.662502288818
0.659420132637
0.637085318565
0.638188481331
0.637812793255
0.659224569798
0.621409654617
0.685566842556
0.681393682957
0.643678188324
0.639169514179
0.669740080833
0.648463487625
0.627173900604
0.667541503906
0.659608125687
0.653892397881
0.678993701935
0.636783182621
0.656024456024
0.629536688328
0.641068696976
0.646245598793
0.655673801899
0.646596848965
0.645012378693
0.649826049805
0.652839124203
0.631516516209
0.653056621552
0.634949922562
0.632503092289
0.609608471394
0.642493963242
0.623021483421
0.658034563065
0.655491888523
0.649494290352
0.661730051041
0.656979441643
0.653533995152
0.651836276054
0.636331558228
0.610004782677
0.662345170975
0.671380698681
0.626609683037
0.612540960312
0.624933063984
0.646227002144
0.622530341148
0.633129060268
0.645072698593
0.666141986847
0.647643685341
0.670506775379
0.632640361786
0.664587497711
0.628540039062
0.658927083015
0.647955417633
0.669967114925
0.648243546486
0.633581638336
0.684597551823
0.65959250927
0.657885968685
0.65391099453
0.641154646873
0.647028625011
0.627865374088
0.655190825462
0.632268965244
0.632359266281
0.611366093159
0.61329883337
0.603042960167
0.646839559078
0.643975913525
0.627150833607
0.656340062618
0.646595597267
0.622658789158
0.633499205112
0.634826958179
0.657269120216
0.639292597771
0.630475223064
0.638411819935
0.650412142277
0.657060742378
0.645102500916
0.65845811367
0.638279616833
0.619833230972
0.637355804443
0.60819786787
0.635079503059
0.610079705715
0.655478894711
0.643783032894
0.648748278618
0.670736193657
0.637409031391
0.652207970619
0.627704918385
0.632129251957
0.633335232735
0.631043076515
0.656043291092
0.625456750393
0.629166007042
0.656217396259
0.640448749065
0.657766878605
0.621898591518
0.619222939014
0.618875324726
0.682983100414
0.631120204926
0.642194211483
0.621092915535
0.630102694035
0.651569068432
0.603047072887
0.629621863365
0.611198306084
0.646080970764
0.637367784977
0.619970679283
0.624647021294
0.651131629944
0.633464694023
0.611872553825
0.604568243027
0.62927365303
0.638631820679
0.616240203381
0.644436299801
0.644005537033
0.618325710297
0.654985249043
0.634463071823
0.659210622311
0.673695623875
0.663545012474
0.660603284836
0.612505555153
0.654719650745
0.6260201931
0.627632975578
0.621195733547
0.654437243938
0.625192165375
0.669384777546
0.61695343256
0.601085364819
0.64031291008
0.627298951149
0.627323508263
0.639296233654
0.655183374882
