0.694115698338
0.694060087204
0.694929838181
0.694632768631
0.694581866264
0.692652404308
0.69284504652
0.69385689497
0.69241219759
0.692260324955
0.693193852901
0.692360639572
0.692205667496
0.691460907459
0.69021075964
0.692282259464
0.691978693008
0.692635595798
0.689264714718
0.691368043423
0.691166222095
0.690078854561
0.69079464674
0.69056558609
0.690450847149
0.68989855051
0.689194560051
0.688615143299
0.6906722188
0.688692688942
0.688718557358
0.689156413078
0.688780248165
0.689802229404
0.688913345337
0.688634216785
0.687030911446
0.687077820301
0.687976658344
0.687417685986
0.687200188637
0.687525749207
0.687508642673
0.685340106487
0.684594750404
0.688084721565
0.685762345791
0.684517979622
0.687838077545
0.685330569744
0.685459017754
0.684942483902
0.68530356884
0.684824407101
0.685457646847
0.684752762318
0.684980094433
0.684869766235
0.683984220028
0.685284376144
0.683965682983
0.683924913406
0.68275475502
0.683046638966
0.683641076088
0.681376755238
0.683703541756
0.682969033718
0.681882739067
0.681548655033
0.681965947151
0.681685507298
0.681838750839
0.680400431156
0.681559801102
0.679543793201
0.682329297066
0.682050526142
0.681403696537
0.680624186993
0.679885447025
0.678580701351
0.679354906082
0.679219305515
0.679355502129
0.68014550209
0.678524434566
0.677640497684
0.677246689796
0.677987515926
0.676411390305
0.674638867378
0.676484405994
0.676478385925
0.674915909767
0.674246013165
0.675622105598
0.675035357475
0.675148427486
0.675779223442
0.675502419472
0.67400765419
0.674475669861
0.672944307327
0.672656536102
0.672978818417
0.671421706676
0.670670747757
0.671038985252
0.670219779015
0.669304668903
0.670252382755
0.671272695065
0.668864130974
0.668670654297
0.670047521591
0.66809540987
0.667889416218
0.668382287025
0.671547651291
0.669442355633
0.667454123497
0.665446639061
0.66732519865
0.665333747864
0.667454123497
0.668765187263
0.661713302135
0.663475096226
0.66278386116
0.667060494423
0.660524249077
0.665786206722
0.663675606251
0.665220677853
0.661854982376
0.658941328526
0.661721289158
0.659699499607
0.659825444221
0.660988986492
0.657999455929
0.657474398613
0.656899929047
0.657682180405
0.656408846378
0.658260345459
0.655299186707
0.654408216476
0.652827560902
0.657073676586
0.654028475285
0.654362082481
0.653669416904
0.652562439442
0.649723231792
0.649815618992
0.651489257812
0.647220730782
0.649293601513
0.652206003666
0.649660408497
0.645218193531
0.647817909718
0.644516825676
0.649887979031
0.644144117832
0.647884488106
0.642284810543
0.646019458771
0.641922831535
0.638404607773
0.642314016819
0.640876591206
0.637941598892
0.643854379654
0.640962183475
0.640765070915
0.637402951717
0.634722530842
0.637390851974
0.635602176189
0.636120915413
0.641844213009
0.638178884983
0.632949829102
0.62792378664
0.63785213232
0.637277603149
0.636601865292
0.625970900059
0.62600171566
0.628159165382
0.631736040115
0.626830458641
0.625927567482
0.63090223074
0.620741903782
0.623949766159
0.625816166401
0.617432296276
0.627048373222
0.627542853355
0.613777399063
0.620739877224
0.621637046337
0.629161834717
0.622976779938
0.617852210999
0.622238218784
0.613773703575
0.617159903049
0.606364965439
0.617467463017
0.613295376301
0.612625181675
0.61085832119
0.615881383419
0.609653413296
0.610324144363
0.604889273643
0.606604278088
0.611356735229
0.600242555141
0.595943570137
0.603144586086
0.604838073254
0.609574854374
0.600168466568
0.586444973946
0.602901518345
0.588445484638
0.597050249577
0.595153748989
0.596491992474
0.584942936897
0.586779177189
0.587223887444
0.594077885151
0.593178272247
0.590567886829
0.583197295666
0.593089878559
0.589299917221
0.588889598846
0.586065649986
0.580581784248
0.587213635445
0.578955292702
0.592397749424
0.578804194927
0.578291893005
0.578439772129
0.57337808609
0.573787093163
0.577018260956
0.574866354465
0.575767099857
0.566048741341
0.577677726746
0.577695131302
0.561651825905
0.566289484501
0.561017334461
0.561353266239
0.560912013054
0.566732108593
0.570228636265
0.564635515213
0.564174234867
0.562914431095
0.547206223011
0.552528500557
0.566213428974
0.561166405678
0.557050406933
0.548103749752
0.550673723221
0.546597659588
0.55187445879
0.547368705273
0.554866015911
0.555004179478
0.541718423367
0.541657805443
0.552966177464
0.54540336132
0.540315210819
0.551785469055
0.559830844402
0.527321875095
0.533814966679
0.540345072746
0.528140604496
0.536662757397
0.535926938057
0.525833547115
0.531693160534
0.532478749752
0.522942841053
0.525576472282
0.517154991627
0.53943413496
0.522140681744
0.515861392021
0.528233349323
0.527779221535
0.514815926552
0.511080265045
0.51353764534
0.521062135696
0.528795361519
0.522922933102
0.508630216122
0.505056977272
0.514483630657
0.511922478676
0.503103733063
0.497364372015
0.510604023933
0.521520853043
0.518250763416
0.504467129707
0.499667167664
0.510089874268
0.502870380878
0.505966424942
0.498470127583
0.492656052113
0.499344289303
0.505558073521
0.512647390366
0.502966105938
0.49023526907
0.51049798727
0.499378681183
0.471828728914
0.498126000166
0.490388214588
0.484690070152
0.496289253235
0.509913623333
0.503183066845
0.49936747551
0.505014002323
0.496261894703
0.476693361998
0.503611624241
0.490178704262
0.499160736799
0.48345798254
0.490872114897
0.468681037426
0.475889742374
0.479412615299
0.464509159327
0.473139435053
0.478305697441
0.461324840784
0.483119398355
0.469999819994
0.495102584362
0.454832345247
0.465630143881
0.485809952021
0.472525388002
0.46625778079
0.470510274172
0.450493574142
0.443855017424
0.471781998873
0.464194178581
0.462908864021
0.453930407763
0.455668270588
0.465992927551
0.47280433774
0.462363570929
0.456134408712
0.457972973585
0.46231764555
0.463357925415
0.451452642679
0.450186520815
0.449978500605
0.440924793482
0.450481027365
0.442562192678
0.43205755949
0.449102938175
0.448022305965
0.451305478811
0.469558864832
0.446560710669
0.430199891329
0.428849875927
0.427074849606
0.442452698946
0.449462532997
0.43962725997
0.458626806736
0.453667879105
0.436679929495
0.43800508976
0.449428886175
0.439861863852
0.458560228348
0.451033890247
0.424268990755
0.441714018583
0.436361074448
0.44849139452
0.449372887611
0.42983481288
0.429477512836
0.431607812643
0.439861625433
0.443635731936
0.431897580624
0.45046633482
0.460220634937
0.441608667374
0.422153502703
0.445475250483
0.434959709644
0.458374768496
0.445495605469
0.442114710808
0.426768630743
0.421048134565
0.444101989269
0.456363946199
0.439311653376
0.433194726706
0.450402617455
0.422961771488
0.430670469999
0.417964726686
0.439350038767
0.45625808835
0.435991376638
0.460685700178
0.421660751104
0.431802213192
0.431103885174
0.453355640173
0.432051897049
0.446798026562
0.431306868792
0.450576722622
0.422170460224
0.42276006937
0.445508420467
0.452869921923
0.433100700378
0.440574169159
0.463953822851
0.427050709724
0.417053878307
0.439235627651
0.424050688744
0.451783627272
0.44634526968
0.447816431522
0.458626836538
0.465076714754
0.446311473846
0.451708376408
0.432998716831
0.441710948944
0.430788516998
0.428497314453
0.435350298882
0.460687339306
0.444809257984
0.426826357841
0.427757918835
0.428937673569
0.441066235304
0.437748461962
0.42994505167
0.421862930059
0.458027273417
0.427810877562
0.428408592939
0.436065614223
0.418237239122
0.445213645697
0.458514750004
0.440522193909
0.420971602201
0.433244347572
0.442085385323
0.415793895721
0.432508975267
0.437039494514
0.436397582293
0.421219170094
0.430928975344
0.427137434483
