0.884468317032
0.919280290604
0.899616956711
0.953070223331
0.816975831985
0.868772804737
0.858698129654
0.852985978127
0.881611287594
0.782276630402
0.840207874775
0.835357546806
0.809714019299
0.773971259594
0.794421315193
0.804449319839
0.756551623344
0.839300692081
0.820304751396
0.831095457077
0.936227142811
0.879227638245
0.790899336338
0.924149394035
0.810912668705
0.869646191597
0.867538034916
0.845479130745
0.85331338644
0.792826294899
0.805520534515
0.884572267532
0.846293210983
0.857042253017
0.853752791882
0.839378714561
0.834634900093
0.844028890133
0.84671151638
0.767522275448
0.878335475922
0.868059456348
0.815635859966
0.85843706131
0.813924074173
0.846241652966
0.798664152622
0.795932948589
0.769362747669
0.789472103119
