0.692454576492
0.692291975021
0.692134797573
0.691975593567
0.691819489002
0.691667437553
0.691518962383
0.691380023956
0.691241145134
0.691104769707
0.690969944
0.690843105316
0.690718948841
0.6905990839
0.690479874611
0.690359890461
0.690242111683
0.6901217103
0.690001130104
0.689881265163
0.689767897129
0.689666032791
0.689561367035
0.68945723772
0.689357340336
0.689254999161
0.689148843288
0.689041078091
0.688931047916
0.688819766045
0.688710749149
0.688609063625
0.688507080078
0.688411295414
0.688315629959
0.688219547272
0.688122868538
0.688025951385
0.687930941582
0.687835693359
0.687738656998
0.687640428543
0.687542259693
0.687443733215
0.687344312668
0.687245428562
0.687147796154
0.68704944849
0.686950623989
0.686849951744
0.686748981476
0.686648011208
0.686547398567
0.686446607113
0.686345696449
0.686244010925
0.686141133308
0.686038553715
0.685936331749
0.685833156109
0.685728788376
0.685624957085
0.685521125793
0.685416460037
0.685311079025
0.685204327106
0.685095965862
0.684988319874
0.684880495071
0.684771895409
0.68466424942
0.684557080269
0.684447646141
0.68433791399
0.684229254723
0.684119522572
0.684008181095
0.6838966012
0.683783829212
0.683671891689
0.683558344841
0.683443486691
0.683328270912
0.683213174343
0.683099985123
0.682984888554
0.682866096497
0.682743728161
0.682617306709
0.682480096817
0.682338953018
0.682197391987
0.682054936886
0.681911706924
0.681767463684
0.681621849537
0.681478381157
0.681334733963
0.681191205978
0.681044578552
0.680895984173
0.680755198002
0.68061709404
0.680475890636
0.680331468582
0.680186212063
0.680040597916
0.679891943932
0.679737150669
0.679576516151
0.679411888123
0.679244875908
0.679077863693
0.678910553455
0.678740024567
0.67856490612
0.678386628628
0.678203761578
0.678015530109
0.677830219269
0.677648901939
0.677473545074
0.677301049232
0.677127599716
0.676952004433
0.676776587963
0.676601886749
0.676426649094
0.676252961159
0.676078379154
0.675902068615
0.675725698471
0.67554795742
0.67536854744
0.675182163715
0.674987196922
0.674795925617
0.674605488777
0.674415409565
0.674226045609
0.674039721489
0.673855900764
0.673672318459
0.673487365246
0.673300564289
0.673111319542
0.672925651073
0.672739326954
0.672551572323
0.672361850739
0.67217040062
0.671976387501
0.67178106308
0.671583592892
0.671384930611
0.671184659004
0.67098480463
0.670781850815
0.670575380325
0.670369505882
0.670163691044
0.669956028461
0.6697473526
0.669535398483
0.669321060181
0.66910558939
0.668887913227
0.668667078018
0.668441832066
0.668213784695
0.667980492115
0.667743980885
0.667505025864
0.667265295982
0.667023420334
0.666779875755
0.666532516479
0.666283607483
0.666035950184
0.66579157114
0.665547609329
0.665302693844
0.665054440498
0.66480755806
0.664562165737
0.664313316345
0.664063513279
0.663812875748
0.663561284542
0.663310289383
0.663058996201
0.662806153297
0.662556350231
0.66230660677
0.662057697773
0.661806344986
0.661549508572
0.661290764809
0.661030113697
0.660767614841
0.660503864288
0.660233676434
0.65995824337
0.659681916237
0.659401655197
0.659118950367
0.658838927746
0.658555328846
0.658268928528
0.65798085928
0.657680928707
0.657377958298
0.657071769238
0.656759738922
0.656449079514
0.656132698059
0.655823588371
0.655515491962
0.655201852322
0.654890239239
0.654580593109
0.654268264771
0.65395283699
0.653637826443
0.653322815895
0.653002560139
0.652679026127
0.652340352535
0.651997029781
0.651646018028
0.651293873787
0.650941729546
0.650592029095
0.650260388851
0.649923980236
0.649597287178
0.649264276028
0.648916184902
0.648558676243
0.648196578026
0.647839963436
0.647482097149
0.647111713886
0.646735370159
0.646350383759
0.645955741405
0.645558893681
0.645144283772
0.644718229771
0.644286811352
0.643850564957
0.643407285213
0.642968595028
0.642523705959
0.642080903053
0.641620457172
0.641180872917
0.6407507658
0.640311479568
0.639858365059
0.639402091503
0.638937950134
0.638471126556
0.638022303581
0.637572228909
0.637111783028
0.63664996624
0.636190593243
0.635739445686
0.635284543037
0.634827256203
0.634357869625
0.633879721165
0.633400321007
0.632917761803
0.632417678833
0.631920099258
0.631414949894
0.630904614925
0.630382239819
0.629865467548
0.629343748093
0.628820180893
0.628299772739
0.627779722214
0.627254962921
0.626731932163
0.626207590103
0.625678062439
0.625141263008
0.62459820509
0.624050617218
0.623497962952
0.622947573662
0.622393369675
0.621833920479
0.621272265911
0.620706558228
0.620137214661
0.619565308094
0.618985831738
0.618398845196
0.617814064026
0.617212951183
0.616604328156
0.615992248058
0.615374028683
0.614730536938
0.614109456539
0.613504350185
0.612905204296
0.612308382988
0.611712932587
0.61112087965
0.610524892807
0.609926819801
0.609331727028
0.60874080658
0.608146309853
0.607546746731
0.606946527958
0.60634791851
0.60574477911
0.605133891106
0.604512155056
0.603891909122
0.603274583817
0.602658987045
0.602041006088
0.601422190666
0.600802659988
0.600178301334
0.599559366703
0.598939597607
0.598314523697
0.597689568996
0.597073793411
0.596469283104
0.595862984657
0.595248281956
0.594625353813
0.594003021717
0.593377232552
0.592751979828
0.592128694057
0.591504335403
0.590877950191
0.590252399445
0.589635908604
0.589017033577
0.58839070797
0.587765336037
0.587130129337
0.586486101151
0.585830032825
0.585159599781
0.58448690176
0.583796739578
0.583097159863
0.582376897335
0.581642687321
0.580891549587
0.580141305923
0.579362809658
0.57857209444
0.577756285667
0.576918303967
0.576057672501
0.575149893761
0.574236392975
0.573313951492
0.57236123085
0.571443080902
0.57055658102
0.569676458836
0.568803727627
0.567949533463
0.567102372646
0.566278576851
0.565460801125
0.564633309841
0.56380623579
0.562978446484
0.562152028084
0.561328291893
0.560501754284
0.559672772884
0.558836936951
0.558026075363
0.557224869728
0.556427955627
0.555623054504
0.554815292358
0.554002165794
0.553189754486
0.552381396294
0.551573514938
0.550756812096
0.549940884113
0.549108803272
0.548274576664
0.547441363335
0.546599090099
0.545771479607
0.544960200787
0.544151186943
0.543344855309
0.542544603348
0.541743516922
0.5409309268
0.540134549141
0.539350569248
0.538567960262
0.537788331509
0.537010073662
0.536235153675
0.535474836826
0.534708440304
0.533930063248
0.533154010773
0.532387137413
0.531651496887
0.530911326408
0.530175507069
0.529446661472
0.528720915318
0.527995407581
0.527266740799
0.526546359062
0.525828719139
0.525107860565
0.52438890934
0.523652911186
0.522903323174
0.522143900394
0.521379351616
0.520615279675
0.51984578371
0.519073903561
0.518302440643
0.51751345396
0.51671642065
0.515920639038
0.515121102333
0.514320790768
0.513520777225
0.512727439404
0.511928260326
0.511134207249
0.510343849659
0.509553134441
0.508767485619
0.507979393005
0.507197737694
0.506417155266
0.505631744862
0.504848361015
0.504059553146
0.503255546093
0.502444624901
0.501633942127
0.500813901424
0.499989390373
0.499164074659
0.498325407505
0.497468292713
0.496601223946
0.495737373829
0.494864404202
0.493992656469
0.493125736713
0.492259472609
0.491406589746
0.49055776
0.48970618844
0.488857358694
0.488010883331
0.487176924944
0.486367374659
0.485556483269
0.48474881053
0.483954161406
0.483177065849
0.482402533293
0.481628477573
0.480853646994
0.480084300041
0.479314059019
0.478545129299
0.477776944637
0.477004051208
0.476240962744
0.475480616093
0.474727153778
0.473973870277
0.473220825195
0.472474932671
0.47172999382
0.470984607935
0.470239788294
0.469498902559
0.468760043383
0.46802675724
0.467300415039
0.46656909585
0.465835720301
0.465105682611
0.464378386736
0.463657140732
0.462941020727
0.462225317955
0.461499094963
0.460772931576
0.460051119328
0.459325551987
0.458605140448
0.457878530025
0.457158982754
0.456443756819
0.455727130175
0.455012798309
0.45429444313
0.453579723835
0.452867954969
0.452154099941
0.451445013285
0.450731009245
0.45001578331
0.449312448502
0.448616534472
0.447924643755
0.447238743305
0.446561783552
0.445882111788
0.445203602314
0.444534361362
0.443865418434
0.443186730146
0.44250652194
0.441821068525
0.441130548716
0.440436154604
0.439739406109
0.439039200544
0.438327103853
0.437618136406
0.436925053596
0.436238855124
0.435550808907
0.434863209724
0.434175670147
0.433491021395
0.432811170816
0.432126551867
0.431448966265
0.430778384209
0.430116385221
0.429453402758
0.428781062365
0.428105860949
0.427428990602
0.426740258932
0.426050841808
0.425358682871
0.42466917634
0.423977315426
0.423290342093
0.422602802515
0.421923041344
0.421243697405
0.420563787222
0.419883221388
0.419201999903
0.418524086475
0.417847573757
0.417172551155
0.416496992111
0.415814757347
0.415134847164
0.414444029331
0.413741737604
0.41303563118
0.412313252687
0.41158759594
0.410854667425
0.4101100564
0.4093567729
0.408595532179
0.40784740448
0.407113939524
0.406377345324
0.405663400888
0.404953926802
0.404242128134
0.403529942036
0.402819007635
0.402114093304
0.401414215565
0.400715649128
0.400014549494
0.399303376675
0.398593664169
0.397891193628
0.397184729576
0.396484255791
0.395789027214
0.395088940859
0.394382536411
0.393687844276
0.393000245094
0.392316192389
0.391626566648
0.390937328339
0.390251278877
0.389568686485
0.388899117708
0.38822966814
0.387555301189
0.386893182993
0.386231958866
0.38556599617
0.38491076231
0.384257256985
0.383610785007
0.382972985506
0.382335752249
0.381701916456
0.381069749594
0.380443841219
0.379816681147
0.379190772772
0.37856143713
0.377936512232
0.377308756113
0.376677811146
0.376055210829
0.375425755978
0.374796807766
0.374171227217
0.373542606831
0.372912675142
0.372283011675
0.371649086475
0.371018350124
0.370386600494
0.369750082493
0.369115233421
0.368479967117
0.367842912674
0.367200195789
0.366551101208
0.365893393755
0.365228950977
0.364555537701
0.363879978657
0.363200336695
0.36251488328
0.361817419529
0.361125320196
0.360428661108
0.359724104404
0.35902145505
0.358317047358
0.35761153698
0.356909036636
0.356240332127
0.355582296848
0.354926943779
0.354273438454
0.353614628315
0.352954477072
0.352279663086
0.351604193449
0.350923299789
0.350243955851
0.349564611912
0.348877102137
0.34819239378
0.347503244877
0.346796631813
0.34607514739
0.345348387957
0.344611942768
0.343869239092
0.343123495579
0.342376708984
0.341619729996
0.340842753649
0.340062588453
0.339284896851
0.338516592979
0.33774459362
0.336944848299
0.33614090085
0.335325926542
0.334516644478
0.333705365658
0.332892894745
0.332089692354
0.331307321787
0.330544143915
0.329790323973
0.329040855169
0.328297644854
0.327571004629
0.326846539974
0.326118588448
0.325384438038
0.324630260468
0.323829680681
0.322929650545
0.322005629539
0.321043670177
0.320111751556
0.319208592176
0.318284183741
0.317375540733
0.316546559334
0.315727382898
0.314921915531
0.314102470875
0.313287675381
0.312475711107
0.311679720879
0.310862839222
0.310076624155
0.309303104877
0.308536738157
0.307777822018
0.307026833296
0.306286871433
0.305568367243
0.304843038321
0.304110854864
0.303387969732
0.302674472332
0.301970630884
0.301264852285
0.30057618022
0.299883633852
0.2991758883
0.298442274332
0.297707825899
0.296977728605
0.296240866184
0.29548740387
0.294736385345
0.293993383646
0.293235987425
0.292462408543
0.291682928801
0.290892362595
0.290085166693
0.289190500975
0.288273066282
0.28735011816
0.286424189806
0.285540133715
0.284646779299
0.283806562424
0.28296148777
0.282089591026
0.281208515167
0.280288398266
0.279362469912
0.278436362743
0.277522623539
0.276630580425
0.275746673346
0.274881660938
0.274042963982
0.27320304513
0.2723749578
0.271539896727
0.270683020353
0.26981446147
0.268953621387
0.268085449934
0.267218291759
0.266332745552
0.265444666147
0.264551192522
0.263662278652
0.262765914202
0.261949449778
0.261142402887
0.260326325893
0.259522080421
0.258721828461
0.257939279079
0.257172048092
0.256409794092
0.25565123558
0.254894882441
0.254149615765
0.253393143415
0.252643972635
0.251913040876
0.251173228025
0.250438928604
0.249709248543
0.249635487795
0.24956177175
0.249487683177
0.24941380322
0.249340340495
0.249267548323
0.249194934964
0.249122068286
0.249049335718
0.248977407813
0.24890601635
0.248834595084
0.248764142394
0.248694032431
0.248623803258
0.248553276062
0.248482808471
0.248412415385
0.248343154788
0.248274236917
0.248204484582
0.248134925961
0.248065635562
0.247996583581
0.247928008437
0.247859865427
0.247791901231
0.247724175453
0.24765650928
0.247588440776
0.247520536184
0.247452825308
0.247385978699
0.247317895293
0.247250586748
0.247183978558
0.247117564082
0.247051641345
0.246985957026
0.246920213103
0.24685446918
0.246788606048
0.246723160148
0.246657624841
0.246591970325
0.246527329087
0.246462598443
0.246397972107
0.246332898736
0.246269136667
0.24620527029
0.246140360832
0.246075361967
0.246011927724
0.245948702097
0.245885148644
0.245823487639
0.245761558414
0.245699062943
0.24563626945
0.245573535562
0.245511621237
0.245449349284
0.245387852192
0.245326295495
0.245264455676
0.245202854276
0.245140701532
0.245079740882
0.245018169284
0.244957178831
0.244895905256
0.244834885001
0.244773313403
0.24471308291
0.24465341866
0.244593471289
0.2445333004
0.244474098086
0.244414314628
0.24435377121
0.244293838739
0.244234144688
0.244174659252
0.244115322828
0.244055479765
0.243996113539
0.243936643004
0.243877544999
0.243818670511
0.243759825826
0.243700534105
0.243641421199
0.243582546711
0.243523865938
0.243464887142
0.24340634048
0.243348062038
0.243289589882
0.243231222034
0.243173629045
0.243115797639
0.243057385087
0.242999643087
0.242941632867
0.242883488536
0.242825746536
0.242768853903
0.242711186409
0.24265307188
0.242596775293
0.242539331317
0.24248200655
0.242425084114
0.242368131876
0.242311313748
0.242254734039
0.242197364569
0.242139682174
0.242083758116
0.242028191686
0.24197191
0.24191686511
0.241861850023
0.241806253791
0.241750910878
0.241695716977
0.241640821099
0.241585478187
0.241529747844
0.241475999355
0.241420984268
0.241366460919
0.241312280297
0.241257235408
0.241202682257
0.241147741675
0.241094335914
0.241040766239
0.24098713696
0.240933835506
0.240880414844
0.240826651454
0.240772977471
0.240719273686
0.240666612983
0.240613251925
0.240560099483
0.24050848186
0.24045573175
0.240402281284
0.240350008011
0.240297228098
0.240245446563
0.240193083882
0.24014133215
0.240088865161
0.240036189556
0.239983677864
0.239931002259
0.239879578352
0.239827305079
0.239775270224
0.239723429084
0.239671453834
0.239619597793
0.239567711949
0.239516302943
0.239464402199
0.239412844181
0.239360705018
0.239309132099
0.239257916808
0.239206597209
0.239154919982
0.239104449749
0.23905262351
0.239001393318
0.238950818777
0.238900065422
0.238848730922
0.238798186183
0.23874746263
0.238696739078
0.238647133112
0.238596737385
0.238545671105
0.238495126367
0.238444983959
0.238395363092
0.238346070051
0.238295689225
0.238245040178
0.23819449544
0.238144591451
0.238095656037
0.238045394421
0.237995609641
0.23794580996
