0.502439022064
0.43902438879
0.521951198578
0.434146344662
0.468292683363
0.468292683363
0.47804877162
0.463414639235
0.507317066193
0.47804877162
0.453658550978
0.487804889679
0.487804889679
0.517073154449
0.47804877162
0.487804889679
0.468292683363
0.492682933807
0.487804889679
0.497560977936
0.487804889679
0.517073154449
0.512195110321
0.512195110321
0.507317066193
0.502439022064
0.502439022064
0.517073154449
0.507317066193
0.482926815748
0.512195110321
0.497560977936
0.507317066193
0.502439022064
0.526829242706
0.551219522953
0.521951198578
0.531707346439
0.546341478825
0.536585390568
0.512195110321
0.546341478825
0.517073154449
0.531707346439
0.541463434696
0.546341478825
0.536585390568
0.521951198578
0.531707346439
0.521951198578
0.551219522953
0.536585390568
0.536585390568
0.56097561121
0.546341478825
0.551219522953
0.541463434696
0.56097561121
0.556097567081
0.56097561121
0.556097567081
0.556097567081
0.556097567081
0.56097561121
0.556097567081
0.551219522953
0.556097567081
0.556097567081
0.546341478825
0.556097567081
0.56097561121
0.56097561121
0.56097561121
0.56097561121
0.56097561121
0.56097561121
0.56097561121
0.56097561121
0.56097561121
0.56097561121
0.56097561121
0.556097567081
0.56097561121
0.56097561121
0.56097561121
0.56097561121
0.56097561121
0.56097561121
0.556097567081
0.56097561121
0.56097561121
0.56097561121
0.56097561121
0.56097561121
0.56097561121
0.56097561121
0.56097561121
0.56097561121
0.56097561121
0.56097561121
0.56097561121
0.56097561121
0.56097561121
0.56097561121
0.56097561121
0.56097561121
0.56097561121
0.56097561121
0.56097561121
0.56097561121
0.56097561121
0.56097561121
0.56097561121
0.56097561121
0.56097561121
0.56097561121
0.56097561121
0.56097561121
0.56097561121
0.56097561121
0.56097561121
0.56097561121
0.56097561121
0.56097561121
0.56097561121
0.56097561121
0.56097561121
0.56097561121
0.56097561121
0.56097561121
0.56097561121
0.56097561121
0.56097561121
0.56097561121
0.56097561121
0.56097561121
0.56097561121
0.56097561121
0.56097561121
0.56097561121
0.56097561121
0.56097561121
0.56097561121
0.56097561121
0.56097561121
0.56097561121
0.56097561121
0.56097561121
0.56097561121
0.56097561121
0.56097561121
0.56097561121
0.56097561121
0.56097561121
0.56097561121
0.56097561121
0.56097561121
0.56097561121
0.56097561121
0.56097561121
0.56097561121
0.56097561121
0.56097561121
0.56097561121
0.56097561121
0.56097561121
0.56097561121
0.56097561121
0.56097561121
0.56097561121
0.56097561121
0.56097561121
0.56097561121
0.56097561121
0.56097561121
0.56097561121
0.56097561121
0.56097561121
0.56097561121
0.56097561121
0.56097561121
0.56097561121
0.56097561121
0.56097561121
0.56097561121
0.56097561121
0.56097561121
0.56097561121
0.56097561121
0.56097561121
0.56097561121
0.56097561121
0.56097561121
0.56097561121
0.56097561121
0.56097561121
0.56097561121
0.56097561121
0.56097561121
0.56097561121
0.56097561121
0.56097561121
0.56097561121
0.56097561121
0.56097561121
0.56097561121
0.56097561121
0.56097561121
0.56097561121
0.56097561121
0.56097561121
0.653658509254
0.619512200356
0.687804877758
0.643902420998
0.629268288612
0.609756112099
0.634146332741
0.68292683363
0.668292701244
0.619512200356
0.634146332741
0.658536612988
0.68292683363
0.678048789501
0.678048789501
0.697560966015
0.658536612988
0.668292701244
0.702439010143
0.702439010143
0.687804877758
0.717073142529
0.7121950984
0.643902420998
0.692682921886
0.643902420998
0.643902420998
0.643902420998
0.68292683363
0.663414657116
0.663414657116
0.717073142529
0.707317054272
0.692682921886
0.702439010143
0.741463422775
0.687804877758
0.668292701244
0.653658509254
0.678048789501
0.634146332741
0.687804877758
0.673170745373
0.692682921886
0.68292683363
0.692682921886
0.673170745373
0.692682921886
0.697560966015
0.658536612988
0.668292701244
0.673170745373
0.7121950984
0.673170745373
0.721951246262
0.717073142529
0.697560966015
0.702439010143
0.697560966015
0.707317054272
0.692682921886
0.668292701244
0.639024376869
0.663414657116
0.68292683363
0.692682921886
0.7121950984
0.68292683363
0.668292701244
0.702439010143
0.663414657116
0.663414657116
0.687804877758
0.692682921886
0.692682921886
0.707317054272
0.692682921886
0.673170745373
0.7121950984
0.687804877758
0.697560966015
0.678048789501
0.692682921886
0.697560966015
0.673170745373
0.702439010143
0.673170745373
0.653658509254
0.678048789501
