0.69303381443
0.692997336388
0.692962229252
0.692927837372
0.692893743515
0.692860305309
0.692826867104
0.692793369293
0.692760705948
0.692728579044
0.692696094513
0.692663431168
0.692630469799
0.692597448826
0.692564666271
0.692531228065
0.692497372627
0.692463099957
0.692428588867
0.692393183708
0.692357182503
0.692320287228
0.692282795906
0.692244827747
0.692206501961
0.692167758942
0.692128896713
0.692089796066
0.692050218582
0.692009806633
0.691968202591
0.691926240921
0.691884040833
0.691841483116
0.691798388958
0.691755414009
0.691711962223
0.691667735577
0.691623091698
0.691578388214
0.691533148289
0.69148761034
0.691442251205
0.691396474838
0.691350519657
0.691304504871
0.691257596016
0.691210329533
0.691162407398
0.69111341238
0.691063582897
0.691013336182
0.690962612629
0.690910518169
0.690857648849
0.690804004669
0.690749585629
0.690694153309
0.690638542175
0.690581738949
0.690523147583
0.690462887287
0.690401256084
0.690338671207
0.690274953842
0.690210044384
0.690144181252
0.690077245235
0.690008401871
0.689938485622
0.689868032932
0.689796984196
0.689723968506
0.6896494627
0.68957310915
0.689495623112
0.689415514469
0.689332664013
0.689247965813
0.68916118145
0.689072370529
0.688980996609
0.688887655735
0.688792824745
0.688695967197
0.688596606255
0.688495099545
0.688391923904
0.688287854195
0.688182711601
0.688075304031
0.687965154648
0.68785315752
0.687738656998
0.687622487545
0.68750500679
0.687385082245
0.687262356281
0.687136828899
0.687008202076
0.686876535416
0.686740875244
0.686602056026
0.686460614204
0.686316132545
0.686166703701
0.686013281345
0.685855925083
0.685693860054
0.685524344444
0.685349166393
0.68516933918
0.684987187386
0.684802532196
0.684613704681
0.684421658516
0.68422293663
0.684015989304
0.68380188942
0.683583319187
0.683356285095
0.683123111725
0.682883501053
0.682634174824
0.68237555027
0.682110667229
0.68183618784
0.681555151939
0.681271731853
0.68098449707
0.680689573288
0.68038636446
0.680075824261
0.679760098457
0.679440379143
0.679114460945
0.67877805233
0.678435146809
0.67808508873
0.67773026228
0.677369475365
0.67700356245
0.67663025856
0.676250636578
0.675862848759
0.675469577312
0.675068557262
0.674658715725
0.674239754677
0.673813998699
0.673379838467
0.672938287258
0.67249083519
0.67203694582
0.671577870846
0.67110902071
0.670634150505
0.670154154301
0.669666409492
0.669174492359
0.668678164482
0.668177604675
0.667667210102
0.6671474576
0.666616797447
0.66608017683
0.665533900261
0.664978027344
0.664412200451
0.66383689642
0.663249015808
0.662653386593
0.662049651146
0.661435961723
0.660813808441
0.660183131695
0.659543454647
0.658897280693
0.658245801926
0.657587170601
0.656925320625
0.656262040138
0.655596673489
0.654922127724
0.654243707657
0.653558850288
0.65287065506
0.65218102932
0.651485681534
0.650781154633
0.65007019043
0.649352014065
0.64861792326
0.647882521152
0.647146821022
0.646401703358
0.645644724369
0.644882798195
0.644113659859
0.6433416605
0.642564356327
0.641780436039
0.640990555286
0.640198886395
0.639405488968
0.638604879379
0.637804269791
0.636999666691
0.636190950871
0.635379254818
0.63457274437
0.633763432503
0.63295006752
0.632137537003
0.631330192089
0.630526185036
0.629718244076
0.628902614117
0.628084361553
0.62726187706
0.626438856125
0.625617563725
0.624796330929
0.623977899551
0.623160302639
0.622343242168
0.621527671814
0.620707452297
0.619882583618
0.619059026241
0.618238210678
0.617417633533
0.616597533226
0.615786612034
0.614975988865
0.614172160625
0.613377690315
0.612584710121
0.611798405647
0.611015439034
0.610234797001
0.609458684921
0.608681499958
0.607901513577
0.607129096985
0.606364905834
0.605603992939
0.604841351509
0.604077994823
0.603312849998
0.602551281452
0.601793706417
0.601036071777
0.600269317627
0.599485039711
0.598695755005
0.597908854485
0.597122788429
0.596338391304
0.595552384853
0.594766736031
0.593975186348
0.593183636665
0.592388689518
0.59159040451
0.590802848339
0.59001916647
0.589237987995
0.588461041451
0.587687432766
0.586915016174
0.586139380932
0.585351169109
0.584559977055
0.583771467209
0.582987964153
0.582200348377
0.581406474113
0.580608487129
0.579816699028
0.579026758671
0.578237831593
0.577441096306
0.576648831367
0.575855731964
0.575063765049
0.574265420437
0.573460400105
0.572652518749
0.571853756905
0.57105833292
0.570266067982
0.569470524788
0.568668782711
0.567872226238
0.567083656788
0.566303253174
0.565525829792
0.564748048782
0.563973546028
