0.697397351265
0.75457572937
0.724221885204
0.703769564629
0.724715232849
0.762270569801
0.746368825436
0.727650046349
0.716255426407
0.734170734882
0.703447520733
0.732198417187
0.730212748051
0.724096238613
0.739776492119
0.719137966633
0.704068362713
0.752400040627
0.702108025551
0.720805048943
0.711787819862
0.772259771824
0.713719069958
0.707672536373
0.719125211239
0.717879056931
0.726837396622
0.755767464638
0.690185844898
0.750694453716
0.712251961231
0.706452965736
0.71646720171
0.75175255537
0.696422219276
0.690085232258
0.740486383438
0.728529274464
0.716384232044
0.690293610096
0.726600587368
0.723159432411
0.746774494648
0.736773014069
0.688360154629
0.736133575439
0.723312914371
0.690719664097
0.695925652981
0.699785232544
0.708728611469
0.739869475365
0.720766663551
0.724231243134
0.718295812607
0.709757566452
0.737438201904
0.7004352808
0.707784593105
0.728518307209
0.691695928574
0.735503017902
0.673487961292
0.769246816635
0.727774858475
0.724083125591
0.713959038258
0.703835904598
0.714435398579
0.707100749016
0.715178191662
0.682469785213
0.717216253281
0.728441357613
0.722451806068
0.719868481159
0.710696041584
0.73805898428
0.729140043259
0.714760839939
0.732503294945
0.720957219601
0.730143427849
0.70483225584
0.707795202732
0.712669432163
0.742277503014
0.751801133156
0.717255234718
0.705999314785
0.672395586967
0.692546546459
0.683888792992
0.721563279629
0.709115028381
0.705442547798
0.699921548367
0.687147796154
0.706261515617
0.747564911842
0.701362550259
0.700280964375
0.711758077145
0.724432826042
0.711379349232
0.710610151291
0.713460028172
0.695177018642
0.728323280811
0.688293755054
0.719557225704
0.701793968678
0.703711748123
0.718813061714
0.717899680138
0.721610963345
0.6969576478
0.745426476002
0.708576500416
0.710416197777
0.705183684826
0.702804625034
0.699399232864
0.68972748518
0.712444841862
0.714314103127
0.686956763268
0.69423186779
0.674969553947
0.713113546371
0.691293418407
0.715803623199
0.689014613628
0.709819078445
0.71112215519
0.680499136448
0.703958928585
0.717842578888
0.676015913486
0.696193575859
0.72431075573
0.665032684803
0.690100848675
0.70202422142
0.697373747826
0.677082061768
0.697853207588
0.716191411018
0.722665905952
0.694925844669
0.6975055933
0.739957928658
0.712635338306
0.727399587631
0.712810099125
0.715710163116
0.683276355267
0.739575326443
0.735760509968
0.712029576302
0.70222812891
0.707186818123
0.734892249107
0.718164145947
0.690333664417
0.704159677029
0.677886962891
0.709176361561
0.709565997124
0.723036766052
0.748045861721
0.671148061752
0.687402188778
0.716225385666
0.686116814613
0.712816655636
0.689225971699
0.732475817204
0.71867030859
0.702608287334
0.678481519222
0.685975730419
0.720443427563
0.683598518372
0.71638828516
0.725891232491
0.683059930801
0.70253610611
0.680436372757
0.713282227516
0.731565654278
0.697800040245
0.688926815987
0.723524570465
0.671727895737
0.714298307896
0.708053827286
0.711104094982
0.70160895586
0.667571008205
0.691024839878
0.670677006245
0.708618164062
0.710683226585
0.689268827438
0.723431110382
0.687841296196
0.670094430447
0.702940106392
0.674313306808
0.700831592083
0.712311923504
0.710513353348
0.681581616402
0.708725988865
0.699154436588
0.693345427513
0.697258710861
0.714289367199
0.710810303688
0.702077627182
0.708952069283
0.675831496716
0.704666495323
0.674780130386
0.693243682384
0.692746937275
0.712146282196
0.744955062866
0.699346244335
0.724262535572
0.698317945004
0.693307876587
0.704188942909
0.684732973576
0.700345814228
0.711701333523
0.715604782104
0.726423323154
0.686131715775
0.684822440147
0.739784657955
0.680580317974
0.71303743124
0.695017576218
0.708716928959
0.70581394434
0.702494859695
0.693693220615
0.707212209702
0.685438036919
0.679503679276
0.698304772377
0.719552695751
0.675584793091
0.685542941093
0.705229580402
0.689291596413
0.676570177078
0.690483510494
0.706533908844
0.687427580357
0.682263791561
0.703079760075
0.698441386223
0.678771734238
0.701699674129
0.711531877518
0.717726111412
0.682739853859
0.706262052059
0.707673549652
0.709183990955
0.683764278889
0.675284802914
0.695298790932
0.6867223382
0.674793660641
0.68938523531
0.685365378857
0.689819455147
0.679420888424
0.692745149136
0.687465488911
0.699123799801
0.687545418739
0.689973175526
0.696317374706
0.680822610855
0.708665549755
0.687408685684
0.696564018726
0.691203176975
0.691298186779
0.664697408676
0.699504137039
0.718529582024
0.681318938732
0.711885631084
0.68046438694
