0.746121644974
0.703690886497
0.670597195625
0.644655227661
0.63001614809
0.61767911911
0.585265696049
0.579381227493
0.561209201813
0.537531495094
0.516318917274
0.503308951855
0.481390655041
0.463488966227
0.439819216728
0.427885651588
0.403566300869
0.380278170109
0.355322092772
0.334640532732
0.32120603323
0.296014845371
0.280454427004
0.262179464102
0.246265947819
0.232341468334
0.211159527302
0.19514991343
0.182187080383
0.168746873736
0.154665827751
0.137466579676
0.122773192823
0.117289066315
0.104516938329
0.0939558818936
0.091332949698
0.0812825635076
0.0719431638718
0.0648074671626
0.0695563778281
0.0553596317768
0.0436316095293
0.0437581464648
0.0460313595831
0.0487111620605
0.0423881523311
0.0373554043472
0.0330840870738
0.0270063932985
0.0250602718443
0.024461613968
0.0227720811963
0.0235148984939
0.017420552671
0.0159580353647
0.0149205215275
0.025012947619
0.0127903539687
0.0131747080013
0.0102141285315
0.0132327638566
0.0103043466806
0.00806428305805
0.00836868491024
0.00660992087796
0.00799657870084
0.00635118037462
0.00490012206137
0.006908680778
0.00573167204857
0.00485208723694
0.00467930873856
0.00396742857993
0.00426593702286
0.00374185317196
0.00284921051934
0.00327311037108
0.00316912634298
0.00276806694455
0.00251734722406
0.00213215197437
0.00368655333295
0.00224442663603
0.00200466043316
0.00204660394229
0.00157612457406
0.00181329273619
0.00239163637161
0.00159022561274
0.00188215321396
0.0016561425291
0.00205610995181
0.00158751872368
0.00166817440186
0.00128891831264
0.00110693182796
0.0013934666058
0.00112891127355
0.00120542605873
0.00121004972607
0.00106325373054
0.00116422469728
0.00117407285143
0.00237536686473
0.00101372797508
0.000841390748974
0.00100287224632
0.0008852846222
0.000733154010959
0.00108833005652
0.00107971916441
0.00335184275173
0.000795617816038
0.00111663655844
0.000672259659041
0.000758810376283
0.00076805514982
0.000867762195412
0.000657734810375
0.000707714469172
0.000691410910804
0.000722915458027
0.000925303029362
0.00065039540641
0.00106374442112
0.000600106664933
0.000849589705467
0.000903270964045
0.000672241323628
0.000778026937041
0.000567345821764
0.000545440532733
0.000567562994547
0.00133795267902
0.000516894389875
0.00105745485052
0.000741702097002
0.000509981473442
0.000654816860333
0.000558522471692
0.000673306290992
0.000670359760989
0.000455406756373
0.000456275884062
0.000541002838872
0.000725570891518
0.000508687749971
0.000444947247161
0.000439315859694
0.00118554162327
0.000469319202239
0.000489176425617
0.00125057378318
0.00051301100757
0.000419760122895
0.000723284727428
0.000334590033162
0.000398934615077
0.000584189139772
0.000521597219631
0.00184040493332
0.000451372354291
0.0006005668547
0.000417492206907
0.000498308683746
0.000425069913035
0.00114078284241
0.000396816176362
0.000332043127855
0.000464716140414
0.000409159431001
0.000405202736147
0.000434168992797
0.000410111213569
0.00046774832299
0.000342307816027
0.000442304910393
0.000946849235334
0.000311096897349
0.000382834346965
0.000440074712969
0.00032615265809
0.000405514176236
0.000301042513456
0.000597277539782
0.000309268769342
0.000531659519766
0.000375191768399
0.00126915134024
0.00072989333421
0.000274948601145
0.000303059088765
0.00036094331881
0.000259996013483
0.000510584854055
0.000350862625055
0.000379785167752
0.000331529503455
0.000313184224069
