0.824338018894
0.820788562298
0.817202806473
0.813693583012
0.810247123241
0.806871831417
0.803535580635
0.800230741501
0.79695379734
0.793684780598
0.790457010269
0.787327766418
0.784270226955
0.78125923872
0.778287708759
0.775339722633
0.772419333458
0.769562661648
0.766725838184
0.763902008533
0.761102795601
0.758353948593
0.755615830421
0.752909600735
0.750236868858
0.747575998306
0.744943678379
0.742305099964
0.739657819271
0.736997008324
0.734353363514
0.731780707836
0.729264557362
0.726862847805
0.724511146545
0.722132265568
0.719742953777
0.717363297939
0.714992761612
0.712642908096
0.710307300091
0.707992613316
0.70569652319
0.703401982784
0.701136887074
0.698894500732
0.696693480015
0.694520890713
0.692348003387
0.690193355083
0.688070893288
0.685987055302
0.683919906616
0.681863248348
0.679784238338
0.677712023258
0.675691485405
0.673687458038
0.671702384949
0.669746160507
0.667821526527
0.665926873684
0.664049625397
0.662182450294
0.660315692425
0.658466637135
0.656631112099
0.654811501503
0.653009712696
0.651223361492
0.649466395378
0.647733688354
0.646016359329
0.64431643486
0.642626345158
0.640955269337
0.639299988747
0.637659907341
0.63602668047
0.634411334991
0.632815480232
0.631219685078
0.629630923271
0.628057062626
0.626501977444
0.624945044518
0.623400568962
0.621879041195
0.620363235474
0.618858575821
0.61735779047
0.615868091583
0.614393293858
0.61294811964
0.61151278019
0.610088646412
0.608671665192
0.607249796391
0.605828046799
0.60441416502
0.603012442589
0.601616621017
0.60023856163
0.598870158195
0.597518742085
0.596177637577
0.594840228558
0.59350001812
0.592154741287
0.590817630291
0.589487075806
0.588151574135
0.586835563183
0.585528612137
0.584228217602
0.582939207554
0.581652581692
0.58035749197
0.579068124294
0.577780008316
0.576500356197
0.575213968754
0.573919296265
0.572597324848
0.571267187595
0.569931268692
0.568593561649
0.567260682583
0.565934181213
0.564634025097
0.563338816166
0.562038958073
0.56073230505
0.559445023537
0.558157384396
0.556867480278
0.555572271347
0.554288327694
0.553002953529
0.551720380783
0.550491690636
0.549277067184
0.548063278198
0.546857476234
0.545653939247
0.544444024563
0.543237805367
0.542028188705
0.540819108486
0.539620280266
0.538427233696
0.537209808826
0.536004841328
0.534808933735
0.533617913723
0.532430291176
0.531248748302
0.53007465601
0.528916180134
0.527779579163
0.526644289494
0.525517165661
0.524387061596
0.523274302483
0.522175610065
0.521077215672
0.519974827766
0.518877327442
0.517777740955
0.516680002213
0.515583455563
0.514487206936
0.513402462006
0.51232534647
0.511257529259
0.510186731815
0.509116888046
0.508047580719
0.506977498531
0.505909740925
0.504842460155
0.503786325455
0.50272911787
0.501672148705
0.500618636608
0.499565005302
0.498512595892
0.497460484505
0.496420145035
0.495377242565
0.494319558144
0.493264645338
0.492210716009
0.491160333157
0.490116477013
0.489058583975
0.488001525402
0.486958265305
0.4859123528
0.484870642424
0.483823001385
0.482774376869
0.481724441051
0.480678528547
0.479632645845
0.478597730398
0.477589666843
0.476593434811
0.475592941046
0.474587082863
0.473581343889
0.472581744194
0.471583485603
0.470576733351
0.4695738554
0.468571573496
0.467573225498
0.466583311558
0.465612858534
0.46465280652
0.463679760695
0.462697446346
0.46172067523
0.460743665695
0.459769934416
0.458808928728
0.45784881711
0.456900656223
0.455956459045
0.455015450716
0.454079478979
0.453163415194
0.452253550291
0.451344788074
0.450444191694
0.449543237686
0.448644936085
0.447741836309
0.446847558022
0.445953309536
0.445063233376
0.444973260164
0.444881826639
0.444789767265
0.444698065519
0.44460734725
0.444517493248
0.444428235292
0.444338232279
0.444248080254
0.444158196449
0.444068789482
0.443978667259
0.443888366222
0.443798005581
0.443708986044
0.443619698286
0.443531095982
0.443441778421
0.443351775408
0.443262189627
0.443172633648
0.443083703518
0.442995280027
0.442906945944
0.442818313837
0.442730486393
0.442643225193
0.442556023598
0.442467987537
0.442377150059
0.442287564278
0.442198604345
0.442109048367
0.442019581795
0.441929638386
0.441839128733
0.441747665405
0.441657155752
0.441565066576
0.441472858191
0.441381901503
0.441291242838
0.441199481487
0.441107481718
0.441014707088
0.440922260284
0.440830349922
0.440738469362
0.440645843744
0.440553754568
0.440461069345
0.440368056297
0.440275579691
0.440183907747
0.440091311932
0.439999312162
0.439907491207
0.439815014601
0.439723283052
