0.688978850842
0.684170484543
0.687442302704
0.680674910545
0.668831884861
0.679758906364
0.683112919331
0.674911737442
0.671180546284
0.663068473339
0.668282985687
0.673074185848
0.666504502296
0.664623558521
0.664056539536
0.659079730511
0.655434072018
0.651143670082
0.646755099297
0.661273241043
0.649786651134
0.663693487644
0.648045659065
0.644895136356
0.641428947449
0.66396176815
0.639502763748
0.651223897934
0.636317133904
0.661996603012
0.650909841061
0.630402505398
0.644871115685
0.64277279377
0.64220482111
0.64441972971
0.645736932755
0.636602044106
0.625044345856
0.634819984436
0.636628985405
0.640898704529
0.623771011829
0.632480502129
0.618628621101
0.636285483837
0.624074935913
0.626623809338
0.621380627155
0.634576261044
0.61087501049
0.631386935711
0.624618291855
0.586842179298
0.60252314806
0.629308462143
0.617259979248
0.609161019325
0.609893083572
0.612059891224
0.58575129509
0.580346226692
0.598343670368
0.582056701183
0.60139387846
0.605285823345
0.596020579338
0.594437897205
0.590394556522
0.584087491035
0.571717739105
0.56344884634
0.568571865559
0.551154077053
0.587968409061
0.581217944622
0.55937153101
0.564363598824
0.570499122143
0.532270550728
0.544196724892
0.531135678291
0.559322059155
0.549218297005
0.539463102818
0.540903687477
0.503561556339
0.572991251945
0.554985821247
0.566154658794
0.506792902946
0.541254818439
0.523796021938
0.505748867989
0.541898727417
0.521311402321
0.498020231724
0.511509895325
0.535157501698
0.508351624012
0.503205776215
0.505578637123
0.478218257427
0.463905364275
0.498217105865
0.484774678946
0.494031429291
0.469448357821
0.509650707245
0.498301774263
0.498050630093
0.442453891039
0.454255372286
0.494985222816
0.455007344484
0.477330803871
0.50511777401
0.48554956913
0.447463423014
0.448465973139
0.45723631978
0.458357572556
0.443282872438
0.475180119276
0.442033410072
0.458804994822
0.449995756149
0.431548893452
0.430156439543
0.407960176468
0.413489669561
0.396452814341
0.459204852581
0.436566203833
0.412363409996
0.414450675249
0.436734616756
0.389225363731
0.40712288022
0.421463161707
0.369747370481
0.402473032475
0.397650510073
0.390315979719
0.411925166845
0.4182292521
0.397579133511
0.359346777201
0.403649389744
0.358203649521
0.38789242506
0.389624744654
0.356628000736
0.351416140795
0.382809311152
0.360482782125
0.395317077637
0.470551252365
0.398649722338
0.368359088898
0.389676839113
0.358701974154
0.381347954273
0.360144615173
0.373166978359
0.346927136183
0.338300228119
0.35915902257
0.408842653036
0.357550054789
0.377887994051
0.370766997337
0.357888787985
0.394081830978
0.36604231596
0.37800848484
0.410418629646
0.351375490427
0.387630879879
0.357317209244
0.307127863169
0.369996964931
0.357554614544
0.372289657593
0.417427480221
0.370784372091
0.350452035666
0.351476758718
0.381662875414
0.34653237462
0.33900231123
0.31111228466
0.362615406513
0.345382332802
0.317121595144
0.334745109081
0.349888771772
0.326992809772
0.317212969065
0.294413506985
0.329089581966
0.329904168844
0.311028629541
0.320521295071
0.281585156918
0.323206096888
0.298683255911
0.327303409576
0.331440389156
0.302834093571
0.348311275244
0.303741335869
0.29432874918
0.337543815374
0.386144459248
0.351336210966
0.317798435688
0.332361727953
0.333402693272
0.295698255301
0.328283816576
0.295898556709
0.316675841808
0.348816722631
0.309781968594
0.274472862482
0.269719481468
0.301020205021
0.284143447876
0.31641176343
0.312472134829
0.385548204184
0.308643370867
0.320714592934
0.307567536831
0.317833662033
0.321422159672
0.296862751245
0.326403051615
0.315160542727
0.278795599937
0.360482722521
0.29129293561
0.273028254509
0.35603004694
0.286369234324
0.31679058075
0.294602066278
0.331600874662
0.29720646143
0.35423964262
0.295949846506
0.279870122671
0.313271731138
0.327143013477
0.33225479722
0.322786569595
0.271778553724
0.276934444904
0.296864211559
0.304117828608
0.309992581606
0.370471775532
0.329265087843
0.295137941837
0.28195270896
0.282695293427
0.289615511894
0.316132962704
0.329772293568
0.284553319216
0.291840791702
0.292500406504
0.37970033288
0.27302262187
0.271251022816
0.294087082148
0.343351870775
0.306651890278
0.289168208838
0.287683188915
0.31896340847
0.323477625847
0.279973179102
0.277897894382
0.302346974611
0.273029834032
0.270346075296
0.301615267992
0.251654028893
0.320349276066
0.261612772942
0.320481836796
0.265936434269
0.294497132301
0.28801214695
0.27877047658
0.278637051582
0.326152384281
0.295037478209
0.275585353374
0.255958944559
0.266363114119
0.25302246213
0.24778714776
0.267286807299
0.277027755976
0.26306411624
0.308386266232
0.335134416819
0.277920514345
0.282294422388
0.227659314871
0.306923419237
0.303107619286
0.274341851473
0.242831289768
0.246561616659
0.278171807528
0.286203593016
0.266358345747
0.301296800375
0.268056958914
0.331811517477
0.285604417324
0.237282529473
0.288858354092
0.266221791506
0.286039143801
0.257282525301
0.30696195364
0.295053780079
0.222554683685
0.277703255415
0.305280327797
0.292171686888
0.276118993759
0.231769025326
0.245788574219
0.270022422075
0.254174351692
0.265556931496
0.277690261602
0.259830534458
0.246453851461
0.225417390466
0.213002026081
0.280583918095
0.307092398405
0.26243519783
0.266599655151
0.252325564623
0.210331737995
0.310980200768
0.233775109053
0.242989778519
0.199849009514
0.235034972429
0.2273735255
0.263424932957
0.276799410582
0.243981033564
0.26479113102
0.271443784237
0.255031764507
0.251274913549
0.270688772202
0.250057309866
0.192601755261
0.292802751064
0.24940289557
0.30641028285
0.229682520032
0.264716923237
0.29411444068
0.251346558332
0.255021840334
0.225950106978
0.227905064821
0.275087237358
0.260506927967
0.227424710989
0.278816461563
0.239950194955
0.295097619295
0.220799475908
0.267102986574
0.311192750931
0.236438766122
0.22244271636
0.249451294541
0.254293441772
0.24660409987
0.207658007741
0.25508955121
0.295427680016
0.237933158875
0.257914334536
0.244415834546
0.28153014183
0.221523880959
0.230232536793
0.250772416592
0.268358051777
0.315150856972
0.276871919632
0.250816643238
0.231683090329
0.219957157969
0.224548846483
0.219682976604
0.258652687073
0.238101273775
0.213010534644
0.241089776158
0.265194892883
0.23957824707
0.247196525335
0.232819408178
0.234500214458
0.25877609849
0.237366914749
0.261745870113
0.22838562727
0.197088882327
0.32947409153
0.285776346922
0.250263541937
0.235620677471
0.23086130619
0.212632626295
0.227410852909
0.186153396964
0.254783689976
0.259409099817
0.190547645092
0.226242542267
0.222148835659
0.27424710989
0.187703981996
0.249871820211
0.246460810304
0.225507050753
0.315194219351
0.231629520655
0.23551774025
0.260945320129
0.23469029367
0.256404399872
0.263751447201
0.187786534429
0.273248255253
0.253748089075
0.246993720531
0.249091729522
0.193260729313
0.243741035461
0.184954017401
0.151748865843
0.262842148542
0.217712014914
0.212231591344
0.231642380357
0.220330387354
0.19659794867
0.25760409236
0.275007933378
0.236348032951
0.250428855419
0.233258575201
0.254730284214
0.223950698972
0.22113506496
0.24301430583
0.231095045805
0.211823925376
0.242045879364
0.219478324056
0.243825927377
0.238243207335
0.216124013066
0.316789060831
0.215013027191
0.306816399097
0.215686365962
0.204430103302
0.21881686151
0.309551864862
0.214487984776
0.279058784246
0.208835989237
0.223534673452
0.237094283104
0.265217155218
0.197534441948
0.235980525613
0.240186035633
0.231026098132
0.200433120131
0.18260614574
0.263357847929
0.179161995649
0.246103018522
0.225738063455
0.240375012159
0.194355562329
0.241464108229
0.230240345001
0.237724199891
0.221844643354
0.217573851347
0.205983489752
0.199996367097
0.207020491362
0.195338904858
0.233690142632
0.219529166818
0.201121225953
0.232824981213
0.176685199142
0.231735602021
0.192724317312
0.230353489518
0.209434792399
0.188500717282
0.193207994103
0.16803561151
0.256039440632
0.232411921024
0.180621996522
0.226256504655
0.212684229016
0.187103822827
0.196892559528
0.226019024849
0.22038783133
0.181314200163
0.231606453657
0.266832143068
0.23274178803
0.190640553832
0.219703614712
0.212437883019
0.19872328639
0.242579013109
0.31088373065
0.209483668208
0.227330952883
0.20854909718
0.198872298002
0.254010498524
0.223529800773
0.234153285623
0.21546369791
0.23283597827
0.205443412066
0.201512590051
0.200349345803
0.268323689699
0.223395109177
0.225259020925
0.297961652279
0.218067899346
0.210337072611
0.190462514758
0.243602439761
0.211240634322
0.19272133708
0.196074023843
0.224515870214
0.264126807451
0.205553218722
0.253294050694
0.197243660688
0.216524451971
0.2677924335
0.27670443058
0.239940106869
0.258674502373
0.189618512988
0.221310570836
0.259123444557
0.272045463324
0.194822624326
0.227926284075
0.210547804832
0.213504731655
0.192079946399
0.232449412346
0.215288177133
0.201544746757
0.238816589117
0.195993304253
0.262936830521
0.239150673151
0.190864935517
0.218823984265
0.194424137473
0.248461410403
0.266368448734
