0.947032809258
0.821842074394
0.918228507042
0.925316631794
0.953571975231
0.862915873528
0.954203367233
0.899164617062
0.879907906055
0.852417290211
0.808412432671
0.880896449089
0.851625919342
0.931653082371
0.876471102238
0.775609970093
0.851105332375
0.794987440109
0.81354367733
0.833696007729
0.800932228565
0.790503799915
0.759788095951
0.769261777401
0.797503709793
0.785078823566
0.790255606174
0.749029755592
0.750842154026
0.822397828102
0.79439586401
0.79731297493
0.761852443218
0.749789059162
0.759176552296
0.775811672211
0.809176266193
0.719993770123
0.720517992973
0.799550950527
0.737176239491
0.797207295895
0.7362844944
0.710360765457
0.753051638603
0.787417650223
0.704076468945
0.751080870628
0.740303874016
0.751404643059
0.723167598248
0.706933438778
0.716451048851
0.695051074028
0.742414534092
0.731760323048
0.729826688766
0.790547013283
0.788438498974
0.702495276928
0.754169583321
0.744249284267
0.72151607275
0.700163960457
0.715709865093
0.787389039993
0.747535824776
0.799084424973
0.730198800564
0.702640712261
0.696001648903
0.683502316475
0.738755226135
0.738993704319
0.683263480663
0.707860887051
0.673185050488
0.735085785389
0.709148228168
0.748381078243
0.720567345619
0.72000849247
0.736758172512
0.727374434471
0.730557501316
0.733959376812
0.741750717163
0.704257845879
0.71913599968
0.70764786005
0.713275432587
0.685759007931
0.707947790623
0.703809916973
0.679052889347
0.676744580269
0.7027977705
0.693119525909
0.710890293121
0.709127485752
0.726338803768
0.7067745924
0.700303375721
0.725680589676
0.738518297672
0.708462238312
0.6927780509
0.703402161598
0.688545584679
0.689632058144
0.706099450588
0.7271438241
0.656027436256
0.706120848656
0.702297985554
0.715785622597
0.676903188229
0.708912491798
0.680227816105
0.684402346611
0.660313367844
0.687742292881
0.702093064785
0.700018763542
0.688319504261
0.707359194756
0.708878755569
0.703467786312
0.686413645744
0.686779141426
0.708312988281
0.673328995705
0.657994329929
0.67938888073
0.686344325542
0.701351583004
0.685649454594
0.68294352293
0.68387824297
0.675567924976
0.682705640793
0.671880066395
0.669905424118
0.688250005245
0.708929300308
0.684048116207
0.685043752193
0.711777091026
0.690030753613
0.695483148098
0.715067028999
0.658373713493
0.698012471199
0.666203737259
0.679110765457
0.677556335926
0.693301916122
0.687338411808
0.70326924324
0.694486200809
0.702618420124
0.66657012701
0.719569683075
0.682005941868
0.677473962307
0.668526113033
0.656367540359
0.693897545338
0.707685351372
0.67381799221
0.682887554169
0.705524802208
0.679209053516
0.668861925602
0.707095563412
0.668682098389
0.685956478119
0.659158408642
0.67987626791
0.661840796471
0.690511107445
0.680205881596
0.696350514889
0.70216435194
0.667998969555
0.668917894363
0.670774817467
0.671080887318
0.693188905716
0.668256342411
0.698924303055
0.691785097122
0.675690412521
0.703225851059
0.667991101742
0.706996262074
0.676077485085
0.696488559246
0.689694523811
0.675378739834
0.692164599895
0.691497921944
0.699019253254
0.688359022141
0.666296958923
0.691313505173
0.683722913265
0.676400840282
0.675485253334
0.701823592186
0.654664576054
0.67047649622
0.673352956772
0.682510733604
0.677731871605
0.654185175896
0.679482221603
0.673597753048
0.666824400425
0.6806640625
0.684978306293
0.662015020847
0.669997215271
0.689121127129
0.710755705833
0.685344517231
0.690689027309
0.6779037714
0.67642301321
0.681658029556
0.667621314526
0.671142995358
0.669552028179
0.664612531662
0.666302442551
0.659687697887
0.66968023777
0.686098277569
0.67950886488
0.65813690424
0.65684235096
0.699412703514
0.674566924572
0.692268311977
0.689468026161
0.665913999081
0.68003898859
0.679586708546
0.665944397449
0.687189042568
0.689821541309
0.682365894318
0.687836408615
0.658354580402
0.681530892849
0.698519587517
0.676900744438
0.697468519211
0.650487005711
0.679034948349
0.680596649647
0.687772333622
0.682918787003
0.688893377781
0.680034935474
0.670433759689
0.685613930225
0.677250802517
0.670201122761
0.646646261215
0.666572213173
0.680802822113
0.668957948685
0.709167182446
0.680040001869
0.683277130127
0.637100279331
0.643850207329
0.679913640022
0.663730382919
0.687785387039
0.668284058571
0.670876085758
0.645818054676
0.667144417763
0.668983876705
0.678447127342
0.660910844803
0.656439006329
0.664967596531
0.671379268169
0.687211275101
0.680716335773
0.675386548042
0.695478200912
0.677747189999
0.660134494305
0.666568636894
0.680592060089
0.649677574635
0.668422877789
0.660311639309
0.673362493515
0.657844007015
0.659303665161
0.681829631329
0.689450502396
0.67988461256
0.656129062176
0.675836265087
0.664384782314
0.668427228928
0.666100502014
0.678032696247
0.678430378437
0.651540756226
0.662974894047
0.658976793289
0.671902775764
0.667241513729
0.672789335251
0.678040146828
0.673706769943
0.692630946636
0.66057664156
0.695395171642
0.659938812256
0.711326479912
0.68880712986
0.684515058994
0.651372671127
0.647927165031
0.670207798481
0.660073459148
0.691685438156
0.649624407291
0.695169866085
0.652749240398
0.695854663849
0.688950419426
0.677798449993
0.678348720074
0.681887149811
0.675530254841
0.668746352196
0.673010349274
0.678346812725
0.658050835133
0.648793756962
0.662377655506
0.669624745846
0.682426571846
0.653435707092
0.685983419418
0.669468939304
0.661941170692
0.666011929512
0.662989616394
0.686761796474
0.66909879446
0.634568095207
0.659209907055
0.670362651348
0.663476407528
0.662850558758
0.663224518299
0.698890030384
0.67031443119
0.6593054533
0.672320604324
0.655017375946
0.680167138577
0.660822570324
0.666391074657
0.667233347893
0.643340170383
0.673762798309
0.676248848438
0.659134030342
0.69756937027
0.651295006275
0.667733550072
0.686825335026
0.651190638542
0.659094154835
0.665817379951
0.704575181007
0.675646662712
0.682879507542
0.682168006897
0.676087021828
0.64843660593
0.671768546104
0.67406898737
0.636368751526
0.687718629837
0.686727285385
0.667677402496
0.663392007351
0.651364207268
0.666555583477
0.688334822655
0.661297917366
0.63204240799
0.665700316429
0.681023657322
0.659383177757
0.665580630302
0.648335874081
0.661422967911
0.664403855801
0.659256637096
0.678081214428
0.645978808403
0.668885290623
0.693081319332
0.647561371326
0.661771655083
0.665613770485
0.677784264088
0.666945159435
0.628253519535
0.677811861038
0.65582036972
0.662970840931
0.671155750751
0.638128817081
0.672889530659
0.666991174221
0.686833441257
0.664116978645
0.657715499401
0.65650498867
0.656853735447
0.657887995243
0.677590250969
0.664822757244
0.677048265934
0.670436263084
0.662106394768
0.658060133457
0.657154381275
0.665056228638
0.662691295147
0.655952632427
0.65982657671
0.655070841312
0.67632907629
0.690744996071
0.655949890614
0.669492781162
0.68716609478
0.661796212196
0.650817573071
0.65258538723
0.654500901699
0.67213088274
0.670809805393
0.680012404919
0.645584762096
0.682226955891
0.669516444206
0.669764399529
0.650963544846
0.652734816074
0.645152926445
0.700826883316
0.630561113358
0.670449435711
0.673968374729
0.651726007462
0.647624075413
0.670498728752
0.660790145397
0.650410115719
0.646909713745
0.660980165005
0.692353785038
0.671675980091
0.641449511051
0.675416946411
0.645245194435
0.660498440266
0.648934364319
0.66469836235
0.656201601028
0.658892452717
0.649607121944
0.639768719673
0.654982566833
0.662285506725
0.666920721531
0.63731110096
0.651803195477
0.653929173946
0.656507194042
0.661681830883
0.666038990021
0.66304397583
0.664653599262
0.67873030901
0.655975937843
0.632123827934
0.692696154118
0.661740660667
0.634004771709
0.694827198982
0.653708457947
0.661603987217
0.658462107182
0.634001195431
0.67627710104
0.677668750286
0.656809449196
0.647492349148
0.642484724522
0.648654043674
0.656804025173
0.645301759243
0.663889229298
0.663075566292
0.645015954971
0.654020309448
0.68483453989
0.670954287052
0.673482000828
0.665916800499
0.663652658463
0.656333208084
0.658020436764
0.669728398323
0.667566120625
0.664721608162
0.680474579334
0.650750756264
0.665736377239
0.647963345051
0.677536427975
0.653475880623
0.671534836292
0.663786232471
0.647162020206
0.659754037857
0.67107963562
0.664577424526
0.651144981384
0.639541387558
0.640372395515
0.630430579185
0.653844475746
0.666305303574
0.686995208263
0.654210925102
0.660459041595
0.667902708054
0.667050480843
0.633790194988
0.649691462517
0.628856241703
0.671470403671
0.659523069859
0.68007171154
0.671300649643
0.649552941322
0.671172857285
0.683326542377
0.665675520897
0.658500552177
0.662218332291
0.649148344994
0.656581163406
0.646841585636
0.640965819359
0.671747624874
0.665092349052
0.661178648472
0.660173654556
0.65793633461
0.63256496191
0.660752356052
0.68280506134
0.659803509712
0.629923462868
0.642380416393
0.645820140839
0.666415154934
0.650386214256
0.682936787605
0.676446080208
0.659148037434
0.683552086353
0.665726959705
0.647841870785
0.666069805622
0.661150813103
0.633651196957
0.673036277294
0.68339908123
0.687376201153
0.657065629959
