0.692454516888
0.691227734089
0.691497206688
0.691097974777
0.690212130547
0.689196705818
0.689101219177
0.689103424549
0.688361465931
0.688224613667
0.687641263008
0.687162101269
0.686699032784
0.685817658901
0.686814904213
0.685675799847
0.683260262012
0.68576836586
0.684738218784
0.681410908699
0.678333282471
0.684371352196
0.681913554668
0.679705440998
0.679679453373
0.682193934917
0.676803588867
0.677414834499
0.673830330372
0.683016419411
0.674062788486
0.676651358604
0.686402201653
0.676242530346
0.681705057621
0.676961302757
0.672689139843
0.674663543701
0.679768204689
0.678234219551
0.675658643246
0.678128421307
0.674247324467
0.66864413023
0.663163423538
0.673034250736
0.672847092152
0.673002660275
0.678592145443
0.681292295456
