0.693147242069
0.693138539791
0.693129241467
0.693120121956
0.693111240864
0.693102180958
0.693093180656
0.693084180355
0.693075060844
0.693066120148
0.693056881428
0.693047881126
0.693038702011
0.69302970171
0.693020701408
0.693011522293
0.693002521992
0.692993402481
0.69298440218
0.692975282669
0.692966222763
0.692957162857
0.692948043346
0.69293910265
0.692930042744
0.692920982838
0.692911863327
0.692902803421
0.692893743515
0.692884743214
0.692875564098
0.692866563797
0.692857444286
0.69284838438
0.692839384079
0.692830443382
0.692821323872
0.692812263966
0.692803263664
0.692794144154
0.692785203457
0.692776143551
0.692767083645
0.692758083344
0.692749083042
0.692739963531
0.69273096323
0.692721903324
0.692712903023
0.692703902721
0.692694842815
0.692685842514
0.692676842213
0.692667901516
0.692658782005
0.692649722099
0.692640781403
0.692631840706
0.6926227808
0.692613840103
0.692604780197
0.692595720291
0.692586779594
0.692577660084
0.692568719387
0.692559659481
0.692550718784
0.692541778088
0.692532718182
0.692523777485
0.692514717579
0.692505836487
0.692496716976
0.692487776279
0.692478835583
0.692469775677
0.69246083498
0.692451894283
0.692442953587
0.692433893681
0.692424952984
0.692416012287
0.692407011986
0.692398011684
0.692389070988
0.692380070686
0.692371070385
0.692362129688
0.692353129387
0.69234418869
0.692335188389
0.692326307297
0.692317306995
0.692308306694
0.692299365997
0.692290425301
0.692281424999
0.692272484303
0.692263543606
0.692254543304
0.692245602608
0.692236721516
0.692227721214
0.692218840122
0.692209839821
0.692200899124
0.692191958427
0.692183017731
0.692174077034
0.692165195942
0.692156255245
0.692147314548
0.692138373852
0.692129433155
0.692120492458
0.692111551762
0.692102730274
0.692093729973
0.692084789276
0.692075908184
0.692066967487
0.692058146
0.692049145699
0.692040264606
0.692031443119
0.692022323608
0.692013561726
0.692004621029
0.691995739937
0.691986918449
0.691977918148
0.691969037056
0.691960155964
0.691951274872
0.69194239378
0.691933393478
0.691924452782
0.69191557169
0.691906988621
0.691897809505
0.691889047623
0.691880166531
0.691871285439
0.691862404346
0.69185346365
0.691844642162
0.69183588028
0.691826879978
0.691817998886
0.691809177399
0.691800296307
0.691791534424
0.691782593727
0.69177377224
0.691764891148
0.69175606966
0.691747248173
0.691738367081
0.691729664803
0.691720664501
0.691711843014
0.691703081131
0.691694259644
0.691685318947
0.691676437855
0.691667675972
0.69165879488
0.691650032997
0.691641151905
0.691632390022
0.691623568535
0.691614747047
0.691605865955
0.691597104073
0.691588401794
0.691579401493
0.691570580006
0.691561818123
0.69155305624
0.691544234753
0.69153547287
0.691526532173
0.6915178895
0.691509127617
0.691500306129
0.691491425037
0.691482782364
0.691473841667
0.691465198994
0.691456437111
0.691447556019
0.691438794136
0.691430091858
0.69142138958
0.691412508488
0.691403746605
0.691394984722
0.691386222839
0.691377520561
0.691368818283
0.691359937191
0.691351234913
0.691342532635
0.691333770752
0.691325068474
0.691316246986
0.691307485104
0.691298782825
0.691289961338
0.691281199455
0.691272735596
0.691263854504
0.691255152225
0.691246390343
0.691237747669
0.691228926182
0.691220343113
0.691211521626
0.691202878952
0.691194117069
0.691185534
0.691176831722
0.691168069839
0.691159427166
0.691150724888
0.69114202261
0.691133439541
0.691124737263
0.691116034985
0.691107332706
0.691098690033
0.691090047359
0.691081404686
0.691072642803
0.69106400013
0.691055357456
0.691046714783
0.691038012505
0.69102948904
0.691020846367
0.691012203693
0.691011309624
0.691010355949
0.691009521484
0.691008627415
0.69100779295
0.691007018089
0.69100612402
0.69100522995
0.69100433588
0.691003501415
0.69100266695
0.691001772881
0.691000878811
0.691000044346
0.690999150276
0.690998375416
0.690997481346
0.690996587276
0.690995752811
0.690994799137
0.690993905067
0.690993130207
0.690992355347
0.690991342068
0.690990626812
0.690989732742
0.690988838673
0.690988004208
0.690987110138
0.690986216068
0.690985381603
0.690984606743
0.690983593464
0.690982818604
0.690981984138
0.690981090069
0.690980195999
0.690979421139
0.690978586674
0.690977692604
0.690976798534
0.690975904465
0.69097507
0.690974235535
0.690973341465
0.690972507
0.69097173214
0.69097083807
0.690969944
0.690969049931
0.690968215466
0.690967381001
0.690966427326
0.690965652466
0.690964877605
0.690963983536
0.690963149071
0.690962255001
0.690961360931
