0.693137168884
0.692477762699
0.691725432873
0.690975010395
0.690047621727
0.689282059669
0.688215136528
0.686468422413
0.684461653233
0.681962192059
0.678811848164
0.673115074635
0.666917026043
0.661455094814
0.652253687382
0.642041325569
0.645046174526
0.639486789703
0.625259935856
0.633990228176
0.617511034012
0.613974273205
0.618786334991
0.618008255959
0.609537661076
0.601024150848
0.604494214058
0.585239470005
0.591735005379
0.590963959694
0.588914692402
0.595527291298
0.583131670952
0.576004624367
0.573231339455
0.572650611401
0.576283097267
0.562068939209
0.582925140858
0.579688549042
0.56990903616
0.554981946945
0.56464022398
0.54618024826
0.526358366013
0.570098757744
0.521587431431
0.547370195389
0.55093562603
0.574792861938
0.51467448473
0.516514003277
0.527056634426
0.527016758919
0.511647164822
0.518021166325
0.523325502872
0.530506312847
0.544021546841
0.529150009155
0.522885978222
0.53740555048
0.512679100037
0.502140283585
0.527757823467
0.494777202606
0.514866828918
0.501613438129
0.476790755987
0.493509203196
0.507090866566
0.503039300442
0.491669923067
0.501729249954
0.477949053049
0.481101572514
0.506365060806
0.47991707921
0.498059302568
0.503657996655
0.502353191376
0.487225055695
0.505612254143
0.465035200119
0.504154920578
0.486801624298
0.472584307194
0.505730211735
0.469607383013
0.465186923742
0.478733986616
0.49406054616
0.470251441002
0.492719858885
0.503140211105
0.476867645979
0.457892656326
0.466119468212
0.470365434885
0.457532256842
0.476774603128
0.459003657103
0.456722050905
0.44311517477
0.488979667425
0.455860495567
0.462894618511
0.493977457285
0.46294772625
0.470125645399
0.450857877731
0.462038844824
0.444467246532
0.42660805583
0.450168132782
0.426893532276
0.482932627201
0.444525331259
0.403059571981
0.460771292448
0.441394865513
0.460305631161
0.425326436758
0.462863266468
0.450181722641
0.419355005026
0.475962162018
0.467130929232
0.475479573011
0.444199562073
0.467561602592
0.442434996367
0.440606474876
0.414722412825
0.439446240664
0.44252166152
0.441717833281
0.405695319176
0.417138010263
0.415097951889
0.41640111804
0.427658706903
0.400466412306
0.419688820839
0.426966518164
0.407702624798
0.417527645826
0.454009503126
0.405326366425
0.392255008221
0.394378334284
0.416073530912
0.444503724575
0.396307826042
0.422551602125
0.453751862049
0.424943864346
0.417487472296
0.400342851877
0.414359271526
0.397585600615
0.443358719349
0.426508307457
0.39869043231
0.402626335621
0.405075401068
0.380961716175
0.403249412775
0.389615237713
0.371754050255
0.403582602739
0.392694562674
0.443705439568
0.408965617418
0.417524307966
0.413784861565
0.378125667572
0.399416148663
0.395223706961
0.395167738199
0.420348674059
0.371780246496
0.394046008587
0.423896819353
0.387660503387
0.394390791655
0.377823919058
0.402150124311
0.400875717402
0.370455861092
0.371120542288
0.364401727915
0.422190099955
0.384964346886
0.407970190048
0.427070587873
0.444458663464
0.369427502155
0.414915680885
0.400022208691
0.395633757114
0.395746082067
0.366639941931
0.441769003868
0.410121053457
0.354422748089
0.399220019579
0.402308136225
0.376387357712
0.372905224562
0.348325580359
0.362247407436
0.445070713758
0.396597951651
0.327063560486
0.353321939707
0.370101809502
0.39170435071
0.330256253481
0.369972378016
0.380934327841
0.355808228254
0.427419602871
0.366515815258
0.424681097269
0.36940485239
0.332282096148
0.344784200191
0.406732559204
0.381922721863
0.36627086997
0.356739610434
0.341902345419
0.342467963696
0.364220410585
0.363870859146
0.447431832552
0.315357387066
0.376527070999
0.409287750721
0.351629704237
0.392105698586
0.404771000147
0.383996874094
0.397786051035
0.393855392933
0.357009291649
0.344487696886
0.3547270298
0.333753556013
0.337123036385
0.343317329884
0.359927028418
0.391162186861
0.348144263029
0.347585499287
0.347946822643
0.380250066519
0.359269201756
0.428575724363
0.370913952589
0.408270776272
0.372416585684
0.358777761459
0.372076421976
0.37496560812
0.369037657976
0.373573929071
0.349859029055
0.400096714497
0.376309216022
0.35877841711
0.368109792471
0.351765215397
0.354296207428
0.364836752415
0.333532184362
0.389980107546
0.316466808319
0.380250960588
0.368564337492
0.287134200335
0.365870505571
0.334979772568
0.348440408707
0.378930211067
0.367944329977
0.367638111115
0.366462767124
0.38636392355
0.344963103533
0.352987974882
0.40042835474
0.359371215105
0.331273794174
0.389681786299
0.356678038836
0.363125324249
0.344875961542
0.320299834013
0.340880095959
0.367400169373
0.320980191231
0.346805632114
0.307791292667
0.343119114637
0.398672401905
0.332809448242
0.357065856457
0.327929913998
0.349487155676
0.339756727219
0.34736892581
0.371021687984
0.360814154148
0.398309856653
0.338056176901
0.381958454847
0.373920500278
0.330711483955
0.30415686965
0.374920964241
0.327687472105
0.372996449471
0.325021326542
0.362235695124
0.314750939608
0.370035916567
0.38264927268
0.313668221235
0.282393425703
0.332094877958
0.296167343855
0.309224843979
0.40314501524
0.335394352674
0.326006680727
0.382646799088
0.358134955168
0.294362485409
0.317927509546
0.350608199835
0.341198801994
0.372366756201
0.402567148209
0.332395553589
0.381955116987
0.395060271025
0.37759155035
0.323407679796
0.338180601597
0.374879777431
0.295414924622
0.323241889477
0.362759590149
0.376764029264
0.318230777979
0.325683802366
0.356326401234
0.333066105843
0.309346854687
0.319873332977
0.387645602226
0.336181670427
0.421117126942
0.296789467335
0.388180851936
0.372569173574
0.34304946661
0.324942678213
0.346278637648
0.36660477519
0.359298557043
0.323173940182
0.332873821259
0.338115155697
0.37461578846
0.315388590097
0.335871398449
0.316046357155
0.333443850279
0.356424182653
0.295251786709
0.286003738642
0.30160561204
0.320320606232
0.289053350687
0.34384098649
0.293622195721
0.326895624399
0.357390701771
0.291570305824
0.325254589319
0.325627446175
0.345916122198
0.352506250143
0.359605252743
0.324643105268
0.330781668425
0.273692131042
0.344859391451
0.317577838898
0.318787783384
0.297127336264
0.305798262358
0.367265582085
0.284678012133
0.355019718409
0.315611004829
0.303962081671
0.34469923377
0.288365960121
0.308249861002
0.343472808599
0.330208539963
0.383515805006
0.296528637409
0.333553642035
0.385372340679
0.318756818771
0.367376118898
0.282809644938
0.323227643967
0.281547874212
0.296489328146
0.285170584917
0.345622748137
0.286480754614
0.348389714956
0.332058787346
0.364130795002
0.32022112608
0.309250831604
0.2900865376
0.355630010366
0.355868518353
0.306709706783
0.373153090477
0.394831240177
0.350609898567
0.369100064039
0.306728988886
0.295969903469
0.316825091839
0.297220736742
0.363917946815
0.311902105808
0.359742969275
0.316818445921
0.339662283659
0.328391104937
0.30904173851
0.320069104433
0.332922577858
0.362876027822
0.323403328657
0.314096212387
0.283673644066
0.296381682158
0.336338073015
0.283579647541
0.355701208115
0.305232644081
0.322301328182
0.309922128916
0.317784428596
0.362725555897
0.297928333282
0.33605992794
0.345552146435
0.336138099432
0.260438472033
0.347435414791
0.35658249259
0.307156860828
0.378661483526
0.328798681498
0.322022885084
0.373503446579
0.280061930418
0.330794095993
0.33515381813
0.343754380941
0.320415019989
0.296810626984
0.300830930471
0.326870650053
0.340762525797
0.398055374622
0.359569638968
0.301078170538
0.350900739431
0.31668266654
0.321005254984
0.317908912897
0.346577316523
0.303746283054
0.348249852657
0.30558270216
0.303442239761
