0.691932916641
0.691531836987
0.69111174345
0.690556466579
0.690227389336
0.68970143795
0.688974201679
0.688864290714
0.687980115414
0.687742948532
0.686740577221
0.686065971851
0.68617194891
0.68501752615
0.684459328651
0.682171165943
0.6827429533
0.681558310986
0.680885195732
0.679231822491
0.67932677269
0.678671181202
0.676571130753
0.675463557243
0.676528930664
0.674303472042
0.672324419022
0.671693682671
0.670036435127
0.669728338718
0.669322311878
0.665975213051
0.665790855885
0.66756772995
0.664379298687
0.659805655479
0.658162951469
0.658315062523
0.658967256546
0.654690980911
0.653686106205
0.650190651417
0.648076951504
0.645023226738
0.649475097656
0.646571040154
0.640395700932
0.639875590801
0.641831874847
0.640679478645
0.636607050896
0.633555471897
0.638403773308
0.629145383835
0.63440901041
0.63045758009
0.630630850792
0.629697322845
0.622798025608
0.63000190258
0.633842229843
0.626728355885
0.624543368816
0.629470765591
0.619278311729
0.619287014008
0.614210903645
0.616159975529
0.618945360184
0.622688233852
0.609064102173
0.621508061886
0.602877080441
0.618334591389
0.609980881214
0.611815035343
0.608695030212
0.608856022358
0.611153781414
0.619738936424
0.604746520519
0.615823209286
0.599723637104
0.592590630054
0.602383553982
0.59485989809
0.601693868637
0.603774666786
0.593386292458
0.59049898386
0.592419087887
0.589666366577
0.601890623569
0.588300585747
0.589984953403
0.601552963257
0.578832566738
0.593680918217
0.600606679916
0.595257103443
0.584707975388
0.58654743433
0.575868487358
0.575074076653
0.595287561417
0.583269655704
0.585325717926
0.575589358807
0.573375105858
0.572927355766
0.590261518955
0.57956212759
0.591919660568
0.589834392071
0.571846365929
0.577983915806
0.580695092678
0.575432062149
0.569311738014
0.597785413265
0.574414908886
0.587076485157
0.566478252411
0.574808299541
0.566791713238
0.580261826515
0.569606721401
0.571924865246
0.566291093826
0.563936471939
0.558295488358
0.574083328247
0.556211948395
0.567181110382
0.560025691986
0.56327009201
0.574674725533
0.551620364189
0.563401281834
0.566367745399
0.56797349453
0.583357453346
0.572139024734
0.559346914291
0.550600588322
0.570607602596
0.56674438715
0.550038695335
0.56217777729
0.56299841404
0.556275904179
0.552255034447
0.55555164814
0.55648881197
0.547037363052
0.55454480648
0.577163338661
0.557948231697
0.5479850173
0.554588973522
0.545652270317
0.551721692085
0.549244880676
0.554112970829
0.538551151752
0.563087999821
0.541366875172
0.53927397728
0.560166835785
0.559193611145
0.548724889755
0.558125019073
0.543220698833
0.549971997738
0.542661726475
0.524820864201
0.548930704594
0.549736440182
0.548607409
0.550046443939
0.539154291153
0.522720754147
0.511444211006
0.55647778511
0.543661952019
0.549760639668
0.535426855087
0.53123664856
0.522119164467
0.536096990108
0.51914280653
0.535662591457
0.529089570045
0.522200584412
0.530624032021
0.518898069859
0.523544073105
0.513482868671
0.534744501114
0.520236551762
0.532813608646
0.530388116837
0.529529631138
0.528468251228
0.523541331291
0.527028858662
0.521491825581
0.531539857388
0.534766614437
0.524135828018
0.518919944763
0.529115021229
0.522433340549
0.527438163757
0.500593960285
0.507172346115
0.517658233643
0.527410149574
0.520125508308
0.526931524277
0.525659680367
0.519742131233
0.505795001984
0.522422611713
0.509192407131
0.525060117245
0.503243505955
0.512097895145
0.518587589264
0.514401853085
0.501635909081
0.515236854553
0.512034058571
0.500878512859
0.513810873032
0.514156341553
0.504381299019
0.548564314842
0.524258136749
0.509270429611
0.503008663654
0.50582921505
0.505994021893
0.522761821747
0.503255069256
0.507003545761
0.494688391685
0.506804823875
0.511850953102
0.499918222427
0.478682875633
0.510852217674
0.479728251696
0.472457915545
0.503276348114
0.494269102812
0.497312664986
0.485862761736
0.500056326389
0.491775512695
0.49502697587
0.495135873556
0.535500705242
0.485656559467
0.474791735411
0.505986630917
0.508330583572
0.514885008335
0.507412135601
0.479348570108
0.496681362391
0.476765304804
0.516192853451
0.502079188824
0.474509894848
0.50480556488
0.479648798704
0.504722177982
0.522510588169
0.483996361494
0.482217073441
0.491776078939
0.482526242733
0.502383053303
0.477042078972
0.510877370834
0.498490571976
0.513044238091
0.496481597424
0.479709297419
0.471901893616
0.483046293259
0.49563100934
0.500686883926
0.478118777275
0.500106573105
0.47681543231
0.473593592644
0.512702524662
0.483156710863
0.471824854612
0.480433881283
0.489449352026
0.480623036623
0.492718428373
0.475605428219
0.470030099154
0.468838989735
0.476213693619
0.470093786716
0.486531466246
0.471929490566
0.453585594893
0.488472998142
0.484908044338
0.501020312309
0.495235681534
0.477477014065
0.477829545736
0.476759701967
0.497990339994
0.442707389593
0.469967395067
0.486309885979
0.480416417122
0.472065478563
0.479681164026
0.472244977951
0.463637560606
0.460121721029
0.4719363451
0.468620479107
0.477663934231
0.468543827534
0.469133406878
0.467689484358
0.501876711845
0.495304167271
0.470769584179
0.459379196167
0.455332100391
0.460735797882
0.451831489801
0.451798796654
0.455432415009
0.462152510881
0.441052317619
0.461606055498
0.458155751228
0.446308255196
0.493048161268
0.457446068525
0.49445822835
0.46238642931
0.450086981058
0.472210109234
0.463048160076
0.47920769453
0.487263262272
0.466923743486
0.470010519028
0.457552790642
0.451385557652
0.472711116076
0.449339956045
0.455451846123
0.464544266462
0.464079320431
0.437809407711
0.469916075468
0.452822059393
0.45729085803
0.472258329391
0.485733360052
0.426383852959
0.467055618763
0.476807594299
0.442205101252
0.452628791332
0.463945418596
0.466013252735
0.488653421402
0.447584092617
0.431744843721
0.469798713923
0.446333289146
0.504917442799
0.431696593761
0.466310739517
0.447293788195
0.454503029585
0.454710364342
0.410905867815
0.442454576492
0.463059127331
0.444682061672
0.460103839636
0.47198626399
0.440732628107
0.448859721422
0.441247493029
0.465983867645
0.439075648785
0.456765264273
0.453641057014
0.483504593372
0.488616943359
0.416866183281
0.462237775326
0.447666674852
0.439619481564
0.446493655443
0.428571105003
0.428688198328
0.454173356295
0.471026301384
0.425970166922
0.419352829456
0.419443041086
0.472727119923
0.436316817999
0.453018069267
0.424800008535
0.413088589907
0.463544845581
0.425591677427
0.431946009398
0.409153699875
0.454080194235
0.434121102095
0.448115050793
0.435033410788
0.439146995544
0.470877051353
0.448827713728
0.433984398842
0.495118588209
0.440792441368
0.43059617281
0.411399841309
0.431976020336
0.441738665104
0.44750648737
0.460595190525
0.435377031565
0.453067451715
0.402343153954
0.440777361393
0.438811808825
0.427547216415
0.456139206886
0.434325218201
0.443326503038
0.467393517494
0.45443880558
0.475097715855
0.428707540035
0.408786892891
0.450414210558
0.42649936676
0.438271582127
0.464100271463
0.407880872488
0.440410256386
0.432784289122
0.457439601421
0.451350897551
0.456375837326
0.431798756123
0.451300114393
0.4311170578
0.434837967157
0.453447967768
0.438216805458
0.442024856806
0.422545671463
0.451087623835
0.427594989538
0.465459734201
0.438204646111
0.423491626978
0.414881110191
0.431217223406
0.424979150295
0.459930837154
0.440101116896
0.434629559517
0.429144054651
0.42438569665
0.396559178829
0.437689989805
0.475078701973
0.458566963673
0.45053768158
0.416319727898
0.446270227432
0.398299127817
0.465329229832
0.445120245218
0.413968861103
0.415422677994
0.414642393589
0.456908673048
0.395864009857
0.432724803686
0.444908946753
0.440748751163
0.419032365084
0.439271390438
0.437317937613
0.445547610521
0.438004016876
0.409304499626
0.433649271727
0.421509116888
0.439638584852
0.429385960102
0.40708398819
0.395482361317
0.446636140347
0.424663871527
0.423330575228
0.410844445229
0.488628655672
0.435083687305
0.411984920502
0.407814502716
0.421913266182
0.453730225563
0.414281189442
0.399339020252
0.423778891563
0.425878971815
0.409229189157
0.424932926893
0.397275835276
0.440770059824
0.399422258139
0.432318031788
0.437612324953
0.41470888257
0.477707237005
0.400003015995
0.406405389309
0.424929648638
0.438769072294
0.419951587915
0.413702309132
0.419440299273
0.411421656609
0.423340648413
0.44072046876
0.419276624918
0.429838240147
0.415132015944
0.421255558729
0.444900810719
0.403707951307
0.393258452415
0.426237791777
0.419280797243
0.418567031622
0.386066406965
0.442734777927
0.400336891413
0.404241830111
0.450426608324
0.432172894478
0.401759594679
0.413249760866
0.446417957544
0.40419024229
0.402778506279
0.409119963646
0.417137742043
0.418866574764
0.419878095388
0.417698830366
0.398342519999
0.433683812618
0.421588212252
0.409906297922
0.43150857091
0.40630209446
0.430648237467
0.399963200092
0.386692881584
0.370867609978
0.414391279221
0.444363355637
0.403983294964
0.453716993332
0.418148368597
0.401618927717
0.437398403883
0.379711478949
0.396195858717
0.410970181227
0.434806406498
0.4352876544
0.387682259083
0.397726595402
0.39164853096
0.418537944555
0.398292213678
0.403398990631
0.414818912745
0.416485369205
0.415695697069
0.454051941633
0.429602265358
0.393379628658
0.434439152479
0.405711054802
0.415322095156
0.387202203274
0.404431313276
0.41003164649
0.404260277748
0.396633774042
0.423038989305
0.43013715744
0.400789916515
0.376687586308
0.387642025948
0.422177344561
0.405775874853
0.417453289032
0.414586871862
0.396479040384
0.394697695971
0.399437367916
0.405311256647
0.42589405179
0.417162001133
0.425926834345
0.408111512661
0.389726281166
0.391290664673
0.417676091194
0.45711812377
0.376041918993
0.422222346067
0.407083362341
0.407582432032
0.403792977333
0.377348333597
0.383102476597
0.404238432646
0.439124703407
0.395679831505
0.464854925871
0.421460062265
0.416175961494
0.434054493904
0.424648165703
0.38738232851
0.411415994167
0.383818268776
0.447656393051
0.439540952444
0.498573094606
0.42491582036
0.434925496578
0.434635430574
0.439457774162
0.435010671616
0.388181477785
0.407641559839
0.393068194389
0.40845939517
0.431412190199
0.395463943481
0.416231244802
0.408193141222
0.434221297503
0.399001717567
0.421189844608
0.39434453845
0.401498794556
0.402207225561
0.430130600929
0.417530179024
0.411693662405
0.373908132315
0.40428173542
0.424573272467
0.379911988974
0.40852200985
0.444328159094
0.393153339624
0.413117915392
0.384535253048
0.410222500563
0.444474369287
0.39393594861
0.377216100693
0.436527371407
0.438570678234
0.430972218513
0.414241284132
0.42206966877
0.396111696959
0.383239388466
0.411274582148
0.397015184164
0.393961280584
0.397867381573
0.390970230103
0.413226515055
0.433453589678
0.411132544279
0.41965290904
0.408984065056
0.388260632753
0.420861512423
0.407601475716
0.384531110525
0.40680295229
0.402769595385
0.411136388779
0.398125708103
0.409843236208
0.428719222546
0.409371197224
0.401675999165
0.420613646507
0.404976785183
0.400074511766
0.402000874281
0.423731654882
0.400682628155
0.415944695473
0.395349115133
0.407977670431
0.395436495543
0.412959486246
0.415301889181
0.392564356327
0.426461279392
0.392906367779
0.415227681398
0.398653656244
0.418629199266
0.461694270372
0.423246055841
0.380250424147
0.388153731823
0.410292088985
0.431132256985
0.397343397141
0.402270495892
0.416390031576
0.380613088608
0.422682106495
0.414867937565
0.398532480001
0.431017458439
0.39977684617
0.383677572012
0.410328328609
0.431486338377
0.409847795963
0.419902533293
0.412488490343
0.426800400019
0.384489327669
0.407871901989
0.409300506115
0.428079515696
0.400363445282
0.387465238571
0.457433402538
0.406791508198
0.413204967976
0.410451889038
0.406265676022
0.402433902025
0.448718756437
0.386631071568
0.39766138792
0.379891633987
0.389831334352
0.415990918875
0.417135447264
0.459317028522
0.393772006035
0.406244069338
0.424755275249
0.380017012358
0.398616820574
0.42655852437
0.394958525896
0.41316819191
0.398170650005
0.416041761637
0.419535279274
0.413071870804
0.411591470242
0.438732504845
