0.693422198296
0.693258583546
0.692910313606
0.692950606346
0.691738367081
0.692216515541
0.691467225552
0.691121518612
0.690447390079
0.689742386341
0.690157711506
0.689063310623
0.689670324326
0.689324498177
0.688580930233
0.688557267189
0.688435018063
0.687844336033
0.687856674194
0.687551677227
0.687180459499
0.687467694283
0.686524391174
0.68710064888
0.686118364334
0.685755670071
0.685548067093
0.684196412563
0.683621764183
0.684249162674
0.683543741703
0.682861208916
0.684058606625
0.681863844395
0.680431008339
0.68063133955
0.680115044117
0.679504692554
0.681234121323
0.679485797882
0.678254663944
0.678212106228
0.678709745407
0.676724016666
0.677138388157
0.675914049149
0.67462927103
0.674620628357
0.673816084862
0.672617852688
0.672107100487
0.671810269356
0.670582413673
0.667919278145
0.670960187912
0.66812223196
0.66698205471
0.665005803108
0.664838075638
0.66393327713
0.665593743324
0.661025762558
0.659693062305
0.659638047218
0.659458935261
0.657932341099
0.65740865469
0.656902909279
0.655240893364
0.655639648438
0.650182425976
0.650931298733
0.64835524559
0.648451268673
0.644848942757
0.647016108036
0.646849989891
0.642405748367
0.641002058983
0.642359614372
0.638038694859
0.636458992958
0.634120941162
0.632164061069
0.634631037712
0.63345092535
0.631010770798
0.627906620502
0.628581702709
0.625314116478
0.620986998081
0.621825516224
0.61831921339
0.618635654449
0.616227984428
0.616036355495
0.616452336311
0.612105131149
0.611871182919
0.607205748558
0.61089015007
0.606333971024
0.602055311203
0.599940776825
0.607663214207
0.595962882042
0.598055720329
0.597301661968
0.590077877045
0.589963376522
0.589170634747
0.586045145988
0.590960323811
0.591102063656
0.582309424877
0.574492454529
0.576059877872
0.573773622513
0.572095453739
0.567620933056
0.566997766495
0.572089552879
0.565181970596
0.559944212437
0.556705117226
0.565789699554
0.564697384834
0.553806781769
0.548235058784
0.551524937153
0.545495212078
0.546642422676
0.53198236227
0.527859687805
0.545644104481
0.532247006893
0.532715678215
0.540590107441
0.52890765667
0.527465462685
0.523493051529
0.524268388748
0.523363232613
0.525328040123
0.513292610645
0.51857405901
0.514867126942
0.512554943562
0.503460049629
0.498207867146
0.500200390816
0.502122819424
0.500550866127
0.498571932316
0.496890336275
0.489214718342
0.491282999516
0.496324628592
0.479294866323
0.487468004227
0.485898733139
0.478674888611
0.474718898535
0.472140789032
0.473653614521
0.459203928709
0.471374183893
0.476734548807
0.470183283091
0.472057133913
0.46617937088
0.461810439825
0.450214445591
0.454888731241
0.461254954338
0.442013204098
0.463165163994
0.448941856623
0.441586047411
0.449295371771
0.437545478344
0.438614487648
0.438891083002
0.439262419939
0.449932038784
0.42836946249
0.418895512819
0.426541626453
0.433272987604
0.427716672421
0.428477734327
0.409714847803
0.406303614378
0.424090653658
0.416308104992
0.403483331203
0.421991407871
0.406831920147
0.400733828545
0.401499450207
0.407284408808
0.412456572056
0.401448696852
0.395586192608
0.3797981143
0.393661290407
0.401480913162
0.388419091702
0.408780097961
0.38905274868
0.368564844131
0.367397934198
0.386490613222
0.375583618879
0.388739466667
0.37613517046
0.382906496525
0.378726154566
0.371356278658
0.353513628244
0.376999795437
0.364863991737
0.373087972403
0.360369563103
0.370664745569
0.349128007889
0.362085431814
0.364885121584
0.358392417431
0.360144793987
0.372548997402
0.35775488615
0.342815458775
0.360089480877
0.347067892551
0.367713809013
0.368119925261
0.357358455658
0.336117655039
0.32992747426
0.345712959766
0.331482678652
0.337710261345
0.337035030127
0.330705195665
0.339858204126
0.316943883896
0.337169140577
0.339664697647
0.31680265069
0.323069542646
0.319941520691
0.321936488152
0.320024520159
0.335721731186
0.3263207376
0.328328132629
0.316432476044
0.318299084902
0.31503739953
0.303339958191
0.326134890318
0.321996837854
0.324404507875
0.311224579811
0.298004865646
0.318317085505
0.321733802557
0.319963246584
0.301511019468
0.31090810895
0.316594153643
0.315464556217
0.298447757959
0.293421447277
0.302033722401
0.294615924358
0.292035758495
0.274597555399
0.29104334116
0.292739897966
0.288382858038
0.299172788858
0.308824270964
0.31317293644
0.287443459034
0.289793729782
0.296886116266
0.290322989225
0.2870002985
0.310767710209
0.295643091202
0.290924429893
0.285788625479
0.309085965157
0.279563963413
0.280858784914
0.274592638016
0.303655683994
0.282822281122
0.289477020502
0.27960768342
0.296771854162
0.265568763018
0.257069855928
0.26567453146
0.303806334734
0.278880417347
0.27300003171
0.285678356886
0.307757556438
0.305235296488
0.266082644463
0.25533798337
0.300916522741
0.282947897911
0.262858718634
0.267111212015
0.285732775927
0.298904240131
0.265187442303
0.278114676476
0.274767935276
0.265871375799
0.254895538092
0.282627701759
0.250516355038
0.252596229315
0.244256809354
0.262072622776
0.284066617489
0.247059702873
0.273489356041
0.277693241835
0.276258647442
0.279041647911
0.260127454996
0.262618422508
0.252132922411
0.258834898472
0.266874581575
0.261551648378
0.244857549667
0.25740519166
0.278523653746
0.273894846439
0.245722219348
0.268430918455
0.241364225745
0.24699793756
0.249229103327
0.263383805752
0.243423223495
0.246081650257
0.241671264172
0.255951285362
0.257780313492
0.245615512133
0.242697969079
0.271043479443
0.271718204021
0.25911745429
0.247221380472
0.242382586002
0.25453555584
0.250780045986
0.261459410191
0.241249620914
0.220736429095
0.227522075176
0.232262134552
0.236811310053
0.262287527323
0.254423081875
0.231908991933
0.259431660175
0.257553249598
0.253611236811
0.240046322346
0.235173895955
0.229825615883
0.215703472495
0.223294809461
0.239246621728
0.237459734082
0.264535695314
0.241006657481
0.258150964975
0.251214563847
0.231346979737
0.253177076578
0.214985951781
0.266824275255
0.249565720558
0.255041658878
0.235488921404
0.207816049457
0.251727968454
0.247411742806
0.215923294425
0.213811472058
0.245910108089
0.234952822328
0.236681967974
0.225103780627
0.231336936355
0.233602270484
0.225975736976
0.253058820963
0.223559379578
0.241597488523
0.256615489721
0.224461257458
0.229005753994
0.241293862462
0.219411596656
0.195681020617
0.249729231
0.216785430908
0.252530068159
0.235749706626
0.219732418656
0.218459025025
0.224330991507
0.226233541965
0.233412504196
0.218177616596
0.244176998734
0.236244648695
0.23494900763
0.22507673502
0.201169461012
0.206121608615
0.253567963839
0.208655640483
0.214665293694
0.22473539412
0.214832365513
0.214296966791
0.210286587477
0.227222204208
0.212056383491
0.220195397735
0.235393926501
0.214003443718
0.229249700904
0.213587731123
0.226458743215
0.221842288971
0.224928736687
0.21364121139
0.203249707818
0.232160583138
0.207081794739
0.253829658031
0.244451209903
0.223131462932
0.209238827229
0.257200837135
0.215029194951
0.198749288917
0.209562391043
0.185170784593
0.223532810807
0.210952609777
0.22171549499
0.218841850758
0.188917249441
0.204585626721
0.205558016896
0.210520222783
0.26454821229
0.225920408964
0.226138785481
0.185767352581
0.225403979421
0.219279915094
0.178787663579
0.224545881152
0.230495601892
0.181245014071
0.224452003837
0.209596469998
0.216564461589
0.215910196304
0.23186545074
0.216521695256
0.190017685294
0.214378461242
0.247291743755
0.208441212773
0.203117057681
0.207133546472
0.182265564799
0.202288970351
0.231618076563
0.247216716409
0.229213699698
0.234189331532
0.227513238788
0.184079959989
0.236726567149
0.187204122543
0.258125454187
0.21670152247
0.223088428378
0.17568333447
0.196746498346
0.208292663097
0.201864138246
0.178678929806
0.203272268176
0.195473492146
0.182170778513
0.194644227624
0.209477603436
0.222173780203
0.223047584295
0.23927795887
0.181782007217
0.22293920815
0.175718963146
0.190497010946
0.222012743354
0.21738936007
0.181953728199
0.19191545248
0.200114771724
0.176803976297
0.209008619189
0.207530871034
0.259722560644
0.200660035014
0.213042154908
0.243159890175
0.16909737885
0.204962342978
0.19836910069
0.192588225007
0.189813345671
0.191885635257
0.168232440948
0.184174209833
0.181550964713
0.180943518877
0.184168964624
0.167087629437
0.169317305088
0.191682472825
0.17905087769
0.204353228211
0.212310418487
0.187051355839
0.195507705212
0.228735983372
0.191440939903
0.203916221857
0.201107874513
0.160250887275
0.168373465538
0.173926323652
0.183681517839
0.177363619208
0.181275114417
0.19179315865
0.184806451201
0.166411504149
0.190728127956
0.176713302732
0.155480802059
0.205653563142
0.17277623713
0.21861551702
0.184716194868
0.184789538383
0.193840101361
0.218301832676
0.205252110958
0.228517144918
0.230553358793
0.222116976976
0.205467760563
0.187462374568
0.220271959901
0.173427671194
0.204165205359
0.205086305737
0.165245085955
0.165871351957
0.172269463539
0.189211890101
0.219863593578
0.215514287353
0.224639460444
0.211734950542
0.18287293613
0.180329665542
0.225304052234
0.203147813678
0.20676638186
0.188977539539
0.176857024431
0.217465355992
0.246466994286
0.149654448032
0.169807523489
0.157231852412
0.211031883955
0.14921374619
0.164800137281
0.175906360149
0.194903939962
0.189358443022
0.200730398297
0.195055708289
0.201682060957
0.192812919617
0.21243044734
0.197877675295
0.173682242632
0.162442058325
0.172641679645
0.198463082314
0.185529440641
0.201600536704
0.180335626006
0.171099916101
0.175775840878
0.184066563845
0.185690954328
0.17726354301
0.158631637692
0.201536610723
0.222159817815
0.237905398011
0.178444802761
0.17245349288
0.163060516119
0.186415433884
0.187021717429
0.1757568717
0.183334112167
0.16391274333
0.16742554307
0.19533675909
0.151461184025
0.181187137961
0.211180359125
0.171225309372
0.181595250964
0.201333224773
0.185124054551
0.16561844945
0.188072636724
0.207801952958
0.183576777577
0.234674811363
0.161410599947
0.178810924292
0.183565631509
0.212223812938
0.232804268599
0.196867123246
0.193411290646
0.194968894124
0.197749510407
0.170529678464
0.178051799536
0.197114259005
0.189987286925
0.196594402194
0.164103552699
0.189180701971
0.157528758049
0.21725076437
0.223576650023
0.167546316981
0.182643279433
0.187965855002
0.191147178411
0.16803906858
0.167159035802
0.167340621352
0.211377859116
0.150070160627
0.169034987688
0.183125942945
0.196296215057
0.152557849884
0.177591502666
0.142451062799
0.178156852722
0.18765181303
0.163087084889
0.166621491313
0.183394983411
0.220639154315
0.177963480353
0.15727211535
0.175730168819
0.153171554208
0.181090712547
0.199970543385
0.17141290009
0.178125634789
0.174294650555
0.18353112042
0.16248062253
0.148681610823
0.201661944389
0.185683459044
0.187540903687
0.167137205601
0.190199911594
0.220756515861
0.197496622801
0.190610602498
0.185867488384
0.197619855404
0.181621477008
0.150849610567
0.207967668772
0.16195012629
0.179905667901
0.187430664897
0.237752065063
0.174564287066
0.162240147591
0.168970271945
0.172539502382
0.215817332268
0.182553470135
0.189401879907
0.169777542353
0.175933808088
0.182822778821
0.197444483638
0.148751288652
0.211977720261
0.227019041777
0.14808793366
0.169986873865
0.155923649669
0.205917969346
0.192393198609
0.157495230436
0.222087159753
0.181836500764
0.188157975674
0.180718690157
0.15341180563
0.21631488204
0.132510975003
0.207058832049
0.165431171656
0.188879996538
0.203203633428
0.230900630355
0.196014881134
0.196896374226
0.218931913376
0.235855907202
0.20127594471
0.189659714699
0.192210242152
0.219825834036
0.191125005484
0.172807574272
0.137971669436
0.170803755522
0.179209381342
0.208416596055
0.20559155941
0.169285058975
0.169196024537
0.188808113337
0.176416113973
0.157086536288
0.155665948987
0.196328952909
0.210589751601
0.166286528111
0.200549408793
0.181537464261
0.191105663776
0.186278000474
0.178325474262
0.138090327382
0.15359480679
0.155409097672
0.170543536544
0.167365431786
0.172356843948
0.172224655747
0.159696519375
0.160097107291
0.169804304838
0.146565467119
0.187338724732
0.122404836118
0.181887149811
0.181826859713
0.147476345301
0.204507112503
0.141564577818
0.198974311352
0.219084560871
0.1686937958
0.143439337611
0.203997954726
0.179454177618
0.210457071662
0.153632491827
0.180545598269
0.141622424126
0.141517773271
0.215534597635
0.182452693582
0.158017754555
0.145388975739
0.171322628856
0.184791311622
0.164451777935
0.173529103398
0.152234762907
0.143681153655
0.177695855498
0.186656430364
0.218298971653
0.217114180326
0.173824474216
0.166097104549
0.146891593933
0.211849525571
0.192686393857
0.198824957013
0.194951504469
0.176538571715
0.177249312401
0.163545191288
0.152139112353
0.188083142042
0.160666659474
0.205888569355
0.165044277906
0.159562379122
0.204263150692
0.160755008459
0.176618546247
0.171100154519
0.197669148445
0.193385317922
0.133307978511
0.163167119026
0.239144727588
0.186405539513
0.158763721585
0.167255833745
0.13737860322
0.149634316564
0.178268134594
0.172159731388
0.171244606376
0.190680637956
0.190245166421
0.184483349323
0.126522913575
0.181928232312
0.159516125917
0.130763873458
0.227458298206
0.139922097325
0.176946878433
0.168046995997
0.19704374671
0.140020385385
0.140523090959
0.211738064885
0.2057261765
0.171711921692
0.185800537467
0.192837566137
0.160083442926
0.203863233328
0.161457598209
0.19022294879
0.16379506886
0.166261404753
0.149657160044
0.184370577335
0.161436215043
0.152448028326
0.209233894944
0.187457382679
0.133049696684
0.167801782489
0.18370603025
0.167094439268
0.188719511032
0.187560036778
0.207057639956
0.159584566951
0.201537802815
0.159081280231
0.169335961342
0.192291557789
0.202485710382
0.171324208379
0.156146645546
0.154001191258
0.193277001381
0.160090863705
0.17372110486
0.165841817856
0.197335511446
0.217634543777
0.182932525873
0.172696590424
0.162373393774
0.213469326496
0.18307313323
0.15059556067
0.200726106763
0.156145185232
0.192574232817
0.154961571097
0.148714452982
0.183574691415
0.182631626725
0.181898728013
0.199642688036
0.153747797012
0.165548667312
0.200338378549
0.131124019623
0.162342905998
0.191085964441
0.158081486821
0.203133359551
0.17089869082
0.153496563435
0.177612915635
0.20756290853
0.177493885159
0.187061145902
0.179983466864
0.14711086452
0.154064491391
0.183703914285
0.138074740767
0.150601685047
0.167777642608
0.175450742245
0.165726229548
0.17432641983
0.183123633265
0.152137547731
0.179470717907
0.175153419375
0.157902002335
0.141629219055
0.244648933411
0.180155277252
0.134022146463
0.165165156126
0.174233809114
0.150163933635
0.165778413415
0.180784717202
0.182721287012
0.181333199143
0.156681761146
0.170760735869
0.21878695488
0.163304999471
0.156907036901
0.165375798941
0.164907500148
0.158561646938
0.172413036227
0.161554545164
0.193020105362
0.153982803226
0.181134745479
0.146570265293
0.176782876253
0.182101100683
0.159023717046
0.196194380522
0.165887877345
0.163021922112
0.174778789282
0.165586426854
0.146139591932
0.219215780497
0.165826380253
0.162169232965
0.187362954021
0.14740422368
0.154360681772
0.205690741539
0.192176371813
0.179504722357
0.158591970801
0.15440069139
0.138348728418
0.151686951518
0.185330092907
0.173518225551
0.144467294216
0.162318825722
0.164750933647
0.185833156109
0.184336781502
0.157410189509
0.130587935448
0.171600311995
0.177487447858
0.186246588826
0.178380265832
0.145667940378
0.1863258183
0.191255182028
0.209324985743
0.157732889056
0.180030271411
0.136039406061
0.140973493457
0.168696448207
0.145219415426
0.173065707088
0.169621765614
0.1684833318
0.19885648787
0.190332457423
0.229383185506
0.212868958712
0.204252034426
0.213746979833
0.142885044217
0.165967687964
0.214582711458
0.157716274261
0.18853251636
0.20210146904
0.153044492006
0.203047677875
0.190061360598
0.171809270978
0.143844783306
0.176291644573
0.175792068243
0.230092048645
0.15459382534
0.208127349615
0.190383940935
0.131826460361
0.166825607419
0.161898881197
0.154331445694
0.141988962889
0.20225609839
0.177237540483
0.161207705736
0.151468649507
0.200693994761
0.163875713944
0.149256691337
0.153719425201
0.169067412615
0.165663555264
0.216076210141
0.168095692992
0.161226332188
0.19538384676
0.183084771037
0.167417705059
0.14711008966
0.165051043034
0.193373039365
0.157778963447
0.172327846289
0.160253763199
0.19209985435
0.157351911068
0.185251921415
0.161430522799
0.179170653224
0.16867120564
0.168044000864
0.173968061805
0.157339125872
0.146430388093
0.210791572928
0.149276077747
0.166156038642
0.193505480886
0.152352824807
0.158255457878
0.188291415572
0.175978571177
0.197689712048
0.146885618567
0.173344835639
0.164456695318
0.173899203539
0.157416447997
0.14715731144
0.161570295691
0.160854697227
0.16155526042
0.201289236546
0.163509726524
0.162747874856
0.187240630388
0.182398870587
0.191051766276
0.174301221967
0.145277649164
0.221108824015
0.161873325706
0.184266030788
0.18787536025
0.135754257441
0.21511554718
0.177582263947
0.175615206361
0.201379582286
0.176217600703
0.201071351767
0.152747526765
0.172915309668
0.175789505243
0.184995248914
0.204074576497
0.148720785975
0.147732257843
0.180300533772
0.168069213629
0.141167148948
0.153911352158
0.197281181812
0.19077770412
0.146584287286
0.20892508328
0.172386005521
0.156456723809
0.119375616312
0.166311010718
0.187863349915
0.154063105583
0.180804669857
0.145201146603
0.182756513357
0.19243119657
0.188036501408
0.178018242121
0.201946914196
0.164044842124
0.144908979535
0.163107186556
0.200126171112
0.151126265526
0.166604533792
0.151747554541
0.193709656596
0.151850387454
0.202047139406
0.14225359261
0.141819685698
0.197604730725
0.173218920827
0.127607271075
0.160627856851
0.147298172116
0.155814811587
0.152957439423
0.150484681129
0.144313797355
0.201994284987
0.186989456415
0.162194490433
0.209256097674
0.228324040771
0.140492290258
0.16659386456
0.167556509376
0.200285971165
0.209970876575
0.146079421043
0.165680602193
0.176322937012
0.181758493185
0.162691518664
0.165411934257
0.18377186358
0.167188212276
0.158873394132
0.199836879969
0.165981158614
