0.693148136139
0.693127572536
0.693115949631
0.693111360073
0.693099617958
0.693085074425
0.693090796471
0.693073868752
0.693061590195
0.693050503731
0.693047523499
0.693035721779
0.693016886711
0.693029344082
0.693012654781
0.69300788641
0.693003416061
0.692987501621
0.692976057529
0.69295835495
0.692943274975
0.692946076393
0.692941009998
0.69293153286
0.692921459675
0.692914783955
0.692897617817
0.69288611412
0.692884922028
0.692869961262
0.692864179611
0.692850828171
0.692833781242
0.692825734615
0.692811667919
0.692834198475
0.692807555199
0.69279307127
0.69278049469
0.692792356014
0.692781090736
0.6927511096
0.692748606205
0.692742526531
0.692720115185
0.692710936069
0.692696154118
0.69270080328
0.692700624466
0.692673683167
0.692678928375
0.692662656307
0.692669987679
0.692642748356
0.692636489868
0.692632138729
0.692606031895
0.692614078522
0.692606031895
0.692566871643
0.692579329014
0.692566931248
0.692566633224
0.692567706108
0.692539393902
0.692520678043
0.692537546158
0.692505300045
0.692487299442
0.692499697208
0.692470490932
0.692474961281
0.692455530167
0.692463815212
0.692445456982
0.692442119122
0.692432165146
0.692432403564
0.692408263683
0.692382216454
0.692384302616
0.692373275757
0.692383110523
0.692361533642
0.69235509634
0.692340672016
0.692331135273
0.692316651344
0.692311644554
0.692304730415
0.692291140556
0.692279219627
0.692285478115
0.692264318466
0.692246317863
0.692228913307
0.692220330238
0.692208647728
0.692207753658
0.692219376564
0.692188262939
0.69217556715
0.692165911198
0.69216799736
0.692141413689
0.692146658897
0.692139267921
0.692129313946
0.692108035088
0.692114830017
0.69211858511
0.692080080509
0.692072451115
0.692062735558
0.692051649094
0.692035794258
0.692051410675
0.692026853561
0.691996216774
0.691995561123
0.691980421543
0.691981196404
0.69196844101
0.691968142986
0.691955447197
0.691950798035
0.691939890385
0.691900491714
0.691900610924
0.691894233227
0.691854655743
0.691874146461
0.691850483418
0.691835939884
0.691851854324
0.691862463951
0.691839814186
0.691808283329
0.691793322563
0.691799998283
0.691778421402
0.691740989685
0.6917578578
0.691767573357
0.691754758358
0.691713929176
0.691729724407
0.691699206829
0.69169908762
0.691733181477
0.69173258543
0.69169563055
0.691635072231
0.69165366888
0.69163608551
0.691616773605
0.691588103771
0.691556811333
0.691622555256
0.691589236259
0.691581606865
0.691619992256
0.691559255123
0.691497504711
0.691572546959
0.691581606865
0.691564261913
0.691561043262
0.691592276096
0.691515505314
0.691558122635
0.691542744637
0.691580414772
0.691566348076
0.691573381424
0.691583693027
0.691578269005
0.691535115242
0.691524982452
0.691589415073
0.691542029381
0.6915345788
0.691560566425
0.691539466381
0.691576838493
0.691548645496
0.691489815712
0.691595971584
0.691527426243
0.691540837288
0.691529035568
0.691545367241
0.69157743454
0.691575527191
0.691544234753
0.691522121429
0.691556036472
0.691575825214
0.691547513008
0.691506683826
