0.695452809334
0.687721192837
0.679913580418
0.671736121178
0.662507891655
0.653235733509
0.643998503685
0.63481014967
0.626239001751
0.618147909641
0.610318481922
0.602914631367
0.595887064934
0.589233279228
0.583136737347
0.576433837414
0.569644510746
0.562842488289
0.556241095066
0.54865437746
0.540738165379
0.533197045326
0.526493668556
0.519714415073
0.512989342213
0.507138371468
0.500562787056
0.493678987026
0.487291693687
0.480975270271
0.47622191906
0.471852600574
0.466125756502
0.461233228445
0.457064658403
0.452109515667
0.447326362133
0.442633569241
0.439118236303
0.435717105865
0.432103306055
0.428367584944
0.424516886473
0.420617759228
0.416664779186
0.413068860769
0.409813582897
0.407233923674
0.404443532228
0.402517557144
0.398999780416
0.395616590977
0.393079698086
0.390533089638
0.388210684061
0.385335832834
0.382026255131
0.37892717123
0.376190930605
0.373666554689
0.371610701084
0.369530200958
0.36739513278
0.364880442619
0.36293438077
0.360780745745
0.358769565821
0.356772363186
0.354648947716
0.352612376213
0.350848317146
0.348906725645
0.347172021866
0.345471352339
0.341356962919
0.338408023119
0.336170315742
0.334498047829
0.334386825562
0.332076668739
0.330146074295
0.324930846691
0.323873192072
0.321142196655
0.319763302803
0.318513184786
0.317103087902
0.315929204226
0.314587026834
0.313384264708
0.312210679054
0.311136364937
0.31004807353
0.308866560459
0.307811290026
0.306786447763
0.306062400341
0.304897278547
0.304207623005
0.303047150373
0.302226006985
0.301234453917
0.300408810377
0.299609065056
0.298833698034
0.297554135323
0.291569501162
0.290313303471
0.289050847292
0.2878023386
0.286921232939
0.286199808121
0.285492956638
0.284840255976
0.284144490957
0.283499449492
0.282871723175
0.282259613276
0.281662255526
0.281078577042
0.280508488417
0.279952228069
0.279410332441
0.278883337975
0.278394758701
0.277877300978
0.27739790082
0.276933550835
0.276484072208
0.27604958415
0.275629252195
0.275222599506
0.274829030037
0.274448186159
0.274079531431
0.273722589016
0.273377031088
0.2730422616
0.272717952728
0.272439002991
0.272101521492
0.271808564663
0.271522521973
0.266645073891
0.26464420557
0.264149665833
0.263996183872
0.26361104846
0.263339340687
0.263360112906
0.262829035521
0.26252245903
0.262425392866
0.261987030506
0.261622667313
0.257122069597
0.255012214184
0.254790395498
0.254574149847
0.253417789936
0.25314193964
0.251306533813
0.24848048389
0.245947539806
0.245088607073
0.244825869799
0.244762808084
0.244299277663
0.244044274092
0.244271606207
0.243629232049
0.243287459016
0.243040964007
0.242854088545
0.242614343762
0.242407232523
0.242125317454
0.241916790605
0.241716042161
0.241522744298
0.241335630417
0.241153731942
0.240978211164
0.240866720676
0.240635603666
0.240555644035
0.240314394236
0.24016200006
0.240013301373
0.239868193865
0.239726394415
0.239587917924
0.239452674985
0.239320516586
0.239190131426
0.239062532783
0.238938301802
0.238817632198
0.238700181246
0.238585829735
0.238474681973
0.238366961479
0.238262206316
0.238160297275
0.238061055541
0.237964496017
0.237870559096
0.237779200077
0.237690329552
0.237603828311
0.237519606948
0.237437665462
0.23735794425
0.237280383706
0.237204954028
0.237131550908
0.237059697509
0.23698964715
0.236921489239
0.236855223775
0.236790731549
0.236728057265
0.236667051911
0.236607640982
0.236549705267
0.236493378878
0.236438602209
0.23638536036
0.236333563924
0.236283153296
0.236234128475
0.236186459661
0.236140057445
0.236094892025
0.236050978303
0.236008241773
0.235966637731
0.235926166177
0.235886767507
0.23584844172
0.23581135273
0.235774978995
0.235739812255
0.235705599189
0.235672295094
0.235639885068
0.235608354211
0.235577613115
0.235547706485
0.235518604517
0.235490262508
0.23546269536
0.235435843468
0.235409736633
0.235384315252
0.23535951972
0.235335409641
0.235311970115
0.235289111733
0.235266894102
0.235245287418
0.235224232078
0.235203757882
0.235183820128
0.23516446352
0.235145568848
0.235127225518
0.235109359026
0.235092014074
0.235075116158
0.235058665276
0.235042706132
0.23502714932
0.235012024641
0.234997317195
0.234982982278
0.234969094396
0.234955534339
0.234942361712
0.234929725528
0.234917193651
0.234905153513
0.2348934412
0.234882041812
0.23487098515
0.23486019671
0.234849691391
0.234839498997
0.234829604626
0.234819963574
0.234810575843
0.234801471233
0.234792619944
0.234784007072
0.234775647521
0.234767511487
0.234759613872
0.234751924872
0.234744444489
0.234737187624
0.234730154276
0.234723269939
0.234716624022
0.234710171819
0.23470389843
0.234697774053
0.23469184339
0.234686091542
0.234680488706
0.234675034881
0.23466975987
0.23466463387
0.234659656882
0.234654828906
0.23465013504
0.234645560384
0.234641134739
0.234636858106
0.234632670879
0.234628632665
0.234624654055
0.23462086916
0.234617143869
0.23461355269
0.234610065818
0.234606638551
0.234603360295
0.234600171447
0.234597057104
0.234594061971
0.234591141343
0.234588295221
0.234585568309
0.2345828861
0.234580293298
0.234577789903
0.234575331211
0.234572991729
0.234570682049
0.234568446875
0.234566286206
0.234564214945
0.234562203288
0.234560221434
0.234558314085
0.234556481242
0.234554678202
0.234552949667
0.234551236033
0.234549626708
0.234548017383
0.234546497464
0.234545007348
0.234543591738
0.234542176127
0.234540835023
0.234539493918
0.234538212419
0.234537005424
0.23453579843
0.234534621239
0.234533503652
0.234532430768
0.234531387687
0.234530344605
0.234529361129
0.234528392553
0.234527483582
0.234526604414
0.234525710344
0.234524875879
0.234524056315
0.234523251653
0.234522491693
0.234521746635
0.23452103138
0.234520331025
0.234519675374
0.234519034624
0.234518393874
0.234517768025
0.234517201781
0.234516605735
0.234516054392
0.234515532851
0.234515011311
0.234514519572
0.234514042735
0.234513550997
0.234513103962
0.234512656927
0.234512239695
0.234511852264
0.234511435032
0.234511047602
0.234510675073
0.234510317445
0.234509959817
0.234509631991
0.234509319067
0.234509021044
0.23450897634
0.234508946538
0.234508916736
0.234508901834
0.234508827329
0.234508812428
0.234508797526
0.234508752823
0.234508752823
0.234508723021
0.234508678317
0.234508648515
0.234508618712
0.234508603811
0.234508574009
0.234508529305
0.234508499503
0.234508514404
0.2345084548
0.2345084548
0.234508424997
0.234508380294
0.234508365393
0.234508350492
0.23450833559
0.234508290887
0.234508275986
0.234508231282
0.234508216381
0.234508186579
0.234508186579
0.234508126974
0.234508112073
0.234508082271
0.234508052468
0.234508052468
0.234508007765
0.234508007765
0.234507977962
0.234507933259
0.234507903457
0.234507903457
0.234507888556
0.234507843852
0.234507828951
0.23450781405
0.234507769346
0.234507754445
0.234507709742
0.234507709742
0.234507679939
0.234507635236
0.234507635236
0.234507605433
0.234507590532
0.23450756073
0.234507545829
0.234507516026
0.234507471323
0.234507456422
0.234507441521
0.234507381916
0.234486803412
0.234452113509
0.234410658479
0.23436871171
0.234330222011
0.234297141433
0.234269857407
0.234247982502
0.234230592847
0.234216973186
0.234206259251
0.234197854996
0.234191223979
0.234185963869
0.234181731939
0.234178334475
0.234175533056
0.234173253179
0.234171316028
0.234169736505
0.234168380499
0.234167218208
0.234166219831
0.234165355563
0.234164610505
0.234163939953
0.234163343906
0.234162822366
0.234162345529
0.234161898494
0.234161525965
0.234161168337
0.23416082561
0.234160527587
0.234160244465
0.234159961343
0.234159737825
