0.693049490452
0.692524850368
0.691128790379
0.690037250519
0.688413143158
0.686688065529
0.684845209122
0.682099997997
0.679675579071
0.676466345787
0.673211395741
0.669722795486
0.664772868156
0.659481167793
0.654348373413
0.649892508984
0.64369148016
0.638882696629
0.63163548708
0.625128448009
0.618734717369
0.611581623554
0.604023873806
0.597537696362
0.589042842388
0.580657422543
0.575218319893
0.562466323376
0.55380821228
0.542613565922
0.536005735397
0.522335767746
0.514473795891
0.500853478909
0.491291165352
0.482905626297
0.472183525562
0.46221652627
0.448284715414
0.434887319803
0.425804764032
0.412279814482
0.400457978249
0.386440843344
0.377145320177
0.36136496067
0.353552848101
0.339099556208
0.322869062424
0.307304292917
0.294660508633
0.28620249033
0.271501451731
0.266299039125
0.249307960272
0.240689873695
0.222773611546
0.207389459014
0.200561597943
0.191006138921
0.182450145483
0.173071086407
0.160882666707
0.150626480579
0.145777404308
0.137444734573
0.12593947351
0.121302291751
0.113526582718
0.106963634491
0.102347902954
0.0934339165688
0.0861546397209
0.0821331366897
0.0787425637245
0.071024119854
0.0688546597958
0.0673069506884
0.0615954883397
0.0583471767604
0.0523694679141
0.0508394390345
0.0488198213279
0.0458289086819
0.045019377023
0.0401692837477
0.0383933037519
0.0361989550292
0.0342667363584
0.0356603451073
0.0326977781951
0.0301301870495
0.031539786607
0.0278484318405
0.0251592639834
0.0251850318164
0.0249705333263
0.0232923328876
0.0227858517319
0.0237526595592
0.0195422749966
0.0187367107719
0.0193536169827
0.0178169813007
0.0169271081686
0.0178603194654
0.0170418899506
0.0164534840733
0.0152315720916
0.0151592483744
0.0158466771245
0.0135467275977
0.0126698287204
0.0120615242049
0.0122351543978
0.0110919857398
0.0105537017807
0.0117542510852
0.0116187883541
0.0107042239979
0.0112008331344
0.0107876304537
0.0108563611284
0.0102888448164
0.00976951327175
0.00933757331222
0.0090819504112
0.00861926283687
0.00900491606444
0.00955835450441
0.0085081467405
0.00812504068017
0.00787956174463
0.00870150327682
0.0088844075799
0.00739716552198
0.00780242076144
0.00713585875928
0.00786867644638
0.00676205661148
0.0067832027562
0.00734972953796
0.00712557788938
0.00710187898949
0.00731699867174
0.00627164682373
0.00617814622819
0.00663955044001
0.00577767658979
0.00589046580717
0.00595258641988
0.00601061107591
0.00615587411448
0.00655329925939
0.00474134134129
0.00533364154398
0.00514849228784
0.00532732810825
0.00477902777493
0.00469526741654
0.0052569382824
0.00536683946848
0.00533526856452
0.00505615631118
0.00414623040706
0.00507238414139
0.00487596448511
0.00431925384328
0.00429455004632
0.00456552254036
0.0040974249132
0.00414975918829
0.00446378299966
0.00402317848057
0.00384053145535
0.00373539072461
0.0041038072668
0.00400444772094
0.00362999341451
0.00421755388379
0.00366387050599
0.00324893812649
0.0039689373225
0.0035833097063
0.00360157783143
0.00329446117394
0.00405450211838
0.00330434623174
0.00331062637269
0.00316944881342
0.00313197285868
0.0028711524792
0.00349696329795
0.00324520189315
0.00340164406225
0.00277641112916
0.00331760663539
0.0029628102202
0.00285083660856
0.00328231439926
0.00340088293888
0.00269160792232
0.00313369533978
0.00263601285405
0.00282027805224
0.00264896708541
0.00362715264782
0.00270549952984
0.00287804380059
0.00309524941258
0.00265086255968
0.00238263257779
0.00285189202987
0.00230812653899
0.00251205102541
0.00275743496604
0.00242610811256
0.00268207374029
0.00259261764586
0.00253681023605
0.00261126551777
0.00251752580516
0.00231529236771
0.0024344145786
0.00245114183053
0.00228997436352
0.00251428293996
0.00249637081288
0.00212773052044
0.00258867628872
0.00233189808205
0.00208246568218
0.00217682123184
0.00186468358152
0.00184248015285
0.00205179164186
0.0024182498455
0.00203652004711
0.00206381035969
0.00214049010538
0.00206335377879
0.00235081813298
0.00174166832585
0.00188785651699
0.00166750675999
0.00173364789225
0.001717287465
0.00203664670698
0.00212173396721
0.001719443826
0.00211646012031
0.00181413418613
0.00163161777891
0.00170057464857
0.00207876297645
0.00179312529508
0.00169894227292
0.00159096578136
0.00174709700514
0.00154188030865
0.00172147981357
0.001528388937
0.00167238363065
0.00174516870175
0.00223377486691
0.00152560381684
0.00151362176985
0.00165883661248
0.00149201392196
0.00180689780973
0.00152739486657
0.0014205967309
0.00147213321179
0.00175324978773
0.00151629350148
0.00150992453564
0.0014134257799
0.00166277133394
0.00172411592212
0.0015348783927
0.00145156809594
0.00145959598012
0.00140350160655
0.00128073105589
0.00149121100549
0.00135088257957
0.00153240852524
0.00119319441728
0.00161543907598
0.00168261979707
0.00139779550955
0.00117320590653
0.0013739062706
0.00134301173966
0.00113492738456
0.00135380029678
0.00144991942216
0.00142242352013
0.00145078299101
0.00128950201906
0.00109314348083
0.00107472902164
0.00127340108156
0.00131843646523
0.00134641479235
0.00111804681364
0.0012557588052
0.00135077047162
0.00120709987823
0.00133151968475
0.00122615438886
0.0011623747414
0.00118701194879
0.000983647420071
0.00104793987703
0.000964272243436
0.0014152310323
0.0011145984754
0.00122074689716
0.0011712082196
0.00107908877544
0.00144302716944
0.00100320507772
0.000989436055534
0.00101439107675
0.000898385536857
0.00107591308188
0.00103552686051
0.0010825372301
0.000890225172043
0.00130524358246
0.00102184794378
0.00101155112498
0.000950789428316
0.00115583685692
0.00117721967399
0.00107273098547
0.000947308260947
0.000828701420687
0.00106557505205
0.000826878938824
0.000864394183736
0.00086192751769
0.000950514688157
0.000776767614298
0.00105528254062
0.00084266718477
0.000827128707897
0.00100348773412
0.00107580085751
0.000867007707711
0.000855269434396
0.000871390395332
0.000921916798688
0.00101728201844
0.00084888987476
0.00093122641556
0.000785670767073
0.00079872639617
0.00214194925502
0.00083380471915
0.000931671471335
0.000873305310961
0.000820611719973
0.000911867478862
0.00103859102819
0.00071413005935
0.00110688374843
0.000734140805434
0.000782912829891
0.000960387522355
0.000827917945571
0.00072862021625
0.000868816976435
0.00080186809646
0.0014020812232
0.000814935367089
0.000964315782767
0.000655437470414
0.000898366444744
0.000702114077285
0.00109070155304
0.000785440730397
0.000622021732852
0.000615050899796
0.000752507941797
0.000865591457114
0.000611983879935
0.000688714964781
0.00083908153465
0.000786743010394
0.000672975322232
0.000751268002205
0.000730101950467
0.000951448455453
0.000727387843654
0.000757101981435
0.000827654846944
0.00075139751425
0.000709642714355
0.000777497771196
0.000843306770548
0.000778687361162
0.000953755632509
0.0006180665805
0.000618843070697
0.000637234363239
0.000651586218737
0.000644877029117
0.000629968009889
0.000760796887334
0.000791045313235
0.00072062946856
0.000686937419232
0.000703714613337
0.000655373150948
0.000683243095409
0.000654969539028
0.000668797409162
0.000664426072035
0.000775478722062
0.0005291288835
0.000729069812223
0.000657446216792
0.000563849578612
0.000622604507953
0.000581213738769
0.000542037130799
0.000570427335333
0.000607263471466
0.000645407300908
0.000567201059312
0.000694778864272
0.000595477235038
0.00059563718969
0.000502509181388
0.00062641967088
0.000595925375819
0.000492995895911
0.000598857179284
0.00074508349644
0.000577892118599
0.000612295232713
0.000543675560039
0.000684788043145
0.000572046032175
0.000533369893674
0.000674471957609
0.000521781621501
0.000519621302374
0.000425425067078
0.000597283942625
0.000485279393615
0.000527166586835
0.000554485188331
0.000583349668887
0.00059742789017
0.000547391013242
0.000586044217926
0.000442002608906
0.000586236361414
0.000443790078862
0.000488350167871
0.000661540077999
0.000446657504654
0.000477476773085
0.000508888275363
0.00050236628158
0.000477665365906
0.00064396642847
0.000504884053953
0.000458443479147
0.000496611697599
0.000459080503788
0.000580790045206
0.000476592278574
0.000556156272069
0.000463410484372
0.00047478399938
0.000621246348601
0.00054508500034
0.000494856562
0.000427994760685
0.00048207648797
0.000540537817869
0.000578423321713
0.000442044460215
0.00044073277968
0.000505250412971
0.000417525821831
0.000367815315258
0.000431354535976
0.000503550341818
0.000393896858441
0.000513936567586
0.000438779708929
0.000933158560656
0.000469468330266
0.000412176887039
0.000457451387774
0.000410037697293
0.000511622638442
0.000381175108487
0.00042909863987
0.000406289851526
0.000372743787011
0.00079116539564
0.000434298039181
0.000453019718407
0.000439035240561
0.000410941400332
0.000423314719228
0.000477190798847
0.000409757660236
0.000348561443388
0.000365619547665
0.000357796874596
0.000428579340223
0.000548530835658
0.000365815300029
0.000456202367786
0.000359227240551
0.000401600846089
0.000370835099602
0.000349751557223
0.000405913422583
0.000637203513179
0.000597707577981
0.00041021843208
0.000330682494678
0.000320076360367
0.000389906694181
0.000382466008887
0.000513060367666
0.000365040352335
0.000380179611966
0.00119670946151
0.000366151682101
0.000383714301279
0.000311283394694
0.000357994693331
0.000357846438419
0.000305556954117
0.000415735587012
0.000351482216502
0.000394976581447
0.000387768785004
0.000346566550434
0.000493236002512
0.00039676122833
0.000620356120635
0.000354092451744
0.000338047888363
0.000382568017812
0.000473865307868
0.000351730996044
0.00042814319022
0.000351850205334
0.000378723547328
0.000489057216328
0.000783023482654
0.000359791272786
0.000342459068634
0.000324626773363
0.000329224014422
0.000485738244606
0.000410925364122
0.000374244846171
0.000427260092692
0.000370826222934
0.000298588449368
0.000314994947985
0.000320746708894
0.00029522983823
0.000329735339619
0.00031388096977
0.000357003242243
0.000485927565023
0.000372895447072
0.000339404970873
0.000321543193422
0.000280508276774
0.000346999411704
0.000331188552082
0.000250911572948
0.000327949324856
0.000288235663902
0.000327689544065
0.000353161274688
0.000304957939079
0.000321471365169
0.000383447069908
0.000340847356711
0.000316305959132
0.000275997677818
0.000276315608062
0.000300278683426
0.000332186784362
0.000276673905319
0.000288704148261
0.000337900652084
0.000675072020385
0.000312658492476
0.000441144075012
0.000338631565683
0.000273425073829
0.000315164070344
0.000318226986565
0.000293177174171
0.00030863500433
0.000330358045176
0.000259361870121
0.000288899056613
0.000256253260886
0.000423377903644
0.000266963179456
0.000319062179187
0.000288925599307
0.000251862918958
0.000251347577432
0.00040759096737
0.000277040468063
0.00027778049116
0.000325894623529
0.000335636374075
0.000313931988785
0.000648386252578
0.000318758946378
0.000299063074635
0.000227011158131
0.000330437149387
0.000279890315142
0.000235810162849
0.000349401787389
0.000268792384304
0.000296677812003
0.000228412623983
0.000291309959721
0.000432879140135
0.000315483746817
0.000304941146169
0.000498763634823
0.000261999550276
0.000254598126048
0.000312553078402
0.000252626690781
0.000278707972029
0.00034589797724
0.000239070708631
0.000227118012845
0.000237901651417
0.000330858078087
0.000220195579459
0.000293490069453
0.000215205407585
0.000407889485359
0.000243858681642
0.000227313459618
0.000269290583674
0.000225469178986
0.000317798811011
0.000242129623075
0.000337211502483
0.000283033383312
0.000255656079389
0.000230682038818
0.000209247562452
0.00023987791792
0.000193464904441
0.000242307040025
0.00024440936977
0.000234919512877
0.000236847918131
0.000252542202361
0.000252246245509
0.000224761868594
0.000273142184597
0.000271754484857
0.000248519063462
0.000262040965026
0.000263407855527
0.000365214858903
0.000256100000115
0.000196621243958
0.000226489151828
0.000225111696636
0.000266803166596
0.000196467415662
0.000235250234255
0.00026781935594
0.000230072328122
0.000259212363744
0.000257571868133
0.000311004347168
0.000287212402327
0.000208613259019
0.000310254603392
0.000226375355851
0.000210990488995
0.000210067009903
0.000288228155114
0.000177157911821
0.000231983314734
0.000240222216235
0.000193049389054
0.000164704426425
0.000211805425351
0.000815722625703
0.000178601607331
0.000484582793433
0.000425137026468
0.000202017516131
0.000205023534363
0.000299689418171
0.000198930283659
0.000226289106649
0.000356440636097
0.000289194635116
0.000229643352213
0.000192296793102
0.000251612684224
0.000175608874997
0.000202761351829
0.000240650988417
0.000189507001778
0.000232543112361
0.00029250656371
0.000177181937033
0.000228983233683
0.000218573433813
0.00018186745001
0.000221539361519
0.000294504250633
0.000228153658099
0.000198131630896
0.000206755605177
0.000283210771158
0.000210681158933
0.000205717689823
0.000229303172091
0.000204657349968
0.000224216288188
0.000176116431248
0.000246247538598
0.000281448563328
0.000207830162253
0.000185326396604
0.000204103198485
0.000180002549314
0.000217002118006
0.00015731046733
0.000151134081534
0.00022357814305
0.00018612529675
0.000357296114089
0.000182980948011
0.0001903870143
0.000205899297725
0.000372931710444
0.000197159461095
0.000167030390003
0.000326925743138
0.000211840000702
0.000269501499133
0.000218041634071
0.000242320908001
0.000161948468303
0.000221293637878
0.000183401018148
0.000174943517777
0.000183265306987
0.00024419274996
0.000170446495758
0.000177119509317
0.000167480262462
0.000164469282026
0.000156030044309
0.000147323691635
0.000280993292108
0.000230432560784
0.000205298274523
0.000264698785031
0.000154594628839
0.000187596175238
0.000166566576809
0.000167143385625
0.000240079374635
0.000152305918164
0.000166724901646
0.000152268112288
0.000194304564502
0.000188496196643
0.000152875989443
0.000219902329263
0.000160990311997
0.000144422403537
0.00013272218348
0.000204099167604
0.000208877594559
0.00015885119501
0.000156966474606
0.000191819955944
0.000140806136187
0.000201736358576
0.000137491500936
0.000136328962981
0.000151708314661
0.000151445157826
0.000131094959215
0.000176636327524
0.000172594169271
0.00013110305008
0.000159316914505
0.000150193576701
0.000264441303443
0.00012821200653
0.00016575754853
0.000202119801543
0.000120227166917
0.000127747713123
0.000135101581691
0.00013206465519
0.000166369543876
0.000145852784044
0.000145943457028
0.000156113033881
0.000204554671654
0.000185485609109
0.000156314854394
0.000217754233745
0.000183897776878
0.000123726727907
0.000163556775078
0.000189946265891
0.000166071447893
0.000180157469003
0.000182717354619
0.000130816421006
0.000272289122222
0.000135846057674
0.00013877118181
0.000264203117695
0.000179424445378
0.000209973572055
0.000155364890816
0.000267070630798
0.000155897054356
0.000201758884941
0.000193068815861
0.000145485377288
0.000162578289746
0.000132097280584
0.000177707173862
0.000168120328453
0.000169624239788
0.000143992830999
0.000165254663443
0.000131456385134
0.000203541683732
0.00013258868421
0.000136329457746
0.000153779707034
0.000210827129195
0.000145350699313
0.000170401763171
0.000106327890535
0.000149335915921
0.000110830114863
0.000174440807314
0.00022905752121
0.000147771221236
0.000145571655594
0.000127129969769
0.000158147988259
0.000160910771228
0.000124381083879
0.000158769340487
0.000137267634273
0.000129802050651
0.000134523987072
0.000183262542123
0.000208139317692
0.000165930352523
0.000165200413903
0.000157956194016
0.000130407963297
0.000152605047333
0.000130680477014
0.000183430500329
0.000124208439956
0.000144500925671
0.000164711513207
0.000123499135952
0.00011978688417
0.000162730313605
0.00016390249948
0.000129634456243
0.000190506296349
0.000141262804391
0.000136021059006
0.000113169546239
0.000146026170114
0.000116626506497
0.000118726929941
9.85813021543e-05
0.000116116898425
0.000121007142297
0.000196870212676
0.000126392726088
0.000148323655594
0.000159381917911
0.000106503270217
0.000129532054416
0.000174859378603
0.00026383207296
0.000114896167361
0.000104283615656
0.000223589289817
0.000135823342134
0.000102724647149
0.000152526510647
0.000149613624671
0.000162262105732
0.000162518917932
0.000286098744255
0.000113409492769
0.000113538269943
0.000128047729959
0.000124598023831
0.000109818778583
0.000104370883491
0.00017506381846
0.000103214566479
0.000112058238301
0.000106581770524
9.79915275821e-05
0.000158617258421
0.000113554080599
0.000152691980475
0.000117926829262
0.00011218857253
0.000179219714482
0.000217934677494
0.000126301893033
0.000112962850835
0.000160622599651
0.000137492766953
0.000102765079646
0.000163877179148
0.00012074031838
0.000176593894139
0.000137260503834
0.000144411838846
0.000117479110486
0.000122865254525
0.00011161211296
0.000102290039649
0.000118381867651
9.13989424589e-05
0.000157776477863
0.000151384287165
0.000141947413795
0.000158218070283
0.0001182278138
0.000223973387619
9.25475469558e-05
0.000107928404759
0.000143410477904
0.000107217252662
0.000111325585749
0.000115243215987
9.88227038761e-05
0.000130761400214
0.000101231198641
0.000134371308377
0.000107069732621
0.00013012663112
0.000175689594471
0.000118106087029
0.000114390342787
0.000115725037176
0.000162683456438
0.000111588014988
0.000259193242528
0.000156570808031
0.000132564076921
9.14391202969e-05
0.000118041629321
0.000115263268526
0.000110901171865
0.000113874455565
0.000395228795242
0.000118427531561
0.000101589728729
0.000107523163024
0.00011787947733
0.000107336498331
0.00013962831872
0.000103749385744
0.000112881381938
9.72001653281e-05
0.000140460018883
0.000122348836157
0.000190100821783
0.000119389165775
0.000164041761309
9.22347171581e-05
0.000128179861349
9.89242689684e-05
0.00012493946997
0.000113036374387
0.000299797829939
0.000127397783217
0.000138355477247
0.000105339109723
0.0001046516918
0.000186453762581
0.000106551189674
0.000116360912216
0.000107242187369
0.000109072811028
0.000127400126075
0.000129397856654
0.000148461520439
0.000163057731697
0.000144313569763
9.40238460316e-05
0.000159021074069
0.000119352123875
0.000110420303827
0.000116731178423
0.000112665198685
0.000129570515128
0.000139870666317
9.37886507018e-05
9.69528991845e-05
9.93154608295e-05
0.000105073151644
0.000115886585263
0.000117589625006
0.000129265841679
9.27200526348e-05
0.00010030932026
0.000146731574205
0.000182127740118
0.000158066643053
0.000127163249999
0.000305092631606
0.000113747890282
0.000129145759274
0.000113701920782
0.000144344216096
0.000101680954685
9.9798264273e-05
9.59580647759e-05
0.000158430761076
9.88671090454e-05
8.66647824296e-05
0.000122433702927
0.000135708600283
9.03317049961e-05
9.57583179115e-05
0.000118724587082
0.000168102284078
9.54691495281e-05
0.000162827855092
0.000103802303784
0.00015702789824
0.000200478636543
0.000104610233393
0.000140591451782
9.68151798588e-05
9.80402619462e-05
8.79831059137e-05
0.000124257028801
0.000131171487737
0.000125724327518
9.30940805119e-05
0.000107787062007
0.000104217593616
9.4702016213e-05
0.000247222953476
0.000112987363536
0.000126314815134
0.000124207072076
0.000105716986582
0.000114516275062
9.89753098111e-05
0.000147930462845
0.000112020185043
0.000157653485076
0.000152575259563
0.00016222645354
0.00013198304805
9.61335535976e-05
0.000124396014144
0.000174586297362
0.000119237127365
9.91946653812e-05
0.000117273659271
0.000127156294184
0.000130634129164
0.000155772344442
0.000111375295091
0.000100097517134
0.000110703476821
0.000228105578572
0.000122502286104
0.000122520621517
0.000112258181616
0.00013478625624
0.000112305438961
0.00010813773406
9.6797288279e-05
0.000105448823888
0.000130796717713
0.000126740022097
0.000131764405523
0.000104122736957
0.000117895862786
9.13711919566e-05
0.000108459193143
0.000111254048534
9.8159071058e-05
0.000109376866021
0.000112919129606
0.000101238270872
0.000154520821525
0.000118558360555
0.000109277454612
0.000148557141074
0.000113132962724
0.000132926899823
0.000241325193201
0.000126207145513
0.000121228280477
0.000113607995445
0.000178212721949
9.65000290307e-05
0.000117905350635
0.00010653132631
0.000124040830997
9.9181663245e-05
9.10870585358e-05
0.0001088359204
0.000110916414997
0.000200213980861
9.52562477323e-05
0.000106071580376
0.000114629183372
0.000100390338048
0.000104517544969
0.000123597186757
0.000129406456836
0.000113436719403
9.39914025366e-05
0.000115037270007
0.000112443733087
0.000119846328744
0.00010302526789
0.000111043169454
0.000152675813297
0.000348903675331
0.00010021826165
0.000121384044178
0.000112175577669
9.95506998152e-05
9.05431807041e-05
9.2889444204e-05
0.000165861827554
0.000127627848997
0.000120350385259
0.000102792349935
0.000159372822964
0.000120743789012
0.000109559150587
0.000113617701572
9.80565309874e-05
0.000118120675324
0.000113807174785
9.13799085538e-05
0.000100885874417
9.39459278015e-05
0.00011277939484
0.000114474525617
0.000106373576273
0.000112116322271
0.000108521868242
0.000114236172521
9.4400747912e-05
0.000129390144139
0.000177952140803
0.000110714812763
9.70531182247e-05
0.000162363212439
0.000108251850179
0.000138055766001
0.000113573689305
0.000193084939383
0.000109378976049
