0.693150818348
0.692736506462
0.692346334457
0.691964030266
0.691596508026
0.691226541996
0.690854549408
0.690476000309
0.690093398094
0.689715266228
0.689334332943
0.688946545124
0.688553988934
0.688158452511
0.687755465508
0.687345325947
0.686926722527
0.686502575874
0.686074376106
0.68563503027
0.685180664062
0.684713959694
0.684234261513
0.683735907078
0.683211386204
0.682657241821
0.682073831558
0.68143594265
0.680750250816
0.680046856403
0.679305016994
0.678510725498
0.677665293217
0.676761329174
0.675787270069
0.674733996391
0.673592567444
0.672372937202
0.67104023695
0.669591248035
0.668008446693
0.666277766228
0.664394617081
0.662352621555
0.660154104233
0.657778084278
0.655206918716
0.652440488338
0.649467051029
0.64624273777
0.64275354147
0.638991773129
0.634960711002
0.630642652512
0.625984609127
0.620975911617
0.615633130074
0.61016535759
0.604217231274
0.598166465759
0.592123866081
0.585777640343
0.57902354002
0.571878552437
0.564377188683
0.556498229504
0.548283100128
0.53973698616
0.530847489834
0.52170664072
0.512739539146
0.503581702709
0.49430373311
0.484940677881
0.475552529097
0.466135621071
0.456691920757
0.447226464748
0.437952339649
0.429089069366
0.420267045498
0.411505907774
0.402799218893
0.394240111113
0.385864675045
0.377531647682
0.369252562523
0.361088007689
0.352987736464
0.345001995564
0.33705830574
0.329184621572
0.321317881346
0.313523501158
0.305717378855
0.298047721386
0.290223330259
0.282290309668
0.274282962084
0.266134411097
0.257689505816
0.249300062656
0.240780562162
0.23214122653
0.223639473319
0.214871808887
0.205885395408
0.196876317263
0.187988102436
0.178766354918
0.170092627406
0.16176147759
0.153326645494
0.145273938775
0.137815967202
0.130667120218
0.124424874783
0.118475832045
0.113152831793
0.108401499689
0.10408308357
0.10044041276
0.0971366912127
0.0941933393478
0.0914737358689
0.0890941694379
0.0869184881449
0.0850198343396
0.0833626538515
0.0818493887782
0.0804107040167
0.0790563970804
0.0776236876845
0.0760997757316
0.0746888145804
0.0731457620859
0.0717830136418
0.0702025219798
0.0686165317893
0.0671249181032
0.0655855759978
0.0642243102193
0.0627094656229
0.061479177326
0.0601931326091
0.0590933971107
0.057926222682
0.0569693110883
0.0558098070323
0.054932795465
0.0537438094616
0.0528522208333
0.0518209040165
0.05081859231
0.0499479882419
0.0489076524973
0.0479578077793
0.0469472333789
0.0458668656647
0.044714551419
0.0426187738776
0.0396827757359
0.0373266898096
0.0343085490167
0.0322382412851
0.0307933017612
0.0295175388455
0.0288561377674
0.0283789150417
0.0277974307537
0.0274340584874
0.0270617604256
0.0265179183334
0.0260615516454
0.0256838034838
0.0250637605786
0.0246553886682
0.024216318503
0.0236889068037
0.0232381988317
0.0225902535021
0.0216186381876
0.0199127756059
0.0177654791623
0.015844842419
0.0133381495252
0.0118280071765
0.00994946062565
0.00913037266582
0.00810482725501
0.00755774090067
0.00719036115333
0.00657121278346
0.00609819544479
0.00587794184685
0.00547704286873
0.00515909306705
0.00497461715713
0.00475722597912
0.00449696462601
0.00428235484287
0.00413352809846
0.00394595647231
0.00373264751397
0.00355309108272
0.00341216125526
0.00325628672726
0.00308103859425
0.00293042580597
0.00280948216096
0.00268905982375
0.00256540765986
0.00245023705065
0.00235400581732
0.00226622493938
0.00218211463653
0.0021022958681
0.00202696421184
0.00195810827427
0.00189403526019
0.00183384655975
0.00177541724406
0.00171901332214
0.00166506005917
0.00161544582807
0.00156861077994
0.00152363453526
0.00148026575334
0.0014386131661
0.00139884918462
0.00136110431049
0.00132582476363
0.00129230634775
0.0012602803763
0.00122955918778
0.00120061088819
0.00117309775669
0.00114694109652
0.00112187734339
0.00109791383147
0.00107475323603
0.00105235690717
0.00103075965308
0.00101017206907
0.000990319880657
0.000971074565314
0.000952678616159
0.000934983545449
0.000917928409763
0.000901325896848
0.000885168788955
0.000869650859386
0.00085477088578
0.000840234162752
0.000826017290819
0.000812527548987
0.000799636065494
0.0007870310219
0.000774770975113
0.000762799580116
0.000751144543756
0.000739849871024
0.000728822487872
0.000718004303053
0.000707587401848
0.000697332550772
0.000687277468387
0.000677789445035
0.000668479769956
0.000659270910546
0.000650185917038
0.000641414721031
0.000632940558717
0.000624638807494
0.000616357545368
0.000608357600868
0.000600605853833
0.00059303274611
0.000585559639148
0.00057822605595
0.000571075361222
0.000564104819205
0.000557193765417
0.000550306693185
0.000543436792213
0.000536622013897
0.000529753568117
0.000522772432305
0.000515064864885
0.000505868985783
0.000496372114867
0.000486766570248
0.00047702138545
0.000467953184852
0.000460565672256
0.000453657994512
0.000446910824394
0.000440293108113
0.000433916866314
0.000427485530963
0.000420990952989
0.00041455772589
0.000408147781854
0.000401819270337
0.000395591807319
0.000389506254578
0.000383598118788
0.000377734657377
0.000371832924429
0.000365913118003
0.000360126548912
0.000354386371328
0.000348854868207
0.000343478663126
0.000338161655236
0.000332892144797
0.000327695946908
0.000322553154547
0.000317478348734
0.000312497548293
0.000307653215714
0.000302913831547
0.000298295199173
0.000293703051284
0.000289169372991
0.000284734356683
0.000280364853097
0.00027607139782
0.000271886703558
0.000267797586275
0.000263787631411
0.000259798718616
0.000255889201071
0.000252067024121
0.000248294818448
0.000244578404818
0.000240981826209
0.000237444095546
0.000233927872614
0.000230512581766
0.000227178083151
0.000223892871873
0.000220665111556
0.000217484295717
0.000214437342947
0.000211414779187
0.000208417230169
0.000205456090043
0.000202608658583
0.000199806148885
0.000197044500965
0.000194322812604
0.000191645725863
0.000189025449799
0.000186491408385
0.000183983531315
0.000181507668458
0.000179099108209
0.000176722940523
0.000174389017047
0.000172093539732
0.000169836814166
0.000167629943462
0.000165446617757
0.00016331516963
0.000161213465617
0.000159144692589
0.000157113187015
0.000155119865667
0.000153158282046
0.000151224667206
0.000149346364196
0.000147491635289
0.000145679689012
0.000143903831486
0.000142150383908
0.000140428703162
0.000138744566357
0.000137079056003
0.00013547007984
0.000133894063765
0.000132337590912
0.000130802407512
0.000129305466544
0.000127839419292
0.00012639608758
0.000124988539028
0.000123615347547
0.000122262514196
0.000120921831694
0.000119609074318
0.000118316689623
0.00011705927318
0.000115810333227
0.00011458035442
0.000113373396744
0.000112189962238
0.000111020723125
0.000109874228656
0.00010874493455
0.000107629333797
0.000106543448055
0.000105458355392
0.000104408456536
0.00010336557898
0.000102335223346
0.000101326433651
0.000100327248219
9.9338554719e-05
9.83702484518e-05
9.7408927104e-05
9.64787614066e-05
9.55494251684e-05
9.4631112006e-05
9.37317599892e-05
9.28449007915e-05
9.19705853448e-05
9.11099486984e-05
9.02609681361e-05
8.94230324775e-05
8.85976260179e-05
8.77832280821e-05
8.69857249199e-05
8.61928929226e-05
8.54169265949e-05
8.46465118229e-05
8.38897612994e-05
8.31402940094e-05
8.24056769488e-05
8.16786196083e-05
8.09629054856e-05
8.02550639492e-05
7.95585729065e-05
7.88705001469e-05
7.81961207394e-05
7.75293083279e-05
7.68691825215e-05
7.62215713621e-05
7.55809451221e-05
7.49475875637e-05
7.4323550507e-05
7.37102818675e-05
7.31034087949e-05
7.24977071513e-05
7.19088784535e-05
7.13229674147e-05
7.07536310074e-05
7.01869212207e-05
6.96301067364e-05
6.90753513481e-05
6.85333870933e-05
6.79995719111e-05
6.74663169775e-05
6.69484943501e-05
6.64324179525e-05
6.59233119222e-05
6.54194518575e-05
6.49234498269e-05
6.44321044092e-05
6.39477366349e-05
6.34712268948e-05
6.29987916909e-05
6.25263564871e-05
6.20713835815e-05
6.1612627178e-05
6.11591094639e-05
6.07154797763e-05
6.02782602073e-05
5.98419101152e-05
5.94128287048e-05
5.89866649534e-05
5.85657326155e-05
5.81488820899e-05
5.77387181693e-05
5.73346660531e-05
5.69306139369e-05
5.65344234928e-05
5.6140259403e-05
5.57542480237e-05
5.53664904146e-05
5.49848409719e-05
5.46101691725e-05
5.42407397006e-05
5.38742206118e-05
5.35109065822e-05
5.31499172212e-05
5.27970769326e-05
5.24454007973e-05
5.2097504522e-05
5.17548396601e-05
5.14101411682e-05
5.10735844728e-05
5.07414006279e-05
5.04109593749e-05
5.00837268191e-05
4.97634682688e-05
4.94417618029e-05
4.91261525895e-05
4.88090990984e-05
4.84984375362e-05
4.81904062326e-05
4.78878973809e-05
4.75877168356e-05
4.72875362902e-05
4.69937549497e-05
4.67017198389e-05
4.64123004349e-05
4.6124921937e-05
4.58436479676e-05
4.55644221802e-05
4.52814092569e-05
4.50047955383e-05
4.47331221949e-05
4.44585493824e-05
4.419356992e-05
4.39268515038e-05
4.36650661868e-05
4.34067769675e-05
4.31490734627e-05
4.28934072261e-05
4.2639192543e-05
4.23867204518e-05
4.21397744503e-05
4.18937052018e-05
4.16508446506e-05
4.14114620071e-05
4.1171500925e-05
4.09332860727e-05
4.06988510804e-05
4.04664533562e-05
4.02369587391e-05
4.00100907427e-05
3.97849653382e-05
3.9556351112e-05
3.93367590732e-05
3.91168650822e-05
3.88992993976e-05
3.8684651372e-05
3.84688319173e-05
3.8257385313e-05
3.80453529942e-05
3.78385557269e-05
3.76308853447e-05
3.7431356759e-05
3.72277609131e-05
3.70253328583e-05
3.6825229472e-05
3.66262866009e-05
3.64305415133e-05
3.62374157703e-05
3.6044872104e-05
3.58549477824e-05
3.56653144991e-05
3.54783005605e-05
3.52909992216e-05
3.51068920281e-05
3.49268593709e-05
3.4743334254e-05
3.456446575e-05
3.43853025697e-05
3.42064340657e-05
3.40301849064e-05
3.38559693773e-05
3.36852463079e-05
3.35150980391e-05
3.33435018547e-05
3.31730698235e-05
3.30078728439e-05
3.28435453412e-05
3.26786393998e-05
3.25157707266e-05
3.23523163388e-05
3.21932311635e-05
3.20355939039e-05
3.18738857459e-05
3.17156664096e-05
3.15583238262e-05
3.14047611027e-05
3.12491611112e-05
3.10982177325e-05
3.09469869535e-05
3.07951704599e-05
3.0643062928e-05
3.05005487462e-05
3.03530960082e-05
3.02038988593e-05
3.00587726088e-05
2.99165531032e-05
2.9771717891e-05
2.96318266919e-05
2.94913515972e-05
2.93537887046e-05
2.92153508781e-05
2.90763309749e-05
2.89408035314e-05
2.88070204988e-05
2.86685844912e-05
2.85348014586e-05
2.84027628368e-05
2.82692744804e-05
2.81415977952e-05
2.80110125459e-05
2.78824663837e-05
2.77530489257e-05
2.76268292509e-05
2.75035163213e-05
2.73764217127e-05
2.72510751529e-05
2.71286389761e-05
2.70050368272e-05
2.68843432423e-05
2.67630712187e-05
2.6644411264e-05
2.65234266408e-05
2.64044811047e-05
2.62898920482e-05
2.61715267698e-05
2.60554897977e-05
2.59423559328e-05
2.58277723333e-05
2.57131850958e-05
2.56006387644e-05
2.54892511293e-05
2.53778653132e-05
2.52688059845e-05
2.51565488725e-05
2.50498178502e-05
2.49375607382e-05
2.48302458203e-05
2.47249681706e-05
2.46185263677e-05
2.45129594987e-05
2.44070997724e-05
2.43044396484e-05
2.42000351136e-05
2.40982462856e-05
2.39961664192e-05
2.38958346017e-05
2.37949188886e-05
2.36951709667e-05
2.35959996644e-05
2.3497703296e-05
2.34017315961e-05
2.3304595743e-05
2.32074617088e-05
2.31123649428e-05
2.3014648832e-05
2.29207162192e-05
2.28229982895e-05
2.27296459343e-05
2.26377469517e-05
2.25473013415e-05
2.2454531063e-05
2.23617589654e-05
2.22762591875e-05
2.21861046157e-05
2.20959500439e-05
2.2006670406e-05
2.19176799874e-05
2.18295626837e-05
2.17420274566e-05
2.1656816898e-05
2.15730615309e-05
2.14869833144e-05
2.13979910768e-05
2.13156909012e-05
2.12319373531e-05
2.11464375752e-05
2.10632642847e-05
2.09818372241e-05
2.08983728953e-05
2.08166547964e-05
2.07358061743e-05
2.06558343052e-05
2.05744054256e-05
2.04964671866e-05
2.04167845368e-05
2.03365234483e-05
2.02597457246e-05
2.01815164473e-05
2.01044513233e-05
2.00282593141e-05
1.99543956114e-05
1.98787820409e-05
1.98028828891e-05
1.97290173674e-05
1.96525325009e-05
1.95789580175e-05
1.95082939172e-05
1.94326821656e-05
1.93585256056e-05
1.92878578673e-05
1.92142870219e-05
1.9145945771e-05
1.90741156985e-05
1.90060673049e-05
1.89342372323e-05
1.88653157238e-05
1.87963960343e-05
1.87271834875e-05
1.8658263798e-05
1.85884691746e-05
1.85236203833e-05
1.84517921298e-05
1.83883967111e-05
1.83212196134e-05
1.8255206669e-05
1.81900650205e-05
1.81263785635e-05
1.80592032848e-05
1.79943544936e-05
1.79277612915e-05
1.78649461304e-05
1.77977726707e-05
1.77364108822e-05
1.76765061042e-05
1.76119465323e-05
1.75534951268e-05
1.74860288098e-05
1.74240885826e-05
1.73627286131e-05
1.73034059117e-05
1.72426261997e-05
1.718301246e-05
1.71216543094e-05
1.70620387507e-05
1.70038765646e-05
1.69448449014e-05
1.6886393496e-05
1.68273618328e-05
1.67689086084e-05
1.67119142134e-05
1.66531699506e-05
1.65976271091e-05
1.65417932294e-05
1.64821794897e-05
1.64277989825e-05
1.63705117302e-05
1.63135136972e-05
1.62602973433e-05
1.62062078743e-05
1.61509578902e-05
1.6096577383e-05
1.6043361029e-05
1.5987236111e-05
1.5934017938e-05
1.58787679538e-05
1.58264228958e-05
1.57734975801e-05
1.57214453793e-05
1.56699734362e-05
1.56173391588e-05
1.55641228048e-05
1.55135239766e-05
1.5462635929e-05
1.54117442435e-05
1.53620185301e-05
1.53114197019e-05
1.52616921696e-05
1.52105121742e-05
1.51613685375e-05
1.51110598381e-05
1.50598789332e-05
1.50124787979e-05
1.49653706103e-05
1.49168072312e-05
1.48682447616e-05
1.48217150127e-05
1.47751889017e-05
1.47266255226e-05
1.46795164255e-05
1.46321153807e-05
1.45861722558e-05
1.45387712109e-05
1.4492243281e-05
1.44465875564e-05
1.4403840396e-05
1.43564420796e-05
1.43142760862e-05
1.42668759509e-05
1.42220933412e-05
1.41787650136e-05
1.41345635711e-05
1.40903630381e-05
1.40467427627e-05
1.40025413202e-05
1.39606681842e-05
1.39153044074e-05
1.38745917866e-05
1.38318464451e-05
1.37882270792e-05
1.37422821354e-05
1.37027345772e-05
1.36599874168e-05
1.36195658342e-05
1.35768195832e-05
1.35349464472e-05
1.34936535687e-05
1.34538131533e-05
1.34125211844e-05
1.33709372676e-05
1.33677394842e-05
1.33645398819e-05
1.33598878165e-05
1.33552348416e-05
1.33511630338e-05
1.33462208396e-05
1.33430221467e-05
1.33392413773e-05
1.33357525556e-05
1.33319708766e-05
1.33267376441e-05
1.33220855787e-05
1.33188868858e-05
1.33153971547e-05
1.33116163852e-05
1.33072544486e-05
1.3302892512e-05
1.32988207042e-05
1.32941686388e-05
1.32895165734e-05
1.32863160616e-05
1.32828281494e-05
1.32787563416e-05
1.32746854433e-05
1.32703244162e-05
1.3266251699e-05
1.32630530061e-05
1.32592731461e-05
1.32557843244e-05
1.32517125166e-05
1.32470595418e-05
1.32429886435e-05
1.32400818984e-05
1.32351378852e-05
1.32328113978e-05
1.32290306283e-05
1.32246696012e-05
1.32185632538e-05
1.32168179334e-05
1.32112936626e-05
1.32066397782e-05
1.3204023162e-05
1.32005334308e-05
1.31947172122e-05
1.31909373522e-05
1.31862843773e-05
1.31839578899e-05
1.31769784275e-05
1.31743618113e-05
1.31723263621e-05
1.31653478093e-05
1.31630213218e-05
1.31586584757e-05
1.31557517307e-05
1.31516808324e-05
1.31476081151e-05
1.31426650114e-05
1.31391761897e-05
1.31362685352e-05
1.31330689328e-05
1.31266715471e-05
1.31228916871e-05
1.3117076378e-05
1.3114748981e-05
1.31106780827e-05
1.31063161461e-05
1.31028273245e-05
1.30978833113e-05
1.30961379909e-05
1.30911948872e-05
1.30879961944e-05
1.30824710141e-05
1.30795633595e-05
1.30760736283e-05
1.30725838972e-05
1.30673506646e-05
1.30638609335e-05
1.30603712023e-05
1.30565904328e-05
1.30519383674e-05
1.3048157598e-05
1.30435055326e-05
1.30385624288e-05
1.30350726977e-05
1.30312919282e-05
1.30269299916e-05
1.30231492221e-05
1.30196604005e-05
1.30141343107e-05
1.30089019876e-05
1.30057023853e-05
1.3001631487e-05
1.29981417558e-05
1.29937798192e-05
1.29899999592e-05
1.29853469844e-05
1.29821482915e-05
1.29774953166e-05
1.29728432512e-05
1.29699346871e-05
1.29652826217e-05
1.29597583509e-05
1.29551044665e-05
1.29519048642e-05
1.29484160425e-05
1.29446361825e-05
1.29394002215e-05
1.29356203615e-05
1.29324225782e-05
1.29295149236e-05
1.29251538965e-05
1.2919918845e-05
1.29164291138e-05
1.29114860101e-05
1.2905670701e-05
1.29033433041e-05
1.28986903292e-05
1.28952015075e-05
1.28917126858e-05
1.28885130835e-05
1.28844412757e-05
1.28797892103e-05
1.28760093503e-05
1.28725187096e-05
1.2869029888e-05
1.28643769131e-05
1.28588526422e-05
1.2854781744e-05
1.28489673443e-05
1.28451856654e-05
1.28416959342e-05
1.28364617922e-05
1.28326810227e-05
1.28283199956e-05
1.28251203932e-05
1.28207593662e-05
1.28163965201e-05
1.28129076984e-05
1.28082547235e-05
1.28047649923e-05
1.27998218886e-05
1.27954590425e-05
1.27919702209e-05
1.27881903609e-05
1.27852827063e-05
1.27803377836e-05
1.27753955894e-05
1.27730700115e-05
1.27675439217e-05
1.27646371766e-05
1.27596931634e-05
1.27573657664e-05
1.27518414956e-05
1.2747479559e-05
1.27439898279e-05
1.27405010062e-05
1.27361381601e-05
1.27314860947e-05
1.27277053252e-05
1.27236335175e-05
1.27195626192e-05
1.27157836687e-05
1.2712293028e-05
1.27085122585e-05
1.27041512314e-05
1.26986260511e-05
1.2694265024e-05
1.26901932163e-05
1.26858312797e-05
1.26814693431e-05
1.26803070088e-05
1.26753629957e-05
1.26707118397e-05
1.26669292513e-05
1.26625682242e-05
1.26584982354e-05
1.26535542222e-05
1.26486111185e-05
1.26451204778e-05
1.26419226945e-05
1.2636687643e-05
1.26317436298e-05
1.26279637698e-05
1.26241839098e-05
1.26198228827e-05
1.26140066641e-05
1.26116792671e-05
1.26070272017e-05
1.26026661746e-05
1.2599175534e-05
1.25962687889e-05
1.25898704937e-05
1.25852175188e-05
1.25814376588e-05
1.25788210426e-05
1.25753304019e-05
1.25724227473e-05
1.25677697724e-05
1.25625356304e-05
