0.700215697289
0.699431180954
0.698909640312
0.703179478645
0.701045513153
0.698361039162
0.701549649239
0.697280824184
0.701922357082
0.696723997593
0.699346840382
0.697931230068
0.700345575809
0.69749635458
0.695612609386
0.698196291924
0.698070049286
0.696203112602
0.69795268774
0.699145555496
0.700940907001
0.698509037495
0.698655188084
0.695136010647
0.698681771755
0.696893036366
0.696876168251
0.699337780476
0.697507083416
0.697264909744
0.700813055038
0.697203874588
0.698006212711
0.701190531254
0.695017576218
0.696943700314
0.698163986206
0.697798490524
0.696176290512
0.696812927723
0.697592556477
0.693425536156
0.6973310709
0.697240591049
0.696725308895
0.69802069664
0.695200324059
0.696310937405
0.697809875011
0.697205424309
0.69701641798
0.697313904762
0.695050895214
0.697124063969
0.695737957954
0.695001602173
0.69588637352
0.693949699402
0.694508552551
0.694428622723
0.694740355015
0.695030868053
0.697346508503
0.694771468639
0.693948507309
0.694370090961
0.698213279247
0.696169376373
0.696190714836
0.696586370468
0.695012927055
0.697907984257
0.695815205574
0.694104671478
0.697225570679
0.69723969698
0.695318222046
0.693192541599
0.693796396255
0.693502128124
0.694187760353
0.692530274391
0.691027581692
0.69479650259
0.693788349628
0.691583275795
0.691216051579
0.695447981358
0.693398952484
0.692455887794
0.693926930428
0.695308029652
0.692634761333
0.695327699184
0.69473272562
0.69424277544
0.696280181408
0.694133937359
0.693931460381
0.694746375084
0.693434238434
0.69443821907
0.694997668266
0.6951572299
0.69358253479
0.695216715336
0.693683683872
0.695380449295
0.693867683411
0.69454485178
0.694383025169
0.695006966591
0.694646000862
0.691638171673
0.692751049995
0.692738234997
0.694783568382
0.695221841335
0.691690146923
0.690652906895
0.693310320377
0.693019986153
0.690180957317
0.692873477936
0.693869173527
0.694007635117
0.695973813534
0.693850457668
0.693098783493
0.693269968033
0.693237364292
0.693050801754
0.692179977894
0.693517267704
0.69311195612
0.693176329136
0.693368434906
0.691594958305
0.691338658333
0.691889226437
0.692700445652
0.693057715893
0.691327929497
0.692932844162
0.691804885864
0.691958010197
0.69283246994
0.692064285278
0.693003535271
0.692476570606
0.692578077316
0.692580521107
0.692470192909
0.693803071976
0.692199766636
0.690711915493
0.6922134161
0.694119811058
0.692315816879
0.692755699158
0.693328499794
0.691754996777
0.692515313625
0.69162774086
0.692382514477
0.694603800774
0.691118478775
0.692702591419
0.693316817284
0.69143986702
0.691549479961
0.692221224308
0.692635238171
0.690243303776
0.69272261858
0.691250681877
0.69313788414
0.692115545273
0.691873967648
0.691615879536
0.692448675632
0.692337691784
0.692785799503
0.691848218441
0.691254675388
0.691801130772
0.692590117455
0.692805051804
0.691252410412
0.692866921425
0.691033065319
0.691969037056
0.693066954613
0.691405713558
0.692388474941
0.691005885601
0.689177453518
0.693007111549
0.692361056805
0.692461788654
0.691944181919
0.690931499004
0.692238688469
0.693065524101
0.690491437912
0.691403627396
0.690862059593
0.690502464771
0.690552949905
0.692547559738
0.693661868572
0.692193984985
0.692062914371
0.691233873367
0.692656338215
0.690952956676
0.691587030888
0.692505180836
0.691368341446
0.690962910652
0.690996468067
0.693343162537
0.69223678112
0.692557930946
0.690958619118
0.691946864128
0.690692424774
0.69208830595
0.689662456512
0.693118155003
0.691852688789
0.691572964191
0.692144393921
0.690671622753
0.691003859043
0.690431833267
0.69188028574
0.691448509693
0.69052118063
0.690789401531
0.692848145962
0.690969705582
0.69279062748
0.690056502819
0.690081357956
0.690389275551
0.691392719746
0.692545592785
0.690006732941
0.691144764423
0.690570890903
0.690833210945
0.691998958588
0.692587196827
0.693776190281
0.690806031227
0.690312623978
0.690754830837
0.69180893898
0.689467728138
0.690158843994
0.690283119678
0.691882550716
0.6910764575
0.690070569515
0.690545737743
0.690685212612
0.690752744675
0.689086019993
0.690383553505
0.689712107182
0.690286338329
0.69146490097
0.690701961517
0.69158834219
0.690115809441
0.689635574818
0.691599488258
0.689760506153
0.690512061119
0.689817249775
0.690628170967
0.689174056053
0.690782725811
0.688322484493
0.690213620663
0.690395355225
0.688808143139
0.689527571201
0.690502285957
0.691233575344
0.690200805664
0.690495550632
0.689397394657
0.689516365528
0.690399289131
0.690207719803
0.690191745758
0.690747499466
0.690957725048
