0.693147242069
0.693139135838
0.693131148815
0.693123102188
0.693115115166
0.693107187748
0.693099141121
0.693091094494
0.693083107471
0.693075060844
0.693067133427
0.69305896759
0.693051099777
0.69304305315
0.693035006523
0.693026959896
0.693018913269
0.693010926247
0.693002998829
0.692994952202
0.692987084389
0.692979037762
0.692971050739
0.692963063717
0.692955076694
0.692947149277
0.69293910265
0.692931234837
0.692923367023
0.692915320396
0.692907392979
0.692899465561
0.692891478539
0.692883551121
0.692875564098
0.69286775589
0.692859768867
0.692851901054
0.692843973637
0.692836105824
0.692828118801
0.692820310593
0.692812383175
0.692804574966
0.692796587944
0.692788720131
0.692780852318
0.692773044109
0.692765116692
0.692757189274
0.69274944067
0.692741572857
0.692733764648
0.69272595644
0.692718088627
0.692710340023
0.692702293396
0.692694604397
0.692686796188
0.692678928375
0.692671179771
0.692663252354
0.692655563354
0.692647635937
0.692639887333
0.692632138729
0.692624270916
0.692616522312
0.692608773708
0.692601025105
0.692593216896
0.692585408688
0.692577660084
0.69256991148
0.692562222481
0.692554593086
0.692546725273
0.692538976669
0.692531228065
0.692523539066
0.692515730858
0.692508101463
0.692500412464
0.692492604256
0.692485034466
0.692477166653
0.692469596863
0.692461907864
0.692454218864
0.692446529865
0.692438840866
0.692431211472
0.692423462868
0.692415714264
0.692408144474
0.692400515079
0.692392885685
0.692385196686
0.692377507687
0.692369878292
0.692362368107
0.692354619503
0.692346930504
0.692339420319
0.692331731319
0.69232416153
0.69231659174
0.692308843136
0.692301392555
0.692293703556
0.692286074162
0.692278444767
0.692270874977
0.692263364792
0.692255854607
0.692248225212
0.692240655422
0.692233026028
0.692225515842
0.692218005657
0.692210435867
0.692202925682
0.692195415497
0.692187786102
0.692180275917
0.692172706127
0.692165195942
0.692157745361
0.692150115967
0.692142605782
0.692135095596
0.692127645016
0.692120194435
0.692112624645
0.692105233669
0.692097663879
0.692090213299
0.692082703114
0.692075252533
0.692067801952
0.692060291767
0.692052841187
0.692045509815
0.692037880421
0.69203042984
0.692023098469
0.692015707493
0.692008256912
0.692000687122
0.691993355751
0.691985845566
0.691978514194
0.691971123219
0.691963732243
0.691956281662
0.691948890686
0.691941559315
0.691934049129
0.691926836967
0.691919267178
0.691911876202
0.691904604435
0.691897034645
0.691889822483
0.691882491112
0.69187515974
0.69186770916
0.691860437393
0.691853165627
0.691845715046
0.691838383675
0.691830992699
0.691823840141
0.691816389561
0.691809058189
0.691801786423
0.691794514656
0.691787183285
0.691779911518
0.691772699356
0.69176530838
0.691758036613
0.691750824451
0.691743552685
0.691736221313
0.691729009151
0.69172167778
0.691714465618
0.691707193851
0.691699981689
0.691692650318
0.691685438156
0.691678166389
0.691670954227
0.69166380167
0.691656410694
0.691649198532
0.691642105579
0.691634893417
0.691627562046
0.691620469093
0.691613316536
0.691606104374
0.691598892212
0.691591739655
0.691584587097
0.691577374935
0.691570162773
0.691563010216
0.691555917263
0.691548705101
0.691541552544
0.691534399986
0.691527187824
0.691520154476
0.691513001919
0.691505908966
0.691498756409
0.691491603851
0.691484451294
0.691477417946
0.691470205784
0.691463112831
0.691456139088
0.69144898653
0.691441893578
0.691434681416
0.691427707672
0.691420614719
0.691413521767
0.691406488419
0.691399395466
0.691392302513
0.691385388374
0.691378355026
0.691371202469
0.691364109516
0.691357195377
0.691350102425
0.691343128681
0.691335976124
0.69132912159
0.691321969032
0.691314995289
0.69130808115
0.691300988197
0.691294014454
0.691286981106
0.691280066967
0.691273033619
0.691266179085
0.691259145737
0.691252171993
0.69124519825
0.691238164902
0.691231310368
0.691224336624
0.69121748209
0.691210389137
0.691203474998
0.691196620464
0.691189646721
0.691182792187
0.691175818443
0.691168904305
0.691161990166
0.691155135632
0.691148161888
0.691141366959
0.691134393215
0.691127598286
0.691120743752
0.691113829613
0.691106855869
0.69110006094
0.691093206406
0.691086351871
0.691079497337
0.691072642803
0.691065788269
0.69105899334
0.691052079201
0.691045224667
0.691038429737
0.691031634808
0.691024720669
0.691017985344
0.69101113081
0.69100445509
0.690997600555
0.690990686417
0.690984010696
0.690977215767
0.690970540047
0.690963685513
0.690956950188
0.690950095654
0.690943300724
0.690936565399
0.690929889679
0.690923154354
0.690916359425
0.6909096241
0.69090294838
0.690896093845
0.690889358521
0.6908826828
0.69087600708
0.690869212151
0.690862596035
0.690855920315
0.690849125385
0.69084250927
0.690835952759
0.69082903862
0.690822422504
0.690815865993
0.690809130669
0.690802454948
0.690795838833
0.690789222717
0.690782487392
0.690775811672
0.690769255161
0.690762460232
0.690755844116
0.690749406815
0.690742731094
0.690736055374
0.690729439259
0.690722823143
0.690716266632
0.690709650517
0.690703034401
0.69069647789
0.690689921379
0.690683305264
0.690676748753
0.690670192242
0.690663635731
0.690657019615
0.690650463104
0.690643906593
0.690637350082
0.690630793571
0.690624237061
0.69061768055
0.690611183643
0.690604746342
0.690598189831
0.69059163332
0.690585076809
0.690578699112
0.690572321415
0.690565764904
0.690559148788
0.690552651882
0.690546274185
0.690539717674
0.690533220768
0.690526723862
0.690520346165
0.690513849258
0.690507411957
0.690500974655
0.690494537354
0.690488040447
0.69048166275
0.690475225449
0.690468788147
0.69046241045
0.690455913544
0.690449535847
0.690443098545
0.690436780453
0.690430283546
0.690423965454
0.690417528152
0.69041121006
0.690404832363
0.690398454666
0.690392196178
0.690385758877
0.69037938118
0.690372943878
0.690366566181
0.690360307693
0.690353929996
0.690347611904
0.690341353416
0.690335035324
0.690328598022
0.690322339535
0.690316021442
0.69030970335
0.690303385258
0.69029712677
0.690290808678
0.69028455019
0.690278291702
0.690271914005
0.690265715122
0.690259456635
0.690253138542
0.690246880054
0.690240621567
0.690234422684
0.690228104591
0.690221846104
0.69021576643
0.690209448338
0.690203249454
0.690197110176
0.690190732479
0.690184533596
0.690178394318
0.69017213583
0.690165996552
0.690159797668
0.690153717995
0.690147459507
0.690141260624
0.690135061741
0.690128982067
0.690122902393
0.690116643906
0.690110445023
0.690104365349
0.690098166466
0.690092086792
0.690085828304
0.690079689026
0.690073609352
0.690067470074
0.6900613904
0.690055310726
0.690049171448
0.690043091774
0.690036952496
0.690030872822
0.690024793148
0.69001865387
0.690012574196
0.690006613731
0.690000593662
0.689994394779
0.689988434315
0.689982354641
0.689976215363
0.689970195293
0.689964175224
0.68995821476
0.689952135086
0.689946174622
0.689940094948
0.689934015274
0.689928174019
0.68992215395
0.689916074276
0.689910173416
0.689904093742
0.689898073673
0.689892113209
0.68988609314
0.689880251884
0.689874172211
0.689868330956
0.689862370491
0.689856231213
0.689850449562
0.689844489098
0.689838588238
0.689832568169
0.689826726913
0.689820766449
0.689814865589
0.689808905125
0.689803063869
0.68979716301
0.68979126215
0.689785242081
0.68977946043
0.68977355957
0.68976777792
0.689761817455
0.689755916595
0.689750134945
0.68974429369
0.689738333225
0.689732551575
0.68972659111
0.689720928669
0.689714968204
0.689709186554
0.689703345299
0.689697563648
0.689691781998
0.689685940742
0.689680099487
0.689674496651
0.689668536186
0.689662754536
0.68965691328
0.689651250839
0.689645409584
0.689639627934
0.689633905888
0.689628183842
0.689622402191
0.689616560936
0.68961083889
0.689605176449
0.689599394798
0.689593553543
0.689588010311
0.689582169056
0.68957644701
0.689570724964
0.689565062523
0.689559400082
0.68955373764
0.68954795599
0.689542293549
0.689536631107
0.689530909061
0.689525306225
0.689519643784
0.689513862133
0.689508378506
0.689502537251
0.689497053623
0.689491391182
0.689485728741
0.689480125904
0.689474403858
0.689468801022
0.689463078976
0.689457654953
0.689451932907
0.68944644928
0.689440786839
0.689435184002
0.689429581165
0.689423918724
0.689418435097
0.689412951469
0.689407348633
0.689401686192
0.689396262169
0.689390599728
0.689384996891
0.689379572868
0.689374029636
0.689368486404
0.689362883568
0.68935739994
0.689351916313
0.689346373081
0.689340829849
0.689335346222
0.68932980299
0.689324438572
0.689318835735
0.689313411713
0.689307808876
0.689302444458
0.689296960831
0.689291536808
0.689285993576
0.689280569553
0.689275085926
0.689269661903
0.689264297485
0.689258873463
0.689253330231
0.689247846603
0.68924254179
0.689237117767
0.68923163414
0.689226269722
0.689220845699
0.689215540886
0.689210116863
0.689204692841
0.689199328423
0.689193964005
0.689188599586
0.689183235168
0.68917787075
0.689172506332
0.689167141914
0.689161717892
0.689156413078
0.68915104866
0.689145743847
0.689140379429
0.689135074615
0.689129889011
0.689124405384
0.689119160175
0.689113855362
0.689108490944
0.68910330534
0.689097940922
0.689092695713
0.689087450504
0.689082145691
0.689076960087
0.689071655273
0.68906635046
0.689061105251
0.689055800438
0.689050614834
0.689045369625
0.689040124416
0.689034938812
0.689029693604
0.689024448395
0.689019203186
0.689014136791
0.689008891582
0.689003705978
0.688998401165
0.688993275166
0.688988089561
0.688982844353
0.688977718353
0.688972592354
0.688967466354
0.688962221146
0.688956975937
0.688951909542
0.688946664333
0.688941597939
0.688936471939
0.68893134594
0.688926279545
0.688921093941
0.688915967941
0.688910782337
0.688905715942
0.68890529871
0.688904762268
0.688904225826
0.688903689384
0.688903212547
0.688902795315
0.688902258873
0.688901722431
0.688901126385
0.688900709152
0.688900232315
0.688899636269
0.688899040222
0.68889862299
0.688898146152
0.68889772892
0.688897132874
0.688896596432
0.68889605999
0.688895642757
0.688895106316
0.688894510269
0.688894033432
0.688893556595
0.688893020153
0.688892662525
0.688892066479
0.688891589642
0.688890993595
0.688890576363
0.688889980316
0.68888938427
0.688888907433
0.6888884902
0.688888013363
0.688887357712
0.68888682127
0.688886404037
0.6888859272
0.688885331154
0.688884854317
0.688884317875
0.688883841038
0.688883244991
0.688882827759
0.688882291317
0.688881754875
0.688881337643
0.688880741596
0.688880264759
0.688879668713
0.68887925148
0.688878774643
0.688878297806
0.688877761364
0.688877224922
0.68887668848
0.688876092434
0.688875675201
0.68887513876
0.688874602318
0.688874185085
0.688873589039
0.688873171806
0.68887257576
0.688872098923
0.68887168169
0.688871085644
0.688870608807
0.68887001276
0.688869655132
0.688869059086
0.688868582249
0.688868105412
0.68886756897
0.688867032528
0.688866436481
0.688866019249
0.688865542412
0.688864946365
0.688864529133
0.688863992691
0.688863396645
0.688862919807
0.68886244297
0.688861966133
0.688861548901
0.688860952854
0.688860356808
0.688859820366
0.688859283924
0.688858747482
0.68885833025
0.688857793808
0.688857316971
0.688856780529
0.688856303692
0.688855826855
0.688855230808
0.688854813576
0.688854157925
0.688853800297
0.68885320425
0.688852727413
0.688852131367
0.68885165453
0.688851177692
0.688850641251
0.688850164413
0.688849627972
0.68884909153
0.688848555088
0.688848078251
0.688847541809
0.688847064972
0.688846468925
0.688846051693
0.688845574856
0.688844978809
0.688844501972
0.68884396553
0.688843369484
0.688842892647
0.68884241581
0.688841938972
0.688841462135
0.688840925694
0.688840389252
0.688839972019
0.688839375973
0.688838839531
0.688838303089
0.688837885857
0.688837349415
0.688836812973
0.688836276531
0.688835680485
0.688835322857
0.68883472681
0.688834309578
0.688833713531
0.68883317709
0.688832640648
0.688832223415
0.688831686974
0.688831210136
0.688830554485
0.688830196857
0.688829541206
0.688829064369
0.688828647137
0.68882805109
0.688827455044
0.688826978207
0.688826560974
0.688825964928
0.688825488091
0.688825011253
0.688824474812
