0.767863333225
0.707812726498
0.676152288914
0.678593575954
0.674605071545
0.660207748413
0.655791342258
0.646202206612
0.632252454758
0.628312051296
0.628706395626
0.618927836418
0.611010491848
0.609964907169
0.609384953976
0.609732270241
0.595763027668
0.593274772167
0.586870670319
0.576501131058
0.580357193947
0.565529227257
0.565583229065
0.567130029202
0.54185795784
0.557873904705
0.539436459541
0.538475394249
0.535239577293
0.542730391026
0.515154182911
0.506685376167
0.497610837221
0.50060147047
0.494397580624
0.468094080687
0.490302413702
0.508362233639
0.464148849249
0.445633500814
0.478285193443
0.430649697781
0.438942730427
0.435956925154
0.411580234766
0.408176988363
0.411449044943
0.412038505077
0.385468870401
0.389775425196
0.373593837023
0.394415616989
0.36637070775
0.409591019154
0.383822619915
0.357593357563
0.351512402296
0.347256213427
0.326823681593
0.33766323328
0.33328589797
0.32997789979
0.31230571866
0.333538681269
0.291642844677
0.316268026829
0.297641724348
0.300527215004
0.286643743515
0.285588592291
0.29789596796
0.266637593508
0.240706518292
0.246876984835
0.260502874851
0.254005402327
0.259286612272
0.226696759462
0.271710813046
0.260554939508
0.281440168619
0.212646782398
0.220613077283
0.215894430876
0.216880246997
0.252806246281
0.222329288721
0.255292862654
0.203289911151
0.214648470283
0.229225933552
0.216681391001
0.219076693058
0.209930419922
0.208864912391
0.204857230186
0.23536041379
0.213381811976
0.211700409651
0.185841277242
0.207498088479
0.181811332703
0.211282089353
0.18069756031
0.201510101557
0.207225769758
0.144082784653
0.196273490787
0.140447288752
0.233807191253
0.166153773665
0.168874830008
0.150035142899
0.162319794297
0.176513493061
0.14208906889
0.134845778346
0.166806742549
0.137530773878
0.159461274743
0.142479762435
0.127977922559
0.111086204648
0.1410728544
0.141067966819
0.133743658662
0.139241814613
0.120686814189
0.153120756149
0.161223590374
0.144442811608
0.129545375705
0.135839149356
0.136773377657
0.16795656085
0.10027474165
0.116266749799
0.114515028894
0.150636330247
0.182622283697
0.0880361795425
0.145257636905
0.109780997038
0.120561376214
0.139334768057
0.115938670933
0.123510465026
0.112687811255
0.163627877831
0.155411124229
0.101957403123
0.140403211117
0.140867099166
0.120992988348
0.103593073785
0.113687850535
0.143768846989
0.125148788095
0.121663704515
0.14126509428
0.110558129847
0.113736949861
0.157510489225
0.108668603003
0.114894628525
0.102382086217
0.15220336616
0.105990797281
0.142416492105
0.135299503803
0.151388317347
0.0949965715408
0.0919589698315
0.129798904061
0.135315239429
0.0822804495692
0.163664698601
0.171373873949
0.109875850379
0.114282540977
0.0949111580849
0.115735672414
0.138284474611
0.101875372231
0.113159924746
0.137083604932
0.128654316068
0.0945876613259
0.10923306644
0.123539529741
0.101756453514
0.107128553092
0.0970178022981
0.0663535371423
0.102696217597
0.0688877925277
0.0924977213144
0.108179107308
0.0849105492234
0.115051455796
0.0747819468379
0.0980184823275
0.104901216924
0.0816832557321
0.0932817235589
0.125319242477
0.102548822761
0.125429660082
0.086328394711
0.103809386492
0.0728020593524
0.116546943784
0.109255596995
0.0667562037706
0.100212007761
0.0958603248
0.0942739099264
0.0649483129382
0.0888563543558
0.13589194417
0.0588170588017
0.0922894328833
0.0846210867167
0.0895028859377
0.0836552530527
0.106066837907
0.0743315964937
0.119636200368
0.0532126277685
0.087646253407
0.0966613739729
0.0693173632026
0.0690565556288
0.09058675915
0.0956881567836
0.0664502456784
0.0960775613785
0.081242762506
0.0593779906631
0.0804027020931
0.096975825727
0.10954336077
0.0797370374203
0.0663934126496
0.078053355217
0.11277487874
0.057314325124
0.0692295655608
0.0665651485324
0.0720687434077
0.0772515833378
0.106246992946
0.0622039139271
0.0546402670443
0.0570197440684
0.0762560889125
0.0681327059865
0.0696730241179
0.0739667341113
0.0674595832825
0.0710499286652
0.0776925086975
0.0684513822198
0.0739405080676
0.100044958293
0.0642600804567
0.0583295598626
0.0752615332603
0.0679707154632
0.0459934547544
0.040355887264
0.0831170231104
0.0917442142963
0.0584952943027
0.0646624416113
0.0561583898962
0.0888363197446
0.0850492045283
0.0578179396689
0.0547907538712
0.0739447921515
0.0981796756387
0.0952038764954
0.0849508494139
0.0869438648224
0.0675034150481
0.104577191174
0.0770027562976
0.0491318032146
0.0869646295905
0.0771673619747
0.0628691613674
0.062999419868
0.0575624331832
0.0645918473601
0.0837441235781
0.0815835818648
0.0641506761312
0.0501518584788
0.0715687274933
