0.43902438879
0.497560977936
0.653658509254
0.678048789501
0.717073142529
0.717073142529
0.717073142529
0.72682929039
0.741463422775
0.765853643417
0.785365879536
0.824390232563
0.84878051281
0.84878051281
0.853658556938
0.873170733452
0.882926821709
0.892682909966
0.907317101955
0.912195146084
0.912195146084
0.917073190212
0.931707322598
0.941463410854
0.936585366726
0.936585366726
0.941463410854
0.946341454983
0.951219499111
0.951219499111
0.951219499111
0.95609754324
0.960975587368
0.960975587368
0.960975587368
0.960975587368
0.960975587368
0.960975587368
0.960975587368
0.95609754324
0.965853631496
0.965853631496
0.960975587368
0.960975587368
0.960975587368
0.960975587368
0.960975587368
0.960975587368
0.965853631496
0.965853631496
0.965853631496
0.965853631496
0.965853631496
0.965853631496
0.965853631496
0.965853631496
0.965853631496
0.965853631496
0.95609754324
0.960975587368
0.965853631496
0.965853631496
0.965853631496
0.965853631496
0.960975587368
0.965853631496
0.95609754324
0.965853631496
0.95609754324
0.951219499111
0.960975587368
0.960975587368
0.965853631496
0.970731735229
0.970731735229
0.951219499111
0.946341454983
0.970731735229
0.951219499111
0.970731735229
0.965853631496
0.965853631496
0.980487823486
0.985365867615
0.985365867615
0.985365867615
0.985365867615
0.975609779358
0.980487823486
0.990243911743
0.990243911743
0.990243911743
0.990243911743
0.990243911743
0.990243911743
0.990243911743
0.990243911743
0.990243911743
0.990243911743
0.990243911743
0.990243911743
0.990243911743
0.990243911743
0.990243911743
0.990243911743
0.990243911743
0.990243911743
0.990243911743
0.990243911743
0.990243911743
0.990243911743
0.990243911743
0.990243911743
0.990243911743
0.990243911743
0.990243911743
0.990243911743
0.990243911743
0.990243911743
0.990243911743
0.990243911743
0.990243911743
0.990243911743
0.990243911743
0.990243911743
0.990243911743
0.990243911743
0.990243911743
0.990243911743
0.990243911743
0.990243911743
0.990243911743
0.990243911743
0.990243911743
0.990243911743
0.990243911743
0.990243911743
0.990243911743
0.990243911743
0.990243911743
0.990243911743
0.990243911743
0.990243911743
0.990243911743
0.990243911743
0.990243911743
0.990243911743
0.990243911743
0.990243911743
0.990243911743
0.990243911743
0.990243911743
0.990243911743
0.990243911743
0.990243911743
0.990243911743
0.990243911743
0.990243911743
0.990243911743
0.990243911743
0.990243911743
0.990243911743
0.990243911743
0.990243911743
0.990243911743
0.990243911743
0.990243911743
0.990243911743
0.990243911743
0.990243911743
0.990243911743
0.990243911743
0.990243911743
0.990243911743
0.990243911743
0.990243911743
0.990243911743
0.990243911743
0.990243911743
0.990243911743
0.990243911743
0.990243911743
0.990243911743
0.990243911743
0.990243911743
0.990243911743
0.990243911743
0.990243911743
0.990243911743
0.990243911743
0.990243911743
0.990243911743
0.990243911743
0.990243911743
0.990243911743
0.990243911743
0.990243911743
0.990243911743
0.990243911743
0.990243911743
0.990243911743
0.990243911743
0.990243911743
0.990243911743
0.990243911743
0.990243911743
0.990243911743
0.990243911743
0.990243911743
0.990243911743
0.990243911743
0.990243911743
0.990243911743
0.990243911743
0.990243911743
0.990243911743
0.990243911743
0.990243911743
0.990243911743
0.990243911743
0.990243911743
0.990243911743
0.990243911743
0.990243911743
0.990243911743
0.990243911743
0.990243911743
0.990243911743
0.990243911743
0.990243911743
0.990243911743
0.990243911743
0.990243911743
0.990243911743
0.990243911743
0.990243911743
0.990243911743
0.990243911743
0.990243911743
0.990243911743
0.990243911743
0.990243911743
0.990243911743
0.990243911743
0.990243911743
0.990243911743
0.990243911743
0.990243911743
0.990243911743
0.990243911743
0.990243911743
0.990243911743
0.990243911743
0.990243911743
0.990243911743
0.990243911743
0.990243911743
0.990243911743
0.990243911743
0.990243911743
0.990243911743
0.990243911743
0.990243911743
0.990243911743
0.990243911743
0.990243911743
0.990243911743
0.990243911743
0.990243911743
0.990243911743
0.990243911743
0.990243911743
0.990243911743
0.990243911743
0.990243911743
0.990243911743
0.990243911743
0.990243911743
0.990243911743
0.990243911743
0.990243911743
0.990243911743
0.990243911743
0.990243911743
0.990243911743
0.990243911743
0.990243911743
0.990243911743
0.990243911743
0.990243911743
0.990243911743
0.990243911743
0.990243911743
0.990243911743
0.990243911743
0.990243911743
0.990243911743
0.990243911743
0.990243911743
0.990243911743
0.990243911743
0.990243911743
0.990243911743
0.990243911743
0.990243911743
0.990243911743
0.990243911743
0.990243911743
0.990243911743
0.990243911743
0.990243911743
0.990243911743
0.990243911743
0.990243911743
0.990243911743
0.990243911743
0.990243911743
0.990243911743
0.990243911743
0.990243911743
0.990243911743
0.990243911743
0.990243911743
0.990243911743
0.990243911743
0.990243911743
0.990243911743
0.990243911743
0.990243911743
0.990243911743
0.990243911743
0.990243911743
0.990243911743
0.990243911743
0.990243911743
0.990243911743
0.990243911743
0.990243911743
0.990243911743
0.990243911743
0.990243911743
0.990243911743
0.990243911743
0.990243911743
0.990243911743
0.990243911743
0.990243911743
0.990243911743
0.990243911743
0.990243911743
0.990243911743
0.990243911743
0.990243911743
0.990243911743
0.990243911743
0.990243911743
0.990243911743
0.990243911743
0.990243911743
0.990243911743
0.990243911743
0.990243911743
0.990243911743
0.990243911743
0.990243911743
0.990243911743
0.990243911743
0.990243911743
0.990243911743
0.990243911743
0.990243911743
0.990243911743
0.990243911743
0.990243911743
0.990243911743
0.990243911743
0.990243911743
0.990243911743
0.990243911743
0.990243911743
0.990243911743
0.990243911743
0.990243911743
0.990243911743
0.990243911743
0.990243911743
0.990243911743
0.990243911743
0.990243911743
0.990243911743
0.990243911743
0.990243911743
0.990243911743
0.990243911743
0.990243911743
0.990243911743
0.990243911743
0.990243911743
0.990243911743
0.990243911743
0.990243911743
0.990243911743
0.990243911743
0.990243911743
0.990243911743
0.990243911743
0.990243911743
0.990243911743
0.990243911743
0.990243911743
0.990243911743
0.990243911743
0.990243911743
0.990243911743
0.990243911743
0.990243911743
0.990243911743
0.990243911743
0.990243911743
0.990243911743
0.990243911743
0.990243911743
0.990243911743
0.990243911743
0.990243911743
0.990243911743
0.990243911743
0.990243911743
0.990243911743
0.990243911743
0.990243911743
0.990243911743
0.990243911743
0.990243911743
0.990243911743
0.990243911743
0.990243911743
0.990243911743
0.990243911743
0.990243911743
0.990243911743
0.990243911743
0.990243911743
0.990243911743
0.990243911743
0.990243911743
0.990243911743
0.990243911743
0.990243911743
0.990243911743
0.990243911743
0.990243911743
0.990243911743
0.990243911743
0.990243911743
0.990243911743
0.990243911743
0.990243911743
0.990243911743
0.990243911743
0.990243911743
0.990243911743
0.990243911743
0.990243911743
0.990243911743
0.990243911743
0.990243911743
0.990243911743
0.990243911743
0.990243911743
0.990243911743
0.990243911743
0.990243911743
0.990243911743
0.990243911743
0.990243911743
0.990243911743
0.990243911743
0.990243911743
0.990243911743
0.990243911743
0.990243911743
0.990243911743
0.990243911743
0.990243911743
0.990243911743
0.990243911743
0.990243911743
0.990243911743
0.990243911743
0.990243911743
0.990243911743
0.990243911743
0.990243911743
0.990243911743
0.990243911743
0.990243911743
0.990243911743
0.990243911743
0.990243911743
0.990243911743
0.990243911743
0.990243911743
0.990243911743
0.990243911743
0.990243911743
0.990243911743
0.990243911743
0.990243911743
0.990243911743
0.990243911743
0.990243911743
0.990243911743
0.990243911743
0.990243911743
0.990243911743
0.990243911743
0.990243911743
0.990243911743
0.990243911743
0.990243911743
0.990243911743
0.990243911743
0.990243911743
0.990243911743
0.990243911743
0.990243911743
0.990243911743
0.990243911743
0.990243911743
0.990243911743
0.990243911743
0.990243911743
0.990243911743
0.990243911743
0.990243911743
0.990243911743
0.990243911743
0.990243911743
0.990243911743
0.990243911743
0.990243911743
0.990243911743
0.990243911743
0.990243911743
0.990243911743
0.990243911743
0.990243911743
0.990243911743
0.990243911743
0.990243911743
0.990243911743
0.990243911743
0.990243911743
0.990243911743
0.990243911743
0.990243911743
0.990243911743
0.990243911743
0.990243911743
0.990243911743
0.990243911743
0.990243911743
0.990243911743
0.990243911743
0.990243911743
0.990243911743
0.990243911743
0.990243911743
0.990243911743
0.990243911743
0.990243911743
0.990243911743
0.990243911743
0.990243911743
0.990243911743
0.990243911743
0.990243911743
0.990243911743
0.990243911743
0.990243911743
0.990243911743
0.990243911743
0.990243911743
0.990243911743
0.990243911743
0.990243911743
0.990243911743
0.990243911743
0.990243911743
0.990243911743
0.990243911743
0.990243911743
0.990243911743
0.990243911743
0.990243911743
0.990243911743
0.990243911743
0.990243911743
0.990243911743
0.990243911743
0.990243911743
0.990243911743
0.990243911743
0.990243911743
0.990243911743
0.990243911743
0.990243911743
0.990243911743
0.990243911743
0.990243911743
0.990243911743
0.990243911743
0.990243911743
0.990243911743
0.990243911743
0.990243911743
0.990243911743
0.990243911743
0.990243911743
0.990243911743
0.990243911743
0.990243911743
0.990243911743
0.990243911743
0.990243911743
0.990243911743
0.990243911743
0.990243911743
0.990243911743
0.990243911743
0.990243911743
0.990243911743
0.990243911743
0.990243911743
0.990243911743
0.990243911743
0.990243911743
0.990243911743
0.990243911743
0.990243911743
0.990243911743
0.990243911743
0.990243911743
0.990243911743
0.990243911743
0.990243911743
0.990243911743
0.990243911743
0.990243911743
0.990243911743
0.990243911743
0.990243911743
0.990243911743
0.990243911743
0.990243911743
0.990243911743
0.990243911743
0.990243911743
0.990243911743
0.990243911743
0.990243911743
0.990243911743
0.990243911743
0.990243911743
0.990243911743
0.990243911743
0.990243911743
0.990243911743
0.990243911743
0.990243911743
0.990243911743
0.990243911743
0.990243911743
0.990243911743
0.990243911743
0.990243911743
0.990243911743
0.990243911743
0.990243911743
0.990243911743
0.990243911743
0.990243911743
0.990243911743
0.990243911743
0.990243911743
0.990243911743
0.990243911743
0.990243911743
0.990243911743
0.990243911743
0.990243911743
0.990243911743
0.990243911743
0.990243911743
0.990243911743
0.990243911743
0.990243911743
0.990243911743
0.990243911743
0.990243911743
0.990243911743
0.990243911743
0.990243911743
0.990243911743
0.990243911743
0.990243911743
0.990243911743
0.990243911743
0.990243911743
0.990243911743
0.990243911743
0.990243911743
0.990243911743
0.990243911743
0.990243911743
0.990243911743
0.990243911743
0.990243911743
0.990243911743
0.990243911743
0.990243911743
0.990243911743
0.990243911743
0.990243911743
0.990243911743
0.990243911743
0.990243911743
0.990243911743
0.990243911743
0.990243911743
0.990243911743
0.990243911743
0.990243911743
0.990243911743
0.990243911743
0.990243911743
0.990243911743
0.990243911743
0.990243911743
0.990243911743
0.990243911743
0.990243911743
0.990243911743
0.990243911743
0.990243911743
0.990243911743
0.990243911743
0.990243911743
0.990243911743
0.990243911743
0.990243911743
0.990243911743
0.990243911743
0.990243911743
0.990243911743
0.990243911743
0.990243911743
0.990243911743
0.990243911743
0.990243911743
0.990243911743
0.990243911743
0.990243911743
0.990243911743
0.990243911743
0.990243911743
0.990243911743
0.990243911743
0.990243911743
0.990243911743
0.990243911743
0.990243911743
0.990243911743
0.990243911743
0.990243911743
0.990243911743
0.990243911743
0.990243911743
0.990243911743
0.990243911743
0.990243911743
0.990243911743
0.990243911743
0.990243911743
0.990243911743
0.990243911743
0.990243911743
0.990243911743
0.990243911743
0.990243911743
0.990243911743
0.990243911743
0.990243911743
0.990243911743
0.990243911743
0.990243911743
0.990243911743
0.990243911743
0.990243911743
0.990243911743
0.990243911743
0.990243911743
0.990243911743
0.990243911743
0.990243911743
0.990243911743
0.990243911743
0.990243911743
0.990243911743
0.990243911743
0.990243911743
0.990243911743
0.990243911743
0.990243911743
0.990243911743
0.990243911743
0.990243911743
0.990243911743
0.990243911743
0.990243911743
0.990243911743
0.990243911743
0.990243911743
0.990243911743
0.990243911743
0.990243911743
0.990243911743
0.990243911743
0.990243911743
0.990243911743
0.990243911743
0.990243911743
0.990243911743
0.990243911743
0.990243911743
0.990243911743
0.990243911743
0.990243911743
0.990243911743
0.990243911743
0.990243911743
0.990243911743
0.990243911743
0.990243911743
0.990243911743
0.990243911743
0.990243911743
0.990243911743
0.990243911743
0.990243911743
0.990243911743
0.990243911743
0.990243911743
0.990243911743
0.990243911743
0.990243911743
0.990243911743
0.990243911743
0.990243911743
0.990243911743
0.990243911743
0.990243911743
0.990243911743
0.990243911743
0.990243911743
0.990243911743
0.990243911743
0.990243911743
0.990243911743
0.990243911743
0.990243911743
0.990243911743
0.990243911743
0.990243911743
0.990243911743
0.990243911743
0.990243911743
0.990243911743
0.990243911743
0.990243911743
0.990243911743
0.990243911743
0.990243911743
0.990243911743
0.990243911743
0.990243911743
0.990243911743
0.990243911743
0.990243911743
0.990243911743
0.990243911743
0.990243911743
0.990243911743
0.990243911743
0.990243911743
0.990243911743
0.990243911743
0.990243911743
0.990243911743
0.990243911743
0.990243911743
0.990243911743
0.990243911743
0.990243911743
0.990243911743
0.990243911743
0.990243911743
0.990243911743
0.990243911743
0.990243911743
0.990243911743
0.990243911743
0.990243911743
0.990243911743
0.990243911743
0.990243911743
0.990243911743
0.990243911743
0.990243911743
0.990243911743
0.990243911743
0.990243911743
0.990243911743
0.990243911743
0.990243911743
0.990243911743
0.990243911743
0.990243911743
0.990243911743
0.990243911743
0.990243911743
0.990243911743
0.990243911743
0.990243911743
0.990243911743
0.990243911743
0.990243911743
0.990243911743
0.990243911743
0.990243911743
0.990243911743
0.990243911743
0.990243911743
0.990243911743
0.990243911743
0.990243911743
0.990243911743
0.990243911743
0.990243911743
0.990243911743
0.990243911743
0.990243911743
0.990243911743
0.990243911743
0.990243911743
0.990243911743
0.990243911743
0.990243911743
0.990243911743
0.990243911743
0.990243911743
0.990243911743
0.990243911743
0.990243911743
0.990243911743
0.990243911743
0.990243911743
0.990243911743
0.990243911743
0.990243911743
0.990243911743
0.990243911743
0.990243911743
0.990243911743
0.990243911743
0.990243911743
0.990243911743
0.990243911743
0.990243911743
0.990243911743
0.990243911743
0.990243911743
0.990243911743
0.990243911743
0.990243911743
0.990243911743
0.990243911743
0.990243911743
0.990243911743
0.990243911743
0.990243911743
0.990243911743
0.990243911743
0.990243911743
0.990243911743
0.990243911743
0.990243911743
0.990243911743
0.990243911743
