0.692890644073
0.692715883255
0.692642152309
0.692401409149
0.692319989204
0.692087113857
0.691833496094
0.691628754139
0.691457152367
0.691204965115
0.690968573093
0.690772950649
0.690465688705
0.690275609493
0.689935147762
0.689704716206
0.689400553703
0.688994467258
0.688871741295
0.688426792622
0.688041567802
0.687729895115
0.687533915043
0.686919808388
0.686587750912
0.685689806938
0.685468733311
0.685206890106
0.684718608856
0.684034407139
0.683664739132
0.683134675026
0.682875454426
0.682344079018
0.681854307652
0.681282818317
0.681090116501
0.680484831333
0.679584980011
0.679072022438
0.678787171841
0.678482890129
0.67782753706
0.676707446575
0.676260590553
0.676077783108
0.675520122051
0.674519777298
0.6742400527
0.673488140106
0.672782957554
0.672646582127
0.671667397022
0.670873880386
0.670335710049
0.66977506876
0.669016480446
0.668594479561
0.667567014694
0.66685295105
0.666318118572
0.666175961494
0.664722144604
0.664408922195
0.663345217705
0.662906348705
0.662736535072
0.66110098362
0.660139143467
0.659576535225
0.659380972385
0.6585983634
0.657324016094
0.656395435333
0.655817985535
0.654946327209
0.654002666473
0.654466211796
0.652722120285
0.65183866024
0.650675535202
0.649835526943
0.648529946804
0.648363649845
0.647746145725
0.646092653275
0.645193457603
0.644177675247
0.644040167332
0.643103539944
0.641618728638
0.640410482883
0.639655590057
0.638206601143
0.637013852596
0.636483073235
0.636612892151
0.634190380573
0.633134961128
0.633282005787
0.632105529308
0.631433606148
0.627994894981
0.62759488821
0.626755952835
0.6253952384
0.625347435474
0.623970746994
0.621879935265
0.621290028095
0.61966574192
0.617922544479
0.616639077663
0.615953147411
0.615506708622
0.613163709641
0.61127269268
0.612237334251
0.609818518162
0.608922481537
0.607154488564
0.605367124081
0.602866649628
0.60354244709
0.600683629513
0.600394248962
0.599286735058
0.597241461277
0.597461223602
0.595226705074
0.593147099018
0.594405174255
0.588923752308
0.588533639908
0.588695883751
0.585548460484
0.585153281689
0.58214277029
0.581846356392
0.580067694187
0.578997433186
0.576227247715
0.575742602348
0.574660003185
0.571459949017
0.571170330048
0.56852132082
0.567327857018
0.566292643547
0.562937915325
0.562061131001
0.560393929482
0.557938277721
0.556423783302
0.556150436401
0.552772581577
0.553254723549
0.5509365201
0.54813349247
0.547045409679
0.543429493904
0.545227468014
0.538455247879
0.541156172752
0.537079691887
0.537323653698
0.533998429775
0.532247304916
0.530331492424
0.526999592781
0.528293967247
0.525413572788
0.523914217949
0.520889282227
0.520362615585
0.514607846737
0.51727437973
0.512266159058
0.512466669083
0.509917795658
0.508904337883
0.507139086723
0.507233977318
0.503836810589
0.499178141356
0.499277949333
0.495028316975
0.497904479504
0.493491858244
0.491708308458
0.490741491318
0.487589716911
0.486742943525
0.486528307199
0.483980715275
0.479665398598
0.479481607676
0.476223915815
0.475230515003
0.473970144987
0.467631816864
0.470442056656
0.46553081274
0.464932024479
0.46337428689
0.460815131664
0.458082735538
0.459273219109
0.45754134655
0.455975830555
0.453769296408
0.450801283121
0.450229108334
0.447885304689
0.44608053565
0.442620843649
0.443168908358
0.439266115427
0.439900606871
0.437279462814
0.435286283493
0.434041917324
0.433132737875
0.430187612772
0.430547207594
0.428394377232
0.425411850214
0.426034837961
0.424068033695
0.422840833664
0.424218028784
0.421387821436
0.418123871088
0.415600091219
0.413454651833
0.413695663214
0.411019235849
0.409839451313
0.411094784737
0.406039059162
0.407046288252
0.405092477798
0.406003594398
0.397597819567
0.401560127735
0.398307681084
0.399220317602
0.397255271673
0.397227227688
0.39477545023
0.396399348974
0.388577729464
0.392693787813
0.387834906578
0.387555748224
0.385610818863
0.386270970106
0.384635359049
0.385199040174
0.378805458546
0.380663841963
0.378817588091
0.379542052746
0.378358781338
0.375884950161
0.377404630184
0.374670177698
0.373498469591
0.371598094702
0.369686305523
0.370203822851
0.368191689253
0.367405444384
0.364823997021
0.364454239607
0.36423099041
0.362779855728
0.36403003335
0.363783240318
0.362894684076
0.361156374216
0.359242647886
0.357854366302
0.358213067055
0.358407318592
0.358585447073
0.355749130249
0.352992236614
0.353917568922
0.352303773165
0.353133887053
0.352195411921
0.34986770153
0.347617089748
0.347759127617
0.346120625734
0.348869144917
0.348634362221
0.349846452475
0.347124457359
0.343560129404
0.343941509724
0.342974483967
0.342437893152
0.340860575438
0.343263685703
0.340260028839
0.339753448963
0.338068664074
0.341189205647
0.339183688164
0.337415218353
0.336179852486
0.334757804871
0.339801907539
0.336175084114
0.336236506701
0.333891451359
0.33325701952
0.331544190645
0.332193523645
0.330418497324
0.330229520798
0.331116378307
0.330035984516
0.329197496176
0.327987700701
0.327904969454
0.324766516685
0.327265381813
0.328689575195
0.329663395882
0.325297176838
0.324563533068
0.32592356205
0.327363967896
0.326702803373
0.324301660061
0.322331100702
0.324407219887
0.323727488518
0.321245998144
0.32226139307
0.321149587631
0.323952227831
0.31970500946
0.320577412844
0.318370699883
0.317726314068
0.318873077631
0.320237994194
0.320047289133
0.317390948534
0.314953535795
0.317655801773
0.316734880209
0.315660119057
0.316161394119
0.317805737257
0.316047161818
0.314914137125
0.315218895674
0.315334290266
0.311841607094
0.312936216593
0.313632577658
0.31158554554
0.312384545803
0.310744225979
0.312224537134
0.311084628105
0.312216490507
0.309300869703
0.308303505182
0.308550328016
0.311065673828
0.311209261417
0.311598628759
0.309468001127
0.306967616081
0.306358337402
0.306593358517
0.307807266712
0.30582973361
0.307451099157
0.305435359478
0.305049091578
0.308671146631
0.304669231176
0.30358594656
0.305373579264
0.304438471794
0.303361237049
0.304867774248
0.304646462202
0.305514454842
0.30412709713
0.302921712399
0.30337458849
0.305984467268
0.303265273571
0.303213775158
0.302435457706
0.302687495947
0.301457732916
0.305070966482
0.301882714033
0.301876038313
0.299069494009
0.299958229065
0.299505054951
0.300106912851
0.300307035446
0.298589855433
0.298744082451
0.297764837742
0.297442793846
0.298051327467
0.299565196037
0.29767164588
0.297676891088
0.296553194523
0.29584300518
0.296698898077
0.296467870474
0.29506072402
0.295648127794
0.295432835817
0.297274768353
0.294896036386
0.29868298769
0.296860456467
0.294765561819
0.29531109333
0.293963670731
0.292984575033
0.294318169355
0.294059485197
0.29309117794
0.293852716684
0.293483138084
0.295094460249
0.292869269848
0.292140096426
0.29291254282
0.292444705963
0.291542679071
0.291675150394
0.292081981897
0.291831851006
0.291201353073
0.293660759926
0.292056798935
0.290537118912
0.289560675621
0.290582686663
0.290181815624
0.289404511452
0.289044141769
0.29082351923
0.29116114974
0.290610462427
0.290180176497
0.289861887693
0.289102494717
0.2880885005
0.28963726759
0.289416760206
0.288881629705
0.288571119308
0.286608457565
0.290879786015
0.287429541349
0.288269996643
0.287748575211
0.289302736521
0.287657737732
0.286428958178
0.290965229273
0.286171883345
0.287472426891
0.288141578436
0.285942286253
0.286712825298
0.287499696016
0.28653305769
0.285106927156
0.284343540668
0.284672558308
0.286097019911
0.285499572754
0.285472840071
0.284267187119
0.285118222237
0.285414755344
0.286729305983
0.28345823288
0.283057719469
0.283325314522
0.283668726683
0.283202052116
0.283117353916
0.283112168312
0.28377789259
0.284245759249
0.283769398928
0.281696647406
0.283653408289
0.281705975533
0.281571984291
0.281928807497
0.283667266369
0.283382683992
0.281559407711
0.28102055192
0.282797902822
0.282033741474
0.280988961458
0.281663864851
0.279937446117
0.280541628599
0.280376702547
0.279756844044
0.279863893986
0.280237168074
0.280019253492
0.279231458902
0.279464900494
0.279905974865
0.27917060256
0.279543429613
0.278731137514
0.28099796176
0.278762221336
0.280359357595
0.278703182936
0.277377218008
0.278655529022
0.277414083481
0.277969747782
0.27942147851
0.278921961784
0.27799013257
0.277718305588
0.279123812914
0.276801884174
0.277264863253
0.276813924313
0.277023643255
0.276372730732
0.276084929705
0.277656883001
0.276985168457
0.277666002512
0.277070254087
0.277656584978
0.276896566153
0.275778949261
0.275853186846
0.275758594275
0.27541026473
0.276028603315
0.275402605534
0.275473237038
0.27466610074
0.275080054998
0.274723529816
0.274922519922
0.276512801647
0.27424377203
0.275504112244
0.274095892906
0.274200409651
0.273737490177
0.273997098207
0.276531547308
0.273414611816
0.277125447989
0.273570746183
0.273190110922
0.273640960455
0.273810535669
0.272823780775
0.274355828762
0.272408157587
0.272023916245
0.273360133171
0.272416859865
0.272923737764
0.272206664085
0.272477865219
0.272574782372
0.272885173559
0.273266613483
0.271113246679
0.271840155125
0.272103071213
0.272297859192
0.271922588348
0.271436929703
0.270555406809
0.27153685689
0.27118396759
0.272069185972
0.270804107189
0.271358847618
0.271442979574
0.27316147089
0.270941913128
0.270897597075
0.270964443684
0.270697146654
0.270104110241
0.269879996777
0.269994527102
0.269252747297
0.269637793303
0.270045667887
0.268839716911
0.269584566355
0.271002292633
0.269422203302
0.26917642355
0.269162982702
0.269078195095
0.270476251841
0.268829077482
0.27047047019
0.268558830023
0.268169760704
0.268041819334
0.269771844149
0.267927348614
0.267865538597
0.268531918526
0.267441302538
0.268072038889
0.268403857946
0.267870038748
0.267847955227
0.268721073866
0.267064511776
0.266912966967
0.268187820911
0.268043339252
0.267001271248
0.268820405006
0.26732930541
0.267616569996
0.267317473888
0.267413586378
0.26681599021
0.268833935261
0.268210887909
0.267093032598
0.267619758844
0.267285108566
0.267092496157
0.26667124033
0.267083436251
0.267096281052
0.266934067011
0.266956299543
0.266942501068
0.269440203905
0.267487674952
0.267143309116
0.266821205616
0.266834646463
0.268735617399
0.26759147644
0.26732391119
0.267987966537
0.26717659831
0.266733855009
0.268653184175
0.267424911261
0.268134713173
0.266711980104
0.267635434866
0.266698688269
0.26658514142
0.267358243465
0.266690462828
0.266911625862
0.267242908478
0.266872614622
0.266692578793
0.26664608717
0.267480939627
0.267594337463
0.266513258219
0.267038583755
0.266732633114
0.269180566072
0.266646891832
0.266382873058
0.266540557146
0.266403794289
0.266508430243
0.267211437225
0.266804903746
0.26680663228
0.266314178705
0.266747236252
0.26669934392
0.267423272133
0.266268014908
0.26873293519
0.266735285521
0.266826122999
0.266905993223
0.26743081212
0.269670128822
0.266837120056
0.266900211573
0.266483098269
0.266295880079
0.268884271383
0.266565948725
0.266404122114
0.266525089741
0.26686745882
0.266886740923
0.266927719116
0.266122221947
0.267406225204
0.266448199749
0.267683625221
0.266643106937
0.267907291651
0.267588317394
0.266542255878
0.267049431801
0.266261130571
0.267106622458
0.266279280186
0.268004864454
0.266406327486
0.26646772027
0.26596018672
0.265886455774
0.266486257315
0.266622751951
0.266541421413
0.267885863781
0.26615011692
0.266582071781
0.267520397902
0.266041755676
0.266097426414
0.266994506121
0.266424834728
0.26617076993
0.266617596149
0.266189098358
0.265637516975
0.266055494547
0.26556006074
0.266266226768
0.267161548138
0.266928702593
0.266075849533
0.268332958221
0.265811145306
0.265949219465
0.266292661428
0.266148418188
0.266561210155
0.266583800316
0.26643550396
0.2660407722
0.268829584122
0.265645325184
0.266985595226
0.265872865915
0.265912234783
0.266402482986
0.265749186277
0.266468435526
0.265806615353
0.266198694706
0.265713661909
0.266141355038
0.265551507473
0.266923367977
0.265846043825
0.266460329294
0.265830487013
0.266703277826
0.26543790102
0.266441464424
0.265177756548
0.265994697809
0.266163468361
0.265361428261
0.26773583889
0.266086161137
0.266231924295
0.265586942434
