0.693117260933
0.693414926529
0.692654073238
0.691565394402
0.691244721413
0.691603302956
0.69103705883
0.690202653408
0.691783845425
0.690443754196
0.691120922565
0.689493596554
0.69036513567
0.687640845776
0.688773989677
0.688977777958
0.687857925892
0.688204586506
0.688982844353
0.689593076706
0.687144041061
0.686256587505
0.684192359447
0.682387053967
0.685904920101
0.686267971992
0.685904920101
0.688038885593
0.683007121086
0.689184248447
0.684012115002
0.682552933693
0.685756027699
0.684419810772
0.681360304356
0.685938894749
0.68400657177
0.68580442667
0.685353636742
0.68474060297
0.684759199619
0.684427678585
0.679993391037
0.678596973419
0.681592822075
0.681551098824
0.681900620461
0.69139790535
0.684384286404
0.681739389896
0.67408490181
0.687957167625
0.678608059883
0.683200597763
0.694803953171
0.690558254719
0.694598019123
0.6840031147
0.687817454338
0.677902758121
0.690020620823
0.680182397366
0.687035083771
0.689142227173
0.690579593182
0.684477567673
0.692673385143
0.683198213577
0.680298447609
0.682167112827
0.683573007584
0.684098184109
0.684689939022
0.683015525341
0.684345901012
0.681817531586
0.682992935181
0.684290289879
0.681598126888
0.679415881634
0.688259541988
0.682513892651
0.684950351715
0.681937158108
0.684499740601
0.681213080883
0.682073175907
0.68336969614
0.681369662285
0.677227854729
0.680580258369
0.687532424927
0.681481182575
0.67964297533
0.682218015194
0.682646155357
0.684450626373
0.677850723267
0.684966444969
0.68153834343
0.68714517355
0.689160227776
0.678096115589
0.685650348663
0.686676025391
0.680793523788
0.682772696018
0.696085095406
0.687283933163
0.679090023041
0.682246506214
0.687014639378
0.682717502117
0.680176913738
0.683297038078
0.68132174015
0.67860943079
0.684208273888
0.684505283833
0.688133001328
0.682437777519
0.676469802856
0.683915019035
0.685400605202
0.678667485714
0.680258870125
0.680868327618
0.684761762619
0.68591016531
0.68563580513
0.684858679771
0.685678839684
0.68602848053
0.68188893795
0.688033998013
0.684409976006
0.674347937107
0.675961971283
0.676255881786
0.682386994362
0.681649684906
0.67847007513
0.683812558651
0.676177561283
0.685287415981
0.67602878809
0.674013316631
0.685704946518
0.667336523533
0.682244062424
0.676584601402
0.68034273386
0.672412872314
0.687711834908
0.668499708176
0.675795614719
0.67724519968
0.677503108978
0.679411232471
0.677220642567
0.680663526058
0.671240508556
0.691460490227
0.677634358406
0.683931946754
0.678560972214
0.676064908504
0.691879689693
0.685051143169
0.675436496735
0.688881158829
0.672020196915
0.673183679581
0.679479897022
0.675427615643
0.688924491405
0.686737895012
0.686444699764
0.692458808422
0.691030502319
0.693427085876
0.672556757927
0.681801199913
0.686312913895
0.679286003113
0.686083972454
0.676951467991
0.665775775909
0.683402657509
0.68652433157
0.666306376457
0.66873717308
0.681467950344
0.688535809517
0.680107474327
0.683225691319
0.683789134026
0.679690480232
0.676114439964
0.673680126667
