0.689143955708
0.689578771591
0.679109811783
0.687893748283
0.687862992287
0.694326102734
0.684826374054
0.681471645832
0.687617242336
0.688606202602
0.680225133896
0.69130307436
0.689743280411
0.686333060265
0.700582146645
0.684017121792
0.683598518372
0.686629891396
0.685809373856
0.694522976875
0.678290069103
0.684347987175
0.685090363026
0.687113404274
0.686439156532
0.686340749264
0.686063766479
0.686445355415
0.687819898129
0.681348800659
0.693925201893
0.687421679497
0.680069327354
0.687241733074
0.683930337429
0.685895681381
0.680795669556
0.683822512627
0.683587968349
0.68994987011
0.675417542458
0.688967823982
0.678665995598
0.68381100893
0.680532336235
0.687267303467
0.682678341866
0.680108070374
0.689953148365
0.68592184782
0.678285777569
0.681168794632
0.683339655399
0.680859386921
0.686454296112
0.684095203876
0.674185574055
0.684207975864
0.684480309486
0.693187832832
0.680295467377
0.685490429401
0.692133307457
0.683802008629
0.682786047459
0.684522330761
0.687160491943
0.678538680077
0.6822488904
0.679013311863
0.675017297268
0.685446083546
0.682549059391
0.687054514885
0.673946797848
0.68554276228
0.679409742355
0.684395253658
0.681157767773
0.675118625164
0.691243290901
0.679010510445
0.686738848686
0.680127501488
0.689340114594
0.682635545731
0.680521726608
0.6799492836
0.682292521
0.68217253685
0.686179697514
0.673965156078
0.676066935062
0.686328172684
0.684916734695
0.680355906487
0.685800969601
0.682680726051
0.674457013607
0.682853162289
0.679826378822
0.681419730186
0.679613232613
0.689444363117
0.688190758228
0.675848782063
0.679406166077
0.682370662689
0.674251079559
0.683282315731
0.687187075615
0.680987715721
0.685213387012
0.686399757862
0.686267733574
0.681792914867
0.679830014706
0.682861328125
0.68842458725
0.688802301884
0.678016543388
0.68553853035
0.673249185085
0.67103856802
0.681062996387
0.685707271099
0.676541388035
0.677830696106
0.678525388241
0.678644418716
0.684142172337
0.684016883373
0.67585003376
0.672219157219
0.677883088589
0.675560355186
0.689158678055
0.680270731449
0.683056771755
0.677096128464
0.674148201942
0.673069119453
0.684034824371
0.681166768074
0.689355492592
0.68578261137
0.676897585392
0.675396263599
0.680524587631
0.680230736732
0.685488343239
0.677806556225
0.681664347649
0.680829584599
0.671804904938
0.680871427059
0.674073457718
0.679830133915
0.674789786339
0.676202714443
0.687427222729
0.686074614525
0.681052625179
0.680873513222
0.676384806633
0.675426065922
0.684337854385
0.668587744236
0.672412574291
0.675903916359
0.668147325516
0.681926310062
0.67830491066
0.679129242897
0.683283984661
0.679632425308
0.679376661777
0.682917237282
0.673635065556
0.665114760399
0.671487033367
0.674911737442
0.682778060436
0.682928919792
0.677850782871
0.670878171921
0.678285896778
0.677812516689
0.678007423878
0.67463684082
0.67952144146
0.687240958214
0.67252600193
0.678532958031
0.672407329082
0.674526929855
0.67682659626
0.671169519424
0.669801712036
0.668670713902
0.671225488186
0.666072666645
0.675298929214
0.656006753445
0.689367055893
0.688335359097
0.674949765205
0.681484460831
0.674674153328
0.697502195835
0.680750727654
0.687032580376
0.682740569115
0.666173994541
0.669849514961
0.673170745373
0.68959826231
0.667967498302
0.669978022575
0.68670809269
0.664888262749
0.670776069164
0.685952782631
0.68995988369
0.683559596539
0.664587080479
0.686275601387
0.676967442036
0.678846478462
0.692913532257
0.67240780592
0.677145957947
0.669323444366
0.675854027271
0.659434080124
0.667557895184
0.684519231319
0.666801273823
0.696009397507
0.678340256214
0.670915186405
0.666324734688
0.663272917271
0.687140345573
0.677118360996
0.684283137321
0.687064886093
0.67267781496
0.661879658699
0.674289464951
0.683268129826
0.673962831497
0.679336845875
0.677677750587
0.67269474268
0.675287544727
0.661117255688
0.684195637703
0.682944238186
0.67322653532
0.68352663517
0.665213406086
0.668876409531
0.66023093462
0.679807960987
0.670306622982
0.685596764088
0.678408384323
0.664136946201
0.678915798664
0.678706645966
0.67674022913
0.67567807436
0.676567912102
0.676876187325
0.673653721809
0.676766395569
0.660649597645
0.674037277699
0.673590242863
0.675690591335
0.67620331049
0.676725208759
0.670694351196
0.680404067039
0.676573574543
0.680325865746
0.663091421127
0.668247103691
0.685437262058
0.679474711418
0.682679414749
0.67482894659
0.680822134018
0.667545497417
0.671172440052
0.674852192402
0.668159425259
0.683973073959
0.668647706509
