0.737634897232
0.73620724678
0.730500161648
0.721149265766
0.7331802845
0.713911533356
0.711579680443
0.713387548923
0.711592435837
0.704158902168
0.703328728676
0.687306642532
0.692499995232
0.691940844059
0.705250203609
0.693154096603
0.702630996704
0.69219404459
0.670602858067
0.673455536366
0.678131997585
0.665999412537
0.695201277733
0.661885023117
0.663129270077
0.665117800236
0.651400923729
0.663246572018
0.655001759529
0.649589717388
0.638987481594
0.649398446083
0.647176384926
0.637509703636
0.639923453331
0.642885088921
0.631992399693
0.638919591904
0.640982866287
0.630963563919
0.640059411526
0.636602938175
0.642949223518
0.61883687973
0.624267816544
0.626328766346
0.624412000179
0.624018251896
0.630555093288
0.623240172863
0.625772833824
0.610346019268
0.616975188255
0.602885484695
0.615167558193
0.613206863403
0.605557203293
0.610584080219
0.604292035103
0.601098418236
0.608990132809
0.605107963085
0.607815146446
0.599495172501
0.599043488503
0.60663074255
0.593965709209
0.590528845787
0.602493524551
0.585470855236
0.591108620167
0.599057853222
0.582453429699
0.592022180557
0.575050115585
0.592696368694
0.574680387974
0.587266504765
0.594316542149
0.584383428097
0.576762378216
0.581420004368
0.570809900761
0.576915085316
0.581648766994
0.564973533154
0.575139403343
0.570757806301
0.579670369625
0.568342268467
0.577747225761
0.554736077785
0.556340754032
0.56005269289
0.56846767664
0.56495898962
0.559586882591
0.569245517254
0.569003462791
0.557153940201
0.571963191032
0.558018505573
0.549366354942
0.559346914291
0.549432277679
0.552814483643
0.562336087227
0.551661014557
0.550660192966
0.556957244873
0.554234981537
0.547350943089
0.552538096905
0.560375928879
0.551679670811
0.530344247818
0.558902978897
0.542544782162
0.542562544346
0.546093702316
0.541889846325
0.543572723866
0.544271349907
0.553210437298
0.547311127186
0.529847919941
0.538295149803
0.529870808125
0.521885633469
0.531962394714
0.525381088257
0.521525084972
0.531489431858
0.523321926594
0.534785509109
0.524377882481
0.528845012188
0.530440449715
0.52227294445
0.507367312908
0.521537125111
0.511075377464
0.525377690792
0.519074499607
0.521986365318
0.514707028866
0.506587684155
0.499308586121
0.533897638321
0.509974718094
0.523508667946
0.494119405746
0.511387348175
0.487621933222
0.497378766537
0.496985733509
0.496785372496
0.491411298513
0.478918582201
0.511213302612
0.504396080971
0.502051591873
0.507454454899
0.464986205101
0.508786797523
0.496631234884
0.481025189161
0.480035275221
0.480183631182
0.483627676964
0.496410548687
0.469628244638
0.493780076504
0.482179969549
0.464758783579
0.495939970016
0.515606701374
0.500736832619
0.47818762064
0.484547287226
0.490553706884
0.473075151443
0.471079528332
0.475521564484
0.46982768178
0.471050143242
0.484325051308
0.465994894505
0.472239285707
0.477834314108
0.461857616901
0.474040269852
0.462146431208
0.46132850647
0.462618529797
0.477732002735
0.459143877029
0.458106517792
0.459733843803
0.459236621857
0.454585671425
0.457504570484
0.453203976154
0.450793236494
0.471802502871
0.444665104151
0.458191335201
0.455408841372
0.484072655439
0.444034487009
0.460119694471
0.461855024099
0.453954547644
0.426774829626
0.445330291986
0.456013888121
0.450942128897
0.45337843895
0.43987673521
0.441173911095
0.435896128416
0.424230992794
0.450208872557
0.439994394779
0.461332678795
0.438886910677
0.423800140619
0.450915157795
0.448920786381
0.424095004797
0.413816809654
0.439042747021
0.432609826326
0.424265265465
0.41747123003
0.423217743635
0.433963567019
0.427231103182
0.426735937595
0.415641009808
0.429585665464
0.433951854706
0.433596134186
0.425066918135
0.429769814014
0.435973465443
0.426015108824
0.40715610981
0.411772757769
0.398344546556
0.420207262039
0.423213392496
0.404655754566
0.419111162424
0.408430665731
0.42073854804
0.425714939833
0.431069582701
0.403670042753
0.399281263351
0.40577185154
0.400539427996
0.399259090424
0.402086138725
0.398575484753
0.414098978043
0.409319758415
0.407950282097
0.391282439232
0.396117836237
0.389833778143
0.399965941906
0.402384847403
0.397867798805
0.413808226585
0.393030017614
0.395486116409
0.413888990879
0.390052467585
0.397508710623
0.3893661201
0.391514539719
0.38050493598
0.398893177509
0.40038266778
0.372959345579
0.377276688814
0.391507804394
0.38943785429
0.391043454409
0.399179905653
0.373291671276
0.397707313299
0.391605496407
0.38026663661
0.391180902719
0.379221022129
0.374837219715
0.36633643508
0.387539893389
0.368851661682
0.365297198296
0.396536290646
0.373679548502
0.356445431709
0.394747108221
0.354653656483
0.360982686281
0.378881514072
0.374156445265
0.365177094936
0.383033245802
0.369773209095
0.374429911375
0.360696285963
0.374317735434
0.366577357054
0.36617743969
0.362968862057
0.368009477854
0.354129254818
0.335610836744
0.367209732533
0.360488414764
0.340605795383
0.348177045584
0.337398916483
0.370514273643
0.378549218178
0.349987387657
0.365279942751
0.341853111982
0.347609996796
0.347951084375
0.345482826233
0.354254424572
0.361401289701
0.359597474337
0.343041092157
0.349231153727
0.353329390287
0.340447247028
0.338026463985
0.337246179581
0.355423301458
0.342939436436
0.348848372698
0.358766883612
0.349444836378
0.345839202404
0.32784345746
0.342092871666
0.334655016661
0.323340147734
0.339347332716
0.341869682074
0.325267553329
0.342102646828
0.32574698329
0.327515095472
0.313908487558
0.337756127119
0.304452240467
0.342047572136
0.327252268791
0.314600348473
0.325968742371
0.341868340969
0.341613471508
0.322348684072
0.334147423506
0.319499641657
0.355042010546
0.332696467638
0.302549362183
0.322897076607
0.351175159216
0.346284598112
0.325282990932
0.331539541483
0.316202908754
0.348053276539
0.309385508299
0.304727107286
0.327280044556
0.323655724525
0.306305646896
0.321009010077
0.313424795866
0.316548794508
0.313613384962
0.314071327448
0.30539059639
0.314380317926
0.327303290367
0.299107640982
0.317057400942
0.314370274544
0.303482800722
0.312004745007
0.291176021099
0.317866295576
0.303427428007
0.295891463757
0.309169501066
0.295353353024
0.300781607628
0.304850310087
0.294978529215
0.292562544346
0.313096255064
0.296105086803
0.305314481258
0.297447830439
0.291500717402
0.304588645697
0.291163474321
0.308442443609
0.310204356909
0.29642483592
0.306413263083
0.300587207079
0.274792790413
0.305530071259
0.316269278526
0.300266265869
0.323400139809
0.295264422894
0.280343174934
0.322331905365
0.290938466787
0.300257205963
0.277497112751
0.289440870285
0.2776709795
0.292866110802
0.295957744122
0.270467489958
0.31320732832
0.2942892313
0.276972055435
0.308938831091
0.290036171675
0.279984414577
0.275034457445
0.295177340508
0.280372917652
0.278745651245
0.294791281223
0.296280145645
0.293389856815
0.278146892786
0.299865305424
0.280540257692
0.284730732441
0.269805848598
0.327723741531
0.288969606161
0.26793807745
0.291522264481
0.275687009096
0.302224010229
0.282267421484
0.265823930502
0.290089637041
0.294712871313
0.282292425632
0.275218695402
0.29579269886
0.277843087912
0.260409146547
0.277353584766
0.259638935328
0.258093386889
0.253221571445
0.309904813766
0.275106847286
0.280779391527
0.322975724936
0.250915855169
0.264487951994
0.258218467236
0.270190238953
0.283079892397
0.256528258324
0.291768044233
0.266887754202
0.2835508883
0.26721405983
0.262969404459
0.267403155565
0.262734681368
0.283167541027
0.269394189119
0.267127066851
0.264804512262
0.283531397581
0.280180037022
0.282825618982
0.256559878588
0.250513285398
0.274849116802
0.278280824423
0.254311352968
0.281130671501
0.283059448004
0.251432806253
0.261464387178
0.29079079628
0.259766727686
0.289681077003
0.272101253271
0.265271246433
0.252043485641
0.266221553087
0.264155417681
0.267266511917
0.264178574085
0.271849095821
0.259874790907
0.240939021111
0.263996392488
0.290930896997
0.303687185049
0.237399369478
0.252009987831
0.267650723457
0.247171983123
0.232516944408
0.235136583447
0.260982275009
0.275039851665
0.253124445677
0.231217205524
0.247388362885
0.238356351852
0.255257189274
0.254729300737
0.238351494074
0.254390060902
0.280678898096
0.264541983604
0.244576349854
0.244809389114
0.247911423445
0.252639770508
0.241301804781
0.251183122396
0.24070699513
0.255178958178
0.241834312677
0.24500463903
0.257270753384
0.241322591901
0.248945102096
0.260391443968
0.238420471549
0.259055286646
0.268934845924
0.236628383398
0.246166989207
0.232800066471
0.23890581727
0.253849685192
0.25053152442
0.251329213381
0.22457292676
0.245640456676
0.25231435895
0.26905977726
0.264826416969
0.253700733185
0.249629288912
0.25538122654
0.272447437048
0.242835253477
0.258540719748
0.268828302622
0.257931023836
0.257877856493
0.247214153409
0.237349271774
0.24425393343
0.239515349269
0.264688044786
0.231027439237
0.22571310401
0.266869693995
0.245829060674
0.234565421939
0.248798057437
0.264017641544
0.250504940748
0.253426849842
0.245593711734
0.237034797668
0.233212664723
0.243742182851
0.246663719416
0.241837948561
0.251833617687
0.248088747263
0.230371236801
0.237965807319
0.246202275157
0.236312761903
0.244411528111
0.232431516051
0.239334464073
0.236971452832
0.225467517972
0.239706590772
0.250196546316
0.240248411894
0.273042589426
0.221622541547
0.244623973966
0.254787415266
0.230766117573
0.205773025751
0.220074743032
0.256878525019
0.236297100782
0.221462637186
0.237490102649
0.225599676371
0.259411484003
0.227543413639
0.226266503334
0.239443406463
0.237937599421
0.223113015294
0.233761191368
0.232329279184
0.249037697911
0.239634796977
0.227788895369
0.236166402698
0.245854556561
0.220430359244
0.227768674493
0.236699253321
0.250069081783
0.244867011905
0.210915982723
0.23137049377
0.216646835208
0.24032188952
0.209082305431
0.259465485811
0.238486066461
0.260943233967
0.244732633233
0.224227532744
0.225418895483
0.244208320975
0.224101617932
0.215745985508
0.241441085935
0.223097234964
0.227355509996
0.235981196165
0.239312127233
0.239820048213
0.271159648895
0.228563442826
0.233198523521
0.215432181954
0.230789110065
0.230454266071
0.25468096137
0.2397723943
0.254659503698
0.250491261482
0.222530826926
0.216082498431
0.219959944487
0.215053617954
0.252290427685
0.261505484581
0.239981323481
0.235748067498
0.239746019244
0.244643330574
0.237117707729
0.248382538557
0.236406132579
0.220042362809
0.256675153971
0.229929968715
0.206525072455
0.233020171523
0.241678491235
0.229461699724
0.212350204587
0.220017358661
0.227021232247
0.251371085644
0.223916053772
0.220122620463
0.242583975196
0.240812689066
0.217574000359
0.249051988125
0.262426912785
0.204009756446
0.257884144783
0.237053140998
0.209979474545
0.240393534303
0.245561853051
0.256321430206
0.249060884118
0.237731188536
0.252313166857
0.244002848864
0.240733966231
0.231954678893
0.22969506681
0.215392321348
0.240934833884
0.266352504492
0.239392250776
0.205703139305
0.229860186577
0.228012189269
0.233237221837
0.223161533475
0.248757153749
0.236392736435
0.238158851862
0.258352428675
0.242001116276
0.202625796199
0.216995239258
0.228376820683
0.218927964568
0.241517707705
0.257323801517
0.256228268147
0.210500061512
0.229618772864
0.242304056883
0.254783511162
0.230208799243
0.22282807529
0.216348662972
0.260645985603
0.237216338515
0.217664733529
0.20966039598
0.229406073689
0.243650898337
0.233717232943
0.243515610695
0.226858153939
0.21750099957
0.240436702967
0.231337249279
0.251879066229
0.205746233463
0.236405819654
0.241359725595
0.240914821625
0.232306435704
0.216583430767
0.231035590172
0.24715448916
0.226193800569
0.284079998732
0.262414038181
0.243866145611
0.233980193734
0.238830938935
0.230439156294
0.212938323617
0.223684057593
0.235643416643
0.214308544993
0.221083179116
0.253241986036
0.228960320354
0.222497060895
0.244560465217
0.235799327493
0.217579990625
0.266369342804
0.21878233552
0.218689292669
0.229491487145
0.225193157792
0.222372844815
0.243346273899
0.239491641521
0.248893082142
0.227248519659
0.265137523413
0.231238797307
0.22907577455
0.220653384924
