0.43902438879
0.443902432919
0.497560977936
0.521951198578
0.497560977936
0.424390256405
0.56097561121
0.487804889679
0.502439022064
0.47804877162
0.531707346439
0.487804889679
0.517073154449
0.512195110321
0.517073154449
0.492682933807
0.526829242706
0.463414639235
0.546341478825
0.526829242706
0.536585390568
0.536585390568
0.517073154449
0.531707346439
0.531707346439
0.551219522953
0.56097561121
0.556097567081
0.556097567081
0.502439022064
0.556097567081
0.517073154449
0.512195110321
0.526829242706
0.551219522953
0.536585390568
0.546341478825
0.517073154449
0.551219522953
0.551219522953
0.541463434696
0.541463434696
0.556097567081
0.56097561121
0.556097567081
0.56097561121
0.536585390568
0.536585390568
0.526829242706
0.556097567081
0.551219522953
0.551219522953
0.570731699467
0.570731699467
0.56097561121
0.551219522953
0.565853655338
0.56097561121
0.551219522953
0.56097561121
0.556097567081
0.551219522953
0.56097561121
0.556097567081
0.556097567081
0.556097567081
0.551219522953
0.565853655338
0.56097561121
0.56097561121
0.551219522953
0.551219522953
0.556097567081
0.556097567081
0.56097561121
0.56097561121
0.556097567081
0.56097561121
0.556097567081
0.551219522953
0.556097567081
0.565853655338
0.56097561121
0.56097561121
0.56097561121
0.565853655338
0.56097561121
0.556097567081
0.56097561121
0.56097561121
0.56097561121
0.56097561121
0.565853655338
0.565853655338
0.56097561121
0.56097561121
0.56097561121
0.56097561121
0.56097561121
0.56097561121
0.56097561121
0.56097561121
0.56097561121
0.56097561121
0.56097561121
0.56097561121
0.565853655338
0.56097561121
0.565853655338
0.56097561121
0.56097561121
0.56097561121
0.56097561121
0.56097561121
0.56097561121
0.56097561121
0.56097561121
0.56097561121
0.56097561121
0.565853655338
0.56097561121
0.56097561121
0.56097561121
0.56097561121
0.56097561121
0.56097561121
0.56097561121
0.56097561121
0.56097561121
0.56097561121
0.56097561121
0.56097561121
0.56097561121
0.56097561121
0.56097561121
0.56097561121
0.56097561121
0.56097561121
0.56097561121
0.56097561121
0.56097561121
0.56097561121
0.56097561121
0.56097561121
0.56097561121
0.56097561121
0.56097561121
0.56097561121
0.56097561121
0.56097561121
0.56097561121
0.56097561121
0.56097561121
0.56097561121
0.56097561121
0.56097561121
0.56097561121
0.56097561121
0.56097561121
0.56097561121
0.56097561121
0.56097561121
0.56097561121
0.56097561121
0.56097561121
0.56097561121
0.56097561121
0.56097561121
0.56097561121
0.56097561121
0.56097561121
0.56097561121
0.56097561121
0.56097561121
0.56097561121
0.56097561121
0.56097561121
0.56097561121
0.56097561121
0.56097561121
0.56097561121
0.56097561121
0.56097561121
0.56097561121
0.56097561121
0.56097561121
0.56097561121
0.56097561121
0.56097561121
0.56097561121
0.56097561121
0.56097561121
0.56097561121
0.56097561121
0.56097561121
0.56097561121
0.56097561121
0.56097561121
0.56097561121
0.56097561121
