0.691958844662
0.691706597805
0.692390084267
0.692003130913
0.691958904266
0.690568447113
0.69074678421
0.691274821758
0.691374242306
0.691325247288
0.691664099693
0.691555440426
0.692062437534
0.692857027054
0.690484642982
0.690931916237
0.691515445709
0.6905169487
0.688754498959
0.690883934498
0.691279947758
0.690050721169
0.690083742142
0.690332472324
0.690431535244
0.69059741497
0.689587950706
0.690533816814
0.691314280033
0.689865767956
0.688774466515
0.689895689487
0.688368856907
0.688446342945
0.688202023506
0.68813341856
0.687221944332
0.68823581934
0.688432574272
0.688733041286
0.689938426018
0.687692642212
0.687459349632
0.690418541431
0.688274979591
0.688836097717
0.689156115055
0.686726033688
0.689315140247
0.690657913685
