0.693132817745
0.681055724621
0.67129355669
0.671161055565
0.677474319935
0.668621063232
0.671745240688
0.660175323486
0.666801333427
0.671576499939
0.65809160471
0.666102170944
0.651364207268
0.66861987114
0.652339160442
0.646154761314
0.646768808365
0.639115333557
0.657567679882
0.632433652878
0.645761311054
0.626515209675
0.637181580067
0.63514059782
0.629510343075
0.636423528194
0.641335487366
0.649762094021
0.641615867615
0.629264295101
0.638068914413
0.612897455692
0.633623540401
0.609264850616
0.626290738583
0.617370307446
0.629539430141
0.590867996216
0.62723493576
0.597920179367
0.617640197277
0.632917463779
0.605123519897
0.605114459991
0.652101516724
0.632579684258
0.619997262955
0.594848096371
0.59963041544
0.608790099621
0.602097094059
0.611156344414
0.616493284702
0.607065737247
0.612988293171
0.60780787468
0.605610370636
0.610666811466
0.585016548634
0.590611875057
0.584137797356
0.565616488457
0.618860244751
0.614776432514
0.592878103256
0.605132818222
0.566281497478
0.599907457829
0.582210242748
0.566543459892
0.595783472061
0.542070508003
0.57481944561
0.596487998962
0.585162103176
0.571914732456
0.565060377121
0.559376418591
0.564972341061
0.56935185194
0.557368636131
0.584075689316
0.608120083809
0.526654422283
0.590401828289
0.553759157658
0.561286509037
0.565109848976
0.569367051125
0.56500595808
0.533383786678
0.572504341602
0.569938480854
0.533879637718
0.560122013092
0.57791686058
0.544021725655
0.587827980518
0.56561088562
0.51123291254
0.553844094276
0.558725655079
0.58603644371
0.573805630207
0.535891771317
0.558615088463
0.588128983974
0.537394165993
0.585646986961
0.577763676643
0.541041254997
0.578516304493
0.575947999954
0.535108923912
0.569768309593
0.565754175186
0.522862434387
0.54318857193
0.544129371643
0.537044644356
0.536707639694
0.542950451374
0.561229526997
0.5490218997
0.558168232441
0.555666267872
0.518555521965
0.52735799551
0.531914591789
0.546877145767
0.556291043758
0.555850923061
0.574783980846
0.539062619209
0.544504761696
0.541271746159
0.571732163429
0.560705065727
0.543947339058
0.546671032906
0.511134147644
0.534506499767
0.55249196291
0.581271231174
0.543770611286
0.54063719511
0.558818399906
0.52669274807
0.539042413235
0.504853546619
0.556150555611
0.488729387522
0.534108698368
0.53428953886
0.505805313587
0.568595349789
0.51508641243
0.558546483517
0.533835291862
0.524188995361
0.521217107773
0.531863689423
0.556146264076
0.525725245476
0.541159451008
0.554266929626
0.495968997478
0.52280831337
0.499062389135
0.538287937641
0.49664157629
0.517705917358
0.512873113155
0.555045127869
0.520181834698
0.544458448887
0.530682504177
0.540223300457
0.503304004669
0.527433395386
0.524756669998
0.552205443382
0.547515034676
0.546198010445
0.538488149643
0.520784795284
0.575552582741
0.533963918686
0.499072819948
0.526079118252
0.549008309841
0.528705358505
0.526598215103
0.526183962822
0.508504152298
0.51709228754
0.506034910679
0.567122519016
0.545074343681
0.492932230234
0.534690737724
0.524424910545
0.530727624893
0.475321024656
0.527101159096
0.541338682175
0.508859157562
0.526894450188
0.545041024685
0.53279709816
0.520778477192
0.561679005623
0.57460552454
0.511429429054
0.491383701563
0.540432989597
0.503990828991
0.508529722691
0.506934285164
0.530376732349
0.532962799072
0.540390074253
0.520622909069
0.48909792304
0.532283782959
0.469218850136
0.497579485178
0.510357499123
0.567049205303
0.520657241344
0.522716999054
0.525349378586
0.536364197731
0.513172328472
0.512713193893
0.479246556759
0.513906419277
0.483859479427
0.528932869434
0.539374530315
0.485353261232
0.50020980835
0.526005983353
0.547042489052
0.525110661983
0.537016749382
0.516430318356
0.544240355492
0.512594044209
0.487097978592
0.469712555408
0.533052027225
0.498920112848
0.543758869171
0.495257496834
0.508353352547
0.524327993393
0.490625083447
0.508624792099
0.509178936481
0.509779155254
0.482294559479
0.518200695515
0.521454393864
0.491369485855
0.498739957809
0.482636868954
0.48167976737
0.523084938526
0.475111365318
0.525509178638
0.482628196478
0.494547367096
0.501379728317
0.547308802605
0.526981055737
0.506718039513
0.495845288038
0.548008680344
0.495515614748
0.501963973045
0.496377259493
0.502333521843
0.533214747906
0.542641222477
0.4817276299
0.496957033873
0.549420297146
0.48218742013
0.473822534084
0.495811283588
0.514131546021
0.47816246748
0.449400514364
0.49447208643
0.473154991865
0.450786709785
0.518704414368
0.50046813488
0.454519927502
0.500804185867
0.544578433037
0.548343598843
0.533047318459
0.502763271332
0.502659320831
0.47653606534
0.481505572796
0.510281085968
0.517123699188
0.51394623518
0.499266833067
0.524037361145
0.508773446083
0.484953939915
0.512572288513
0.529051303864
0.495958805084
0.483196437359
0.478343904018
0.447856992483
0.498146951199
0.540301680565
0.496541321278
0.488043963909
0.532182633877
0.460881441832
0.510831534863
0.527861952782
0.510877132416
0.483271479607
0.506477594376
0.487228661776
0.503532171249
0.51178330183
0.484129339457
0.489692509174
0.454326868057
0.554706573486
0.496132850647
0.472644776106
0.485700815916
0.43903914094
0.466122597456
0.483075261116
0.487293034792
0.479899227619
0.491432994604
0.511525511742
0.506574988365
0.49919706583
0.426745384932
0.497404038906
0.51397806406
0.537036478519
0.510443091393
0.509983897209
0.454950332642
0.50173407793
0.474704653025
0.470086097717
0.512572288513
0.509427845478
0.514847636223
0.492298394442
0.467089742422
0.511028170586
0.474031239748
0.492174744606
0.486400127411
0.475719839334
0.490806281567
0.467708826065
0.501649081707
0.456953257322
0.496555447578
0.464369535446
0.490330725908
0.521859526634
0.463191956282
0.474454939365
0.497322261333
0.433712482452
0.477524459362
0.485969096422
0.548987030983
0.470768392086
0.442238628864
0.438727676868
0.469544053078
0.446787089109
0.500800848007
0.512162446976
0.458379894495
0.468477487564
0.479212850332
0.507529199123
0.468223154545
0.475001722574
0.510840952396
0.525623500347
0.526260197163
0.485597640276
0.497857987881
0.453372776508
0.466958761215
0.439675688744
0.484960198402
0.469408422709
0.495230704546
0.484659194946
0.481846690178
0.480290591717
0.445467472076
0.487383425236
0.437026053667
0.505287408829
0.521812856197
0.475271463394
0.44012311101
0.498692512512
0.47297668457
0.45713493228
0.498446315527
0.506711184978
0.455462992191
0.439028441906
0.504042744637
0.45007070899
0.489889383316
0.501709640026
0.531368076801
0.508131861687
0.461599141359
0.438338875771
0.45692268014
0.481782257557
0.476055413485
0.46514877677
0.490204364061
0.481106519699
0.470250755548
0.520741283894
0.519739985466
0.459764033556
0.522236287594
0.446336984634
0.439582705498
0.522794306278
0.45220246911
0.477505415678
0.480070263147
0.473582804203
0.490345180035
0.485810518265
0.501990795135
0.469417154789
0.44816967845
0.444907665253
0.471980988979
0.500293552876
0.485391020775
0.464805662632
0.466434389353
0.495072901249
0.434285610914
0.468606561422
0.491744279861
0.511335074902
0.469644188881
0.482550799847
0.460651159286
0.449531853199
0.454333096743
0.483648091555
0.42519530654
0.4909542799
0.441421449184
0.474934130907
0.447518467903
0.468591541052
0.476175159216
0.463277965784
0.479079037905
0.453193038702
0.493646562099
0.466125071049
0.484330117702
0.484985142946
0.46699783206
0.495180875063
0.44120875001
0.44710072875
0.45363137126
0.497874379158
0.42964681983
0.479087412357
0.469439923763
0.437987834215
0.487030625343
0.458032757044
0.468936532736
0.468768000603
0.486909657717
0.505909979343
0.528768479824
0.417567968369
0.446026980877
0.479902178049
0.490317493677
0.487212538719
0.451405972242
0.448401033878
0.502659738064
0.471941530704
0.52577829361
0.503211200237
0.510223805904
0.491025418043
0.489768773317
0.431115835905
0.430228710175
0.513243496418
0.458999782801
0.456111580133
0.388776481152
0.458037376404
0.451571732759
0.446936249733
0.471589386463
0.468640357256
0.458402901888
0.474679380655
0.481545954943
0.47826641798
0.434191972017
0.479795753956
0.445424675941
0.465426027775
0.428684443235
0.440747141838
0.483640134335
0.479090541601
0.484468638897
0.469662696123
0.464055776596
0.47992259264
0.468162685633
0.445635735989
0.480105727911
0.491727888584
0.47159999609
0.474876075983
0.465086817741
0.494999557734
0.489107817411
0.424057304859
0.48564696312
0.492814362049
0.405775874853
0.452009648085
0.461607575417
0.488024115562
0.425474762917
0.463231414557
0.472420662642
0.464074850082
0.442039966583
0.430722296238
0.42041388154
0.462559014559
0.428075551987
0.470047354698
0.451290905476
0.465177208185
0.484282642603
0.409040123224
0.427989304066
0.428435534239
0.452341467142
0.44422391057
0.482787489891
0.465750485659
0.420000880957
0.487177222967
0.426539868116
0.429872125387
0.445915997028
0.453516453505
0.499105870724
0.508617997169
0.442407548428
0.476308315992
0.485594660044
0.462949424982
0.414842754602
0.485278308392
0.465388774872
0.496659040451
0.470221221447
0.466585457325
0.469371289015
0.504167973995
0.436695069075
0.45862030983
0.448579877615
0.468658775091
0.453092187643
0.469141662121
0.430224895477
0.461886435747
0.457995891571
0.525299429893
0.457428753376
0.409178346395
0.488523423672
0.461962968111
0.440407305956
0.44745361805
0.476440787315
0.434420883656
0.439875006676
0.412811487913
0.456385433674
0.50215023756
0.488516002893
0.44412574172
0.440169274807
0.429196178913
0.492355078459
0.430243700743
0.461694926023
0.389217853546
0.499170035124
0.4839001894
0.440620452166
0.437550902367
0.392776191235
0.433398574591
0.40164527297
0.461856931448
0.468239337206
0.468736857176
0.437778383493
0.428054064512
0.450545221567
0.460845142603
0.495971173048
0.466342002153
0.449606359005
0.479675292969
0.479219824076
0.458300173283
0.45424580574
0.509711503983
0.453745126724
0.463960438967
0.523884415627
0.452429354191
0.428782999516
0.462977439165
0.479798555374
0.444896429777
0.453047066927
0.456073522568
0.455925703049
0.48699349165
0.460242599249
0.442985713482
0.49417373538
0.452049076557
0.439327567816
0.432680636644
0.449869304895
0.469829142094
0.456203520298
0.444862037897
0.437598317862
0.400323927402
0.479993283749
0.442765533924
0.454826056957
0.443633675575
0.434400320053
0.478234559298
0.433078289032
0.483153402805
0.465120196342
0.483168751001
0.423513323069
0.488025575876
0.416611194611
0.458885341883
0.398476958275
0.438844144344
0.417033493519
0.428239405155
0.44574868679
0.413865685463
0.423738062382
0.453128039837
0.385964810848
0.422191739082
0.464607864618
0.50661188364
0.465930759907
0.399634897709
0.473187208176
0.465970665216
0.468500882387
0.427466273308
0.476325839758
0.491147905588
0.457895338535
0.459228724241
0.388516008854
0.428251355886
0.433281958103
0.431241810322
0.428211927414
0.429335981607
0.425588279963
0.397818803787
0.484075635672
0.479243963957
0.429325520992
0.425353348255
0.400259256363
0.418773829937
0.436934947968
0.437590152025
0.45419472456
0.452123194933
0.423972606659
0.431769251823
0.44210755825
0.456911623478
0.446711808443
0.428696870804
0.442349582911
0.465535074472
0.472116410732
0.475679725409
0.49836152792
0.441566050053
0.441844284534
0.414744377136
0.423600435257
0.427357047796
0.465355247259
0.454949915409
0.455205142498
0.442937940359
0.439951092005
0.417010307312
0.421644121408
0.496065676212
0.385980755091
0.451486945152
0.490788280964
0.43773162365
0.422056496143
0.428247213364
0.426326721907
0.465907424688
0.511802256107
0.514841675758
0.462625205517
0.463125169277
0.446427851915
0.439735978842
0.473854988813
0.499064147472
0.45675265789
0.472876638174
0.459562569857
0.456148982048
0.449753284454
0.458827346563
0.433493643999
0.399889290333
0.435987532139
0.43625459075
0.386678904295
0.473880857229
0.47989538312
0.429778248072
0.40264236927
0.404819101095
0.395570605993
0.476015090942
0.396668195724
0.461066395044
0.452390670776
0.45222234726
0.423791050911
0.455309987068
0.423369318247
0.403263628483
0.455056607723
