0.703533172607
0.694691717625
0.691229104996
0.690004944801
0.689928650856
0.689036130905
0.687075555325
0.684967637062
0.684647798538
0.676308393478
0.673865616322
0.669005453587
0.663456022739
0.63718277216
0.632620453835
0.662872731686
0.59478110075
0.579159319401
0.591044962406
0.538962900639
0.5818541646
0.544757962227
0.544480919838
0.512792885303
0.536838173866
0.511268258095
0.497417092323
0.51803612709
0.540285110474
0.544430732727
0.511419594288
0.49095287919
0.469544500113
0.462627351284
0.537902891636
0.508059024811
0.468938231468
0.462480723858
0.461435168982
0.469028234482
0.46343421936
0.442288279533
0.458457022905
0.432087868452
0.459937572479
0.406629323959
0.433873325586
0.388558000326
0.387540131807
0.421881467104
0.398226469755
0.354830980301
0.376784026623
0.489094167948
0.36939573288
0.407614797354
0.469526410103
0.39000672102
0.383778631687
0.366952627897
0.404948562384
0.485481381416
0.344671785831
0.378108203411
0.360975027084
0.401921629906
0.388482928276
0.363775253296
0.411914259195
0.323914587498
0.35257178545
0.325763314962
0.41694688797
0.44231954217
0.308494925499
0.346651315689
0.34837821126
0.36128360033
0.306372195482
0.356918185949
0.395305901766
0.337289124727
0.331923574209
0.349532186985
0.339494287968
0.348213762045
0.328986793756
0.346570134163
0.285030007362
0.296124726534
0.270681113005
0.29687923193
0.30656927824
0.327258050442
0.241787165403
0.268799394369
0.301503509283
0.247838944197
0.29662156105
0.284277945757
0.279285311699
0.298046827316
0.383245706558
0.262989670038
0.285902440548
0.260474741459
0.259618550539
0.282973378897
0.281326204538
0.285286217928
0.307886570692
0.275279164314
0.225025489926
0.234846830368
0.280240893364
0.262368619442
0.234524428844
0.250553935766
0.266670197248
0.312334120274
0.217557623982
0.254333525896
0.195963859558
0.205705150962
0.256602138281
0.212923929095
0.318959802389
0.192861646414
0.172757893801
0.227362066507
0.223283424973
0.212753683329
0.232051640749
0.280851870775
0.250569462776
0.161862000823
0.246769785881
0.28306645155
0.195245027542
0.204465731978
0.230232641101
0.222258865833
0.214714825153
0.186768323183
0.187797904015
0.219592213631
0.263805687428
0.235435277224
0.201810330153
0.259848028421
0.156415611506
0.18048658967
0.206943646073
0.229610726237
0.171739414334
0.194767355919
0.171795919538
0.204343095422
0.187476411462
0.169932246208
0.22059340775
0.160158514977
0.244686707854
0.199550390244
0.237245544791
0.213159099221
0.176424309611
0.167824074626
0.132833391428
0.206011399627
0.145383134484
0.163810715079
0.326729387045
0.280741780996
0.176184043288
0.110832549632
0.172388732433
0.228408783674
0.194712847471
0.155519664288
0.228892922401
0.186065241694
0.166829928756
0.168931171298
0.156665295362
0.222049623728
0.178575024009
0.154746741056
0.220830798149
0.169085994363
0.20768558979
0.237639635801
0.131743907928
0.206620410085
0.169449165463
0.206376492977
0.176786318421
0.137216955423
0.215639024973
0.17962038517
0.214888930321
0.125132188201
0.222106233239
0.131890639663
0.219547435641
0.165603011847
0.231061384082
0.180119380355
0.212720841169
0.156313553452
0.197132244706
0.166212126613
0.187384530902
0.188564434648
0.154734939337
0.10680359602
0.178589567542
0.18085052073
0.213530525565
0.224965170026
0.142413109541
0.111577749252
0.105850666761
0.215807914734
0.187733232975
0.178438320756
0.25389406085
0.14711458981
0.154808327556
0.179785981774
0.198076948524
0.125896647573
0.178867846727
0.164491787553
0.177640527487
0.183352217078
0.135451287031
0.159014210105
0.189321875572
0.154582798481
0.191601037979
0.224986061454
0.129487529397
0.152728840709
0.163362756371
0.14848215878
0.12914095819
0.140806034207
0.161886185408
0.165257185698
0.106534466147
0.120277844369
0.117656581104
0.119215674698
0.232404738665
0.12877458334
0.141073554754
0.146094143391
0.0634428411722
0.179604202509
0.131909176707
0.122991405427
0.10289607197
0.196578845382
0.13817460835
0.206286802888
0.135395288467
0.168897658587
0.163857772946
0.135151937604
0.138611897826
0.164996296167
0.104882292449
0.200835555792
0.138430401683
0.130314350128
0.164105519652
0.14148811996
0.21094879508
0.173118263483
0.146770507097
0.12345149368
0.142884507775
0.136941924691
0.120644509792
0.193763628602
0.123745188117
0.1277744174
0.17086943984
0.135254323483
0.152609422803
0.0865275487304
0.171496227384
0.162817716599
0.182611122727
0.14227207005
0.153829902411
0.125043898821
0.150067210197
0.149077922106
0.179785534739
0.109487406909
0.106269046664
0.112918943167
0.103907756507
0.133490219712
0.110328435898
0.109238788486
0.0803505480289
0.141059547663
0.112662598491
0.157457634807
0.0953024402261
0.119579136372
0.184319466352
0.0971253216267
0.175539150834
0.186409816146
0.108566999435
0.175329402089
0.132307484746
0.125355303288
0.115326724946
0.102909035981
0.164711892605
0.122167877853
0.135721072555
0.120587617159
0.161655709147
0.122324965894
0.131201341748
0.0824507623911
0.147583946586
0.14438071847
0.167007222772
0.16939330101
0.10083860904
0.131568998098
0.106445938349
0.209935650229
0.117981933057
0.129007741809
0.107534781098
0.160685673356
0.0994087532163
0.232286736369
0.143160253763
0.108810372651
0.139220148325
0.203800663352
0.0965594053268
0.16137367487
0.203428909183
0.091805152595
0.131822556257
0.134481072426
0.173122420907
0.117392487824
0.105971284211
0.125051856041
0.103429496288
0.0825229734182
0.142352581024
0.0492032691836
0.120080046356
0.141372218728
0.102884173393
0.159435108304
0.124946683645
0.127182230353
0.137450143695
0.130616977811
0.141216859221
0.109393849969
0.158247828484
0.0977962762117
0.117617666721
0.137963622808
0.173338770866
0.152370169759
0.112471789122
0.129576742649
0.123550146818
0.155507713556
0.106386698782
0.135073855519
0.0719460844994
0.151925653219
0.140973567963
0.123551309109
0.153380215168
0.0904533937573
0.103540793061
0.075240559876
0.19020858407
0.117097854614
0.109510563314
0.0947399958968
0.140756741166
0.0926392525434
0.162926122546
0.10125900805
0.0896259620786
0.0951028764248
0.085431188345
0.117715671659
0.124939799309
0.0934280753136
0.123587653041
0.0930910632014
0.121338747442
0.147850066423
0.163697332144
0.0903189480305
0.0977539345622
0.164578214288
0.0696996152401
0.142092674971
0.182975307107
0.0589225850999
0.135632261634
0.146016478539
0.107950389385
0.178669527173
0.0716700777411
0.0869806259871
0.117165535688
0.124862149358
0.0970137640834
0.10959944129
0.0943048447371
0.0960980281234
0.102977856994
0.101539298892
0.118474088609
0.179621815681
0.119047395885
0.169971317053
0.12797036767
0.107201553881
0.102496154606
0.0757199153304
0.14327685535
0.142422407866
0.078729391098
0.133064553142
0.0539204291999
0.125008285046
0.0996291339397
0.157215431333
0.0935059115291
0.0788177698851
0.10669067502
0.110384359956
0.131032273173
0.144381716847
0.106776669621
0.159312173724
0.108178280294
0.0815349295735
0.116154812276
0.0584061034024
0.158595278859
0.0866986960173
0.124571584165
0.108269199729
0.119569577277
0.131109848619
0.11716017127
0.0658308342099
0.158263385296
0.0796193778515
0.112514622509
0.133051201701
0.13377545774
0.11641766876
0.0912565216422
0.0924230590463
0.115825727582
0.128080621362
0.11163508147
0.11444311589
0.0928381755948
0.0561255402863
0.0928129032254
0.0899043753743
0.148537755013
0.0879228934646
0.0893878489733
0.0810128748417
0.200198918581
0.102980747819
0.112147904932
0.112646862864
0.0840720385313
0.09879347682
0.137316703796
0.1093236655
0.0949340462685
0.176216974854
0.151414394379
0.148068159819
0.0926425755024
0.104585960507
0.0844646021724
0.120163083076
0.164775982499
0.11422984302
0.088895149529
0.0965082198381
0.0994233489037
0.0869976505637
0.0649242848158
0.139721602201
0.0926548540592
0.101982742548
0.0886658430099
0.125240013003
0.11490264535
0.0741967558861
0.135700404644
0.0787278488278
0.0955827832222
0.12392821908
0.0829822272062
0.163488358259
0.0902486369014
0.146774798632
0.106128528714
0.121247828007
0.0684644281864
0.0930298045278
0.081129476428
0.0915509536862
0.136590063572
0.0793874040246
0.122272126377
0.0747863277793
0.112518087029
0.0674584507942
0.0992349982262
0.0880888476968
0.0672631636262
0.0449004210532
0.0753735229373
0.0879613533616
0.0920119285583
0.110552743077
0.0819275453687
0.116221450269
0.0868056192994
0.184801369905
0.0666226819158
0.0788426846266
0.112536408007
0.0733483433723
0.0885032564402
0.117962680757
0.0424117706716
0.0939812287688
0.10702252388
0.103445515037
0.13974866271
0.0873707085848
0.0676104202867
0.102315492928
0.127675503492
0.114581972361
0.092904008925
0.0792109295726
0.117029778659
0.0856678858399
0.0931437760592
0.13400426507
0.0482385419309
0.0703703165054
0.104618519545
0.0790709406137
0.100644014776
0.0880073010921
0.106081798673
0.108036488295
0.0928308814764
0.0950953885913
0.110729880631
0.133539557457
0.150143459439
0.0954804942012
0.107253454626
0.151764348149
0.101490318775
0.142500534654
0.0957669243217
0.141333267093
0.135588929057
0.0904682651162
0.0630348920822
0.0773137807846
0.0919889211655
0.103452540934
0.0721831172705
0.0884417369962
0.12258220464
0.0581248290837
0.09238037467
0.120972961187
0.0555186867714
0.102521717548
0.0862682685256
0.0862500071526
0.108421735466
0.0625082924962
0.103129267693
0.0520473346114
0.153168514371
0.130995631218
0.0648857429624
0.0317756459117
0.102708525956
0.114350870252
0.124296940863
0.116471543908
0.0738500356674
0.0990657135844
0.118156656623
0.115205168724
0.0674883946776
0.106271453202
0.0677015557885
0.1211065799
0.114085406065
0.120792336762
0.147678807378
0.17548944056
0.0892448946834
0.134307011962
0.0966682732105
0.0871842727065
0.0757225975394
0.104336991906
0.104077808559
0.113387711346
0.105804637074
0.0763321295381
0.108363762498
0.0820192843676
0.0921803936362
0.0901024416089
0.108376048505
0.0843455046415
0.0586745291948
0.0645039975643
0.0902949422598
0.146256417036
0.0818222239614
0.0620542280376
0.0794562250376
0.0974596366286
0.0785708427429
0.100895985961
0.0879102945328
0.0564400292933
0.0460862107575
0.0653388723731
0.0647748187184
0.0607720501721
0.0674995258451
0.0909348800778
0.0996240973473
0.0795541629195
0.0962547957897
0.081270582974
0.0789629667997
0.0779779776931
0.0684728845954
0.0756997540593
0.0797223001719
0.113357968628
0.0705741345882
0.0726361274719
0.09961630404
0.0596521981061
0.0646953135729
0.084237203002
0.0907945930958
0.147907435894
0.0415422022343
0.0980678126216
0.0989718958735
0.03951748088
0.0804873332381
0.0992195159197
0.109445340931
0.0843941196799
0.0815657004714
0.0591306500137
0.124429993331
0.0952600613236
0.11022413522
0.125672399998
0.0566111169755
0.0425955057144
0.069503672421
0.0429847240448
0.0853190198541
0.0835492238402
0.0637919306755
0.102342516184
0.04326941818
0.0674656257033
0.067551754415
0.101650685072
0.0460476949811
0.0686213225126
0.0471282675862
0.0474946498871
0.0842025205493
0.0943381860852
0.0743627026677
0.133099153638
0.0964386984706
0.0929516479373
0.0911370739341
0.105612590909
0.102904349566
0.0880080610514
0.0539201796055
0.0991665273905
0.0529286824167
0.0720340162516
0.0957275480032
0.0692908018827
0.109947122633
0.0717962756753
0.09849909693
0.0959584861994
0.0371052995324
0.0523910149932
0.0768014118075
0.108628436923
0.048703879118
0.0630707368255
0.0732596069574
0.067696377635
0.0849377065897
0.152076691389
0.0747035443783
0.0810245573521
0.0584444962442
0.0898410528898
0.0660939887166
0.0524176210165
0.0608152337372
0.0592028275132
0.14694711566
0.0517945401371
0.130996868014
0.0601099021733
0.0651051551104
0.0640311092138
0.0573558956385
0.0544148422778
0.129498332739
0.0599900297821
0.0873613283038
0.117471657693
0.0753374770284
0.0808038264513
0.0539247468114
0.0587226785719
0.0332899093628
0.0841129571199
0.0977960079908
0.0406544394791
0.114380545914
0.0608404614031
0.0626415237784
0.0803268626332
0.0872810706496
0.0907406136394
0.0412675477564
0.0802653431892
0.07814052701
0.0771559104323
0.0434828586876
0.0634492114186
0.0653620511293
0.0375414863229
0.0962854549289
0.0707219168544
0.0473522134125
0.0674122199416
0.0498123429716
0.08847527951
0.100974835455
0.0843975692987
0.140492603183
0.0579509735107
0.0698237642646
0.0589726231992
