1.2291572094
1.19657075405
1.17093074322
1.09742534161
1.06231069565
1.02907288074
0.993450880051
0.938823699951
0.907984316349
0.872669100761
0.847630918026
0.837971150875
0.812725961208
0.829419910908
0.775099396706
0.770375609398
0.76175057888
0.759356379509
0.741747677326
0.763426482677
0.715673983097
0.737514197826
0.71984565258
0.698082387447
0.726932108402
0.698976457119
0.663483321667
0.657255172729
0.701304793358
0.655088841915
0.665264725685
0.684003710747
0.669137120247
0.665876150131
0.648223459721
0.628796696663
0.640048444271
0.648343026638
0.64103782177
0.650480270386
0.635458767414
0.633091568947
0.619182884693
0.618487536907
0.610889256001
0.634356081486
0.603918910027
0.607371091843
0.606675744057
0.618197798729
0.628775775433
0.597473144531
0.611009478569
0.596466004848
0.616864204407
0.5834389925
0.591172397137
0.611517429352
0.578657746315
0.575561642647
0.583216607571
0.579855203629
0.565163493156
0.569791257381
0.572030365467
0.585692167282
0.570450901985
0.581124186516
0.569857776165
0.568986535072
0.569229185581
0.566455602646
0.57537060976
0.559882760048
0.5583512187
0.561633467674
0.558327138424
0.555224716663
0.548086225986
0.546697616577
0.562799870968
0.550133705139
0.553410053253
0.547971308231
0.552888214588
0.564930677414
0.544342398643
0.544593811035
0.536188781261
0.540915191174
0.532570362091
0.550398409367
0.537012338638
0.535182416439
0.529525220394
0.516920566559
0.534651696682
0.539432883263
0.55022841692
0.535489797592
0.53193706274
0.532083332539
0.520920455456
0.516852259636
0.534943580627
0.524004995823
0.540310561657
0.520769536495
0.526077508926
0.52893191576
0.514765799046
0.509979486465
0.517270445824
0.499715566635
0.503415107727
0.512153506279
0.502593636513
0.506984114647
0.519809603691
0.513901114464
0.504779219627
0.518250823021
0.500544309616
0.516039907932
0.503411889076
0.505717933178
0.509759306908
0.501822054386
0.502627015114
0.500544309616
0.508446097374
0.501004815102
0.495931178331
0.510191738605
0.488239198923
0.492271274328
0.504086136818
0.496571242809
0.490041732788
0.502144217491
0.495196729898
0.486472904682
0.492533236742
0.489936858416
0.493485659361
0.506384849548
0.489783614874
0.490857899189
0.47640478611
0.483724415302
0.479205071926
0.494777709246
0.479886829853
0.479422658682
0.485427379608
0.470629423857
0.479173660278
0.492614299059
0.464081585407
0.475886017084
0.475903958082
0.462843060493
0.47476285696
0.468314468861
0.468219399452
0.471649348736
0.471941828728
0.472830504179
0.463216722012
0.454357922077
0.469040542841
0.463253945112
0.470460176468
0.467238634825
0.464226067066
0.467635929585
0.473806649446
0.471759468317
0.451675564051
0.467292815447
0.452414095402
0.462521970272
0.464774817228
0.455834925175
0.464814424515
0.456862509251
0.455499410629
0.461213976145
0.442748248577
0.445761412382
0.458662480116
0.45198482275
0.447800427675
0.45479413867
0.449812591076
0.449081778526
0.437213331461
0.446490615606
0.444464534521
0.455162465572
0.447956055403
0.45971724391
0.452138900757
0.448044240475
0.427431702614
0.451280325651
0.446920543909
0.44336360693
0.441036164761
0.455167323351
0.447365731001
0.43451949954
0.434082090855
0.442513585091
0.437861144543
0.430643081665
0.431544750929
0.4291010499
0.439224362373
0.442465364933
0.431286036968
0.433254778385
0.437591731548
0.440189480782
0.445589154959
0.43335801363
0.427794188261
0.428248882294
0.424729585648
0.434829115868
0.423350572586
0.424626260996
0.438557684422
0.423361480236
0.414247006178
0.420952558517
0.424717217684
0.431039839983
0.42692860961
0.425638586283
0.413236290216
0.418815970421
0.435270667076
0.419635117054
0.426611542702
0.411156028509
0.411784261465
0.412105798721
0.417981654406
0.404620498419
0.412922263145
0.410555183887
0.407753944397
0.403250187635
0.409815967083
0.413204878569
0.408987492323
0.418116509914
0.413887768984
0.411254733801
0.409711033106
0.405264645815
0.406879097223
0.415083944798
0.406795859337
0.409340411425
0.403762459755
0.40765619278
0.393654793501
0.413742870092
0.391927808523
0.397785663605
0.39689797163
0.396330177784
0.398815631866
0.40898039937
0.407549381256
0.40646392107
0.389360666275
0.414148837328
0.394204735756
0.39591422677
0.392214030027
0.392976850271
0.384309113026
0.392022848129
0.398114562035
0.392879128456
0.402421683073
0.410580396652
0.391067564487
0.393235266209
0.386061668396
0.390080451965
0.392170518637
0.390523165464
0.400943219662
0.390985488892
0.396808743477
0.388393491507
0.384413570166
0.379132986069
0.386077016592
0.384231448174
0.400258421898
0.392685800791
0.373869240284
0.384609699249
0.380654841661
0.38095754385
0.38886487484
0.380677491426
0.3851788342
0.385622471571
0.383656024933
0.377000719309
0.38139373064
0.369048714638
0.385205149651
0.387559175491
0.377300918102
0.374982297421
0.374644398689
0.37228512764
0.386650800705
0.383594483137
0.373694747686
0.370668023825
0.377428501844
0.388521432877
0.366585552692
0.368374109268
0.370215594769
0.369268715382
0.382494658232
0.370777398348
0.376771956682
0.375142365694
0.369487851858
0.36999297142
0.359479606152
0.354472905397
0.377392590046
0.362468183041
0.363781690598
0.354015082121
0.360232204199
0.370867371559
0.367276608944
0.365900337696
0.357662290335
0.372889459133
0.367382228374
0.366187334061
0.352302074432
0.360597908497
0.366782367229
0.364739269018
0.374069839716
0.35584539175
0.358961164951
0.358777463436
0.370173335075
0.359090477228
0.358379721642
0.360809326172
0.353398531675
0.355947643518
0.352889955044
0.348508000374
0.361205011606
0.358161300421
0.3481580019
0.353360742331
0.34811475873
0.360300719738
0.3612010777
0.355156749487
0.357330828905
0.350404441357
0.345518618822
0.355334460735
0.353088855743
0.348248749971
0.34597748518
0.361085027456
0.34726062417
0.347207337618
0.349583506584
0.351874500513
0.348891615868
0.349801599979
0.347441673279
0.346870541573
0.332263916731
0.336694717407
0.341484636068
0.338004946709
0.350226312876
0.343111664057
0.331775039434
0.344224125147
0.347541183233
0.335790127516
0.342983424664
0.350442230701
0.34717258811
0.342343062162
0.340291231871
0.341474145651
0.341451644897
0.354128569365
0.33719715476
0.338256627321
0.337734282017
0.354212582111
0.348735302687
0.33866032958
0.333219140768
0.343771517277
0.344187408686
0.342326909304
0.334605902433
0.33744046092
0.334023892879
0.334332078695
0.331098228693
0.335170328617
0.331724762917
0.332794070244
0.321754395962
0.341068208218
0.332249909639
0.317272514105
0.330082714558
0.334695518017
0.343647062778
0.323509395123
0.327825814486
0.328658491373
0.326463729143
0.325029909611
0.328354537487
0.331880509853
0.327407062054
0.332892566919
0.326016485691
0.318859308958
0.319489151239
0.324193894863
0.322737276554
0.323568314314
0.326097339392
0.32707798481
0.321804434061
0.314063549042
0.321976006031
0.315487146378
0.324392467737
0.32350641489
0.316345185041
0.31483861804
0.330807209015
0.322400808334
0.327551782131
0.33144274354
0.31897971034
0.324810057878
0.316194474697
0.317582517862
0.314141243696
0.314485013485
0.315540999174
0.313722550869
0.313835918903
0.31082996726
0.312481254339
0.315718442202
0.318784713745
0.314604669809
0.307433754206
0.316072106361
0.316498696804
0.317851662636
0.303965330124
0.310320049524
0.307609885931
0.309679538012
0.321200788021
0.306666374207
0.321240305901
0.312556892633
0.320320785046
0.312177240849
0.308700323105
0.313375622034
0.31515866518
0.3094445467
0.310029178858
0.313749909401
0.306344866753
0.301125347614
0.312482893467
0.316627770662
0.306729882956
0.308228909969
0.310585141182
0.315641343594
0.310150831938
0.310981184244
0.308270037174
0.300786495209
0.317693054676
0.305163830519
0.306644618511
0.295177310705
0.301681727171
0.296130746603
0.299309402704
0.293540835381
0.301785796881
0.296903461218
0.306546866894
0.310655325651
0.307916224003
0.294505298138
0.298496752977
0.300663977861
0.296689093113
0.310189306736
0.305467158556
0.297901183367
0.312391728163
0.309853255749
0.308570563793
0.298571705818
0.302346438169
0.297494798899
0.299706637859
0.30111810565
0.289650350809
0.291068464518
0.293521642685
0.300342142582
0.298030823469
0.3076569736
0.291841745377
0.298246741295
0.293084859848
0.295699298382
0.303290367126
0.290474206209
0.289944469929
0.289977550507
0.294257223606
0.295125931501
0.286457151175
0.28670784831
0.293134003878
0.294286429882
0.30314207077
0.287410527468
0.284939318895
0.281639754772
0.291770011187
0.28031951189
0.287842273712
0.283881992102
0.286654323339
0.286936700344
0.296135663986
0.293395906687
0.29559057951
0.292875945568
0.286243259907
0.288245081902
0.279551446438
0.291990220547
0.286254435778
0.287462472916
0.290527522564
0.287879407406
0.277995496988
0.28450486064
0.28816780448
0.283811628819
0.27471140027
0.28109022975
0.285817503929
0.282596886158
0.282037824392
0.276574522257
0.284300208092
0.292074948549
0.289983391762
0.281620055437
0.290227383375
0.277446776628
0.285638898611
0.294187456369
0.282488912344
0.281423777342
0.27913248539
0.278259724379
0.287232100964
0.273357629776
0.274409919977
0.285292476416
0.291823685169
0.278507441282
0.274396777153
0.281561553478
0.275867730379
0.274621099234
0.280293494463
0.281847089529
0.282135784626
0.269880205393
0.270867645741
0.280099183321
0.271239578724
0.27890753746
0.274495899677
0.277423173189
0.273715257645
0.273415565491
0.277233242989
0.270711958408
0.27508816123
0.28361466527
0.28104069829
0.280838638544
0.280926138163
0.271471083164
0.26923584938
0.271754056215
0.264941990376
0.270462960005
0.276828289032
0.269941031933
0.275930851698
0.275102525949
0.27433347702
0.269097179174
0.279717594385
0.264492601156
0.268776357174
0.276259362698
0.262529820204
0.275621712208
0.271707087755
0.268413424492
0.27313387394
0.273711711168
0.26268824935
0.276969075203
0.265396177769
0.272015273571
0.2658200562
0.266257554293
0.271316975355
0.264801084995
0.259759873152
0.268746286631
0.271988242865
0.254832953215
0.266981095076
0.264682888985
0.264484614134
0.26211181283
0.258218854666
0.260638415813
0.265225440264
0.259163707495
0.262491762638
0.270351082087
0.276185840368
0.262348145247
0.268846124411
0.264915704727
0.248744055629
0.259451001883
0.264634728432
0.265586316586
0.257152825594
0.255207121372
0.262616425753
0.249615222216
0.25425323844
0.259573400021
0.254533320665
0.25694707036
0.261099249125
0.256944805384
0.258971780539
0.261920005083
0.263625770807
0.262952446938
0.259519636631
0.25879150629
0.258298784494
0.261891067028
0.252747535706
0.254783630371
0.259501427412
0.259656429291
0.247155874968
0.253201067448
0.251829385757
0.260351777077
0.253692984581
0.248931288719
0.252999395132
0.246128410101
0.258605211973
0.263016462326
0.244907006621
0.271399050951
0.256689071655
0.250546723604
0.246552348137
0.242057725787
0.25144392252
0.252093076706
0.248493626714
0.267092525959
0.264641463757
0.252733618021
0.250979840755
0.247868910432
0.251029670238
0.251265466213
0.25437900424
0.244737669826
0.25426736474
0.258581072092
0.250874370337
0.245597660542
0.249097913504
0.26213952899
0.251298397779
0.244559317827
0.2489438802
0.244680672884
0.2543861866
0.244584202766
0.242405101657
0.240998521447
0.25215241313
0.252287447453
0.244943574071
0.253097206354
0.243488371372
0.253398537636
0.256703138351
0.249472424388
0.242679908872
0.25003349781
0.244695305824
0.23962457478
0.246253967285
0.249061360955
0.249842911959
0.243304386735
0.247780770063
0.254191398621
0.244905814528
0.246450737119
0.242936477065
0.244001507759
0.243029147387
0.244551762938
0.238842591643
0.239852681756
0.237225919962
0.241085410118
0.237456515431
0.242918327451
0.242056131363
0.251019537449
0.239769756794
0.241934761405
0.236444145441
0.244348809123
0.245796889067
0.235051423311
0.240552410483
0.240273207426
0.235458239913
0.245544359088
0.242181956768
0.251258254051
0.230442479253
0.237613320351
0.236101701856
0.23988224566
0.233484447002
0.272601515055
0.241279393435
0.232376798987
0.242807373405
0.234308198094
0.238898634911
0.231552347541
0.241081669927
0.235478401184
0.232687234879
0.239921033382
0.230386540294
0.241760075092
0.235743075609
0.231414347887
0.229954048991
0.234566166997
0.247174367309
0.244169101119
0.236661195755
0.230980232358
0.226236522198
0.232245922089
0.233431041241
0.236861556768
0.233412921429
0.226320505142
0.234698519111
0.234602093697
0.238818585873
0.2302377671
0.234667509794
0.237680792809
0.232810154557
0.23271176219
0.231286436319
0.244342446327
0.231283515692
0.223079144955
0.230607971549
0.230846881866
0.230326920748
0.229891002178
0.230253472924
0.234428331256
0.226556763053
0.23039919138
0.223817631602
0.236455261707
0.230140984058
0.222263947129
0.227102383971
0.232023030519
0.226318880916
0.22252433002
0.220514640212
0.218207791448
0.231357738376
0.224480807781
0.225054338574
0.237593099475
0.227848038077
0.227333813906
0.224671110511
0.227099910378
0.228808164597
0.222372338176
0.222874075174
0.220314398408
0.22408182919
0.235763475299
0.225763380527
0.228144004941
0.224851921201
0.21867915988
0.223290786147
0.220006659627
0.227100193501
0.218215242028
0.231025844812
0.218719661236
0.218191534281
0.221660509706
0.226610094309
0.236900910735
0.215980634093
0.224882543087
0.225660040975
0.23060913384
0.213655084372
0.221055731177
0.212944358587
0.217433020473
0.223777517676
0.223686218262
0.22141250968
0.213860705495
0.216651618481
0.215092465281
0.215603113174
0.218381077051
0.224976181984
0.210059061646
0.220558524132
0.212232038379
0.214763700962
0.220444992185
0.217620462179
0.213854551315
0.215119093657
0.225430965424
0.217652857304
0.217541471124
0.221520617604
0.21240863204
0.213674068451
0.218293130398
0.210380077362
0.217936262488
0.210850939155
0.217434450984
0.210832953453
0.209243535995
0.208755016327
0.215516164899
0.208984300494
0.207238659263
0.213682413101
0.217110335827
0.214120149612
0.221106335521
0.217250883579
0.213234394789
0.215363442898
0.212745770812
0.214133903384
0.224061995745
0.215964525938
0.215651869774
0.214272767305
0.216804951429
0.212982624769
0.218469202518
0.208739861846
0.226705491543
0.205949738622
0.20716111362
0.209084764123
0.209869205952
0.205462440848
0.211462363601
0.226718068123
0.206760793924
0.201489493251
0.219082087278
0.20503513515
0.206341490149
0.214581727982
0.222132340074
0.208520427346
0.203081443906
0.206558227539
0.210131794214
0.202043145895
0.21133454144
0.206153392792
0.207168787718
0.210837855935
0.217207297683
0.216666802764
0.204767718911
0.207653135061
0.209930747747
0.202862516046
0.209727793932
0.204404547811
0.202763110399
0.208878010511
0.212177947164
0.209054633975
0.205673322082
0.210858494043
0.214229002595
0.211249232292
0.205048203468
0.202620536089
0.205495670438
0.214015856385
0.212032213807
0.201657682657
0.202505797148
0.200917944312
0.202249124646
0.205975756049
0.205839440227
0.210262700915
0.212956607342
0.204964235425
0.199657306075
0.206343755126
0.214375451207
0.211994484067
0.2033662498
0.208050534129
0.207821428776
0.209565997124
0.215074941516
0.201520070434
0.202552318573
0.205537974834
0.203388005495
0.209423229098
0.213358357549
0.209112554789
0.204036936164
0.203675284982
0.214617356658
0.208256438375
0.204274401069
0.214446470141
0.207253992558
0.202139139175
0.211874693632
0.201371386647
0.206828996539
0.217896282673
0.208684414625
0.209074288607
0.208837762475
0.211156383157
0.211902916431
0.202423378825
0.216544210911
0.204774007201
0.201165750623
0.217071086168
0.202187344432
0.201492905617
0.204486906528
0.204292520881
0.206232011318
0.202602997422
0.211681619287
0.203652769327
0.211482912302
0.202636942267
0.201262831688
0.204351171851
0.216861143708
0.209580883384
0.213870540261
0.210254698992
0.214400053024
0.203030303121
0.205589964986
0.205841824412
0.214385583997
0.214424654841
0.200974568725
0.204695433378
0.208097919822
0.213509052992
0.204018861055
0.210010543466
0.206616654992
0.200568750501
0.20435115695
0.213376060128
0.201681777835
0.201495245099
0.204140484333
0.210715949535
0.208961963654
0.202297270298
0.202593505383
0.200594931841
0.20602811873
0.210120409727
0.205719619989
0.2070620507
0.207219824195
0.206863254309
0.202726259828
0.200216978788
0.207569330931
0.20445266366
0.203554958105
0.199739694595
0.201596736908
0.206337943673
0.212149649858
0.208159059286
0.209886685014
0.207527086139
0.2046135813
0.203846037388
0.204548329115
0.207655414939
0.203490331769
0.20480234921
0.204423710704
0.210295051336
0.212255746126
0.205129414797
0.203800290823
0.214053228498
0.206452861428
0.210796803236
0.203304663301
0.202676534653
0.204707846045
0.208371326327
0.200529560447
0.209890529513
0.204145178199
0.204791784286
0.203613251448
0.201236337423
0.201439425349
0.208343029022
0.217533409595
0.207529425621
0.21174018085
0.207101628184
0.20052203536
0.203333556652
0.203438833356
0.205783337355
0.201349064708
0.212897703052
0.198584884405
0.200034663081
0.201820701361
0.211715638638
0.19990888238
0.198889434338
0.201538532972
0.200060024858
0.212128832936
0.209089592099
0.20411875844
0.206779703498
0.205321863294
0.203410893679
0.211797356606
0.205812186003
0.213256388903
0.201555356383
0.20237763226
0.205642595887
0.205030798912
0.20412646234
0.204348489642
0.203099548817
0.205204248428
0.203717559576
0.21079698205
0.20329785347
0.206973046064
0.203190609813
0.207853958011
0.200486570597
0.199380040169
0.204937502742
0.204291790724
0.201244041324
0.213195130229
0.202105969191
0.206310898066
0.200566992164
0.20105728507
0.209987893701
0.20830398798
0.206275343895
0.196032300591
0.199634045362
0.202119514346
0.202550157905
0.200090542436
0.200220942497
0.20500305295
0.202435150743
0.20216332376
0.208628922701
0.202622532845
0.213352099061
0.213920846581
0.206768363714
0.202460870147
0.203211784363
0.204923674464
0.200680583715
0.200769677758
0.199080348015
0.208085298538
0.203894600272
0.20085889101
0.20053011179
0.205693870783
0.207224667072
0.206921771169
0.211871296167
0.200186088681
