0.749870419502
0.755267798901
0.731539547443
0.716849863529
0.733612179756
0.717933177948
0.703402101994
0.708940923214
0.68931633234
0.69439125061
0.672587871552
0.67896348238
0.671816647053
0.675614953041
0.679785728455
0.670526742935
0.68317335844
0.669764399529
0.647405266762
0.66425794363
0.643824338913
0.651464402676
0.663553595543
0.64843994379
0.655121445656
0.651238143444
0.639605879784
0.646143317223
0.646837770939
0.648085296154
0.647606670856
0.633451879025
0.638247430325
0.639518201351
0.636311233044
0.638694345951
0.628186643124
0.640351474285
0.640042424202
0.6331641078
0.630697906017
0.640079259872
0.646288156509
0.651968896389
0.642305016518
0.624121785164
0.638511419296
0.627123892307
0.631433010101
0.619531154633
0.633341729641
0.634655177593
0.633372366428
0.631834030151
0.618538141251
0.616094052792
0.627735793591
0.635389983654
0.613538742065
0.625592470169
0.637589812279
0.625169336796
0.628400266171
0.612986266613
0.616199910641
0.607191205025
0.611755132675
0.617650091648
0.620974004269
0.615748643875
0.607632160187
0.599966406822
0.617323577404
0.597558200359
0.60168504715
0.611306250095
0.598036706448
0.59890550375
0.624346017838
0.596536159515
0.604971289635
0.589687407017
0.592248380184
0.594183325768
0.601004183292
0.569319069386
0.601729214191
0.59380376339
0.578421592712
0.588088989258
0.575253665447
0.595326066017
0.576660275459
0.571952581406
0.563597202301
0.589760780334
0.563622772694
0.562073945999
0.549121558666
0.583046495914
0.576062738895
0.579526424408
0.546971440315
0.565650522709
0.559702634811
0.562240183353
0.559980750084
0.571000576019
0.52084594965
0.551320970058
0.545486569405
0.552319645882
0.542072057724
0.550064325333
0.532594799995
0.534143567085
0.522062599659
0.528021454811
0.531275629997
0.510185062885
0.515863537788
0.549588859081
0.51323902607
0.503226220608
0.504087269306
0.519231379032
0.535418391228
0.520301282406
0.522675395012
0.517043054104
0.51843059063
0.513820290565
0.521423637867
0.502980649471
0.500335693359
0.510330855846
0.505324363708
0.507832050323
0.491188853979
0.492250353098
0.483745068312
0.491452693939
0.494266152382
0.509678721428
0.497144818306
0.512634158134
0.482444196939
0.487207949162
0.509836614132
0.505189299583
0.479531258345
0.480867475271
0.515397727489
0.474847793579
0.498137921095
0.496462255716
0.487572222948
0.46128475666
0.51085704565
0.497984826565
0.481091022491
0.484853744507
0.467996656895
0.490595757961
0.470802873373
0.47446590662
0.461513906717
0.475819349289
0.49673640728
0.508608162403
0.492473065853
0.475741535425
0.487369865179
0.477766096592
0.455602318048
0.496197134256
0.461331635714
0.470975726843
0.497230231762
0.448922276497
0.463068306446
0.470953434706
0.46825119853
0.477227121592
0.46508783102
0.486586660147
0.46735394001
0.472960412502
0.484368860722
0.473220765591
0.475729435682
0.448641747236
0.439551532269
0.464985609055
0.471647471189
0.482052087784
0.468419730663
0.468036472797
0.468043625355
0.478033959866
0.445558309555
0.437098503113
0.442680329084
0.448701649904
0.420374661684
0.444559395313
0.453419536352
0.451129645109
0.438451886177
0.454121053219
0.470608144999
0.453977286816
0.460379183292
0.419636458158
0.427881628275
0.467411607504
0.42515206337
0.438275665045
0.461281180382
0.441349893808
0.445487469435
0.435989677906
0.452857553959
0.441715419292
0.446005433798
0.443364948034
0.428233087063
0.452565342188
0.417484790087
0.46944347024
0.420576035976
0.425688654184
0.428641855717
0.451396107674
0.434059709311
0.482554882765
0.438255190849
0.437386959791
0.425171643496
0.456576824188
0.446652293205
0.449243545532
0.435942709446
0.414218515158
0.441069513559
0.408975452185
0.473724365234
0.40815243125
0.42183727026
0.439743489027
0.433887153864
0.420842468739
0.45116302371
0.453737199306
0.415393441916
0.430380523205
0.427389740944
0.427556991577
0.413598299026
0.447698742151
0.442764878273
0.405960053205
0.422257363796
0.455093324184
0.417079806328
0.411705315113
0.436801820993
0.413633406162
0.437165498734
0.402178198099
0.406340658665
0.43087425828
0.404646188021
0.427958577871
0.40561619401
0.424325585365
0.402080357075
0.424945890903
0.404337316751
0.439543902874
0.410813897848
0.431162834167
0.403998404741
0.431037634611
0.432087957859
0.420276463032
0.419220119715
0.410334289074
0.424397021532
0.423794060946
0.396902322769
0.433956027031
0.389084458351
0.425530940294
0.425070554018
0.416059464216
0.417308747768
0.387763798237
0.470242381096
0.427903711796
0.410179555416
0.394605606794
0.41771030426
0.384925365448
0.419879704714
0.409712135792
0.395770698786
0.428521960974
0.409805268049
0.424752295017
0.409904181957
0.3953320086
0.391280323267
0.394984036684
0.389761060476
0.400662243366
0.416595876217
0.407749146223
0.413165867329
0.428370773792
0.404443651438
0.384650707245
0.376105993986
0.414548933506
0.405533879995
0.401474297047
0.394241213799
0.397451609373
0.384662240744
0.417942732573
0.372268378735
0.413271635771
0.407798647881
0.377302765846
0.409306555986
0.404714733362
0.379404842854
0.391309857368
0.386730879545
0.397091001272
0.407108366489
0.389216810465
0.386619001627
0.3967679739
0.381472170353
0.398224323988
0.399595171213
0.411966115236
0.399041295052
0.398594617844
0.404962539673
0.427927076817
0.368456184864
0.376773148775
0.382790714502
0.433153927326
0.390770554543
0.396607667208
0.398495793343
0.4084379673
0.363106489182
0.370244532824
0.40669208765
0.406466960907
0.416166543961
0.371856629848
0.419769644737
0.412322878838
0.379826158285
0.378980875015
0.401736825705
0.445072829723
0.38431417942
0.399216145277
0.390864908695
0.402343928814
0.368585646152
0.404340863228
0.396018207073
0.375585377216
0.377645999193
0.40569216013
0.377899497747
0.364208638668
0.409689188004
0.368561297655
0.402877300978
0.386136323214
0.419256448746
0.379727244377
0.371291011572
0.365589410067
0.403156965971
0.393450707197
0.405644625425
0.360749542713
0.397159308195
0.355827361345
0.367836266756
0.4118013978
0.349794536829
0.390967100859
0.353704541922
0.382466673851
0.428393304348
0.384326994419
0.366464823484
0.386485785246
0.367834657431
0.387912869453
0.383289307356
0.406164228916
0.408141285181
0.387855708599
0.375994086266
0.40343695879
0.372823953629
0.383736073971
0.388838350773
0.383087605238
0.381198197603
0.360030204058
0.332936197519
0.36809065938
0.384005218744
0.358137965202
0.360259950161
0.381872862577
0.39980968833
0.388931870461
0.38029897213
0.418157368898
0.377812296152
0.441877484322
0.370689272881
0.382090091705
0.377532660961
0.380609959364
0.394927620888
0.39047691226
0.362596541643
0.378036171198
0.405666977167
0.394286334515
0.385362505913
0.380750566721
0.410373449326
0.387424141169
0.368701308966
0.391293942928
0.352898836136
0.400278627872
0.381174147129
0.377294242382
0.397805273533
0.418914675713
0.366572618484
0.391655534506
0.459665745497
0.364790171385
0.391168981791
0.4041480124
0.381228119135
0.36471119523
0.366380006075
0.398306488991
0.372369468212
0.447483122349
0.384320855141
0.393924325705
0.352966457605
0.423809885979
0.404015362263
0.365466594696
0.344083994627
0.389921009541
0.380962312222
0.401497751474
0.388629794121
0.357975542545
0.400461673737
0.409418791533
0.399463564157
0.390781879425
0.359524577856
0.36586818099
0.39838218689
0.368283599615
0.37229809165
0.37601685524
0.377454727888
0.373644113541
0.351658582687
0.378040730953
0.361583739519
0.384900510311
0.327211022377
0.38844075799
0.364740520716
0.379100888968
