0.695172786713
0.694725096226
0.69441640377
0.693915963173
0.692969739437
0.693470060825
0.692696750164
0.692686080933
0.692675352097
0.692499101162
0.691452622414
0.691272437572
0.691347122192
0.691658973694
0.69080221653
0.690804004669
0.690249562263
0.69135928154
0.689975321293
0.690951228142
0.68983912468
0.689621329308
0.690592765808
0.68990033865
0.689171791077
0.689305603504
0.688366234303
0.689737439156
0.689434945583
0.688414633274
0.689369976521
0.688666164875
0.68825507164
0.687453091145
0.688381910324
0.687813878059
0.687493383884
0.686744213104
0.686593711376
0.686395347118
0.684794068336
0.685364067554
0.683632016182
0.684812247753
0.685306727886
0.683733105659
0.683659493923
0.683187365532
0.682484090328
0.683018684387
0.683461427689
0.683886647224
0.681806325912
0.6815559268
0.681181073189
0.680148243904
0.681517601013
0.679464221001
0.679849624634
0.680399358273
0.680596828461
0.679480850697
0.678275048733
0.67746090889
0.676636636257
0.67654800415
0.673454403877
0.674685120583
0.674354672432
0.671460568905
0.671100318432
0.670448124409
0.672919869423
0.672300159931
0.672237932682
0.668754398823
0.664635956287
0.666094064713
0.668484330177
0.66648876667
0.662983953953
0.665887176991
0.661858618259
0.6615421772
0.661677837372
0.657504439354
0.659489572048
0.659619450569
0.653881490231
0.656636297703
0.652497947216
0.653273224831
0.650843083858
0.650962710381
0.650767982006
0.653861582279
0.648373365402
0.645794212818
0.642185389996
0.643070995808
0.638505756855
0.639958441257
0.638319075108
0.635679364204
0.639459252357
0.633201181889
0.631403267384
0.630351543427
0.637751281261
0.630235493183
0.63162791729
0.630776584148
0.622609019279
0.624231934547
0.616450667381
0.613161981106
0.615455508232
0.614675760269
0.610301673412
0.614623785019
0.608284950256
0.597482025623
0.606458485126
0.603830039501
0.592696011066
0.596771299839
0.598073005676
0.590771257877
0.594850540161
0.585482180119
0.581538796425
0.589668154716
0.577554941177
0.59321385622
0.581037998199
0.570118188858
0.578640758991
0.577798724174
0.5772382617
0.56411755085
0.574196696281
0.556048631668
0.563636898994
0.570602536201
0.556485414505
0.561109006405
0.562499940395
0.544561088085
0.549884557724
0.54968303442
0.545819818974
0.54065233469
0.551912009716
0.54281938076
0.549223482609
0.543469488621
0.538440346718
0.535317838192
0.536691904068
0.522048830986
0.528180420399
0.515915751457
0.522167503834
0.513677835464
0.520475566387
0.509795367718
0.525402247906
0.505885481834
0.507084012032
0.506614923477
0.499966472387
0.497917592525
0.502789318562
0.509004414082
0.491645544767
0.496146976948
0.49119001627
0.481623917818
0.489203393459
0.468599230051
0.483454048634
0.49152508378
0.479435324669
0.48981744051
0.465272367001
0.461044579744
0.484527379274
0.48410576582
0.471852898598
0.479242563248
0.476598143578
0.465734571218
0.464247554541
0.47339451313
0.460778832436
0.458568364382
0.450221002102
0.453471332788
0.439098417759
0.449517190456
0.441745519638
0.441179811954
0.460193246603
0.434019356966
0.425566226244
0.433479100466
0.438852012157
0.453128486872
0.433831781149
0.426252871752
0.423147588968
0.41945284605
0.43746471405
0.44049012661
0.429466038942
0.400145381689
0.437259435654
0.414106726646
0.405179142952
0.422696739435
0.393195092678
0.422120600939
0.436528712511
0.426428407431
0.390960395336
0.428065478802
0.374203801155
0.392831116915
0.394264549017
0.379109203815
0.38190305233
0.378091663122
0.37473538518
0.398826628923
0.407243013382
0.381495028734
0.388081997633
0.377275764942
0.384794890881
0.378566175699
0.391913324594
0.393837451935
0.399757951498
0.371586501598
0.412974148989
0.394562214613
0.387668043375
0.363126903772
0.366219639778
0.349872261286
0.36731299758
0.374099850655
0.39383366704
0.394040822983
0.361944288015
0.382856786251
0.368677765131
0.337647289038
0.338760316372
0.394146502018
0.361291199923
0.342236042023
0.378270596266
0.368717521429
0.325697898865
0.346140563488
0.355296134949
0.32950797677
0.333009809256
0.350716233253
0.345667272806
0.382574826479
0.313844591379
0.352445662022
0.353010118008
0.333314627409
0.33935636282
0.312368988991
0.333446234465
0.336819946766
0.314549863338
0.331644117832
0.323074758053
0.308370500803
0.345386564732
0.340257555246
0.336722165346
0.318490773439
0.308106780052
0.329174518585
0.329167544842
0.354053676128
0.337743014097
0.287156075239
0.326368182898
0.332122087479
0.292918354273
0.338185012341
0.322394758463
0.314279615879
0.342717498541
0.324275016785
0.315399348736
0.29827401042
0.325301766396
0.339471966028
0.310241550207
0.320749133825
0.291421681643
0.32423171401
0.292951345444
0.28982591629
0.286052465439
0.287589073181
0.280212253332
0.30953630805
0.292351484299
0.295370608568
0.308108210564
0.278013914824
0.312227904797
0.296490043402
0.331705570221
0.317104250193
0.296793162823
0.306186616421
0.306627511978
0.316906899214
0.34064629674
0.270075470209
0.320928663015
0.311997711658
0.309953451157
0.301920235157
0.279333621264
0.280802547932
0.298796653748
0.269720107317
0.314037561417
0.308767050505
0.260334968567
0.270366668701
0.297478199005
0.258838564157
0.296808898449
0.305321455002
0.300112962723
0.279962539673
0.286260247231
0.270290642977
0.309013038874
0.307535499334
0.271791696548
0.331920653582
0.276933521032
0.325198054314
0.257066071033
0.298698782921
0.309195101261
0.26972681284
0.273061275482
0.2733066082
0.225935921073
0.299464643002
0.3098936975
0.257474601269
0.27501860261
0.298372805119
0.252280473709
0.278293579817
0.246100530028
0.291637063026
0.288979768753
0.265720635653
0.242172569036
0.281512469053
0.288525462151
0.289915084839
0.289962261915
0.309260308743
0.265066504478
0.260665357113
0.252232849598
0.269499868155
0.264792323112
0.280331283808
0.269700050354
0.263053923845
0.25693166256
0.309940367937
0.298419386148
0.313958466053
0.310190141201
0.289606630802
0.276456385851
0.296212315559
0.26856392622
0.267984271049
0.296197801828
0.292162746191
0.249714136124
0.221094831824
0.307624638081
0.269754707813
0.231112837791
0.241611078382
0.294462502003
0.316738009453
0.302093327045
0.28931504488
0.282769203186
0.277122199535
0.294985800982
0.244748413563
0.265433847904
0.268459230661
0.289801537991
0.216251239181
0.30593931675
0.247239947319
0.255137175322
0.276904404163
0.242730081081
0.273593634367
0.266230672598
0.243107050657
0.260912567377
0.274329781532
0.247038751841
0.250570118427
0.266926527023
0.305481523275
0.226591527462
0.268095642328
0.276975274086
0.300003170967
0.279166460037
0.28496453166
0.25167158246
0.226985573769
0.300612449646
0.305955588818
0.237670123577
0.227755591273
0.274204939604
0.299983173609
0.306303620338
0.242894351482
0.288813382387
0.224990293384
0.306757599115
0.299505144358
0.265661656857
0.281008809805
0.258086711168
0.236028119922
0.306082993746
0.29181933403
0.259426087141
0.237756833434
0.257910966873
0.331030875444
0.239694312215
0.240425691009
0.24568849802
0.292222619057
0.268450111151
0.226468995214
0.344286650419
0.262098103762
0.270729392767
0.305771976709
0.319424957037
0.244378626347
0.315955072641
0.273143827915
0.292835742235
0.234590634704
0.22740881145
0.252561271191
0.312359839678
0.244491964579
0.212818801403
0.270990639925
0.25236093998
0.270004242659
0.223658517003
0.297009795904
0.315456420183
0.31129360199
0.226232558489
0.273940443993
0.273301184177
0.289832442999
0.29988527298
0.299386978149
0.269256770611
0.225233018398
0.266867280006
0.253029584885
0.288863867521
0.297519505024
0.280235141516
0.314593344927
0.267274051905
0.227683871984
0.249231383204
0.246628478169
0.264249950647
0.275955021381
0.254271775484
0.237442180514
0.247656807303
0.264075607061
0.262048691511
0.247187510133
0.235316619277
0.2258182019
0.291772395372
0.244358211756
0.298661679029
0.260510712862
0.280222505331
0.227705493569
0.280662119389
0.287786096334
0.294299274683
0.282157480717
0.315919518471
0.255249649286
0.225030064583
0.314974009991
0.304282486439
0.234764769673
0.288734644651
0.278524070978
0.240868508816
0.297076106071
0.239205986261
0.261654764414
0.344521135092
0.273960322142
0.277271538973
0.289539545774
0.22469419241
0.253394603729
0.288526564837
0.237872689962
0.220195904374
0.307763248682
0.241873845458
0.25503641367
0.228914991021
0.278416484594
0.266795605421
0.299422562122
0.243471577764
0.290449291468
0.267490893602
0.241979926825
0.252821356058
0.241737738252
0.250596642494
0.263467431068
0.24745196104
0.284367024899
0.264514893293
0.225899070501
0.232181370258
0.23164755106
0.268446475267
0.254037052393
0.264809310436
0.244985625148
0.295562028885
0.218455195427
0.277607738972
0.265182703733
0.288607627153
0.263934612274
0.252387672663
0.233541876078
0.213783934712
0.257965296507
0.270076751709
0.286184847355
0.271906733513
0.271963357925
0.281149566174
0.261900305748
0.262769937515
0.271839261055
0.23862336576
0.210704728961
0.257603883743
0.273728042841
0.227685883641
0.238826692104
0.239863082767
0.285815984011
0.241805061698
0.263255804777
0.246092781425
0.256421148777
0.287440627813
0.280357539654
0.256507873535
0.32378667593
0.277061462402
0.246158465743
0.304898917675
0.228401005268
0.216574117541
0.268098980188
0.239497184753
0.247593656182
0.243411779404
0.230100959539
0.245836824179
0.208923056722
0.220750272274
0.227817848325
0.212616562843
0.236719787121
0.247392013669
0.247158333659
0.286595314741
0.249466463923
0.253127574921
0.31551989913
0.294218152761
0.256980985403
0.233276441693
0.23946800828
0.291460067034
0.278885275126
0.27149194479
0.265620499849
0.282168120146
0.246931284666
0.266567319632
0.261954933405
0.264106094837
0.257097125053
0.293195724487
0.240940526128
0.232553094625
0.21894980967
0.247960805893
0.299872130156
0.22959651053
0.279329329729
0.242728307843
0.203874051571
0.298685193062
0.298944920301
0.249887645245
0.331368267536
0.256600081921
0.306979715824
0.230008140206
0.254260361195
0.215735927224
0.298185318708
0.259008556604
0.216920211911
0.226350918412
0.331895858049
0.239048212767
0.265019774437
0.246385142207
0.28035530448
0.242572888732
0.279810845852
0.280947268009
0.27105897665
0.221607133746
0.268572807312
0.250806421041
0.292134404182
0.259552925825
0.305671215057
0.253187298775
0.244512602687
0.224676385522
0.228279858828
0.235433533788
0.28824236989
0.22212074697
0.215083315969
0.315560996532
0.238563463092
0.297555029392
0.254311829805
0.263529568911
0.279918015003
0.222967907786
0.228897824883
0.310464113951
0.243486315012
0.231909185648
0.225765198469
0.251713275909
0.185213446617
0.253902882338
0.267065107822
0.242149427533
0.237929046154
0.248646512628
0.265587866306
0.227873936296
0.253076583147
0.242584779859
0.252500295639
0.23362468183
0.248195290565
0.230600982904
0.258724689484
0.253217846155
0.228706732392
0.258083343506
0.257837295532
0.221460223198
0.309110820293
0.205134660006
0.231198564172
0.20522646606
0.217164754868
0.192900687456
0.213296562433
0.263750225306
0.234453186393
0.309161156416
0.251881867647
0.261748343706
0.239278376102
0.242013722658
0.266452163458
0.266433209181
0.27340734005
0.257739186287
0.277055889368
0.259461224079
0.219173416495
0.262903690338
0.309005916119
0.278208225965
0.257650136948
0.264908909798
0.269596725702
0.206337034702
0.251407176256
0.240626558661
0.230150461197
0.259512335062
0.236326903105
0.267441570759
0.289202094078
0.246943175793
0.274387776852
0.32475912571
0.261548340321
0.25875428319
0.269710868597
0.297913074493
0.250666499138
0.238461941481
0.313485354185
0.218264684081
0.250409275293
0.246983706951
0.24611350894
0.292699873447
0.251676499844
0.240179404616
0.249730750918
0.31246727705
0.252309769392
0.230359181762
0.242126092315
0.246293529868
0.272990018129
0.244942858815
0.249404534698
0.25228703022
0.226862281561
0.248395517468
0.241611719131
0.297446906567
0.238027468324
0.227539211512
0.239821866155
0.334588885307
0.294250398874
0.261214256287
0.278692990541
0.272028326988
0.232732668519
0.260218650103
0.220269396901
0.296251773834
0.251399546862
0.267530739307
0.271038740873
0.31185144186
0.268681198359
0.269823312759
0.277295231819
0.271079003811
0.238396316767
0.218151554465
0.234436199069
0.230522081256
0.22630032897
0.22569565475
0.285204738379
0.260047852993
0.281529277563
0.164594143629
0.232575237751
0.258420288563
0.234815016389
0.265009522438
0.233857765794
0.272010028362
0.253801941872
0.254202574492
0.215120598674
0.302528351545
0.275296002626
0.255253911018
0.244340479374
0.272420436144
0.22887904942
0.215657636523
0.24784091115
0.265909433365
0.274209618568
0.26136302948
0.279260218143
0.197182521224
0.267918854952
0.235911548138
0.231665536761
0.206825554371
0.234812259674
0.249772146344
0.268393993378
0.215884014964
0.262817621231
0.277902841568
0.193166032434
0.246893793344
0.270824164152
0.247950032353
0.249799251556
0.244674906135
0.203715771437
0.247242152691
0.23736768961
0.225759014487
0.235175490379
0.206138208508
0.23656873405
0.329140275717
0.257328301668
0.305701196194
0.23895226419
0.201248466969
0.235068902373
0.260747075081
0.244134411216
0.239190727472
0.2974845469
0.31313970685
0.302622228861
0.218010917306
0.319823771715
0.23009558022
0.20303709805
0.280368864536
0.242914378643
0.240964800119
0.285006076097
0.216782748699
0.263206124306
0.262244939804
0.290941774845
0.284798175097
0.243676573038
0.220295548439
0.295750677586
0.249009102583
0.237848758698
0.241707846522
0.246341124177
0.243097066879
0.291242539883
0.309744477272
0.217035919428
0.270279914141
0.235592395067
0.270023465157
0.202186986804
0.210108086467
0.307182490826
0.261028021574
0.249434277415
0.221381694078
0.232500851154
0.274500846863
0.287825286388
0.253671199083
0.29422712326
0.250755935907
0.262993812561
0.26813569665
0.263091236353
0.238754808903
0.268432825804
0.290544867516
0.254913836718
0.254215210676
0.309503227472
0.252448111773
0.206676051021
0.255273401737
0.237092062831
0.249060600996
0.304622262716
0.28862965107
0.238712921739
0.2659932971
0.224407404661
0.251318156719
0.230910107493
0.270155638456
0.281973093748
0.256746947765
0.226196810603
0.302692353725
0.207971557975
0.264722079039
0.218536049128
0.244996413589
0.195067897439
0.259269624949
0.260934978724
0.255765378475
0.245339587331
0.268409579992
0.229471832514
0.245402157307
0.255685478449
0.241598471999
0.261775612831
0.261604905128
0.236898764968
0.253585875034
0.297131508589
0.288600355387
0.237664714456
0.277361035347
0.186679586768
0.25848826766
0.271077394485
0.233407482505
0.248292952776
0.2172588557
0.266930341721
0.21234883368
0.215195253491
0.205586835742
0.273716509342
0.249160289764
0.233354359865
0.244739890099
0.257626086473
0.253343045712
0.307252675295
0.254214972258
0.274565398693
0.253211200237
0.293169975281
0.222369089723
0.262360274792
0.205818653107
0.254245519638
0.270205825567
0.237072274089
0.231780305505
0.240986600518
0.209778562188
0.267295062542
0.254248440266
0.239536210895
0.214003711939
0.258565187454
0.258835762739
0.222007662058
0.277022570372
0.254318386316
0.275700747967
0.21797414124
0.25022560358
0.246462404728
0.233365222812
0.212441459298
0.280442506075
0.26769977808
0.278575479984
0.28704637289
0.189804673195
0.23662596941
0.249938875437
0.279353290796
0.269664138556
0.221900761127
0.25233194232
0.205310955644
0.253215163946
0.293953716755
0.249684110284
0.240259036422
0.260400116444
0.254218697548
0.234726935625
0.220904171467
0.27718514204
0.221018344164
0.195724159479
0.260519087315
0.207923904061
0.252737253904
0.21577475965
0.255305826664
0.217856138945
0.248685121536
0.276352465153
0.2821598351
0.219881162047
0.254507899284
0.275066882372
0.231255844235
0.267553180456
0.215580046177
0.211215659976
0.221879422665
0.208711951971
0.268661797047
0.296833693981
0.26307246089
0.272686570883
0.29705876112
0.275522321463
0.261962503195
0.270302027464
0.255072295666
0.287830471992
0.240423038602
0.256873756647
0.277496933937
0.245691999793
0.271136373281
0.235176533461
0.242852970958
0.193139448762
0.300666302443
0.199771776795
0.231906577945
0.209226205945
0.272440195084
0.275554329157
0.250931441784
0.259972840548
0.202394008636
0.280524790287
0.267714947462
0.209333226085
0.257465153933
0.251540482044
0.217081695795
0.236904516816
0.237639114261
0.217984244227
0.188044548035
0.286183536053
0.229377344251
0.237306162715
0.284472703934
0.232416585088
0.242139384151
0.264687985182
0.197354286909
0.264638006687
0.234784692526
0.28722089529
0.248656406999
0.246016040444
0.248795926571
0.276614814997
0.27000567317
0.284376740456
0.275306075811
0.275032669306
0.256062507629
0.215168386698
0.301934540272
0.266606032848
0.282270044088
0.207552596927
0.203473195434
0.213818997145
0.252943456173
0.210931897163
0.254736453295
0.238923192024
0.180900037289
0.243521273136
0.247186720371
0.291313946247
0.242660969496
0.293996423483
0.238716378808
0.236741006374
0.228488251567
0.285100281239
0.218014121056
0.271580994129
0.256178110838
0.309569686651
0.276800453663
0.269813358784
0.219534859061
0.220739156008
0.281643271446
0.287192434072
0.231123611331
0.248433589935
0.236021995544
0.257999688387
0.21720699966
0.251153975725
0.173766091466
0.214996263385
0.241584911942
0.218537926674
0.243158996105
0.243071690202
0.238675564528
0.235714688897
0.263466089964
0.332466930151
0.249028772116
0.223484933376
0.244002997875
0.283841609955
0.22856092453
0.265825182199
0.22993901372
0.263583242893
0.25402995944
0.184908315539
0.23334607482
0.245834127069
0.27791428566
0.303837001324
0.260856389999
0.213551715016
0.269619494677
0.25987675786
0.256486296654
0.236565157771
0.237659215927
0.254371255636
0.273102968931
0.199372321367
0.244451805949
0.254981189966
0.219224989414
0.290584236383
0.195849314332
0.263260900974
0.247750610113
0.255984157324
0.261302947998
0.238902077079
0.23619286716
0.274400323629
0.262910634279
0.259805858135
0.251510888338
0.252487510443
0.222458988428
0.273387044668
0.213773816824
0.188019424677
0.198818817735
0.318555980921
0.240819975734
