0.693139433861
0.692963957787
0.692785859108
0.692608714104
0.69243401289
0.692261695862
0.692091882229
0.691924452782
0.691759586334
0.691597223282
0.691437482834
0.69128036499
0.691125869751
0.690973937511
0.690824627876
0.690678060055
0.690534174442
0.690392971039
0.69025439024
0.690118551254
0.689985394478
0.68985491991
0.689727187157
0.689602077007
0.689479708672
0.68935996294
0.689242899418
0.6891284585
0.689016699791
0.688907504082
0.688800871372
0.688696801662
0.688595354557
0.688496410847
0.688399970531
0.688305974007
0.688214480877
0.688125312328
0.688038647175
0.687954187393
0.687872171402
0.687792360783
0.687714874744
0.687639534473
0.687566399574
0.687495410442
0.687426507473
0.687359750271
0.687294960022
0.687232136726
0.687171280384
0.68711233139
0.68705534935
0.687000155449
0.686946749687
0.68689507246
0.686845123768
0.68679690361
0.686750411987
0.686705350876
0.68666189909
0.686619997025
0.686579585075
0.686540603638
0.686503112316
0.686466932297
0.686432003975
0.686398565769
0.686366260052
0.686335265636
0.686305403709
0.68627679348
0.686249196529
0.686222791672
0.686197340488
0.686173021793
0.686149716377
0.686127305031
0.686105787754
0.686085343361
0.686065614223
0.686046779156
0.686028778553
0.686011433601
0.685994982719
0.685979247093
0.685964226723
0.685949862003
0.685936152935
0.685923039913
0.685910582542
0.685898780823
0.68588745594
0.6858766675
0.685866415501
0.685856640339
0.685847461224
0.685838580132
0.685830175877
0.685822248459
0.685814678669
0.685807585716
0.685800850391
0.685794353485
0.685788273811
0.685782432556
0.685777008533
0.685771882534
0.685766875744
0.685762345791
0.685757994652
0.685753822327
0.685750007629
0.685746252537
0.685742795467
0.685739576817
0.68573653698
0.685733616352
0.685730874538
0.685728430748
0.685726046562
0.685723662376
0.685721516609
0.685719609261
0.685717761517
0.685715973377
0.685714304447
0.685712814331
0.685711324215
0.685710012913
0.685708761215
0.685707569122
0.685706436634
0.68570548296
0.685704529285
0.685703635216
0.685702800751
0.685701966286
0.68570125103
0.685700654984
0.685699999332
0.685699403286
0.685698866844
0.685698330402
0.68569791317
0.685697555542
0.685697078705
0.685696721077
0.685696423054
0.685696065426
0.685695767403
0.685695528984
0.685695290565
0.685695052147
0.685694873333
0.685694634914
0.6856944561
0.685694277287
0.685694158077
0.685693979263
0.685693860054
0.685693740845
0.68569368124
0.685693562031
0.685693442822
0.685693442822
0.685693383217
0.685693204403
0.685693144798
0.685693144798
0.685693085194
0.685692965984
0.685692965984
0.685692965984
0.68569290638
0.685692846775
0.685692846775
0.685692846775
0.68569278717
0.68569278717
0.685692667961
0.68569278717
0.68569278717
0.685692667961
0.685692667961
0.685692667961
0.685692608356
0.685692667961
0.685692608356
0.685692667961
0.685692608356
0.685692667961
0.685692608356
0.685692608356
0.685692608356
0.685692608356
0.685692608356
0.685692608356
0.685692608356
0.685692548752
0.685692608356
0.685692548752
0.685692548752
0.685692608356
0.685692608356
0.685692608356
0.685692608356
0.685692608356
0.685692608356
0.685692548752
0.685692548752
0.685692548752
0.685692548752
0.685692548752
0.685692608356
0.685692548752
0.685692548752
0.685692608356
0.685692608356
0.685692608356
0.685692548752
0.685692608356
0.685692548752
0.685692608356
0.685692608356
0.685692608356
0.685692608356
0.685692608356
0.685692548752
0.685692608356
0.685692548752
0.685692548752
0.685692548752
0.685692548752
0.685692548752
0.685692608356
0.685692548752
0.685692548752
0.685692608356
0.685692608356
0.685692548752
0.685692608356
0.685692608356
0.685692608356
0.685692548752
0.685692548752
0.685692608356
0.685692608356
0.685692608356
0.685692608356
0.685692608356
0.685692608356
0.685692608356
0.685692608356
0.685692548752
0.685692608356
0.685692608356
0.685692608356
0.685692608356
0.685692608356
0.685692608356
0.685692608356
0.685692608356
0.685692548752
0.685692548752
0.685692608356
0.685692608356
0.685692608356
0.685692548752
0.685692548752
0.685692608356
0.685692608356
0.685692608356
0.685692608356
0.685692548752
0.685692608356
0.685692608356
0.685692548752
0.685692548752
0.685692608356
0.685692548752
0.685692608356
0.685692608356
0.685692548752
0.685692608356
0.685692548752
0.685692608356
0.685692548752
0.685692608356
0.685692548752
0.685692608356
0.685692548752
0.685692608356
0.685692608356
0.685692548752
0.685692608356
0.685692608356
0.685692548752
0.685692608356
0.685692608356
0.685692608356
0.685692548752
0.685692608356
0.685692608356
0.685692608356
0.685692608356
0.685692548752
0.685692548752
0.685692548752
0.685692608356
0.685692608356
0.685692608356
0.685692548752
0.685692548752
0.685692548752
0.685692608356
0.685692608356
0.685692608356
0.685692608356
0.685692608356
0.685692608356
0.685692608356
0.685692608356
0.685692608356
0.685692608356
0.685692608356
0.685692608356
0.685692608356
0.685692608356
0.685692608356
0.685692608356
0.685692608356
0.685692608356
0.685692608356
0.685692608356
0.685692608356
0.685692608356
0.685692608356
0.685692608356
0.685692608356
0.685692608356
0.685692608356
0.685692608356
0.685692608356
0.685692608356
0.685692608356
0.685692608356
0.685692608356
0.685692608356
0.685692608356
0.685692608356
0.685692608356
0.685692608356
0.685692608356
0.685692608356
0.685692608356
0.685692608356
0.685692608356
0.685692608356
0.685692608356
0.685692608356
0.685692608356
0.685692608356
0.685692608356
0.685692608356
0.685692608356
0.685692608356
0.685692608356
0.685692608356
0.685692608356
0.685692608356
0.685692608356
0.685692608356
0.685692608356
0.685692608356
0.685692608356
0.685692608356
0.685692608356
0.685692608356
0.685692608356
0.685692608356
0.685692608356
0.685692608356
0.685692608356
0.685692608356
0.685692608356
0.685692608356
0.685692608356
0.685692608356
0.685692608356
0.685692608356
0.685692608356
0.685692608356
0.685692608356
0.685692608356
0.685692608356
0.685692608356
0.685692608356
0.685692608356
0.685692608356
0.685692608356
0.685692608356
0.685692608356
0.685692608356
0.685692608356
0.685692608356
0.685692608356
0.685692608356
0.685692608356
0.685692608356
0.685692608356
0.685692608356
0.685692608356
0.685692608356
0.685692608356
0.685692608356
0.685692608356
0.685692608356
0.685692608356
0.685692608356
0.685692608356
0.685692608356
0.685692608356
0.685692608356
0.685692608356
0.685692608356
0.685692608356
0.685692608356
0.685692608356
0.685692608356
0.685692608356
0.685692608356
0.685692608356
0.685692608356
0.685692608356
0.685692608356
0.685692608356
0.685692608356
0.685692608356
0.685692608356
0.685692608356
0.685692608356
0.685692608356
0.685692608356
0.685692608356
0.685692608356
0.685692608356
0.685692608356
0.685692608356
0.685692608356
0.685692608356
0.685692608356
0.685692608356
0.685692608356
0.685692608356
0.685692608356
0.685692608356
0.685692608356
0.685692608356
0.685692608356
0.685692608356
0.685692608356
0.685692608356
0.685692608356
0.685692608356
0.685692608356
0.685692608356
0.685692608356
0.685692608356
0.685692608356
0.685692608356
0.685692608356
0.685692608356
0.685692608356
0.685692608356
0.685692608356
0.685692608356
0.685692608356
0.685692608356
0.685692608356
0.685692608356
0.685692608356
0.685692608356
0.685692608356
0.685692608356
0.685692608356
0.685692608356
0.685692608356
0.685692608356
0.685692608356
0.685692608356
0.685692608356
0.685692608356
0.685692608356
0.685692608356
0.685692608356
0.685692608356
0.685692608356
0.685692608356
0.685692608356
0.685692608356
0.685692608356
0.685692608356
0.685692608356
0.685692608356
0.685692608356
0.685692608356
0.685692608356
0.685692608356
0.685692608356
0.685692608356
0.685692608356
0.685692608356
0.685692608356
0.685692608356
0.685692608356
0.685692608356
0.685692608356
0.685692608356
0.685692608356
0.685692608356
0.685692608356
0.685692608356
0.685692608356
0.685692608356
0.685692608356
0.685692608356
0.685692608356
0.685692608356
0.685692608356
0.685692608356
0.685692608356
0.685692608356
0.685692608356
0.685692608356
0.685692608356
0.685692608356
0.685692608356
0.685692608356
0.685692608356
0.685692608356
0.685692608356
0.685692608356
0.685692608356
0.685692608356
0.685692608356
0.685692608356
0.685692608356
0.685692608356
0.685692608356
0.685692608356
0.685692608356
0.685692608356
0.685692608356
0.685692608356
0.685692608356
0.685692608356
0.685692608356
0.685692608356
0.685692608356
0.685692608356
0.685692608356
0.685692608356
0.685692608356
0.685692608356
0.685692608356
0.685692608356
0.685692608356
0.685692608356
0.685692608356
0.685692608356
0.685692608356
0.685692608356
0.685692608356
0.685692608356
0.685692608356
0.685692608356
0.685692608356
0.685692608356
0.685692608356
0.685692608356
0.685692608356
0.685692608356
0.685692608356
0.685692608356
0.685692608356
0.685692608356
0.685692608356
0.685692608356
0.685692608356
0.685692608356
0.685692608356
0.685692608356
0.685692608356
0.685692608356
0.685692608356
0.685692608356
0.685692608356
0.685692608356
0.685692608356
0.685692608356
0.685692608356
0.685692608356
0.685692608356
0.685692608356
0.685692608356
0.685692608356
0.685692608356
0.685692608356
0.685692608356
0.685692608356
0.685692608356
0.685692608356
0.685692608356
0.685692608356
0.685692608356
0.685692608356
0.685692608356
0.685692608356
0.685692608356
0.685692608356
0.685692608356
0.685692608356
0.685692608356
0.685692608356
0.685692608356
0.685692608356
0.685692608356
0.685692608356
0.685692608356
0.685692608356
0.685692608356
0.685692608356
0.685692608356
0.685692608356
0.685692608356
0.685692608356
0.685692608356
0.685692608356
0.685692608356
0.685692608356
0.685692608356
0.685692608356
0.685692608356
0.685692608356
0.685692608356
0.685692608356
0.685692608356
0.685692608356
0.685692608356
0.685692608356
0.685692608356
0.685692608356
0.685692608356
0.685692608356
0.685692608356
0.685692608356
0.685692608356
0.685692608356
0.685692608356
0.685692608356
0.685692608356
0.685692608356
0.685692608356
0.685692608356
0.685692608356
0.685692608356
0.685692608356
0.685692608356
0.685692608356
0.685692608356
0.685692608356
0.685692608356
0.685692608356
0.685692608356
0.685692608356
0.685692608356
0.685692608356
0.685692608356
0.685692608356
0.685692608356
0.685692608356
0.685692608356
0.685692608356
0.685692608356
0.685692608356
0.685692608356
0.685692608356
0.685692608356
0.685692608356
0.685692608356
0.685692608356
0.685692608356
0.685692608356
0.685692608356
0.685692608356
0.685692608356
0.685692608356
0.685692608356
0.685692608356
0.685692608356
0.685692608356
0.685692608356
0.685692608356
0.685692608356
0.685692608356
0.685692608356
0.685692608356
0.685692608356
0.685692608356
0.685692608356
0.685692608356
0.685692608356
0.685692608356
0.685692608356
0.685692608356
0.685692608356
0.685692608356
0.685692608356
0.685692608356
0.685692608356
0.685692608356
0.685692608356
0.685692608356
0.685692608356
0.685692608356
0.685692608356
0.685692608356
0.685692608356
0.685692608356
0.685692608356
0.685692608356
0.685692608356
0.685692608356
0.685692608356
0.685692608356
0.685692608356
0.685692608356
0.685692608356
0.685692608356
0.685692608356
0.685692608356
0.685692608356
0.685692608356
0.685692608356
0.685692608356
0.685692608356
0.685692608356
0.685692608356
0.685692608356
0.685692608356
0.685692608356
0.685692608356
0.685692608356
0.685692608356
0.685692608356
0.685692608356
0.685692608356
0.685692608356
0.685692608356
0.685692608356
0.685692608356
0.685692608356
0.685692608356
0.685692608356
0.685692608356
0.685692608356
0.685692608356
0.685692608356
0.685692608356
0.685692608356
0.685692608356
0.685692608356
0.685692608356
0.685692608356
0.685692608356
0.685692608356
0.685692608356
0.685692608356
0.685692608356
0.685692608356
0.685692608356
0.685692608356
0.685692608356
0.685692608356
0.685692608356
0.685692608356
0.685692608356
0.685692608356
0.685692608356
0.685692608356
0.685692608356
0.685692608356
0.685692608356
0.685692608356
0.685692608356
0.685692608356
0.685692608356
0.685692608356
0.685692608356
0.685692608356
0.685692608356
0.685692608356
0.685692608356
0.685692608356
0.685692608356
0.685692608356
0.685692608356
0.685692608356
0.685692608356
0.685692608356
0.685692608356
0.685692608356
0.685692608356
0.685692608356
0.685692608356
0.685692608356
0.685692608356
0.685692608356
0.685692608356
0.685692608356
0.685692608356
0.685692608356
0.685692608356
0.685692608356
0.685692608356
0.685692608356
0.685692608356
0.685692608356
0.685692608356
0.685692608356
0.685692608356
0.685692608356
0.685692608356
0.685692608356
0.685692608356
0.685692608356
0.685692608356
0.685692608356
0.685692608356
0.685692608356
0.685692608356
0.685692608356
0.685692608356
0.685692608356
0.685692608356
0.685692608356
0.685692608356
0.685692608356
0.685692608356
0.685692608356
0.685692608356
0.685692608356
0.685692608356
0.685692608356
0.685692608356
0.685692608356
0.685692608356
0.685692608356
0.685692608356
0.685692608356
0.685692608356
0.685692608356
0.685692608356
0.685692608356
0.685692608356
0.685692608356
0.685692608356
0.685692608356
0.685692608356
0.685692608356
0.685692608356
0.685692608356
0.685692608356
0.685692608356
0.685692608356
0.685692608356
0.685692608356
0.685692608356
0.685692608356
0.685692608356
0.685692608356
0.685692608356
0.685692608356
0.685692608356
0.685692608356
0.685692608356
0.685692608356
0.685692608356
0.685692608356
0.685692608356
0.685692608356
0.685692608356
0.685692608356
0.685692608356
0.685692608356
0.685692608356
0.685692608356
0.685692608356
0.685692608356
0.685692608356
0.685692608356
0.685692608356
0.685692608356
0.685692608356
0.685692608356
0.685692608356
0.685692608356
0.685692608356
0.685692608356
0.685692608356
0.685692608356
0.685692608356
0.685692608356
0.685692608356
0.685692608356
0.685692608356
0.685692608356
0.685692608356
0.685692608356
0.685692608356
0.685692608356
0.685692608356
0.685692608356
0.685692608356
0.685692608356
0.685692608356
0.685692608356
0.685692608356
0.685692608356
0.685692608356
0.685692608356
0.685692608356
0.685692608356
0.685692608356
0.685692608356
0.685692608356
0.685692608356
0.685692608356
0.685692608356
0.685692608356
0.685692608356
0.685692608356
0.685692608356
0.685692608356
0.685692608356
0.685692608356
0.685692608356
0.685692608356
0.685692608356
0.685692608356
0.685692608356
0.685692608356
0.685692608356
0.685692608356
0.685692608356
0.685692608356
0.685692608356
0.685692608356
0.685692608356
0.685692608356
0.685692608356
0.685692608356
0.685692608356
0.685692608356
0.685692608356
0.685692608356
0.685692608356
0.685692608356
0.685692608356
0.685692608356
0.685692608356
0.685692608356
0.685692608356
0.685692608356
0.685692608356
0.685692608356
0.685692608356
0.685692608356
0.685692608356
0.685692608356
0.685692608356
0.685692608356
0.685692608356
0.685692608356
0.685692608356
0.685692608356
0.685692608356
0.685692608356
0.685692608356
0.685692608356
0.685692608356
0.685692608356
0.685692608356
0.685692608356
0.685692608356
0.685692608356
0.685692608356
0.685692608356
0.685692608356
