0.703019142151
0.704754650593
0.70815384388
0.700675725937
0.700954556465
0.703615963459
0.700648009777
0.697709858418
0.700684130192
0.699222028255
0.699583768845
0.700247585773
0.698288977146
0.701801896095
0.698528170586
0.698252141476
0.701869308949
0.702117919922
0.698493480682
0.69956189394
0.70150744915
0.699285745621
0.699011743069
0.697167694569
0.700748920441
0.69695264101
0.699386358261
0.69829583168
0.697651922703
0.697450041771
0.697569012642
0.700191915035
0.696281313896
0.695671141148
0.70041424036
0.695960640907
0.698101818562
0.693925201893
0.698638021946
0.69641917944
0.695633292198
0.698327481747
0.695481359959
0.697688698769
0.696413934231
0.695670247078
0.695812761784
0.693879723549
0.698041915894
0.698573052883
0.694526910782
0.69582170248
0.694054067135
0.694125890732
0.696753680706
0.694709420204
0.694921672344
0.696239292622
0.697041749954
0.695900380611
0.692981719971
0.695816278458
0.695049524307
0.693139374256
0.693595170975
0.692851603031
0.694529771805
0.693841576576
0.693915367126
0.695281922817
0.697878777981
0.694964587688
0.694308400154
0.694474577904
0.69203966856
0.694687724113
0.693514466286
0.693204939365
0.693188548088
0.693095207214
0.692424952984
0.693558871746
0.692853152752
0.694817125797
0.693334341049
0.694682776928
0.693683326244
0.694427192211
0.694399356842
0.693058371544
0.694869458675
0.694830775261
0.694093704224
0.695011854172
0.693840801716
0.69417142868
0.692875266075
0.693713366985
0.693716526031
0.692788541317
0.694116055965
0.691528439522
0.691345512867
0.695123910904
0.692784011364
0.69281733036
0.693139255047
0.692895054817
0.690702736378
0.693278968334
0.691357076168
0.693075180054
0.693071186543
0.693173289299
0.692710757256
0.692319273949
0.691466867924
0.693410158157
0.69184243679
0.691229403019
0.691761672497
0.692587792873
0.691085159779
0.691477358341
0.691479921341
0.693517148495
0.69267642498
0.693568766117
0.692219078541
0.693631231785
0.690993010998
0.691261410713
0.691655218601
0.692215561867
0.691957175732
0.691417694092
0.689928650856
0.691673159599
0.690791726112
0.692498803139
0.693302929401
0.692698836327
0.692774772644
0.693130195141
0.690856635571
0.692354142666
0.692708730698
0.690789401531
0.691479921341
0.691425442696
0.690274894238
0.692090749741
0.691796302795
0.691320955753
0.691060125828
0.692856371403
0.68874424696
0.691273450851
0.690888345242
0.68822902441
0.69102782011
0.691780626774
0.691868543625
0.690317451954
0.689903438091
0.690539836884
0.690196692944
0.692634522915
0.692572116852
0.69141304493
0.690586090088
0.692664086819
0.692522227764
0.693443536758
0.68906712532
0.690480589867
0.689826905727
0.690132379532
0.68883562088
0.691721379757
0.693767428398
0.689482152462
0.69087344408
0.690438449383
0.690031349659
0.690722227097
0.691693127155
0.689148545265
0.689389288425
0.691090524197
0.689665436745
0.691769421101
0.690847575665
0.691812217236
0.691645622253
0.691103160381
0.690701365471
0.690329670906
0.688544869423
0.691217064857
0.690867424011
0.691103279591
0.688094556332
0.690442860126
0.687922358513
0.691655516624
0.689199149609
0.687465786934
0.690744459629
0.689276397228
0.69080388546
0.691119372845
0.689117193222
0.689153075218
0.689765751362
0.690697491169
0.689077556133
0.689200282097
0.68970143795
0.690288245678
0.688785851002
0.691441178322
0.685608506203
0.688749611378
0.688820004463
0.691294312477
0.688466131687
0.688678443432
0.689803719521
0.689258396626
0.687331795692
0.68732970953
0.689229667187
0.688171505928
0.689638257027
0.69036090374
0.689655482769
0.6893273592
0.687790751457
0.689370512962
0.689106106758
0.689661562443
0.687567234039
0.688394665718
0.686871170998
0.687604904175
0.689139068127
0.68844884634
0.687845528126
0.687731027603
0.68767285347
0.686304211617
0.690292358398
0.68602591753
0.689293384552
0.68813508749
0.688344717026
0.687973082066
0.688705205917
0.68811237812
0.687753677368
0.687402844429
0.686735749245
0.68736153841
0.684615671635
0.689538419247
0.684223771095
0.687069058418
0.687719345093
0.687929332256
0.687466204166
0.684681653976
0.686317682266
0.686542093754
0.68842625618
0.686030268669
0.687892258167
0.687408030033
0.684486329556
0.685912549496
0.686934173107
0.685000836849
0.688779234886
0.68640935421
0.686623454094
0.686986267567
0.687423706055
0.684212744236
0.68660992384
0.685417830944
0.685025572777
0.686782002449
0.685238063335
0.684518575668
0.684708654881
0.682708799839
0.68714004755
0.684269309044
0.684384524822
0.683831632137
0.685098946095
0.68508541584
0.687609732151
0.688482642174
0.684104084969
0.684510469437
0.686816394329
0.683966636658
0.687586545944
0.687384486198
0.685013651848
0.684181690216
0.686772465706
0.681929111481
0.682490050793
0.684451937675
0.681326985359
0.685497164726
0.685639321804
0.686181664467
0.684229433537
0.687984883785
0.681458115578
0.682534992695
0.680689156055
0.683811783791
0.685310781002
0.683162271976
0.680896937847
0.681128144264
0.683487296104
0.686619460583
0.683182001114
0.685220837593
0.67980068922
0.683522760868
0.68409049511
0.685145378113
0.682892858982
0.678523302078
0.684722542763
0.68122112751
0.685765087605
0.690871477127
0.687170863152
0.679229974747
0.681912302971
0.683794856071
0.681958138943
0.679896652699
0.683595895767
0.67957341671
0.679358780384
0.679000616074
0.680465340614
0.681129395962
0.684158086777
0.679026663303
0.683836042881
0.68076223135
0.679897904396
0.68477410078
0.684392094612
0.679081439972
0.683941185474
0.678030908108
0.674449026585
0.682828903198
0.679488301277
0.679104983807
0.678627669811
0.681465268135
0.678356468678
0.67934769392
0.674886763096
0.679235696793
0.678231716156
0.673849761486
0.676626741886
0.684694766998
0.676922559738
0.683608651161
0.683159947395
0.680741906166
0.669083893299
0.676483094692
0.683199524879
0.685389995575
0.677761971951
0.680777788162
0.684078156948
0.684113264084
0.678028702736
0.678575754166
0.680285036564
0.674532353878
0.678063988686
0.685198605061
0.675613641739
0.683130323887
0.671748399734
0.671715855598
0.677913486958
0.677989661694
0.67852383852
0.675446093082
0.675328910351
0.678537964821
0.666874289513
0.678720474243
0.676787734032
0.676796793938
0.673828840256
0.682348132133
0.679319858551
0.674903690815
0.676965653896
0.679905056953
0.674711048603
0.677459955215
0.676716148853
0.672771573067
0.67514193058
0.673153340816
0.674510955811
0.673602581024
0.676574409008
0.681139230728
0.667598664761
0.672578215599
0.673851490021
0.677424132824
0.675083339214
0.673455655575
0.671102583408
0.681151926517
0.674661755562
0.669272661209
0.673578500748
0.67380386591
0.672315478325
0.670805990696
0.676023185253
0.669804334641
0.667598545551
0.66617411375
0.67250841856
0.673982441425
0.67372405529
0.669372439384
0.672902405262
0.671626567841
0.674456715584
0.669717788696
0.670793950558
0.664031863213
0.66957783699
0.679207086563
0.669605076313
0.672170102596
0.680849611759
0.673615455627
0.668513596058
0.671433031559
0.670317292213
0.67797845602
0.672489345074
0.668665230274
0.665290176868
0.678017675877
0.67028182745
0.667762577534
0.665886580944
0.663237810135
0.667677104473
0.665073096752
0.670224368572
0.662589848042
0.66135185957
0.670846760273
0.66235768795
0.658124089241
0.671887516975
0.667191565037
0.671342492104
0.669738829136
0.663615763187
0.666638195515
0.658455967903
0.664297640324
0.664557039738
0.672007024288
0.675338447094
0.656505703926
0.670371592045
0.662533044815
0.660567998886
0.660872399807
0.666474878788
0.669197022915
0.66348195076
0.673522889614
0.660280406475
0.667225301266
0.656250119209
0.664827823639
0.660399138927
0.666907608509
0.663102149963
0.672441065311
0.65997594595
0.655825257301
0.667044341564
0.664258420467
0.665597081184
0.663190305233
0.663514971733
0.661987602711
0.663221180439
0.655830204487
0.665046334267
0.660395383835
0.654599249363
0.661621689796
0.662717044353
0.661777377129
0.654491424561
0.669588327408
0.653922557831
0.661472439766
0.667156100273
0.659768760204
0.656585097313
0.655354440212
0.668924331665
0.652876079082
0.651553213596
0.65567111969
0.664097905159
0.658792316914
0.662933349609
0.661678731441
0.653666734695
0.666045427322
0.665296733379
0.657032310963
0.664448261261
0.655919730663
0.65330862999
0.650787591934
0.658173561096
0.652583420277
0.656564235687
0.657266318798
0.669676423073
0.647489070892
0.65501844883
0.664653658867
0.665769159794
0.65129250288
0.651322245598
0.662928283215
0.657448351383
0.660128831863
0.649922430515
0.652271449566
0.651465296745
0.648356795311
0.654925704002
0.657056868076
0.641481995583
0.66175788641
0.6561819911
0.644411683083
0.6537348032
0.651351094246
0.640116453171
0.650004684925
0.650309741497
0.654767274857
0.651079595089
0.673227131367
0.654078781605
0.647610723972
0.664418160915
0.657417714596
0.643856883049
0.655247986317
0.648065209389
0.663146257401
0.646942436695
0.643517792225
0.658007860184
0.651299059391
0.652727305889
0.652774989605
0.662033975124
0.647867262363
0.646515130997
0.644357383251
0.665509283543
0.657781541348
0.654190599918
0.654592812061
0.642611920834
0.656709611416
0.640532255173
0.654339253902
0.659451305866
0.65157777071
0.642331063747
0.650998532772
0.652679800987
0.653260290623
0.649932980537
0.647424519062
0.662152528763
0.637161195278
0.647146105766
0.643168151379
0.646525144577
0.647318899632
0.665873885155
0.637835383415
0.645752072334
0.645812928677
0.638326644897
0.650940835476
0.642364263535
0.648880839348
0.651274383068
0.655700385571
0.644342839718
0.650290071964
0.633690536022
0.645861148834
0.64051759243
0.651399195194
0.647750914097
0.649599552155
0.650599777699
0.64252781868
0.635591685772
0.642437756062
0.645024359226
0.648198485374
0.636938869953
0.635015726089
0.633410513401
0.653230965137
0.643100619316
0.639713048935
0.646202504635
0.637395322323
0.655219376087
0.634959876537
0.634693562984
0.63425976038
0.637807905674
0.635206401348
0.646068572998
0.657922267914
0.650587439537
0.64125007391
0.648227274418
0.64491713047
0.647306740284
0.65094769001
0.629968881607
0.629400789738
0.629643559456
0.647488176823
0.636772692204
0.640872657299
0.642443716526
0.628886580467
0.632832944393
0.645217657089
0.641316831112
0.62319368124
0.644291400909
0.64648193121
0.625194072723
0.655729591846
0.648690104485
0.638922274113
0.636657953262
0.646592319012
0.625960409641
0.645735263824
0.640841424465
0.62805056572
0.634638845921
0.635720729828
0.637032389641
0.641069889069
0.655887663364
0.648543894291
0.639404296875
0.644647538662
0.631473004818
0.640101790428
0.635343253613
0.638001382351
0.637996613979
0.638179600239
0.637421071529
0.629586935043
0.651280164719
0.631283521652
0.63855689764
0.628657102585
0.624041736126
0.633126318455
0.63645195961
0.632623076439
0.652423620224
0.628812968731
0.624372839928
0.632916390896
0.632317960262
0.635579049587
0.634610593319
0.627918064594
0.640385091305
0.624531507492
0.625751316547
0.630789279938
0.627367854118
0.620590746403
0.625610768795
0.639694273472
0.630848646164
0.626982927322
0.626821219921
0.62797421217
0.624352037907
0.643399775028
0.635979175568
0.632342875004
0.62102329731
0.636886239052
0.623304307461
0.632098078728
0.631211161613
0.621142208576
0.638203382492
0.611098527908
0.635933101177
0.621945142746
0.636628806591
0.640410959721
0.623822331429
0.627907037735
0.633991062641
0.627773702145
0.635973513126
0.618987381458
0.637277007103
0.614490628242
0.629606544971
0.624945044518
0.624967098236
0.631779313087
0.624499976635
0.635739862919
0.629799962044
0.634471178055
0.61911213398
0.631740689278
0.627062082291
0.618850946426
0.625850558281
0.648140788078
0.618763923645
0.639989554882
0.625185906887
0.627962350845
0.614357233047
0.603764355183
0.626582145691
0.625670075417
0.612893640995
0.622366786003
0.630026459694
0.639756143093
0.614499866962
0.62900197506
0.61695599556
0.632322788239
0.629192650318
0.634321272373
0.621347546577
0.615020215511
0.602604389191
0.629806816578
0.613108575344
0.626432418823
0.628057360649
0.634548962116
0.624572515488
0.603817760944
0.618200480938
0.63990008831
0.625192284584
0.62768548727
0.633617401123
0.613574385643
0.620740652084
0.608019113541
0.63947558403
0.630454003811
0.622098505497
0.635632455349
0.614130020142
0.623984575272
0.625704884529
0.619439184666
0.629511237144
0.623153150082
0.63682860136
0.618820428848
0.616381466389
0.619156241417
0.6287779212
0.6385602355
0.617943704128
0.635223090649
0.620976388454
0.608140051365
0.610911905766
0.619225025177
0.61086922884
0.624340295792
0.631000101566
0.636394917965
0.611806571484
0.629709661007
0.608688414097
0.623574852943
0.629333615303
0.637136340141
0.620652973652
0.620089888573
0.637629151344
0.620410442352
0.629132926464
0.615757226944
0.620814085007
0.631599962711
0.624144911766
0.619713962078
0.629402637482
0.625649213791
0.62300401926
0.628870368004
0.617700874805
0.605744838715
0.628693521023
0.636576235294
0.61004704237
0.628887295723
0.623663723469
0.617797672749
0.614272534847
0.638042151928
0.62627106905
0.613136827946
0.633450269699
0.635965764523
0.634575903416
0.630310595036
0.616383075714
0.62524586916
0.6333309412
0.620948433876
0.637161910534
0.62156945467
0.616868495941
0.601436316967
0.627251923084
0.635359168053
0.619927287102
0.618396341801
0.614088714123
0.618883252144
0.618452847004
0.637666106224
0.623782932758
0.626789271832
0.63487714529
0.630712866783
0.621875822544
0.624267756939
0.623019099236
0.623222529888
0.619364321232
0.618874669075
0.611097216606
0.60817939043
0.617660164833
0.611090362072
0.61717414856
0.613259792328
0.627518355846
0.611736774445
0.630314052105
0.613769650459
0.632393240929
0.635684847832
0.623876214027
0.609260976315
0.62270450592
0.630235671997
0.626064121723
0.597938001156
0.614242613316
0.621814846992
0.630673587322
0.620592355728
0.641879439354
0.612825572491
0.628885507584
0.617230892181
0.619249045849
0.621442019939
0.626057386398
0.609297454357
0.617549479008
0.639419853687
0.624327719212
0.618823230267
0.631227791309
0.620223701
0.615747570992
0.610283613205
0.625016987324
0.639398515224
0.624937236309
0.64588278532
0.60699224472
0.620625138283
0.616708993912
0.615122377872
0.608735740185
0.618375241756
0.615073978901
0.626610159874
0.615373134613
0.637477755547
0.621463298798
0.639556825161
0.625511050224
0.631072580814
0.615426063538
0.61281722784
0.633738517761
0.634441673756
0.629390239716
0.620278358459
0.631770908833
0.602067172527
0.634025931358
0.623307287693
0.620877385139
0.612573623657
0.61690735817
0.614894330502
0.63037532568
0.628746688366
0.615200281143
0.607859790325
0.621323823929
0.628233551979
0.62400406599
0.626225829124
0.602475523949
0.625798821449
0.631384730339
0.613882243633
0.636471867561
0.619143188
0.628296017647
0.637262761593
0.640851259232
0.629469573498
0.629666984081
0.624490201473
0.625643610954
0.614231109619
0.632378101349
0.623732924461
0.61785531044
0.630475580692
0.611381351948
0.612328052521
0.627197146416
0.623964726925
0.603612661362
0.639087498188
