0.988536715508
0.741316437721
0.812054276466
0.843500494957
0.82679861784
0.761382520199
0.743096709251
0.701300621033
0.69510358572
0.738660931587
0.751188576221
0.702962577343
0.73299062252
0.684197425842
0.679923474789
0.673926234245
0.71570956707
0.679287970066
0.717890620232
0.70066857338
0.686725795269
0.702246665955
0.67414522171
0.677217006683
0.674306869507
0.717782080173
0.676604628563
0.69715821743
0.687561988831
0.701711416245
0.693586528301
0.680106699467
0.683940410614
0.677260220051
0.690108954906
0.692661643028
0.664189636707
0.696681976318
0.68121522665
0.693378150463
0.685204207897
0.689749956131
0.666750192642
0.684678852558
0.679360985756
0.699181675911
0.70107114315
0.678601324558
0.680502712727
0.671365082264
