0.757674813271
0.771717965603
0.758744120598
0.713905453682
0.743434846401
0.758302569389
0.740572810173
0.708833098412
0.78642553091
0.727781295776
0.80526137352
0.728728890419
0.6980702281
0.709843873978
0.727396130562
0.713792324066
0.720072686672
0.717684864998
0.745472967625
0.728366136551
0.674113750458
0.698875069618
0.711972594261
0.698078334332
0.679940223694
0.677922487259
0.692453622818
0.65746897459
0.686379015446
0.689723849297
0.666034281254
0.68960660696
0.687954843044
0.689226865768
0.656848013401
0.694065272808
0.666672706604
0.696829676628
0.676751732826
0.666225671768
0.665121972561
0.66287201643
0.683324575424
0.645557105541
0.667375683784
0.672777473927
0.65259963274
0.662395179272
0.666885137558
0.654981195927
0.675385534763
0.648112356663
0.633182942867
0.642233073711
0.685103237629
0.65889787674
0.658372819424
0.617645680904
0.650838196278
0.64580065012
0.64336591959
0.683142244816
0.654464364052
0.655965983868
0.644637465477
0.62680631876
0.651091635227
0.650701165199
0.664844334126
0.676136434078
0.62905228138
0.644418716431
0.64579719305
0.620558142662
0.622519612312
0.613689601421
0.632186055183
0.622756719589
0.637722849846
0.619750678539
0.635691344738
0.608243048191
0.650004446507
0.628549873829
0.617867529392
0.629114210606
0.623789131641
0.629004180431
0.635712683201
0.629660129547
0.629986703396
0.611507058144
0.637256622314
0.61121982336
0.611681818962
0.586380541325
0.620264947414
0.607105314732
0.596376657486
0.639563858509
0.596873104572
0.592888891697
0.599352359772
0.603998243809
0.608398020267
0.591404020786
0.603629112244
0.608621478081
0.620987713337
0.614791929722
0.61283582449
0.61037170887
0.621042191982
0.601701438427
0.606113910675
0.611880064011
0.60754263401
0.596187114716
0.625545740128
0.594619631767
0.600768625736
0.584872484207
0.601134300232
0.57495868206
0.600063085556
0.600434601307
0.61415630579
0.582446217537
0.598962366581
0.581658422947
0.566037297249
0.581863462925
0.582974374294
0.593281209469
0.60094499588
0.607272624969
0.597125411034
0.587822377682
0.581476569176
0.594181776047
0.611891806126
0.602920770645
0.604067146778
0.593006551266
0.583656549454
0.591124892235
0.599749445915
0.576246857643
0.588593482971
0.602284491062
0.571357607841
0.564123213291
0.553433954716
0.575182855129
0.566017270088
0.583669900894
0.611615419388
0.603433072567
0.587529599667
0.589130580425
0.55536878109
0.629166305065
0.561341643333
0.562390983105
0.579372644424
0.560983181
0.586966812611
0.550966382027
0.567342996597
0.562539577484
0.583726406097
0.601362705231
0.583033621311
0.567955672741
0.578466653824
0.544816076756
0.562367498875
0.559847474098
0.559659719467
0.585947036743
0.563063442707
0.571421265602
0.566726088524
0.568208634853
0.565995573997
0.565633416176
0.550309956074
0.56670576334
0.593049168587
0.569367945194
0.572783470154
0.557765185833
0.564541697502
0.536337971687
0.565554559231
0.56400167942
0.567798912525
0.54286301136
0.568147599697
0.588932514191
0.557950854301
0.541510283947
0.564331829548
0.545304179192
0.561957299709
0.570443928242
0.530374646187
0.531209945679
0.565156936646
0.562589645386
0.567145466805
0.562178730965
0.55768930912
0.55822122097
0.536388635635
0.544894576073
0.554483830929
0.55783367157
0.572075843811
0.58374363184
0.559569954872
0.537235856056
0.556512475014
0.519712328911
0.558148622513
0.551877737045
0.525786995888
0.534066021442
0.559781491756
0.547979712486
0.524341642857
0.528128325939
0.561296164989
0.533447384834
0.580944180489
0.52887326479
0.550472676754
0.542924642563
0.520893216133
0.533663570881
0.543730258942
0.561040639877
0.561617612839
0.543502688408
0.535153031349
0.553697884083
0.545876145363
0.535419940948
0.564538061619
0.525284826756
0.533873796463
0.543877482414
0.56170541048
0.522942245007
0.554386913776
0.550854384899
0.528341591358
0.505305767059
0.522669315338
0.529645502567
0.524656713009
0.5266097188
0.514727175236
0.508762776852
0.510702252388
0.522142887115
0.560800254345
0.551116347313
0.516319453716
0.535351216793
0.497559696436
0.54231095314
0.488039553165
0.538362383842
0.533453345299
0.500735104084
0.498779565096
0.530947566032
0.499883145094
0.52601647377
0.505634367466
0.522762000561
0.523272335529
0.504150986671
0.532847642899
0.526322722435
0.530460953712
0.496565699577
0.522964298725
0.528998374939
0.507757484913
0.510367393494
0.522515773773
0.541110217571
0.525492548943
0.499038249254
0.502384901047
0.501790463924
0.529441475868
0.499651581049
0.531520426273
0.531313121319
0.510883688927
0.488823115826
0.484160453081
0.508917450905
0.526730239391
0.541760206223
0.524374902248
0.483272492886
0.510225772858
0.497940719128
0.511014401913
0.523699223995
0.505895972252
0.498630136251
0.513056814671
0.465737253428
0.499625355005
0.469550073147
0.500402927399
0.497465580702
0.527112424374
0.468010574579
0.491796702147
0.505935132504
0.508193612099
0.482560366392
0.496376216412
0.503160297871
0.498494356871
0.480159342289
0.504706084728
0.506778240204
0.509505867958
0.522790670395
0.495547860861
0.540244042873
0.492497891188
0.500489830971
0.529386103153
0.502818346024
0.506269693375
0.506031811237
0.499943614006
0.51302999258
0.486465960741
0.470203518867
0.458274364471
0.492106437683
0.442575067282
0.507999956608
0.523169755936
0.495625704527
0.48039996624
0.50749117136
0.500651538372
0.494540095329
0.509630382061
0.485366165638
0.473631739616
0.482933312654
0.45752415061
0.468229055405
0.496994167566
0.501659274101
0.486281096935
0.482656300068
0.476401656866
0.465491175652
0.502322673798
0.479787379503
0.508243143559
0.474503785372
0.474068701267
0.503386497498
0.479701638222
0.459035873413
0.478037029505
0.459974646568
0.53431636095
0.468255728483
0.484029561281
0.470994144678
0.503458023071
0.512138307095
0.46775752306
0.460224688053
0.472703814507
0.474390178919
0.448348402977
0.453583568335
0.496188312769
0.45493838191
0.493654489517
0.484429866076
0.476537764072
0.445113122463
0.486249268055
0.437843173742
0.464370399714
0.480629146099
0.499124318361
0.471774429083
0.497927069664
0.503300011158
0.474342018366
0.489185392857
0.505669772625
0.457207202911
0.440305531025
0.496625691652
0.466648966074
0.462852805853
0.446298509836
0.496937960386
0.478767424822
0.467389732599
0.508727014065
0.463895469904
0.483504503965
0.463916093111
0.480546206236
0.479436576366
0.459567844868
0.488184183836
0.451326072216
0.453566998243
0.50213342905
0.464347481728
0.478369057178
0.47024217248
0.432123780251
0.494192808867
0.461632341146
0.481559276581
0.443419903517
0.45870539546
0.461678624153
0.502977013588
0.432625681162
0.488475382328
0.467616975307
0.461536020041
0.467846632004
0.504071295261
0.465736597776
0.420284807682
0.456724375486
0.424857735634
0.464516311884
0.451458454132
0.476426064968
0.459047555923
0.471263378859
0.44324311614
0.462632149458
0.514703392982
0.462859660387
0.453049361706
0.438720554113
0.461941897869
0.465344488621
0.431119441986
0.443418592215
0.469219535589
0.438679248095
0.468198090792
0.467445701361
0.450580209494
0.461142629385
0.43055871129
0.462126880884
0.469157218933
0.479198098183
0.479228168726
0.485840797424
0.492603868246
0.457329124212
0.457633793354
0.44772323966
0.452474594116
0.462973177433
0.411439985037
0.455437600613
0.47321331501
0.454223424196
0.457481205463
0.44552898407
0.455644518137
0.415054798126
0.477666407824
0.467711806297
0.440991729498
0.500326871872
0.471754133701
0.415508508682
0.422022968531
0.43528085947
0.469687640667
0.483077079058
0.473017722368
0.462816148996
0.43218266964
0.459228038788
0.458610385656
0.446574896574
0.412703216076
0.42601069808
0.441518902779
0.451520383358
0.42475220561
0.430759340525
0.464025557041
0.454932242632
0.428828328848
0.462036758661
0.448341339827
0.435839980841
0.433588415384
0.476260334253
0.457691758871
0.436432987452
0.439786583185
0.444490224123
0.470330893993
0.470794826746
0.483645707369
0.43003153801
0.46077606082
0.45809841156
0.49068030715
0.427532374859
0.439726829529
0.444878190756
0.478708952665
0.439730077982
0.416437208652
0.422942608595
0.430898338556
0.447812527418
0.455422610044
0.414508163929
0.415419876575
0.449578344822
0.43442940712
0.458268463612
0.442922890186
0.454548686743
0.453728288412
0.417471379042
0.461526423693
0.43619966507
0.479956179857
0.428045243025
0.501233577728
0.482325851917
0.436149805784
0.432190448046
0.460762798786
0.471979379654
0.423163115978
0.395903140306
0.462805002928
0.436296492815
0.453191578388
0.425378650427
0.386807024479
0.410342365503
0.43328243494
0.447782874107
0.440651208162
0.46688747406
0.444175928831
0.400362253189
0.418011665344
0.423340350389
0.434353381395
0.428494185209
0.466048747301
0.443273842335
0.411501914263
0.492729961872
0.431659519672
0.418567478657
0.429904729128
0.448671370745
0.430053204298
0.474731951952
0.417979180813
0.455025792122
0.425922900438
0.421290367842
0.451760351658
0.426908999681
0.416388571262
0.476109623909
0.424919396639
0.419142156839
0.439099788666
0.447732627392
0.444664925337
0.42301389575
0.439631402493
0.415500402451
0.444603294134
0.451851308346
0.403663665056
0.458670943975
0.461274206638
0.412067294121
0.414925038815
0.40977871418
0.426488518715
0.412488102913
0.429034203291
0.40930762887
0.465109109879
0.438817381859
0.465869694948
0.420274227858
0.433532655239
0.418197602034
0.408905386925
0.442550212145
0.407714903355
0.436995208263
0.418474972248
0.450040280819
0.405824065208
0.394017249346
0.404184788465
0.437306553125
0.430774301291
0.439782857895
0.408574461937
0.416995048523
0.436197280884
0.45849609375
0.405790269375
0.400685966015
0.416766613722
0.454239696264
0.432472527027
0.457160800695
0.419961839914
0.430215716362
0.448718369007
0.429646849632
0.443063527346
0.467305392027
0.445039659739
0.481237858534
0.442560344934
0.433931350708
0.456928908825
0.46698153019
0.436177879572
0.436987131834
0.404869407415
0.460051298141
0.455109745264
0.438275963068
0.455449581146
0.395713150501
0.421939015388
0.391538619995
0.422461688519
0.455461978912
0.393947392702
0.451833426952
0.397305697203
0.40023714304
0.453326374292
0.456562012434
0.428764075041
0.449638187885
0.447452753782
0.452898979187
0.419979274273
0.415865421295
0.427963256836
0.421065330505
0.40413787961
0.440753906965
0.422081768513
0.422953903675
0.435162454844
0.415829390287
0.459931731224
0.410719186068
0.464930325747
0.430195719004
0.391970783472
0.413542062044
0.433151990175
0.440578043461
0.429653704166
0.403654456139
0.43012547493
0.439740598202
0.428009837866
0.438239783049
0.417970299721
0.42118832469
0.425330042839
0.458853721619
0.393379211426
0.404784858227
0.404927104712
0.439684212208
0.411858201027
0.407662004232
0.450412839651
0.41680252552
0.399502515793
0.414069652557
0.452869981527
0.436009734869
0.443864971399
0.424195826054
0.431958943605
0.418041110039
0.461704283953
0.419819504023
0.439296513796
0.435831129551
0.463660269976
0.445606589317
0.461277365685
0.422931551933
0.434275120497
0.462227910757
0.436996102333
0.417649924755
0.425885468721
0.4322501719
0.409990787506
0.460314899683
0.48752835393
0.412947952747
0.418352156878
0.463428884745
0.427873194218
0.392612814903
0.39874252677
0.409304320812
0.442753642797
0.415116608143
0.369623035192
0.422616869211
0.459687590599
0.409765988588
0.411980867386
0.434606820345
0.418105632067
0.422539681196
0.46369099617
0.391346484423
0.430247932673
0.442031532526
0.414300113916
0.41276037693
0.430443823338
0.43051224947
0.435887783766
0.400822460651
0.399495273829
0.439656019211
0.432666242123
0.421238005161
0.428387612104
0.418574810028
0.455320060253
0.429319381714
0.430862575769
0.408873558044
0.416664600372
0.430803835392
0.464003890753
0.437453329563
0.431007444859
0.422180294991
0.409611731768
0.404624223709
0.429786205292
0.424728393555
0.444675326347
0.433253914118
0.409944921732
0.44671434164
0.430149942636
0.388957738876
0.386015236378
0.460254430771
0.40817424655
0.412513464689
0.462116152048
0.441612958908
0.415664702654
