0.901426017284
0.908818244934
0.926975429058
0.909498035908
0.881245613098
0.943008184433
0.973676562309
0.965325057507
0.873341917992
0.865953445435
0.910111069679
0.867264032364
0.88090133667
0.924273729324
0.883458733559
0.898870110512
0.842015981674
0.879427075386
0.835354685783
0.877000331879
0.899730980396
0.83215034008
0.889718532562
0.862165510654
0.856951057911
0.899390697479
0.798035860062
0.862024366856
0.83308672905
0.822757482529
0.832107007504
0.831766843796
0.845375299454
0.84330034256
0.86297249794
0.805237412453
0.82676845789
0.793328106403
0.823600530624
0.804269552231
0.820445418358
0.85442340374
0.826380431652
0.811131536961
0.799645900726
0.811158418655
0.808750033379
0.786419212818
0.812677919865
0.809696614742
0.796701133251
0.794756948948
0.789868593216
0.808941185474
0.809463739395
0.795360207558
0.768695354462
0.741645276546
0.775870263577
0.798422157764
0.825417995453
0.781537175179
0.791195452213
0.797940731049
0.763218283653
0.7774335742
0.749133229256
0.79497307539
0.757882714272
0.753495514393
0.749178826809
0.750808298588
0.768519580364
0.765704929829
0.786347389221
0.738516509533
0.743251919746
0.778051018715
0.772154152393
0.739589035511
0.74436211586
0.730222404003
0.745233952999
0.7488951087
0.783083260059
0.732055008411
0.734988331795
0.761905729771
0.778846263885
0.753984093666
0.760734140873
0.770580589771
0.748371601105
0.772626757622
0.724627554417
0.742191970348
0.749100148678
0.74464482069
0.725257217884
0.733546257019
0.75664049387
0.744170546532
0.753546595573
0.703992307186
0.745081603527
0.730832636356
0.75666052103
0.738618254662
0.702557206154
0.723036468029
0.736606955528
0.722082495689
0.724976599216
0.742094755173
0.710301995277
0.725283563137
0.719202280045
0.738420605659
0.738484442234
0.730407655239
0.727669775486
0.750726997852
0.713674128056
0.72612786293
0.741582036018
0.738052785397
0.726132810116
0.726509928703
0.754081010818
0.727854669094
0.716583132744
0.732463359833
0.69200438261
0.697748184204
0.705335021019
0.683195829391
0.704470455647
0.714196205139
0.711780369282
0.697229027748
0.717627644539
0.762984573841
0.674920558929
0.70904892683
0.696576237679
0.727193236351
0.710412681103
0.709751188755
0.718045473099
0.701371192932
0.700793921947
0.729066431522
0.717037439346
0.719564795494
0.694660305977
0.700610101223
0.713815748692
0.708766639233
0.710199177265
0.736369073391
0.702894985676
0.695466220379
0.704318583012
0.709468185902
0.693675994873
0.71470707655
0.701725304127
0.708424210548
0.724158763885
0.700436770916
0.719042956829
0.702886044979
0.741853713989
0.714553236961
0.713524222374
0.710923373699
0.710319280624
0.693523943424
0.71342253685
0.687810301781
0.737205564976
0.685724020004
0.704480886459
0.690707921982
0.675059199333
0.694214820862
0.721199452877
0.705504953861
0.699346780777
0.716248214245
0.706208586693
0.695425212383
0.735561549664
0.690928518772
0.704406499863
0.744079172611
0.721118807793
0.689059972763
0.66834539175
0.689514458179
0.689657688141
0.679517149925
0.717982769012
0.711262643337
0.69401884079
0.693495094776
0.68457454443
0.684621453285
0.708638608456
0.681407630444
0.684009671211
0.695861935616
0.701937913895
0.708156228065
0.695092022419
0.682130813599
0.69790583849
0.694038927555
0.694442749023
0.683708369732
0.690492510796
0.708000123501
0.689051926136
0.732497632504
0.693576276302
0.671639919281
0.689619719982
0.69850063324
0.674525260925
0.682830691338
0.676736533642
0.689091205597
0.66316485405
0.706722140312
0.67849612236
0.702114582062
0.658171355724
0.673359334469
0.682562232018
0.692127227783
0.691334486008
0.671523213387
0.687392354012
0.695645809174
0.68393445015
0.720535814762
0.693692922592
0.686873078346
0.68854624033
0.68862080574
0.673752486706
0.694646596909
0.677232563496
0.694518446922
0.676133394241
0.690372943878
0.682424247265
0.681484758854
0.675445854664
0.657131135464
0.684957206249
0.684001624584
0.712813913822
0.690687954426
0.698170602322
0.66750895977
0.686383605003
0.660767793655
0.680232584476
0.690388679504
0.691584289074
0.673101127148
0.696325361729
0.674905240536
0.679532408714
0.692355871201
0.681602656841
0.697624981403
0.700195372105
0.678958714008
0.679743647575
0.687363803387
0.689489305019
0.69872379303
0.653715312481
0.686526238918
0.674950897694
0.666285872459
0.67592304945
0.676246285439
0.68182939291
0.699016988277
0.674764037132
0.651695430279
0.664448738098
0.691560745239
0.66965675354
0.662633478642
0.662871003151
0.662769317627
0.672308146954
0.667453348637
0.662183225155
0.694458603859
0.651713132858
0.676559507847
0.674973845482
0.664504408836
0.675996601582
0.680802047253
0.702329158783
0.688568353653
0.678585767746
0.686763286591
0.666100919247
0.68156427145
0.676298141479
0.669110715389
0.676054775715
0.664976418018
0.686468720436
0.671252131462
0.69091886282
0.69343984127
0.682087242603
0.657611370087
0.676740705967
0.65376663208
0.673267781734
0.651570916176
0.676365613937
0.66926330328
0.666711211205
0.664786219597
0.682865619659
0.653649449348
0.67810356617
0.653344452381
0.658806085587
0.679189324379
0.66929346323
0.675225377083
0.669601798058
0.665813148022
0.682354271412
0.652624726295
0.664933204651
0.668609619141
0.651198327541
0.641942441463
0.637913525105
0.665803015232
0.690982937813
0.689679205418
0.681680381298
0.670286595821
0.670048773289
0.675925791264
0.674669504166
0.696974098682
0.653742194176
0.654003739357
0.654609620571
0.674506187439
0.643278539181
0.695924043655
0.644004940987
0.669870018959
0.657107174397
0.663915336132
0.672539889812
0.670369565487
0.665176451206
0.682667374611
0.661802589893
0.650370836258
0.665677428246
0.663908600807
0.655834019184
0.675356149673
0.685157418251
0.673345029354
0.676097452641
0.652902305126
0.63147097826
0.669536173344
0.655534267426
0.666949927807
0.642513990402
0.663789927959
0.668474435806
0.644249737263
0.663453161716
0.678901493549
0.658923864365
0.656658947468
0.673489332199
0.681492626667
0.641368567944
0.659193396568
0.685462415218
0.6650801301
0.637026131153
0.645282149315
0.664437115192
0.662197291851
0.705729424953
0.644639313221
0.669105052948
0.662270665169
0.671356797218
0.643050312996
0.675732076168
0.673350334167
0.662655711174
0.655506789684
0.659605383873
0.644780278206
0.650780141354
0.669304549694
0.652260601521
0.664179861546
0.645313739777
0.654706180096
0.660238265991
0.669584691525
0.66624802351
0.66032409668
0.665912330151
0.685260236263
0.658671021461
0.64148658514
0.669771492481
0.651967048645
0.629214704037
0.683424890041
0.649764180183
0.653914451599
0.669282495975
0.672926723957
0.660754978657
0.634932935238
0.666431486607
0.659637033939
0.647388517857
0.655460953712
0.677913784981
0.65463167429
0.647390842438
0.647662878036
0.652577638626
0.649740815163
0.651083052158
0.657890975475
0.668433487415
0.65885412693
0.646471321583
0.654219329357
0.664651989937
0.644056379795
0.66506010294
0.661669611931
0.654238939285
0.661895155907
0.645684361458
0.645101428032
0.646776139736
0.657527565956
0.670552492142
0.662934839725
0.679520487785
0.654075980186
0.660683810711
0.639314472675
0.654027998447
0.643069803715
0.661678850651
0.646344602108
0.650330007076
0.664145588875
0.651452422142
0.657676577568
0.648167729378
0.642126977444
0.628534436226
0.661157250404
0.663396596909
0.655431807041
0.646105289459
0.651457726955
0.630586206913
0.64764881134
0.655714452267
0.645298779011
0.646394014359
0.649333178997
0.637915611267
0.656767308712
0.659887552261
0.653933167458
0.647058427334
0.6418851614
0.647455573082
0.649992883205
0.647080779076
0.629424035549
0.638542413712
0.632030665874
0.631150126457
0.660252571106
0.63710474968
0.663425564766
0.652845144272
0.661789059639
0.679864943027
0.629894196987
0.670352697372
0.673008143902
0.671902835369
0.656517207623
0.671085238457
0.659098684788
0.650975227356
0.663106918335
0.659184873104
0.648693084717
0.630739510059
0.652405679226
0.652862429619
0.659239709377
0.647057831287
0.652391731739
0.639017760754
0.65401506424
0.678429961205
0.666774153709
0.644894063473
0.661914050579
0.63878685236
0.65541946888
0.656243026257
0.643047451973
0.641083657742
0.662016808987
0.644683122635
0.638314306736
0.667509973049
0.663860321045
0.674729645252
0.637839138508
0.669385194778
0.638776302338
0.650801062584
0.636846780777
0.625437438488
0.669197201729
0.644282996655
0.662385940552
0.651373565197
0.646318674088
0.658259630203
0.654423832893
0.638244926929
0.66557341814
0.666926264763
0.634468913078
0.638554573059
0.654639184475
0.644009172916
0.65812754631
0.648490667343
0.627770185471
0.654857218266
0.662842392921
0.653511285782
0.665688335896
0.655056476593
0.654321789742
0.646083712578
0.650103211403
0.632957518101
0.659452438354
0.655979931355
0.669851779938
0.652034342289
0.675600349903
0.647243440151
0.654565632343
0.646301984787
0.62907230854
0.645623207092
0.634714126587
0.670159637928
0.669841468334
0.661864042282
0.646585226059
0.65691947937
0.647416472435
0.653041481972
0.642789840698
