0.692660391331
0.692435443401
0.69219648838
0.692191243172
0.691881656647
0.691825032234
0.691482245922
0.691129803658
0.691328108311
0.690454423428
0.69029122591
0.69023257494
0.690190315247
0.689860105515
0.689848661423
0.68903195858
0.68942719698
0.687727093697
0.688405454159
0.687106490135
0.688064038754
0.688145697117
0.687138199806
0.687342524529
0.685673713684
0.685983300209
0.685876309872
0.686861634254
0.684260249138
0.685918152332
0.683887302876
0.684145987034
0.687017500401
0.684267342091
0.684500932693
0.684813261032
0.682362377644
0.684580862522
0.683466792107
0.68171030283
0.682407557964
0.68259871006
0.684962511063
0.683691680431
0.686118721962
0.682627737522
0.683016121387
0.68245446682
0.680252492428
0.687477171421
0.682389497757
0.678183674812
0.686558663845
0.679183602333
0.683496415615
0.679829359055
0.678999364376
0.677503049374
0.682071149349
0.678366005421
0.682228207588
0.679860472679
0.679253995419
0.67739623785
0.680717289448
0.681720554829
0.677940547466
0.682046711445
0.681328892708
0.681380867958
0.674724280834
0.671239554882
0.677785754204
0.679913401604
0.68060362339
0.673745334148
0.679469585419
0.674120783806
0.680676579475
0.672339320183
0.678325355053
0.671801626682
0.668469011784
0.675710916519
0.671488523483
0.668516218662
0.679213821888
0.669968187809
0.672620475292
0.673319578171
0.681005477905
0.674663841724
0.668328583241
0.680162966251
0.673254609108
0.666101813316
0.676304638386
0.679871797562
0.68026393652
0.684240877628
0.663677513599
0.6644307971
0.67572259903
0.671668946743
0.666168272495
0.673230290413
0.666486024857
0.667131066322
0.676451027393
0.659359693527
0.65827023983
0.66470438242
0.673222005367
0.652202486992
0.65465849638
0.662518978119
0.663161277771
0.662202477455
0.667523741722
0.674235403538
0.667729377747
0.671896517277
0.660692811012
0.66152882576
0.668033063412
0.670347630978
0.663078486919
0.664617478848
0.658782660961
0.677764475346
0.648909389973
0.673611521721
0.662211179733
0.674394249916
0.649969637394
0.654701769352
0.655825674534
0.661785662174
0.656955838203
0.663970828056
0.659107267857
0.666528642178
0.660741686821
0.663475811481
0.655246794224
0.632193684578
0.652237772942
0.644416451454
0.666104495525
0.664752662182
0.637456178665
0.630400598049
0.652893483639
0.642883181572
0.640870630741
0.64723020792
0.632492482662
0.628946661949
0.6467269063
0.653894662857
0.65571051836
0.666085243225
0.642798900604
0.668411612511
0.637540102005
0.6359359622
0.659013867378
0.657904207706
0.659340918064
0.661407351494
0.633842229843
0.64752805233
0.649514615536
0.645072817802
0.637685477734
0.649385154247
0.638925552368
0.664289236069
0.626722693443
0.64402282238
0.667642295361
0.645096421242
0.63215225935
0.666167974472
0.662326097488
0.643089354038
0.649052739143
0.629336893559
0.633122384548
0.630336046219
0.646684885025
0.666160404682
0.627757310867
0.633744299412
0.618894994259
0.628399193287
0.65149641037
0.639588117599
0.622243523598
0.615143835545
0.637966692448
0.630740582943
0.618264913559
0.641194581985
0.620256662369
0.63323289156
0.628761529922
0.660583794117
0.626194059849
0.618850827217
0.612838327885
0.645413517952
0.616026222706
0.617359578609
0.638203322887
0.60188639164
0.631541848183
0.643496751785
0.622471928596
0.636337518692
0.612520754337
0.622023582458
0.619291782379
0.615125060081
0.616365492344
0.595426261425
0.621374428272
0.61994022131
0.608898937702
0.620352268219
0.622894227505
0.620262384415
0.602825462818
0.593032181263
0.66124689579
0.615632772446
0.633891761303
0.63149368763
0.654338538647
0.624361515045
0.638094484806
0.610419154167
0.628438413143
0.59169459343
0.623728692532
0.608992934227
0.605763852596
0.627805113792
0.620925784111
0.612547039986
0.629923224449
0.591433346272
0.590048015118
0.624700009823
0.621155083179
0.59813863039
0.621310710907
0.594594120979
0.629802703857
0.636687338352
0.621168136597
0.613061130047
0.622696280479
0.600825846195
0.618953645229
0.626842200756
0.607235252857
0.629214406013
0.624942839146
0.627430975437
0.615714371204
0.678342580795
0.606223404408
0.621326506138
0.631296157837
0.626313567162
0.613620817661
0.594477415085
0.640978574753
0.614308714867
0.61684691906
0.654840707779
0.592936813831
0.652891457081
0.612734436989
0.601551234722
0.599946677685
0.609471142292
0.600309669971
0.62083953619
0.650865197182
0.614657402039
0.579303264618
0.600489497185
0.615484714508
0.651954591274
0.623095273972
0.622235476971
0.61399692297
0.59833753109
