0.996394097805
0.93541008234
0.952663421631
0.945633769035
0.944817841053
0.968776524067
1.00830733776
0.929140388966
0.91580080986
0.892459630966
0.932561635971
0.982192933559
0.96455425024
0.90867215395
0.982074856758
0.95786601305
0.923219263554
0.939674854279
0.897297501564
0.942171692848
0.938267230988
0.970408976078
0.915691375732
0.922086715698
0.970045208931
0.941052258015
0.921026229858
0.904173314571
0.963518977165
0.938424527645
0.913895189762
0.884742975235
0.908453583717
0.924576163292
0.959813475609
0.889677166939
0.911923468113
0.90769982338
0.926280677319
0.943524420261
0.951940476894
0.952071011066
0.943262457848
0.889982581139
0.945043623447
0.946034789085
0.915160834789
0.9158192873
0.930848121643
0.952197909355
0.921990573406
0.911405384541
0.885696291924
0.909449458122
0.872810721397
0.901042342186
0.924419879913
0.891790747643
0.953881680965
0.973766446114
0.946054577827
0.943217873573
0.931773543358
0.908114552498
0.911464810371
0.90542024374
0.859701931477
0.929038643837
0.91291987896
0.93343693018
0.903616547585
0.863292515278
0.912156939507
0.886720299721
0.889918088913
0.881101727486
0.858581125736
0.895640432835
0.933911263943
0.955011308193
0.905917108059
0.896961331367
0.922416567802
0.884985029697
0.949031949043
0.883505165577
0.886667013168
0.838404715061
0.869322478771
0.837909400463
0.873004317284
0.862955510616
0.84430617094
0.926559746265
0.914235472679
0.867620229721
0.831484615803
0.885855317116
0.873543560505
0.873826563358
0.853066146374
0.900204241276
0.877316296101
0.959182441235
0.891977131367
0.845430970192
0.864520430565
0.862861871719
0.888500154018
0.903248250484
0.899753034115
0.860141932964
0.889260649681
0.911258518696
0.917118787766
0.921186625957
0.842303216457
0.871296346188
0.894692182541
0.903746426105
0.851311683655
0.863373339176
0.895771741867
0.921622693539
0.886897325516
0.852638423443
0.861015498638
0.890555262566
0.907671391964
0.90966886282
0.929285407066
0.836459875107
0.849119603634
0.830284535885
0.867069005966
0.851844012737
0.838044404984
0.884811401367
0.894654214382
0.898029625416
0.833461403847
0.876946628094
0.826363027096
0.904012918472
0.919728398323
0.829845905304
0.868559002876
0.848497033119
0.830519795418
0.867402553558
0.879451990128
0.885522603989
0.82690179348
0.843125641346
0.842194318771
0.833533465862
0.841925144196
0.881858587265
0.845095694065
0.841113865376
0.856080532074
0.85135447979
0.887117624283
0.821086883545
0.827084481716
0.861174881458
0.837245225906
0.863013267517
0.830761432648
0.857719540596
0.900311529636
0.871325552464
0.833328902721
0.844620883465
0.853584349155
0.842849373817
0.834236562252
0.851947247982
0.858057379723
0.863911569118
0.848734796047
0.866706967354
0.820705831051
0.861951649189
0.824313998222
0.856787025928
0.84345805645
0.842058956623
0.84714025259
0.847292721272
0.876634538174
0.841591000557
0.867153704166
0.809443354607
0.840236783028
0.880077838898
0.917217254639
0.819860219955
0.831435143948
0.838894128799
