0.69813990593
0.696438252926
0.691555917263
0.691624343395
0.694251835346
0.695605754852
0.685078620911
0.686532795429
0.693659245968
0.697012424469
0.687631011009
0.689331352711
0.688046813011
0.687897264957
0.676136016846
0.681495249271
0.680351436138
0.681143403053
0.686942815781
0.677620947361
0.684504210949
0.667887151241
0.671687483788
0.678881525993
0.673393428326
0.675472199917
0.676159024239
0.672355175018
0.668398082256
0.668271243572
0.666607320309
0.665675640106
0.663869917393
0.654832363129
0.66176378727
0.665398657322
0.660797536373
0.666834771633
0.664090096951
0.664045512676
0.650397717953
0.658169925213
0.645954430103
0.652093946934
0.655435800552
0.651777148247
0.637174665928
0.652344346046
0.639719307423
0.637793838978
0.633041322231
0.63342154026
0.641517460346
0.62431281805
0.6202455163
0.622303426266
0.623950362206
0.634948313236
0.61319154501
0.606158852577
0.622101426125
0.597207188606
0.614177703857
0.59517121315
0.600043594837
0.611511468887
0.605840682983
0.588746070862
0.618549227715
0.59564447403
0.608608186245
0.578536272049
0.589436888695
0.603846013546
0.574807465076
0.578028202057
0.577125489712
0.564736187458
0.58496773243
0.585427165031
0.556876659393
0.570632219315
0.553545057774
0.581793129444
0.57890856266
0.586629152298
0.55092805624
0.590916514397
0.580420255661
0.560917496681
0.553589224815
0.550271987915
0.594129860401
0.596977770329
0.577332079411
0.581334233284
0.578467488289
0.558485329151
0.550096690655
0.567766964436
