0.713659524918
0.702296853065
0.707342922688
0.695575773716
0.688449621201
0.687592685223
0.685873866081
0.683255851269
0.677134275436
0.67851215601
0.676554560661
0.669912993908
0.665676414967
0.67027425766
0.664875090122
0.665624022484
0.66385191679
0.659447729588
0.659907877445
0.656620025635
0.655684411526
0.653501331806
0.652265310287
0.642923057079
0.650852382183
0.648699581623
0.643394529819
0.648660361767
0.643322587013
0.631361663342
0.635997414589
0.634301543236
0.638070821762
0.638356804848
0.631314396858
0.624398946762
0.624679327011
0.627645432949
0.625212967396
0.626721858978
0.624807059765
0.615270197392
0.616182863712
0.615205764771
0.611522555351
0.611522376537
0.612953782082
0.611693382263
0.601718485355
0.603225648403
0.608149170876
0.597456336021
0.598458886147
0.593046724796
0.594417154789
0.592053234577
0.596097528934
0.594083666801
0.584360361099
0.590118706226
0.587977290154
0.581371247768
0.595859706402
0.582416594028
0.571410477161
0.576949000359
0.587609529495
0.573619902134
0.575373411179
0.582064092159
0.574169993401
0.568870663643
0.565192520618
0.574142873287
0.576466739178
0.56080776453
0.56130361557
0.561713278294
0.564185142517
0.557922482491
0.551093578339
0.559749782085
0.556952893734
0.565374076366
0.546669065952
0.566208541393
0.557464063168
0.547044575214
0.556141912937
0.554978728294
0.538808822632
0.553434729576
0.544579982758
0.541064321995
0.545476973057
0.538243412971
0.539853572845
0.537459373474
0.531831979752
0.545110762119
0.527995169163
0.528611123562
0.52457088232
0.529830276966
0.51830303669
0.525801062584
0.529184937477
0.520843625069
0.521322011948
0.518357872963
0.522512018681
0.533886134624
0.527445375919
0.515964329243
0.514779388905
0.506299376488
0.513423502445
0.519662737846
0.508830368519
0.518949270248
0.505725443363
0.504598617554
0.505649864674
0.506587564945
0.505838274956
0.4981354177
0.506287157536
0.511454105377
0.493827939034
0.525295615196
0.493119508028
0.510886490345
0.501492977142
0.50430649519
0.496234983206
0.491970688105
0.498644948006
0.501745402813
0.502677440643
0.494838923216
0.486416935921
0.488243222237
0.488725543022
0.476650357246
0.501838624477
0.487637072802
0.4822717309
0.48631632328
0.491868138313
0.478194117546
0.484258145094
0.468076348305
0.480083703995
0.476177483797
0.470780521631
0.494836211205
0.472580313683
0.492076516151
0.487059295177
0.462648302317
0.472185045481
0.469825685024
0.467155188322
0.471141785383
0.46020925045
0.452513694763
0.460042774677
0.477214187384
0.455237179995
0.46384114027
0.461791068316
0.461468070745
0.465343117714
0.46374475956
0.470513939857
0.459371417761
0.464982926846
0.459970533848
0.470844656229
0.476589977741
0.469420313835
0.466230452061
0.483730703592
0.465500771999
0.447295874357
0.450571656227
0.453564465046
0.46565425396
0.465444117785
0.468028843403
0.461334526539
0.46672976017
0.45503488183
0.460420459509
0.457674413919
0.455407142639
0.47183611989
0.47528424859
0.476302683353
0.458239644766
0.455258518457
0.446664601564
0.446554750204
0.453655511141
0.460849493742
0.453338444233
0.465091586113
0.46415746212
0.449249207973
0.431878209114
0.475113213062
0.449494957924
0.458079636097
0.453984767199
0.449136734009
0.443790644407
0.445263028145
0.455682456493
0.442155689001
0.440860509872
0.43397808075
0.428467690945
0.435392141342
0.447844207287
0.426746308804
0.441466212273
0.435843378305
0.447829455137
0.451872974634
0.440419971943
0.448558330536
0.435497462749
0.444036573172
0.432396203279
0.438673824072
0.452784866095
0.433611452579
0.433044493198
0.435336351395
0.432584136724
0.442100048065
0.43351906538
0.441883414984
0.48216727376
0.432876318693
0.430296927691
0.43233653903
0.428213268518
0.437880516052
0.425723850727
0.431080728769
0.438066929579
0.437469810247
0.422833800316
0.44659742713
0.419336974621
0.444632977247
0.429406762123
0.428858786821
0.430290073156
0.456531137228
0.424329578876
0.460080116987
0.429320275784
0.405038177967
0.430791527033
0.422593086958
0.471471786499
0.438785582781
0.425428837538
0.420457452536
0.436647474766
0.460023194551
0.432521104813
0.421496838331
0.417112588882
0.445216357708
0.441798627377
0.431592553854
0.424892216921
0.415535032749
0.453459978104
0.447996050119
0.439163923264
0.433971345425
0.420728832483
0.418629795313
0.433636218309
0.442602276802
0.441611349583
0.416555076838
0.420391321182
0.425419330597
0.435369551182
0.423749238253
0.416942089796
0.407190412283
0.432738751173
0.416647493839
0.419893562794
0.440448731184
0.421902418137
0.430319994688
0.435060590506
0.44084995985
0.428604871035
0.423897892237
0.43801137805
0.414320647717
0.406646460295
0.4222227633
0.413598179817
0.422516435385
0.4110866189
0.422307908535
0.434815973043
0.409917294979
0.406406164169
0.420971184969
0.43266788125
0.414781063795
0.423757523298
0.419685721397
0.424294024706
0.437141686678
0.417760819197
0.41003459692
0.441843032837
0.428350418806
0.416614741087
0.410090267658
0.409411996603
0.414150178432
0.417468547821
0.423463612795
0.42141905427
0.410591453314
0.429156899452
0.406741917133
0.397581487894
0.419851511717
0.42805325985
0.460128843784
0.419847995043
0.457220196724
0.451894134283
0.418376654387
0.398885846138
0.431851446629
0.457108795643
0.406145751476
0.410630077124
0.407986998558
0.39597427845
0.417751699686
0.410140663385
0.415343075991
0.400061756372
0.423363447189
0.410563021898
0.404436439276
0.406707286835
0.40325024724
0.401511222124
0.442627251148
0.416541874409
0.429085969925
0.45737066865
0.416974633932
0.394717544317
0.403498351574
0.414750009775
0.431174337864
0.457525372505
0.416434437037
0.45416110754
0.425903379917
0.41752949357
0.439692825079
0.416978031397
0.429741859436
0.41749766469
0.403204411268
0.407501935959
0.396506607533
0.406026989222
0.417769521475
0.390589267015
0.426223784685
0.398768395185
0.393864542246
0.423626482487
0.410627424717
0.41795951128
0.441662549973
0.424385100603
0.430944591761
0.407978981733
0.398916751146
0.414787113667
0.404454290867
0.421308815479
0.408906847239
0.417952746153
0.399261444807
0.398198723793
0.434140712023
0.419688940048
0.412030190229
0.414765447378
0.411496579647
0.402571171522
0.409727990627
0.406561285257
0.399582624435
0.41134557128
0.384172737598
0.422611445189
0.415255278349
0.401661157608
0.383962601423
0.410112977028
0.405834257603
0.416163384914
0.409827619791
0.409562766552
0.408451884985
0.403198808432
0.426925718784
0.396398812532
0.417387157679
0.400476694107
0.417004853487
0.401320755482
0.415897905827
0.401534855366
0.418871730566
0.39423084259
0.388159543276
0.415544509888
0.400441676378
0.418301165104
0.390939742327
0.399972170591
0.407992750406
0.430432677269
0.386705547571
0.410923779011
0.397738903761
0.383724033833
0.411006987095
0.392117917538
0.388839870691
0.399120718241
0.39359793067
0.402454018593
0.39795127511
0.387786895037
0.415884852409
0.431542485952
0.423545479774
0.389302521944
0.402203530073
0.393923252821
0.393765419722
0.407219141722
0.399135768414
0.400843411684
0.382294416428
0.394134372473
0.388405352831
0.397846728563
0.402901440859
0.396949321032
0.369497209787
0.396210759878
0.423303335905
0.396017879248
0.391972005367
0.366762697697
0.390888899565
0.386880278587
0.38940423727
0.38776370883
0.389104247093
0.404506027699
0.414327174425
0.39334332943
0.383990615606
0.401761621237
0.379647195339
0.404302686453
0.381424248219
0.40737092495
0.393905967474
0.435722351074
0.437375545502
0.410441696644
0.383178263903
0.397533744574
0.379875898361
0.410773277283
0.414966166019
0.382012367249
0.393725693226
0.421817600727
0.390496939421
0.426567673683
0.404282182455
0.397390753031
0.399552553892
0.38698798418
0.384911507368
0.377295047045
0.392796188593
0.389549046755
0.420540452003
0.394715964794
0.368584603071
0.392344653606
0.378848701715
0.389045536518
0.383774608374
0.3722859025
0.39970177412
0.421759158373
0.392446160316
0.388728380203
0.387357622385
0.387300103903
0.388189911842
0.409504145384
0.39772477746
0.412121504545
0.377751410007
0.367247194052
0.360575556755
0.380311518908
0.380830973387
0.40352371335
0.382848531008
0.39477211237
0.405391007662
0.371229588985
0.36646938324
0.364971041679
0.362997472286
0.411733418703
0.367616415024
0.371787130833
0.414826154709
0.412064164877
0.420416623354
0.406002283096
0.372362971306
0.360127955675
0.371246814728
0.396905004978
0.351365476847
0.371950536966
0.404194504023
0.380300194025
0.413719773293
0.378869950771
0.410727828741
0.379259109497
0.38234052062
0.393834680319
0.391264349222
0.372171312571
0.373263180256
0.39984485507
0.402138620615
0.36852940917
0.375964701176
0.385360062122
0.37036126852
0.385173112154
0.350843280554
0.372647941113
0.390714854002
0.404647856951
0.398276865482
0.423954963684
0.374165117741
0.387477517128
0.39153817296
0.369553565979
0.420700579882
0.396069258451
0.447028547525
0.353954076767
0.372838973999
0.377620667219
0.366306811571
0.403145164251
0.385001987219
0.404607594013
0.392648637295
0.361306399107
0.378944188356
0.399874061346
0.363147526979
0.386104017496
0.376416325569
0.399536073208
0.344555437565
0.365712493658
0.399792343378
0.397320657969
0.36065325141
0.349833071232
0.367612957954
0.379840761423
0.368324935436
0.374371111393
0.39165648818
0.413327425718
0.36567056179
0.395091086626
0.371796280146
0.404443234205
0.409862577915
0.362208038568
0.368426322937
0.401665359735
0.373937249184
0.355707317591
0.365351498127
0.396960496902
0.368617743254
0.394207179546
0.373740792274
0.347065031528
0.396981358528
0.362139731646
0.366837859154
0.384889662266
0.372192382812
0.383910775185
0.384394228458
0.429443240166
0.393376529217
0.357917845249
0.375920802355
0.367636680603
0.385883063078
0.359162539244
0.357750862837
0.374680757523
0.394183009863
0.352505356073
0.402675807476
0.387704879045
0.364760100842
0.371894478798
0.382824718952
0.384870231152
0.374116510153
0.348612755537
0.377089887857
0.385040014982
0.390429973602
0.37885415554
0.359499186277
0.409038156271
0.380394995213
0.379500985146
0.3916233778
0.365314722061
0.373604029417
0.399105608463
0.391175627708
0.376999080181
0.426174938679
0.373891800642
0.368982791901
0.389437049627
0.365247666836
0.399331152439
0.357303231955
0.360983043909
0.383793413639
0.374865621328
0.380392789841
0.384270370007
0.369924753904
0.363140612841
0.386246681213
0.351635754108
0.37769138813
0.402207225561
0.35621842742
0.358925312757
0.381131529808
0.394807159901
0.365679621696
0.345796525478
0.387474626303
0.365836620331
0.406851112843
0.359549313784
0.382742226124
0.372360736132
0.430845618248
0.384314030409
0.364775061607
0.361974984407
0.386638700962
0.370267421007
0.376929879189
0.353769749403
0.426422059536
0.416018456221
0.360915511847
0.404726415873
0.369293093681
0.377728879452
0.381779044867
0.363308817148
0.367271214724
0.36957654357
0.394907236099
0.367707103491
0.37128084898
0.381722152233
0.402277946472
0.374067097902
0.365508288145
0.359102249146
0.360203921795
0.386740118265
0.369018554688
0.370474398136
0.355475485325
0.352552056313
0.348474562168
0.375921368599
0.371189832687
0.382666945457
0.36188775301
0.359663009644
0.39370650053
0.352157145739
0.36456900835
0.354877352715
0.386452198029
0.358795911074
0.368626475334
0.357347518206
0.371036738157
0.391792267561
0.409060120583
0.358041793108
0.365875244141
0.369291871786
0.385440468788
0.374121844769
0.373261868954
0.365077584982
0.415016233921
0.398535043001
0.364200413227
0.357594937086
0.37091755867
0.365545868874
0.362361341715
0.346100896597
0.366900116205
0.392355650663
0.363624095917
0.371358424425
0.362973362207
0.377858042717
0.377228081226
0.358245074749
0.368692874908
0.361974537373
0.349523067474
0.357626855373
0.344999134541
0.392880916595
0.366628199816
0.353002041578
0.364948242903
0.370237499475
0.35007250309
0.33131274581
0.371046930552
0.364577531815
0.355561256409
0.380050688982
0.342852622271
0.369427263737
0.35718986392
0.365212261677
0.34913918376
0.371025681496
0.389523655176
0.347921460867
