0.692920744419
0.692782461643
0.692658960819
0.692533195019
0.692400753498
0.692267596722
0.69212782383
0.691975712776
0.691820323467
0.691660940647
0.691493630409
0.691318511963
0.691138446331
0.690957248211
0.690772175789
0.690585672855
0.69039529562
0.690201699734
0.690006315708
0.689808011055
0.68960750103
0.689403414726
0.689192593098
0.688977181911
0.688757479191
0.688535451889
0.688308000565
0.688075363636
0.687840282917
0.687600910664
0.687355279922
0.687104165554
0.686849296093
0.686588466167
0.686322689056
0.686051905155
0.685775876045
0.68549144268
0.68519705534
0.68489253521
0.684581160545
0.684263944626
0.683942079544
0.683612585068
0.683275103569
0.682929217815
0.682576417923
0.682215929031
0.681849122047
0.681472241879
0.681086778641
0.68069177866
0.680286705494
0.679874539375
0.679455339909
0.679026305676
0.678584039211
0.678133845329
0.677670657635
0.677195847034
0.676708996296
0.676209151745
0.675700426102
0.675182640553
0.674655914307
0.674119889736
0.673574984074
0.673022627831
0.672461986542
0.671890795231
0.671307504177
0.67070877552
0.670097529888
0.669475257397
0.668838262558
0.668187737465
0.667527794838
0.666856408119
0.66617423296
0.665481686592
0.664778769016
0.664065420628
0.663339734077
0.662601470947
0.661848425865
0.661083459854
0.660307586193
0.659516870975
0.658713459969
0.657890558243
0.657053291798
0.656201779842
0.655332028866
0.65444535017
0.653544604778
0.65263158083
0.651698172092
0.650743424892
0.649772882462
0.648788392544
0.647785842419
0.646767735481
0.645734488964
0.64468473196
0.643616259098
0.642527461052
0.641422629356
0.64029955864
0.639161586761
0.638006150723
0.636839687824
0.635654211044
0.634445250034
0.633215546608
0.631962418556
0.630688905716
0.629390954971
0.628077685833
0.626753151417
0.625409066677
0.624045968056
0.622666537762
0.621265888214
0.619842588902
0.61840236187
0.616944015026
0.615463495255
0.613964796066
0.612439215183
0.610886335373
0.609307050705
0.60771137476
0.606106638908
0.604488909245
0.60284870863
0.601188123226
0.599509477615
0.597813606262
0.596102535725
0.594376683235
0.592629790306
0.590866625309
0.589086413383
0.587289392948
0.585477113724
0.583651781082
0.581808149815
0.579948782921
0.578074932098
0.576184034348
0.574274420738
0.572348594666
0.570406913757
0.568448603153
0.566475570202
0.564485609531
0.562475025654
0.560456871986
0.558421552181
0.556366205215
0.554297685623
0.552211165428
0.55011099577
0.547999560833
0.545879721642
0.543744921684
0.541597962379
0.539436578751
0.5372620821
0.53508067131
0.532891452312
0.530693590641
0.528488397598
0.526273429394
0.524050295353
0.521819770336
0.519580960274
0.517333328724
0.515074729919
0.512805938721
0.510526001453
0.508236527443
0.505938589573
0.503634095192
0.501323282719
0.499008208513
0.496688425541
0.494361996651
0.492029994726
0.489692837
0.487350583076
0.485001981258
0.482651084661
0.48029974103
0.477942079306
0.475581288338
0.473213493824
0.470840036869
0.468467384577
0.466093301773
0.463712692261
0.46132838726
0.458944231272
0.456560075283
0.45417496562
0.451789915562
0.449410229921
0.447035729885
0.444657474756
0.44227746129
0.439895808697
0.437514394522
0.435130745173
0.432747751474
0.430365890265
0.427982717752
0.425598859787
0.423215687275
0.420830070972
0.41844317317
0.416052669287
0.413659960032
0.411269783974
0.408884197474
0.406500607729
0.404129356146
0.401760488749
0.399392664433
0.397027254105
0.394664257765
0.392301976681
0.389943927526
0.387590289116
0.385241985321
0.382901608944
0.380568563938
0.378243893385
0.375927209854
0.373615533113
0.371308684349
0.369011223316
0.366717517376
0.36442553997
0.362127870321
0.359829753637
0.357536762953
0.355253219604
0.352975159883
0.350700348616
0.348432213068
0.346174150705
0.343923836946
0.341672301292
0.339417427778
0.337162792683
0.334915488958
0.332669973373
0.330420225859
0.328177183867
0.325934588909
0.323695123196
0.321463316679
0.31923019886
0.316986680031
0.314741104841
0.312488734722
0.310257732868
0.308045297861
0.305832982063
0.303601235151
0.301380991936
0.299166619778
0.296994864941
0.294848620892
0.292740345001
0.290656477213
0.288597613573
0.286560714245
0.284520179033
0.282495588064
0.28048235178
0.278477996588
0.276482194662
0.274498730898
0.272527784109
0.270568341017
0.268621146679
0.266685903072
0.264763504267
0.262853771448
0.260955303907
0.259069979191
0.257200092077
0.255342960358
0.253499984741
0.251670509577
0.249853700399
0.248049721122
0.246258407831
0.244480609894
0.242717042565
0.24096532166
0.239224627614
0.237498953938
0.23578800261
0.234088376164
0.23240019381
0.230725452304
0.229063510895
0.227413922548
0.225776508451
0.22415395081
0.222543075681
0.2209443748
0.219359576702
0.217787280679
0.216227203608
0.214680463076
0.213146880269
0.211625799537
0.210116833448
0.208620771766
0.207137465477
0.205666258931
0.204207003117
0.202760279179
0.2013258636
0.199903219938
0.198493644595
0.197095602751
0.195709690452
0.194336146116
0.192974120378
0.191625252366
0.190288230777
0.188962593675
0.187649831176
0.186349093914
0.185061305761
0.183782413602
0.182516053319
0.181261494756
0.180017113686
0.178784117103
0.177562385798
0.176351606846
0.1751524508
0.173963904381
0.17278444767
0.171617001295
0.170459806919
0.169312343001
0.168175920844
0.167049020529
0.16593337059
0.16482745111
0.163731023669
0.162643671036
0.161567389965
0.160500496626
0.159443855286
0.158397212625
0.157359719276
0.156332403421
0.155314296484
0.154305905104
0.153305917978
0.152313873172
0.151330560446
0.150356426835
0.149389356375
0.148431718349
0.147481784225
0.146539106965
0.145605415106
0.144680678844
0.143763363361
0.142855599523
0.141955032945
0.141062021255
0.140177845955
0.13930118084
0.138432666659
0.137571752071
0.136718660593
0.135873660445
0.13503561914
0.134206265211
0.133384376764
0.13256894052
0.131761372089
0.130961835384
0.130169153214
0.1293849051
0.128607541323
0.127836599946
0.127073839307
0.12631803751
0.125569269061
0.124826967716
0.124091759324
0.123363077641
0.122641921043
0.121926806867
0.12121771276
0.120516769588
0.119821637869
0.119132295251
0.118450842798
0.117775127292
0.117105320096
0.11644102633
0.115784242749
0.115132540464
0.114486709237
0.113846197724
0.113211840391
0.112584531307
0.111962199211
0.111344963312
0.110734112561
0.110128104687
0.109527163208
0.10893265903
0.108343198895
0.107758328319
0.107180841267
0.106607913971
0.106040105224
0.105476982892
0.104919880629
0.104366898537
0.103820428252
0.103278249502
0.102740414441
0.102207899094
0.101679600775
0.101155847311
0.100636303425
0.100121840835
0.0996113270521
0.099105335772
0.098604567349
0.0981082245708
0.097615711391
0.097128406167
0.0966444909573
0.0961643978953
0.0956886783242
0.0952156558633
0.0947461649776
0.0942802801728
0.0938175842166
0.0933584645391
0.0929034352303
0.0924515798688
0.0920049026608
0.0915615558624
0.0911220982671
0.0906857997179
0.0902523398399
0.0898255780339
0.0894018411636
0.0889816731215
0.0885651931167
0.0881508216262
0.0877406224608
0.0873333662748
0.0869286209345
0.0865277796984
0.0861298292875
0.0857352092862
0.0853437110782
0.0849557295442
0.0845704600215
0.0841876715422
0.0838073939085
0.083430185914
0.0830561295152
0.0826845988631
0.0823157727718
0.0819498971105
0.0815867185593
0.0812264680862
0.0808688029647
0.0805140063167
0.0801621973515
0.0798127353191
0.0794659480453
0.0791218355298
0.0787801072001
0.0784409716725
0.0781046897173
0.0777703002095
0.0774385854602
0.0771093666553
0.0767822787166
0.0764579474926
0.0761359035969
0.0758161470294
0.07549880445
0.0751835256815
0.0748701915145
0.0745598226786
0.0742510929704
0.0739453658462
0.0736412256956
0.0733382701874
0.0730383843184
0.0727401524782
0.0724447071552
0.0721505582333
0.0718585327268
0.0715688616037
0.0712806433439
0.0709938704967
0.0707096680999
0.0704272836447
0.0701462700963
0.0698672831059
0.0695903897285
0.0693147778511
0.0690411776304
0.0687691867352
0.0684988722205
0.0682303458452
0.0679636672139
0.067698687315
0.0674350634217
0.0671735405922
0.0669124796987
0.066655062139
0.0663978233933
0.06614176929
0.0658884570003
0.0656362101436
0.0653836801648
0.0651327818632
0.0648830533028
0.0646344870329
0.0643868595362
0.0641407370567
0.0638953074813
0.0636516734958
0.0634098351002
0.063160404563
0.0629107728601
0.0626614168286
0.0624136589468
0.0621649734676
0.061919786036
0.0616756118834
0.0614181607962
0.0611070506275
0.0607807300985
0.0604374669492
0.0600884072483
0.059748031199
0.0594435073435
0.0591780878603
0.0589297488332
0.0586314424872
0.0583471357822
0.0580797120929
0.0578191950917
0.0575738959014
0.0573449023068
0.0571216158569
0.0569035559893
0.0566896796227
0.056473556906
0.0562544688582
0.0560349859297
0.0558145418763
0.0555947981775
0.0553751438856
0.0551569387317
0.054941162467
0.0547273494303
0.0545144490898
0.0543038845062
0.054095569998
0.0538890473545
0.0536840893328
0.0534808374941
0.0532798394561
0.0530823469162
0.0528860799968
0.0526914224029
0.0524976626039
0.0523047484457
0.0521132461727
0.0519236065447
0.0517354533076
0.0515479892492
0.0513605289161
0.051173273474
0.0509874150157
0.0508036576211
0.0506208762527
0.0504386164248
0.0502575486898
0.0500773191452
0.0498982295394
0.0497200116515
0.0495415851474
0.0493642576039
0.0491887629032
0.049015276134
0.0488423742354
0.0486707054079
0.0485004335642
0.0483327768743
0.048165269196
0.0479979813099
0.0478312522173
0.0476659946144
0.047501694411
0.0473376102746
0.0471738763154
0.0470116212964
0.0468503162265
0.0466897375882
0.0465297140181
0.0463709011674
0.0462133772671
0.0460565164685
0.0459002815187
0.0457447841763
0.0455908626318
0.045437593013
0.0452846288681
0.0451330728829
0.0449820160866
0.0448317825794
0.0446828640997
0.0445346571505
0.0443877056241
0.0442403554916
0.0440938919783
0.0439479500055
0.0438028797507
0.0436586327851
0.0435155779123
0.043372489512
0.0432301871479
0.0430887453258
0.0429476127028
0.0428072921932
0.0426674298942
0.0425285249949
0.0423904135823
0.0422525405884
0.0421149544418
0.0419781692326
0.0418420806527
0.0417068302631
0.0415721163154
0.0414380766451
0.0413040816784
0.041170861572
0.0410378985107
0.0409057326615
0.0407734140754
0.0406430400908
0.0405122041702
0.04038156569
0.0402519144118
0.0401239469647
0.0399934388697
0.0398652106524
0.0397372283041
0.0396088398993
0.0394821204245
0.0393551290035
0.0392264351249
0.0390927195549
0.0389607623219
0.0388278700411
0.0386915132403
0.0385540388525
0.0384186990559
0.0382817722857
0.0381433814764
0.0380073376
0.0378699712455
0.0377309024334
0.0375917963684
0.0374548211694
0.0373163446784
0.0371794067323
0.0370431467891
0.0369062907994
0.0367696844041
0.0366346649826
0.0364996641874
0.0363633558154
0.0362287759781
0.0360949039459
0.035960957408
0.0358276106417
0.0356950499117
0.0355623438954
0.0354304239154
0.0352994389832
0.0351690389216
0.0350386239588
0.0349083095789
0.0347787253559
0.0346492379904
0.0345202162862
0.0343913175166
0.0342632643878
0.0341348610818
0.0340066812932
0.0338788814843
0.0337513051927
0.0336229726672
0.0334786102176
0.0333332978189
0.0331859849393
0.0330377146602
0.0328888967633
0.0327373147011
0.0325725525618
0.0323824100196
0.0321922898293
0.0319965817034
0.0317951776087
0.0315906368196
0.031387578696
0.0311882738024
0.0309888869524
0.0307858753949
0.0305892564356
0.0303841494024
0.0301685724407
0.0299507137388
0.029725048691
0.0294919796288
0.0292590744793
0.0290305484086
0.0288047809154
0.0285774227232
0.0283514931798
0.0281294900924
0.0279128719121
0.027697565034
0.0274864919484
0.0272812768817
0.0270826686174
0.0268910359591
0.0267004463822
0.0265126153827
0.0263298079371
0.026149854064
0.0259709637612
0.0257939845324
0.0256200041622
0.025447646156
0.025276158005
0.0251063276082
0.0249380096793
0.0247706416994
0.0246047601104
0.024440260604
0.0242773704231
0.0241157580167
0.023955700919
0.0237962342799
0.0236395001411
0.0234833173454
0.0233281832188
0.0231744609773
0.0230217743665
0.022869721055
0.0227215085179
0.0225707031786
0.0224237442017
0.0222765151411
0.0221303924918
0.0219857096672
0.0218426212668
0.0217005405575
0.0215590894222
0.0214190036058
0.0212799999863
0.0211417693645
0.0210046414286
0.020868524909
0.0207333061844
0.0205989517272
0.0204661022872
0.0203347485512
0.0202040951699
0.0200738441199
0.0199444312602
0.0198159478605
0.0196881946176
0.0195641070604
