0.711824536324
0.712262630463
0.713126718998
0.707755208015
0.706511318684
0.70407640934
0.700279295444
0.705392956734
0.715242803097
0.697998642921
0.71687078476
0.707093894482
0.71279746294
0.705914020538
0.704813957214
0.69859367609
0.702697813511
0.702649652958
0.70656144619
0.706510007381
0.712144136429
0.697391867638
0.698388695717
0.70362174511
0.69810372591
0.697279930115
0.701958060265
0.703626394272
0.688898921013
0.709668338299
0.695128381252
0.703118145466
0.689689695835
0.702844262123
0.687335789204
0.692651808262
0.690181434155
0.702544152737
0.692547142506
0.695106744766
0.68862336874
0.693886935711
0.6975492239
0.701177358627
0.690131366253
0.700195550919
0.693788230419
0.695658743382
0.697099328041
0.697162091732
