0.696953594685
0.697978079319
0.693848192692
0.691268563271
0.685096263885
0.702146649361
0.696693599224
0.685288906097
0.689194440842
0.679785251617
0.687567949295
0.673977315426
0.681681871414
0.680057406425
0.686075508595
0.680170953274
0.684820711613
0.687678694725
0.673312425613
0.67839795351
0.685663044453
0.686423182487
0.683367013931
0.687631607056
0.685454010963
0.667591571808
0.692737162113
0.671382248402
0.673868179321
0.669523239136
0.681995093822
0.675024926662
0.685353934765
0.669670164585
0.664902150631
0.674544632435
0.675343036652
0.685285687447
0.676553547382
0.67646753788
0.675914049149
0.669667780399
0.677878260612
0.669568002224
0.680256485939
0.67248493433
0.675623297691
0.68991112709
0.660304129124
0.663021206856
0.673304200172
0.66613060236
0.662681460381
0.686008751392
0.662680864334
0.673387169838
0.666279554367
0.688629984856
0.66360604763
0.658360004425
0.664886116982
0.660466015339
0.655556738377
0.681839108467
0.674488186836
0.649318039417
0.656655371189
0.655404090881
0.667463183403
0.682473480701
0.658595263958
0.702701568604
0.672386646271
0.654497981071
0.658308684826
0.66291987896
0.653288066387
0.658181846142
0.645069777966
0.663756132126
0.670638084412
0.665590703487
0.670624673367
0.658074975014
0.663270652294
0.6393674016
0.64278793335
0.669381558895
0.669511914253
0.658578574657
0.637688338757
0.665171861649
0.676772534847
0.637430727482
0.661093831062
0.631149232388
0.638410151005
0.665745675564
0.65243768692
0.657695353031
0.67501950264
0.66231405735
0.656338870525
0.651725053787
0.645966470242
0.656939685345
0.657003164291
0.656895339489
0.66201633215
0.674878537655
0.644775688648
0.640961050987
0.653734147549
0.64110481739
0.660058796406
0.642419219017
0.660805881023
0.642952799797
0.640669822693
0.62937605381
0.640242576599
0.651800215244
0.634913384914
0.657928466797
0.66666662693
0.657813310623
0.672197878361
0.625357449055
0.657844781876
0.640359282494
0.651013553143
0.611107885838
0.643328905106
0.627240419388
0.666547060013
0.632819890976
0.674531757832
0.664907336235
0.636373221874
0.668963193893
0.621549785137
0.671081602573
0.614462137222
0.641294181347
0.631673812866
0.628813385963
0.643464922905
0.652630627155
0.617633640766
0.634617209435
0.654948174953
0.640527784824
0.611846148968
0.643549859524
0.636807203293
0.657839894295
0.644220888615
0.660516679287
0.633455455303
0.647036910057
0.639353990555
0.633171617985
0.631275773048
0.629227697849
0.639524519444
0.636169314384
0.67479634285
0.652946591377
0.623504757881
0.639892697334
0.613825500011
0.625477850437
0.615772128105
0.644374847412
0.667086958885
0.639814376831
0.619955718517
0.624012589455
0.617385327816
0.620094060898
0.596674084663
0.623694121838
0.608478486538
0.604181885719
0.639293372631
0.61290615797
0.63134086132
0.634486079216
0.614817261696
0.62662768364
0.608103454113
0.663614869118
0.626720547676
0.653266489506
0.61981844902
0.657539844513
0.635689914227
0.644275963306
0.628704965115
0.632933557034
0.653151512146
0.625039577484
0.632966816425
0.616747796535
0.601091265678
0.627079069614
0.618825554848
0.636028110981
0.656102776527
0.621500730515
0.636238634586
0.624536573887
0.638068675995
0.624031603336
0.618653655052
0.603609621525
0.625616312027
0.628403365612
0.623843252659
0.640509843826
0.662414252758
0.664876520634
0.609068632126
0.624835669994
0.601218223572
0.606150388718
0.637312293053
0.670244932175
0.636402130127
0.630667626858
0.63398706913
0.614063620567
0.635232031345
0.601534724236
0.622285664082
0.622383832932
0.619229137897
0.639655053616
0.650974452496
0.638507604599
0.627626717091
0.626052260399
0.584255039692
0.613137245178
0.660304069519
0.582924723625
0.643119037151
0.596719443798
0.657462835312
0.638770282269
0.605775475502
0.624892532825
0.604913711548
0.650095880032
0.623254299164
0.629927039146
0.647545695305
0.575025856495
0.606514811516
0.590031325817
0.656218290329
0.636212706566
0.621106207371
0.635599195957
0.621861577034
0.634342849255
0.626887977123
0.611124873161
0.62014824152
0.573565900326
0.607804596424
0.596534669399
0.617778301239
0.613445878029
0.633008122444
0.602530479431
0.627869963646
0.619524002075
0.593795120716
0.610134601593
0.594736218452
0.64119976759
0.590403854847
0.683846235275
0.599135458469
0.651660442352
0.63688993454
0.598932504654
0.611482441425
0.60731613636
0.604770243168
0.654429197311
0.596973001957
0.65598487854
0.598711013794
0.648537933826
0.632068991661
0.612869501114
0.654618144035
0.634176492691
0.603122711182
0.622874259949
0.595014929771
0.630159854889
0.654994606972
0.642385959625
0.64173835516
0.62362498045
0.63652330637
0.635739684105
0.625624597073
0.619740664959
0.623966217041
0.611669361591
0.624471664429
0.600472211838
0.632086992264
0.637908875942
0.623065888882
0.643215954304
0.629145801067
0.600860834122
0.637319803238
0.628171026707
0.627280950546
0.587901175022
0.610949158669
0.593984901905
0.628712296486
0.620152592659
0.639102220535
0.601826012135
0.603651285172
0.633514344692
0.606341302395
0.645645976067
0.620556235313
0.60779851675
0.624801874161
0.626038134098
0.62158703804
0.645350158215
0.642977237701
0.615639984608
0.650614798069
0.59515029192
0.618966758251
0.60721218586
0.580058157444
0.622912287712
0.634884893894
0.641665697098
0.607778429985
0.613788127899
0.59696239233
0.576649129391
0.626141428947
0.667598307133
0.617704987526
0.636334300041
0.63376134634
0.632262766361
0.645490527153
0.645909130573
0.607391953468
0.618581175804
0.604449808598
0.627401530743
0.625362634659
0.649756133556
0.609326541424
0.595390200615
0.618747532368
0.617333650589
0.635897278786
0.612954974174
0.61201775074
0.609640777111
0.611209928989
0.646792292595
0.640050590038
0.648123860359
0.638319015503
0.57183098793
0.635954797268
0.633565068245
0.628575623035
0.616126179695
0.61267131567
0.622107923031
0.599313855171
0.603449821472
0.598950088024
0.616017878056
0.596587002277
0.625544548035
0.629424154758
0.618497014046
0.618924558163
0.603684008121
0.607614934444
0.61719763279
0.611020624638
0.648204088211
0.623953998089
0.626803040504
0.611261308193
0.614194989204
0.639606297016
0.609170854092
0.642694413662
0.60508364439
0.59094697237
0.607618391514
0.617741465569
0.652961015701
0.613261401653
0.634504795074
0.657855510712
0.673961162567
0.626669406891
0.610863506794
0.626714885235
0.598419904709
0.619766235352
0.600725293159
0.606619536877
0.598116397858
0.629676043987
0.598167061806
0.638083279133
0.635284781456
0.619799733162
0.620782613754
0.613295972347
0.626735806465
0.603159666061
0.605624735355
0.640294194221
0.633981704712
0.634838223457
0.65899091959
0.607324838638
0.59043610096
0.61103695631
0.607552051544
0.575831234455
0.613631248474
0.623988747597
0.637655735016
0.601888358593
0.601449131966
0.617142081261
0.65859913826
0.57789170742
0.600413024426
0.645212113857
0.607891619205
0.62361651659
0.617896616459
0.634920597076
0.592326760292
0.61421495676
0.603960514069
0.620796263218
0.621818304062
0.588273942471
0.610939502716
0.610523819923
0.624383091927
0.636080265045
0.623148202896
0.610373198986
0.605488240719
0.616887807846
0.595112860203
0.645947933197
0.626457095146
0.621712863445
0.619744598866
0.597857654095
0.643927872181
0.590080440044
0.595608472824
0.589239358902
0.62674254179
0.618954777718
0.610742092133
0.614641904831
0.627758026123
0.633136332035
0.637814283371
0.57686984539
0.619249284267
0.573542237282
0.594135701656
0.636378288269
0.647400915623
0.614315211773
0.631272017956
0.606716871262
0.62394630909
0.622605800629
0.595094978809
0.633857786655
0.58683347702
0.625396728516
0.60823816061
0.593346953392
0.55266815424
0.640472352505
0.61498606205
0.596348524094
0.64296233654
0.639338970184
0.633674860001
0.569465577602
0.612012326717
0.583937942982
0.611620187759
0.630567729473
0.60982644558
0.637812495232
0.587461650372
0.596616864204
0.588913857937
0.611891627312
0.606550872326
0.638862133026
0.617173969746
0.591900110245
0.632198214531
0.570277154446
0.616384387016
0.573954820633
0.621809959412
0.606666624546
0.657619357109
0.597792029381
0.617952346802
0.616298556328
0.584664404392
0.625558257103
0.608314037323
0.639965772629
0.619694828987
0.626723885536
0.625928282738
0.626307189465
0.639116585255
0.638794541359
0.626639604568
0.594638049603
0.603343248367
0.611025452614
0.627429544926
0.626657605171
0.613563597202
0.645256698132
0.611648499966
0.626035392284
0.615629434586
0.584837794304
0.619375646114
0.608502745628
0.597412765026
0.639783263206
0.657526016235
0.593229174614
0.625148713589
0.579289257526
0.649380028248
0.606087088585
0.629330694675
0.60432446003
0.662036895752
0.594570457935
0.633950948715
0.611309766769
0.66557097435
0.59695994854
0.610320389271
0.633869886398
0.611900746822
0.616861402988
0.616755843163
0.595266819
0.621908664703
0.570787906647
0.624839127064
0.621390640736
0.645395994186
0.613790392876
0.606658875942
0.608252346516
0.587707161903
0.590676903725
0.605580449104
0.594900906086
0.584298193455
