0.693549692631
0.692394852638
0.69202119112
0.692004084587
0.691883862019
0.69225525856
0.691793978214
0.691999316216
0.691462993622
0.69212436676
0.691457331181
0.691337227821
0.691061615944
0.691175341606
0.69073164463
0.69174683094
0.690602660179
0.690695762634
0.690077006817
0.690102994442
0.690329432487
0.689310073853
0.690059661865
0.689157485962
0.689311087132
0.689468741417
0.688922584057
0.688981235027
0.689297258854
0.688484668732
0.688435614109
0.688114345074
0.688568234444
0.688460350037
0.68778026104
0.687905013561
0.687225937843
0.687058150768
0.686644375324
0.686870753765
0.686124324799
0.68685400486
0.685879051685
0.68567442894
0.68504267931
0.685078978539
0.684585273266
0.684508979321
0.684983730316
0.683877885342
0.6846113801
0.684723496437
0.683428525925
0.683802902699
0.682520270348
0.683047115803
0.682543516159
0.681391894817
0.681598484516
0.681213438511
0.680031776428
0.680807411671
0.680366396904
0.680153667927
0.679718673229
0.678661823273
0.678625583649
0.678824603558
0.678404569626
0.677763700485
0.676661968231
0.675941586494
0.677212655544
0.676255583763
0.676001548767
0.675007581711
0.675569474697
0.674341142178
0.674871385098
0.673839151859
0.673107624054
0.673666536808
0.672823369503
0.673181533813
0.672755420208
0.670835494995
0.671596467495
0.670726656914
0.670923888683
0.669694840908
0.669730305672
0.668585658073
0.667804837227
0.668478310108
0.667112410069
0.666901230812
0.66652405262
0.666262686253
0.666785776615
0.665088057518
0.664024293423
0.664227306843
0.663535356522
0.663619279861
0.663380980492
0.663431227207
0.66186273098
0.662089109421
0.661027431488
0.660414814949
0.66014122963
0.658648133278
0.659488201141
0.659195303917
0.658569335938
0.656813025475
0.657529234886
0.65965038538
0.65650254488
0.656985104084
0.656201243401
0.656440556049
0.655090630054
0.65411478281
0.654433310032
0.654623627663
0.652802109718
0.652789235115
0.652235984802
0.652968168259
0.652583956718
0.650096595287
0.650602996349
0.65031170845
0.648168206215
0.648553788662
0.648310720921
0.648367226124
0.646281778812
0.647296607494
0.647523880005
0.64704978466
0.644927680492
0.645363092422
0.645446836948
0.645922243595
0.643911421299
0.642926752567
0.642917096615
0.640983939171
0.641279995441
0.639823138714
0.640032291412
0.63953524828
0.640725553036
0.638615429401
0.640621960163
0.638863325119
0.637900173664
0.637883603573
0.636194586754
0.636615931988
0.634675621986
0.637156248093
0.635188102722
0.635087549686
0.633096754551
0.632894456387
0.633639216423
0.63188791275
0.630685031414
0.631340265274
0.631572425365
0.631404995918
0.630293309689
0.631527423859
0.62992477417
0.62768226862
0.628818392754
0.627393722534
0.627046883106
0.626921713352
0.624949514866
0.627669751644
0.625597417355
0.623042166233
0.624226093292
0.625499367714
0.623594045639
0.622833907604
0.621574997902
0.623809576035
0.620319128036
0.621290504932
0.621053278446
0.619214117527
0.618124604225
0.621509552002
0.620625317097
0.61737537384
0.618763327599
0.616698265076
0.617264151573
0.616668403149
0.618074595928
0.614893257618
0.615819633007
0.614476621151
0.61203789711
0.615140318871
0.612407982349
0.612805724144
0.611862838268
0.612286150455
0.611711800098
0.611290872097
0.608694434166
0.609063506126
0.610126614571
0.6083984375
0.608679711819
0.608683526516
0.608377039433
0.606765806675
0.604323267937
0.604066252708
0.60642772913
0.606250822544
0.603647470474
0.604892134666
0.602631390095
0.604078829288
0.603244364262
0.603343248367
0.599807858467
0.602971434593
0.599941194057
0.602721571922
0.600269138813
0.598003983498
0.598401844501
0.597714841366
0.597964525223
0.596495747566
0.596966505051
0.59905320406
0.596224367619
0.595185279846
0.593198359013
0.594931304455
0.594878613949
0.592229127884
0.589641273022
0.592248916626
0.591685652733
0.590310513973
0.592654824257
0.591081976891
0.591306746006
0.591025471687
0.589809536934
0.588434636593
0.589533925056
0.58955425024
0.585450768471
0.588260948658
0.587438464165
0.582616448402
0.58636713028
0.585415184498
0.583017647266
0.582960426807
0.583003520966
0.581536829472
0.582124710083
0.582049429417
0.579769015312
0.580328941345
0.581103682518
0.579318404198
0.578655660152
0.579155981541
0.581640124321
0.575908780098
0.578458368778
0.578553795815
0.577451467514
0.576217114925
0.577343404293
0.575992941856
0.574100077152
0.575330257416
0.5756752491
0.574169099331
0.575846910477
0.574630856514
0.573724806309
0.572611570358
0.571126282215
0.568886756897
0.570258677006
0.57056003809
0.567786335945
0.565369069576
0.568329691887
0.568878531456
0.567437767982
0.567576706409
0.56627291441
0.567341327667
0.567904829979
0.566013455391
0.563833296299
0.565583586693
0.562073469162
0.56531971693
0.563595950603
0.562053918839
0.560735881329
0.56237411499
0.559782981873
0.558191776276
0.55862313509
0.55907189846
0.561752200127
0.556145071983
0.555463254452
0.558570384979
0.556010603905
0.55663383007
0.560272753239
0.556298553944
0.555217921734
0.556167304516
0.552543580532
0.552619218826
0.557401061058
0.552014529705
0.547811210155
0.553275406361
0.555302619934
0.551979780197
0.547991812229
0.547702014446
0.546738982201
0.547334969044
0.550458967686
0.54651081562
0.546432852745
0.547626376152
0.544313430786
0.548370242119
0.546914160252
0.547434568405
0.545885682106
0.542860388756
0.544371962547
0.544711470604
0.540764987469
0.543721199036
0.541212558746
0.540872514248
0.541619420052
0.537905156612
0.539354324341
0.53797185421
0.538362145424
0.537183940411
0.538367390633
0.532655417919
0.534499168396
0.537623405457
0.537719845772
0.534401834011
0.537612617016
0.536795914173
0.537563025951
0.535531103611
0.529929995537
0.532854557037
0.529903948307
0.533581852913
0.528307616711
0.528793156147
0.528994739056
0.531250536442
0.526893794537
0.529284417629
0.533041775227
0.528334081173
0.526197314262
0.526914775372
0.527927815914
0.525224864483
0.528064966202
0.52197176218
0.524550259113
0.52567332983
0.527211606503
0.523392617702
0.517865478992
0.526837289333
0.523477196693
0.520333111286
0.525377392769
0.519678533077
0.517834544182
0.52000015974
0.519961416721
0.520761966705
0.516024649143
0.518179535866
0.518806934357
0.522911310196
0.518865644932
0.51290255785
0.515009939671
0.511866211891
0.511038899422
0.516420602798
0.51596724987
0.511305868626
0.514074146748
0.508777499199
0.512878537178
0.506222307682
0.511338591576
0.516208052635
0.510444223881
0.508268654346
0.507652640343
0.509126484394
0.506556093693
0.508478760719
0.504699230194
0.507623791695
0.505482494831
0.504224896431
0.500900328159
0.504513919353
0.503198087215
0.509648442268
0.504612028599
0.502098441124
0.501645863056
0.502651810646
0.50562953949
0.502250134945
0.497221440077
0.495246082544
0.495563566685
0.496061980724
0.500393807888
0.500284790993
0.496647447348
0.497212320566
0.492330938578
0.496758431196
0.491302073002
0.493859350681
0.494233638048
0.49476698041
0.489765375853
0.491050302982
0.497536927462
0.491885155439
0.496536463499
0.488823056221
0.491835296154
0.48993486166
0.489526599646
0.484440654516
0.486851155758
0.48394048214
0.484603375196
0.491827994585
0.49251934886
0.491675704718
0.489148318768
0.484065443277
0.483163297176
0.487796604633
0.477485209703
0.485222041607
0.483573168516
0.482240617275
0.480977356434
0.48092725873
0.478012979031
0.479841649532
0.479426831007
0.479229539633
0.476948410273
0.480621337891
0.48000100255
0.478266209364
0.476459294558
0.480787485838
0.47014144063
0.473708897829
0.472280621529
0.47383788228
0.472368568182
0.472748994827
0.473427146673
0.473942667246
0.471367001534
0.471962869167
0.47445961833
0.472541689873
0.467032313347
0.466206133366
0.469997227192
0.475025445223
0.469864934683
0.466177791357
0.462226986885
0.467395395041
0.467592567205
0.469332963228
0.463898718357
0.46464446187
0.465317070484
0.469529002905
0.463091403246
0.46539285779
0.467215120792
0.467322558165
0.458625346422
0.459012389183
0.464394330978
0.458953797817
0.464280813932
0.461067169905
0.458546698093
0.460478782654
0.459390997887
0.461412966251
0.461612164974
0.459214657545
0.460014343262
0.458053320646
0.457802772522
0.453043788671
0.453871130943
0.451341569424
0.452475190163
0.456090897322
0.453179627657
0.449653357267
0.446801304817
0.449893593788
0.450430303812
0.446311026812
0.451337188482
0.446473121643
0.445675373077
0.447750419378
0.448921471834
0.450978457928
0.447247177362
0.4447093606
0.45020544529
0.448300242424
0.444370180368
0.442445605993
0.446591407061
0.443656802177
0.441413134336
0.43493026495
0.442977309227
0.441109031439
0.441165804863
0.445892751217
0.440132409334
0.434295088053
0.436891496181
0.434320658445
0.437648415565
0.441702634096
0.440270185471
0.437185198069
0.434260070324
0.436741352081
0.437282651663
0.438057720661
0.437875449657
0.435530900955
0.431977123022
0.434374988079
0.43683001399
0.434642523527
0.425050228834
0.431690722704
0.434891194105
0.432224690914
0.434052705765
0.433304786682
0.429731637239
0.428318440914
0.426020741463
0.427650749683
0.426395475864
0.422160089016
0.425850629807
0.426748484373
0.42937964201
0.424258232117
0.425525277853
0.432167410851
0.425952702761
0.422904610634
0.426585167646
0.423743337393
0.419496744871
0.418703764677
0.419217884541
0.42073392868
0.418343663216
0.417383223772
0.414377272129
0.424027085304
0.41557264328
0.418428450823
0.418464004993
0.419701546431
0.417582899332
0.418030977249
0.409614920616
0.41298687458
0.412617385387
0.414042770863
0.414231270552
0.418469101191
0.414651304483
0.412799715996
0.414571970701
0.414757937193
0.413059711456
0.404055148363
0.418523639441
0.414743304253
0.408715218306
0.40958198905
0.407363951206
0.404383301735
0.402872830629
0.406873166561
0.406843572855
0.409327745438
0.40571397543
0.406547963619
0.399771571159
0.399461388588
0.401645153761
0.404584944248
0.401392668486
0.405394643545
0.401807427406
0.406824737787
0.399220138788
0.404189288616
0.398408085108
0.397859215736
0.39579564333
0.395025014877
0.402833133936
0.396626830101
0.401556015015
0.393879592419
0.394712209702
0.390208393335
0.396811574697
0.398458749056
0.392581701279
0.38940384984
0.394637554884
0.393108695745
0.393026202917
0.389676749706
0.396328955889
0.391292750835
0.394585102797
0.390794843435
0.395431578159
0.390408337116
0.389327943325
0.387407392263
0.387825191021
0.391042798758
0.390592873096
0.386111736298
0.383947789669
0.38761138916
0.384124457836
0.38716468215
0.38377276063
0.388159543276
0.385983198881
0.38043153286
0.380763530731
0.379445821047
0.381974220276
0.385273039341
0.377290308475
0.381548851728
0.381594955921
0.377403825521
0.387551724911
0.383390128613
0.37968480587
0.376319527626
0.380145460367
0.377605766058
0.378661751747
0.375294446945
0.370616644621
0.378395706415
0.374354332685
0.37326452136
0.376387447119
0.375828772783
0.37447398901
0.365422010422
0.377206116915
0.374636530876
0.368193387985
0.368643552065
0.368935197592
0.367282092571
0.370672345161
0.370592951775
0.37199395895
0.365374386311
0.370558798313
0.363950788975
0.372829705477
0.369824826717
0.367904603481
0.372925251722
0.36556994915
0.365756452084
0.365546762943
0.359759628773
0.363364249468
0.363730877638
0.366641610861
0.362381488085
0.361415952444
0.363289237022
0.356237351894
0.354059696198
0.368897736073
0.354373842478
0.354495674372
0.359313100576
0.360382884741
0.353316456079
0.363814800978
0.360148221254
0.348533630371
0.357112616301
0.355834633112
0.356958329678
0.360618323088
0.357531636953
0.359978288412
0.358581751585
0.354717344046
0.3517177701
0.357560604811
0.359894096851
0.349101364613
0.35243421793
0.352733254433
0.351592421532
0.349710166454
0.344277381897
0.346795380116
0.35459959507
0.344135761261
0.351539731026
0.34583568573
0.349667161703
0.345055639744
0.353308260441
0.345720618963
0.342285901308
0.342228353024
0.345111072063
0.344235390425
0.343726992607
0.347129106522
0.345518827438
0.339431196451
0.334423094988
0.350219935179
0.340348958969
0.339057773352
0.34567669034
0.339682817459
0.34470397234
0.342489928007
0.334519922733
0.337676823139
0.337435275316
0.333404481411
0.33358296752
0.338134616613
0.339365810156
0.330321222544
0.334733515978
0.337579160929
0.336111724377
0.336301028728
0.333561331034
0.3413233459
0.335165321827
0.341738849878
0.336549401283
0.335433214903
0.332325816154
0.33067637682
0.330379456282
0.335771262646
0.33660364151
0.325543671846
0.327557593584
0.333692073822
0.322477191687
0.329957395792
0.32217875123
0.326170682907
0.328143000603
0.323280453682
0.326974481344
0.322738081217
0.332657724619
0.326761841774
0.335402876139
0.323485523462
0.321299672127
0.319069117308
0.328553050756
0.321418941021
0.320166230202
0.327843874693
0.326130121946
0.319315165281
0.325955152512
0.322619467974
0.326006025076
0.323862701654
0.320356011391
0.32305419445
0.314743220806
0.321078300476
0.319422096014
0.321716099977
0.317511796951
0.312401473522
0.31201800704
0.318260520697
0.319626510143
0.314070731401
0.31419017911
0.308279037476
0.314500540495
0.310342401266
0.305162072182
0.31704467535
0.308013945818
0.315596967936
0.314998269081
0.313183754683
0.309941709042
0.315337538719
0.310980379581
0.317771136761
0.311377614737
0.316328167915
0.310066491365
0.308413147926
0.305682361126
0.305268853903
0.308779805899
0.305142700672
0.306496083736
0.311433792114
0.306197106838
0.313201874495
0.305360972881
0.305571466684
0.297481656075
0.29910966754
0.301581561565
0.303817272186
0.295225203037
0.304159909487
0.303009063005
0.296958982944
0.298435896635
0.303999811411
0.295171529055
0.299881875515
0.303134053946
0.298646777868
0.296460151672
0.28565326333
0.291835516691
0.296320617199
0.298912167549
0.292919933796
0.293899804354
0.298455834389
0.298824489117
0.299911677837
0.302581459284
0.293956518173
0.292436212301
0.303094834089
0.29438200593
0.291981995106
0.289525032043
0.289312779903
0.29296708107
0.289526462555
0.292878329754
0.293982356787
0.294142842293
0.289736837149
0.285357356071
0.285990417004
0.290387362242
0.298238128424
0.293341755867
0.291561752558
0.283054798841
0.289066523314
0.291939079762
0.284789115191
0.283895462751
0.276307463646
0.287266105413
0.283544898033
0.280982196331
0.28764423728
0.280916154385
0.286074638367
0.282922744751
0.285914868116
0.280603051186
0.284047037363
0.2804453969
0.28474676609
0.282050579786
0.28293710947
0.275695234537
0.279829412699
0.281178832054
0.277384281158
0.276032596827
0.275822281837
0.276454687119
0.278282493353
0.274819999933
0.282586246729
0.275658726692
0.284724652767
0.274410307407
0.277906864882
0.286164164543
0.282904654741
0.281958818436
0.279744565487
0.278663694859
0.273079097271
0.273018211126
0.283099621534
0.271580189466
0.280718654394
0.284012258053
0.281304180622
0.276711463928
0.280244112015
0.286591827869
0.284066557884
0.275157868862
0.276629835367
0.279118418694
0.284484148026
0.278126597404
0.279964476824
0.275922626257
0.275110989809
0.273900836706
0.27941146493
0.278430014849
0.276723116636
0.282227605581
0.278871327639
0.277758955956
0.26767167449
0.273711591959
0.268753141165
0.271943986416
0.2828553617
0.279482871294
0.272319585085
0.279216945171
0.280462235212
0.278096556664
0.283490687609
0.278375685215
0.283005565405
0.273325711489
0.278787881136
0.274529516697
0.276426523924
0.282192528248
0.281500011683
0.283736914396
0.277277231216
0.277771919966
0.271321207285
0.272490501404
0.276862680912
0.27731013298
0.275267839432
0.280609428883
0.276083439589
0.277432739735
0.272706896067
0.273684799671
0.270454198122
0.273215442896
0.277339577675
0.278647392988
0.279457986355
0.269839733839
0.281845748425
0.277385979891
0.278937339783
0.274913519621
0.272730797529
0.284709751606
0.275407880545
0.278591364622
0.276698440313
0.274870216846
0.268468856812
0.273355931044
0.278979480267
0.277982831001
0.274975627661
0.280870705843
0.278771042824
0.274119406939
0.267859488726
0.272922188044
0.279098331928
0.273889034986
0.275218546391
0.281561464071
0.275186061859
0.278985232115
0.268121868372
0.2699200809
0.278260231018
0.279883503914
0.274253576994
0.27824062109
0.276854366064
0.276474922895
0.278674304485
0.284163206816
0.268779277802
0.271799296141
0.271431744099
0.275653988123
0.27517592907
0.27677616477
0.273634374142
0.281150966883
0.278233110905
0.276006042957
0.277289777994
0.27469727397
0.271299213171
0.271909922361
0.277220904827
0.271815001965
0.275768488646
0.27738520503
0.276691645384
0.281016379595
0.273968756199
0.283309489489
0.273847669363
0.268072634935
0.277585446835
0.274706214666
0.2754997015
0.272374123335
0.272371053696
0.283776253462
0.272223085165
0.271791309118
0.277748227119
0.274943739176
0.274205327034
0.273192852736
0.280178129673
0.272636443377
0.277096807957
0.27329865098
0.27583578229
0.263933628798
0.272469639778
0.269707620144
0.263723999262
0.274271041155
0.267603307962
0.272986412048
0.27223020792
0.276950120926
0.272520005703
0.272533148527
0.281931132078
0.265029042959
0.277979493141
0.274202823639
0.278192549944
0.281944930553
0.270274013281
0.275363445282
0.270292818546
0.275000810623
0.266749411821
0.272411257029
0.273609638214
0.270857214928
0.266065359116
0.276886343956
0.272134035826
0.268660902977
0.27824524045
0.274006962776
0.276114672422
0.272050559521
0.270824670792
0.272065550089
0.271835833788
0.268016636372
0.279269039631
0.274745941162
0.27156534791
0.275124162436
0.274318754673
0.272557765245
0.274590462446
0.263429135084
0.26841801405
0.271246671677
0.274820268154
0.272856295109
0.284714102745
0.274256616831
0.270900934935
0.276356548071
0.273925662041
0.269407361746
0.273718029261
0.272305727005
0.269247204065
0.273139148951
0.278868377209
0.273549646139
0.270421773195
0.273304671049
0.272534668446
0.268780767918
0.266102701426
0.273849010468
0.278414666653
0.2718719244
0.269110828638
0.275571972132
0.265005707741
0.273476958275
0.272163301706
0.271328896284
0.279147773981
0.272866547108
0.276980519295
0.26983460784
0.268709570169
0.276670902967
0.270382106304
0.267983436584
