0.693553566933
0.693108975887
0.692942857742
0.692702293396
0.692622661591
0.69231569767
0.692115306854
0.692026674747
0.691805779934
0.691703617573
0.691615760326
0.691577017307
0.691419780254
0.691118836403
0.691066265106
0.690804243088
0.690799415112
0.690542280674
0.69044393301
0.690057396889
0.690163433552
0.689954161644
0.689802885056
0.689763963223
0.689518094063
0.689251065254
0.689315259457
0.688769996166
0.689002275467
0.688659071922
0.687973380089
0.68807476759
0.687777340412
0.687655627728
0.687235414982
0.687081336975
0.68685811758
0.686690747738
0.686272919178
0.686463296413
0.685797989368
0.68592107296
0.685525715351
0.684927940369
0.684418559074
0.684750378132
0.684404075146
0.684226930141
0.684285521507
0.683604598045
0.683520674706
0.683352530003
0.682787418365
0.682038068771
0.68141412735
0.68095344305
0.681029260159
0.681325912476
0.678896963596
0.67976886034
0.679718315601
0.679241895676
0.679142951965
0.677139341831
0.676970303059
0.676141500473
0.675390839577
0.674170613289
0.6746789217
0.674793243408
0.673755228519
0.673279225826
0.673003137112
0.672849237919
0.670367658138
0.671374797821
0.669775485992
0.669344723225
0.670333623886
0.668827772141
0.667778730392
0.666960656643
0.666693866253
0.664210498333
0.664399325848
0.664614140987
0.662815690041
0.660954415798
0.660908043385
0.659515023232
0.661662399769
0.658088922501
0.659649014473
0.652837395668
0.658202886581
0.656375408173
0.649741292
0.649132609367
0.651727020741
0.65293186903
0.647267699242
0.64670163393
0.641896247864
0.644598841667
0.644912600517
0.645767152309
0.641303598881
0.638061642647
0.634962201118
0.636060774326
0.637183070183
0.635410904884
0.633391082287
0.62961691618
0.631381094456
0.625658810139
0.62108528614
0.616317391396
0.614642083645
0.625950336456
0.622560501099
0.624496459961
0.609838962555
0.614956498146
0.611992537975
0.605326890945
0.605782270432
0.606467187405
0.600546479225
0.598271727562
0.603770554066
0.597009062767
0.599604785442
0.586373627186
0.587378740311
0.588247418404
0.589363634586
0.594023346901
0.580889582634
0.589230954647
0.592622578144
0.577477157116
0.586263954639
0.567237138748
0.572702288628
0.561250567436
0.570608854294
0.570732235909
0.560632228851
0.56013584137
0.561687231064
0.563159763813
0.558519482613
0.562684118748
0.565014362335
0.555129230022
0.55162268877
0.558209955692
0.546148180962
0.541562199593
0.543553113937
0.549049437046
0.545780479908
0.545528352261
0.545579016209
0.538132429123
0.532102167606
0.532537341118
0.532196879387
0.531364262104
0.528050065041
0.544470369816
0.518485605717
0.517888784409
0.525462925434
0.507061123848
0.519920945168
0.521484196186
0.503851771355
0.50220400095
0.520763158798
0.517724096775
0.497309237719
0.503136515617
0.510708034039
0.492564052343
0.499620467424
0.503846049309
0.495054900646
0.482027739286
0.490765869617
0.491466015577
0.512057483196
0.487370312214
0.473614871502
0.481954783201
0.481893986464
0.49003598094
0.498153865337
0.48400965333
0.481516212225
0.472841888666
0.47514346242
0.48722448945
0.456890314817
0.492545127869
0.4920129776
0.493834197521
0.474992901087
0.491035312414
0.464148283005
0.481672137976
0.494182407856
0.467455357313
0.478913068771
0.468031913042
0.476863205433
0.470233976841
0.475192368031
0.445152699947
0.444497913122
0.472518324852
0.446070253849
0.461904138327
0.433488130569
0.49000620842
0.473967790604
0.487131774426
0.443308413029
0.450856983662
0.453263938427
0.459345519543
0.45164385438
0.470191180706
0.464172005653
0.448544949293
0.456171125174
0.465587556362
0.450927257538
0.451777905226
0.445938616991
0.440896689892
0.451825559139
0.472718477249
0.430347502232
0.445820182562
0.462521523237
0.417878061533
0.453490257263
0.45236697793
0.405509829521
0.452877730131
0.431971102953
0.406932711601
0.449745506048
0.434442728758
0.458634138107
0.446192681789
0.491501927376
0.436101019382
0.444738954306
0.463583946228
0.429967135191
0.424861550331
0.423662632704
0.456089735031
0.457510232925
0.428273767233
0.453601866961
0.441788613796
0.443760603666
0.45783752203
0.42618277669
0.435997515917
0.417642831802
0.473692029715
0.423488259315
0.444821625948
0.431504935026
0.452011883259
0.408765345812
0.426324188709
0.405043959618
0.412194162607
0.415587484837
0.452931374311
0.435865074396
0.42928147316
0.428972482681
0.426849246025
0.45295342803
0.421062976122
0.43390545249
0.42115727067
0.467902213335
0.427482753992
0.411628067493
0.410090088844
0.409946084023
0.429085493088
0.440150976181
0.430053502321
0.410201996565
0.400412201881
0.409080713987
0.403962552547
0.407468616962
0.408542692661
0.400261193514
0.405217587948
0.407895833254
0.442653775215
0.412342131138
0.435531109571
0.381557524204
0.368674576283
0.397459477186
0.416269958019
0.428899884224
0.411236912012
0.369911253452
0.421425819397
0.400671809912
0.427567869425
0.429452031851
0.432000160217
0.385761737823
0.410375058651
0.417664825916
0.363461017609
0.427808135748
0.414743632078
0.37371134758
0.430788189173
0.375207513571
0.406925261021
0.43091031909
0.422686845064
0.439899176359
0.407207250595
0.4175760746
0.408582627773
0.411440223455
0.402825653553
0.415273934603
0.390749007463
0.389575630426
0.443568021059
0.385217726231
0.404576927423
0.4309220016
0.427504301071
0.381163299084
0.424464017153
0.378848969936
0.395890593529
0.364450067282
0.406575351954
0.433666050434
0.391053795815
0.402203679085
0.396715342999
0.430935442448
0.38579916954
0.387809038162
0.422944903374
0.397969305515
0.365149378777
0.439802020788
0.395855635405
0.403603255749
0.383205473423
0.407882064581
0.416360318661
0.374045848846
0.40437361598
0.375357836485
0.36913728714
0.338450223207
0.369074702263
0.419656783342
0.405487120152
0.391869902611
0.376094847918
0.39809346199
0.400081992149
0.387318491936
0.378522217274
0.39130616188
0.394581615925
0.384006559849
0.365403026342
0.449013262987
0.390718191862
0.379567444324
0.369688630104
0.374816924334
0.362323194742
0.419196426868
0.399673581123
0.415322244167
0.396130681038
0.381568402052
0.378967106342
0.364099085331
0.37503015995
0.401675343513
0.418475568295
0.369928121567
0.386182099581
0.382092773914
0.38750115037
0.377046763897
0.395085602999
0.351922035217
0.377322375774
0.402760833502
0.336675107479
0.375602692366
0.410565078259
0.380123317242
0.378080576658
0.362954288721
0.389099001884
0.397048592567
0.346938878298
0.389965862036
0.36129796505
0.394170701504
0.407361626625
0.432245731354
0.354354798794
0.417365819216
0.35356169939
0.365142941475
0.38165897131
0.375492572784
0.395731270313
0.371361970901
0.357224971056
0.368884205818
0.412881106138
0.423508495092
0.401741683483
0.394428431988
0.364286571741
0.364876717329
0.349486112595
0.418254077435
0.364130556583
0.388329654932
0.364898860455
0.359931349754
0.391726613045
0.356357365847
0.363313317299
0.363769471645
0.352333694696
0.338068157434
0.373630940914
0.378372550011
0.374893546104
0.379867494106
0.381419032812
0.378788650036
0.316024899483
0.362530112267
0.347459197044
0.405889421701
0.39838591218
0.387279719114
0.358493834734
0.37094771862
0.38162869215
0.310195118189
0.373117744923
0.363655120134
0.360052227974
0.386972218752
0.339221090078
0.383560627699
0.397188693285
0.356844633818
0.34065040946
0.374076128006
0.371880322695
0.373548656702
0.343866974115
0.381243348122
0.338185220957
0.321744769812
0.37922334671
0.392049908638
0.371889919043
0.380259662867
0.379108846188
0.399420082569
0.374998599291
0.360532253981
0.366556227207
0.376809537411
0.366300553083
0.400175601244
0.354684323072
0.315700560808
0.342218399048
0.352990269661
0.34349116683
0.428695887327
0.383616983891
0.380142271519
0.377376168966
0.379909932613
0.34382584691
0.345201224089
0.405263841152
0.384899377823
0.361616224051
0.33461868763
0.405537813902
0.344220340252
0.36920312047
0.353001058102
0.385695517063
0.366300702095
0.409239381552
0.336523860693
0.32735568285
0.338886171579
0.396881073713
0.328166007996
0.340968132019
0.402735412121
0.371374219656
0.377904206514
0.419377356768
0.416247606277
0.372728139162
0.332904189825
0.342394262552
0.336128294468
0.422423541546
0.371941536665
0.378863781691
0.334476530552
0.372725576162
0.416154116392
0.331344097853
0.34669432044
0.324300527573
0.365802586079
0.381193518639
0.368266493082
0.357635498047
0.339144349098
0.34109377861
0.350999981165
0.35447961092
0.339844673872
0.354675918818
0.340810000896
0.334045410156
0.341862648726
0.386436909437
0.322581142187
0.326307535172
0.333159804344
0.334229558706
0.339453190565
0.357667207718
0.347949594259
0.379899919033
0.32501834631
0.376250118017
0.375467658043
0.357392817736
0.358857899904
0.378254055977
0.375773996115
0.352955520153
0.330783128738
0.363404840231
0.34912276268
0.342001110315
0.357334673405
0.351710885763
0.366554200649
0.342412441969
0.358340233564
0.385879397392
0.349511146545
0.343016862869
0.359404742718
0.363165199757
0.318494468927
0.349954783916
0.364819139242
0.378404557705
0.354992419481
0.412825286388
0.362015664577
0.392873674631
0.340820431709
0.334592491388
0.340925484896
0.394223541021
0.333987206221
0.36009401083
0.35377189517
0.333733767271
0.331915259361
0.329729765654
0.386430978775
0.35823816061
0.316340476274
0.325473308563
0.331750154495
0.34448364377
0.371705055237
0.33318439126
0.3523016572
0.412753045559
0.330319881439
0.363591462374
0.320233404636
0.327287256718
0.353733837605
0.366496115923
0.338527411222
0.340898275375
0.381755173206
0.338339537382
0.335095465183
0.360939234495
0.33470711112
0.336090236902
0.328223079443
0.344553172588
0.369219571352
0.355478167534
0.323738098145
0.344386398792
0.412620067596
0.392823278904
0.383781462908
0.305439084768
0.344283252954
0.300897598267
0.30984711647
0.363165050745
0.346452564001
0.386732637882
0.322947382927
0.360227495432
0.345568597317
0.340550333261
0.365518480539
0.341931045055
0.335535049438
0.318708568811
0.36620375514
0.302799105644
0.328536659479
0.335660248995
0.34325927496
0.365510225296
0.373688995838
0.338598519564
0.378955572844
0.328254550695
0.341491729021
0.308815658092
0.34422275424
0.327837765217
0.345320552588
0.33258575201
0.331537306309
0.376857966185
0.346732527018
0.339729577303
0.35333698988
0.340489059687
0.325714617968
0.337993979454
0.384986937046
0.389586895704
0.381802976131
0.344305306673
0.306001335382
0.373937100172
0.34667596221
0.366931140423
0.353812277317
0.377416610718
0.310369729996
0.301357150078
0.354764997959
0.349132627249
0.371689707041
0.375141680241
0.341058522463
0.343419522047
0.330726146698
0.321280062199
0.342796593904
0.351785123348
0.365194708109
0.365548104048
0.344950377941
0.319697499275
0.340063303709
0.309065401554
0.369252711535
0.312683135271
0.318962842226
0.319080889225
0.336665630341
0.322924137115
0.31333681941
0.337972402573
0.362386763096
0.314607232809
0.318555086851
0.35817065835
0.374259740114
0.383158951998
0.352841347456
0.334181070328
0.327380627394
0.311152160168
0.329518139362
0.33856728673
0.285107314587
0.372636705637
0.349179595709
0.315850168467
0.317203193903
0.33267390728
0.310829520226
0.337406784296
0.326693832874
0.364685863256
0.347787410021
0.323740303516
0.317347228527
0.367543250322
0.368344157934
0.303679436445
0.287457466125
0.298502117395
0.342037141323
0.330440282822
0.313149005175
0.380117475986
0.307149887085
0.333442211151
0.339097172022
0.300451368093
0.296851605177
0.297938764095
0.313905924559
0.339800387621
0.34552282095
0.277537196875
0.335832357407
0.358871757984
0.353882551193
0.279217422009
0.347502171993
0.358461022377
0.34728088975
0.328482866287
0.303646415472
0.341173648834
0.322956293821
0.317695736885
0.318687289953
0.336216628551
0.312935829163
0.319935470819
0.331521630287
0.354812324047
0.33265042305
0.309354096651
0.306412756443
0.298837780952
0.343439459801
0.312377274036
0.338349044323
0.316437125206
0.311238050461
0.358513951302
0.357135802507
0.32356646657
0.356586635113
0.308903545141
0.355952292681
0.306686967611
0.356289297342
0.346446722746
0.382320165634
0.334884017706
0.315481930971
0.320094585419
0.344186365604
0.362556278706
0.327925890684
0.336433231831
0.31441539526
0.329362422228
0.308136790991
0.286145120859
0.30926835537
0.318476229906
0.337550938129
0.312407433987
0.315425217152
0.345636069775
0.279712408781
0.351470023394
0.31848397851
0.297351926565
0.335292607546
0.297242194414
0.332826942205
0.315463751554
0.303917944431
0.321045398712
0.330397069454
0.379834443331
0.344232946634
0.336091548204
0.335620552301
0.310905963182
0.283689886332
0.301272660494
0.348591715097
0.309771895409
0.347976207733
0.299405843019
0.302604079247
0.36230224371
0.310281991959
0.275717049837
0.277880221605
0.327409982681
0.303074091673
0.353010863066
0.345608234406
0.344453305006
0.345298886299
0.26844611764
0.314306974411
0.286738157272
0.334487944841
0.333798259497
0.32333317399
0.341701567173
0.312127262354
0.305415153503
0.329588830471
0.336425751448
0.372251600027
0.343593358994
0.344957798719
0.330844759941
0.319184601307
0.330446630716
0.260725021362
0.324850142002
0.314178198576
0.315966278315
0.3099398911
0.384160488844
0.320955753326
0.336606144905
0.289692223072
0.313848465681
0.321564733982
0.294304072857
0.287401556969
0.306413501501
0.28806951642
0.344619959593
0.302824109793
0.346777111292
0.284135848284
0.303130060434
0.311865597963
0.334234505892
0.341815233231
0.284236699343
0.303204894066
0.32777222991
0.298959374428
0.296744793653
0.293941855431
0.276767045259
0.296158701181
0.313631594181
0.295578241348
0.30220156908
0.316474050283
0.322352558374
0.305444419384
0.312554478645
0.297896027565
0.346341758966
0.314598530531
0.341678291559
0.308600157499
0.315847545862
0.315784543753
0.333203226328
0.288255989552
0.334031552076
0.299238920212
0.276325345039
0.28555777669
0.281389147043
0.335925728083
0.365859568119
0.350440561771
0.318650841713
0.301942378283
0.300487220287
0.378039509058
0.315565794706
0.291311681271
0.327577233315
0.284427464008
0.342468589544
0.288712412119
0.326369345188
0.325652807951
0.325781106949
0.320585459471
0.30146998167
0.336582362652
0.265503257513
0.301443934441
0.320647001266
0.296865612268
0.357427358627
0.268359154463
0.266003251076
0.322078615427
0.326165795326
0.29428166151
0.296937137842
0.280499726534
0.308961182833
0.290276437998
0.259417235851
0.289647161961
0.342898249626
0.296214431524
0.320293992758
0.302727967501
0.306699603796
0.271554231644
0.299147516489
0.299328804016
0.310215085745
0.317983686924
0.330395877361
0.2683198452
0.370417863131
0.355350762606
0.322451740503
0.309013843536
0.300302803516
0.270125508308
0.288099884987
0.320499956608
0.346781730652
0.329266875982
0.372877836227
0.34112149477
0.298794418573
0.288048088551
0.332913845778
0.322335004807
0.302258223295
0.319372564554
0.3277567029
0.273925691843
0.338799893856
0.339237868786
0.310057252645
0.325473427773
0.316597282887
0.2802939713
0.284630686045
0.279490619898
0.274761080742
0.297842770815
0.34016597271
0.29247662425
0.339076817036
