0.693968772888
0.693721115589
0.69379144907
0.694216370583
0.694390296936
0.693788826466
0.693695068359
0.69353556633
0.69343405962
0.693502008915
0.693123102188
0.693195641041
0.69337695837
0.692964553833
0.693074464798
0.693328499794
0.69354057312
0.693164527416
0.692665636539
0.693587005138
0.692801117897
0.693021178246
0.693155229092
0.693032741547
0.692878246307
0.692832410336
0.693147540092
0.692919194698
0.692910969257
0.693041324615
0.692733466625
0.692817628384
0.692743957043
0.692878544331
0.692699313164
0.692411601543
0.692707359791
0.692407846451
0.693056881428
0.69223767519
0.69264703989
0.692665874958
0.692393243313
0.692335784435
0.692270100117
0.69243568182
0.692295670509
0.692182898521
0.692301988602
0.692395687103
0.692044615746
0.69188529253
0.692244231701
0.692023277283
0.692248404026
0.692152798176
0.692071557045
0.691989958286
0.691714942455
0.692008912563
0.691834688187
0.69179213047
0.691747307777
0.691737473011
0.691467702389
0.691692531109
0.69206994772
0.691735565662
0.691739201546
0.691541552544
0.691554546356
0.691623091698
0.691549897194
0.691344857216
0.691622316837
0.691748797894
0.69171243906
0.691520750523
0.691266298294
0.691135585308
0.691287457943
0.691064476967
0.691232681274
0.691024363041
0.691089093685
0.691210508347
0.690986990929
0.691159665585
0.691159009933
0.691255867481
0.690902173519
0.691048324108
0.691026628017
0.691076040268
0.691041052341
0.690785944462
0.690885841846
0.69063526392
0.690770864487
0.690783977509
0.690811693668
0.690692186356
0.690933763981
0.690767288208
0.690734982491
0.690913975239
0.690760195255
0.69041454792
0.690585374832
0.690601170063
0.690613389015
0.69038683176
0.690794110298
0.690251767635
0.690507113934
0.69033819437
0.690047860146
0.690283596516
0.690423667431
0.690199077129
0.690268754959
0.690086245537
0.69018894434
0.690243780613
0.690088927746
0.690179884434
0.689986228943
0.68991458416
0.689902424812
0.689824700356
0.690006911755
0.689963161945
0.689887940884
0.689795196056
0.689776301384
0.689901828766
0.689746081829
0.689769625664
0.689552724361
0.689545512199
0.689955413342
0.688877701759
0.68947327137
0.689790964127
0.690087020397
0.689328849316
0.689250826836
0.689037322998
0.689121603966
0.68953192234
0.689150154591
0.689504265785
0.689498782158
0.689665734768
0.689250230789
0.689485549927
0.689126968384
0.689589619637
0.688743948936
0.689064860344
0.688611865044
0.689010560513
0.689113855362
0.688998043537
0.689247250557
0.688277959824
0.689439713955
0.689062952995
0.689605414867
0.687888681889
0.688171267509
0.688750207424
0.688085317612
0.688397049904
0.688598752022
0.689005613327
0.688675045967
0.688719987869
0.689097344875
0.688005566597
0.688303649426
0.688594937325
0.688242256641
0.688106477261
0.688270390034
0.688566625118
0.687895178795
0.687565743923
0.688279747963
0.68823081255
0.687814474106
0.687721073627
0.687549710274
0.688057661057
0.688055217266
0.686887919903
0.687812626362
0.687258660793
0.688385128975
0.687502503395
0.688238799572
0.688043832779
0.687775552273
0.685979604721
0.688189268112
0.687318921089
0.687488436699
0.687348842621
0.686565577984
0.687961280346
0.687394022942
0.688026666641
0.687205672264
0.686844587326
0.688034415245
0.688018858433
0.686648786068
0.686512768269
0.687015414238
0.687429428101
0.68753361702
0.68714672327
0.687300443649
0.687286257744
0.687367975712
0.686869263649
0.685885310173
0.687524616718
0.687038660049
0.686849474907
0.687307953835
0.685242712498
0.686349391937
0.687208771706
0.686624526978
0.686673998833
0.685858726501
0.687160372734
0.687055945396
0.686888039112
0.686751127243
0.685484111309
0.68609136343
0.686407566071
0.68716943264
0.684478163719
0.687575638294
0.686287045479
0.685134649277
0.686482727528
0.684912383556
0.686363875866
0.686552345753
0.686871647835
0.686646401882
0.686067283154
0.686795294285
0.686447501183
0.686200201511
0.686157345772
0.687520265579
0.688324511051
0.686601638794
0.685251832008
0.685683965683
0.686632275581
0.685580790043
0.685629963875
0.68406611681
0.682940602303
0.684963941574
0.68531280756
0.684877097607
0.684525370598
0.682139337063
0.68367266655
0.685603022575
0.685275495052
0.685861945152
0.685130655766
0.685704350471
0.686340630054
0.682706296444
0.686547994614
0.684889614582
0.685495972633
0.68806886673
0.686664283276
0.684223175049
0.684326469898
0.685238599777
0.683814883232
0.683367311954
0.68395614624
0.683288693428
0.6863514781
0.686846077442
0.684006333351
0.686528027058
0.683834910393
0.685672521591
0.683581888676
0.684397339821
0.683841764927
0.683846652508
0.684496760368
0.684778273106
0.683693051338
0.68459302187
0.68352752924
0.683492958546
0.681562006474
0.680935740471
0.684163630009
0.681595206261
0.683854579926
0.685832560062
0.686500072479
0.686475515366
0.682452082634
0.68463653326
0.682571351528
0.684946417809
0.683398008347
0.682473063469
0.682718038559
0.682521700859
0.684380054474
0.682412803173
0.685981035233
0.681944847107
0.681409299374
0.684234559536
0.683494448662
0.680161058903
0.686461985111
0.683565318584
0.684590399265
0.683010339737
0.682184934616
0.6824644804
0.682167589664
0.683001279831
0.685151994228
0.683470487595
0.681895136833
0.685167551041
0.683551490307
0.683601737022
0.682483553886
0.680917084217
0.681864619255
0.685308694839
0.681870996952
0.682356595993
0.682135760784
0.679401218891
0.685373961926
0.678961992264
0.684988021851
0.680571198463
0.681968569756
0.680800139904
0.68057757616
0.681693553925
0.67796677351
0.679689586163
0.68172031641
0.682348787785
0.68224132061
0.680700838566
0.681988835335
0.682318985462
0.680074870586
0.679424166679
0.681729972363
0.680812418461
0.681071519852
0.67936861515
0.679755210876
0.682186663151
0.680982649326
0.683292210102
0.678175449371
0.679936408997
0.682485759258
0.683396041393
0.67840886116
0.67594408989
0.683203101158
0.680337011814
0.6813403368
0.686357915401
0.679561257362
0.682718873024
0.683798193932
0.678613126278
0.681455135345
0.680745065212
0.682399988174
0.681057393551
0.683153271675
0.678176939487
0.678417086601
0.680507898331
0.682264506817
0.677149772644
0.680386066437
0.680677771568
0.681641280651
0.677028477192
0.674556255341
0.675168693066
0.680357575417
0.680216550827
0.684154808521
0.677589535713
0.678932130337
0.677288293839
0.67393797636
0.680605351925
0.680165350437
0.676487028599
0.679724872112
0.676253259182
0.676146149635
0.680014848709
0.675826489925
0.679422318935
0.674950480461
0.67648679018
0.681720197201
0.678821027279
0.675255775452
0.666777551174
0.677585482597
0.678390204906
0.685342311859
0.673162162304
0.676114141941
0.675913751125
0.680649399757
0.678455770016
0.679265677929
0.675876915455
0.673995435238
0.678585588932
0.678868234158
0.678114533424
0.677330732346
0.678360819817
0.675483047962
0.675326526165
0.680396258831
0.67624181509
0.66848731041
0.670978367329
0.667252123356
0.674297511578
0.667723894119
0.681773245335
0.682106494904
0.679282724857
0.680772721767
0.677270591259
0.679630041122
0.676438033581
0.676574110985
0.667044639587
0.668656885624
0.680235981941
0.678758740425
0.675105273724
0.674665212631
0.674371123314
0.680415630341
0.672027170658
0.670931756496
0.67715960741
0.672998785973
0.677950203419
0.668990135193
0.665131926537
0.674307346344
0.674473881721
0.682458043098
0.678942143917
0.67935782671
0.678592085838
0.679518163204
0.675194561481
0.676262557507
0.674913823605
0.667516708374
0.667311191559
0.679958641529
0.673192560673
0.670925140381
0.674936890602
0.671649634838
0.670164465904
0.673799037933
0.674760937691
0.67055118084
0.668684065342
0.677644610405
0.67222315073
0.674854636192
0.676612794399
0.668861508369
0.672961771488
0.671444833279
0.679851412773
0.669311642647
0.674103200436
0.67794084549
0.677778840065
0.674499571323
0.678709030151
0.669858217239
0.680731058121
0.679467499256
0.682715654373
0.67737364769
0.675181627274
0.679380774498
0.675056874752
0.667490839958
0.671734929085
0.677451968193
0.673204243183
0.674730122089
0.672592699528
0.671000778675
0.669757068157
0.676759362221
0.669183194637
0.672982394695
0.676802158356
0.678565621376
0.673342764378
0.673717081547
0.679962158203
0.677648603916
0.675215184689
0.673595905304
0.670894563198
0.676060199738
0.660688459873
0.669950008392
0.672812402248
0.677136838436
0.674349665642
0.67182135582
0.669177412987
0.675866425037
0.669159531593
0.676912248135
0.675672054291
0.673264801502
0.672557651997
0.675730466843
0.674261331558
0.676133096218
0.678791999817
0.671532094479
0.671336531639
0.674810349941
0.677907824516
0.681024610996
0.670510292053
0.675494074821
0.670072674751
0.675734162331
0.670404791832
0.674797415733
0.66785889864
0.669440865517
0.675727367401
0.665721476078
0.682228863239
0.674343049526
0.675101101398
0.669790923595
0.679274976254
0.674434304237
0.670019209385
0.674345314503
0.671555995941
0.678150653839
0.673714518547
0.676297366619
0.671283721924
0.673328101635
0.669734895229
0.670633137226
0.671720504761
0.675285995007
0.671847105026
0.667238175869
