0.722756683826
0.707324385643
0.699447095394
0.694707334042
0.690334796906
0.690293192863
0.685033857822
0.681993305683
0.678944349289
0.678693234921
0.678200006485
0.678051769733
0.677485227585
0.675625145435
0.678821146488
0.672865331173
0.677956700325
0.670553147793
0.676372170448
0.669094920158
0.670010447502
0.668133378029
0.665140211582
0.666475892067
0.66236692667
0.655872523785
0.657806038857
0.666552126408
0.651819050312
0.652077138424
0.643395543098
0.631539821625
0.641793012619
0.645138919353
0.624083638191
0.64063924551
0.636219441891
0.624718427658
0.62050306797
0.616799116135
0.609738588333
0.615374028683
0.619481146336
0.61638969183
0.590217411518
0.588579177856
0.603588521481
0.606094956398
0.565798640251
0.57554513216
0.542542815208
0.590574920177
0.565262258053
0.537428855896
0.52934640646
0.563311696053
0.516184091568
0.53946775198
0.525291204453
0.522672057152
0.520922124386
0.535517632961
0.516067624092
0.504439473152
0.547874987125
0.518382608891
0.515531539917
0.439713686705
0.480611950159
0.508519291878
0.460899323225
0.504630386829
0.440134137869
0.464800804853
0.475020796061
0.428070187569
0.462397098541
0.462783306837
0.417165249586
0.39986461401
0.476765006781
0.405427217484
0.447821259499
0.408050179482
0.39141279459
0.428346574306
0.352919131517
0.404703736305
0.449597924948
0.404272824526
0.445381045341
0.390237599611
0.388600826263
0.452628016472
0.385279387236
0.458656340837
0.423754394054
0.42981544137
0.404181689024
0.400079220533
