0.699744462967
0.695491671562
0.693239748478
0.692168056965
0.690791726112
0.690420627594
0.690330922604
0.689622163773
0.689162194729
0.689240515232
0.687494695187
0.688127934933
0.687197804451
0.686635732651
0.686131417751
0.685575485229
0.684685766697
0.685033977032
0.685160040855
0.684540510178
0.683543860912
0.682137072086
0.678652048111
0.682320594788
0.679982542992
0.683823943138
0.677662611008
0.675399065018
0.675020754337
0.669253826141
0.66695779562
0.66012853384
0.663410484791
0.676303625107
0.659352421761
0.650697648525
0.645967900753
0.648998200893
0.647463023663
0.648080348969
0.640489161015
0.632457077503
0.645063519478
0.634230136871
0.642652571201
0.634025633335
0.623498380184
0.640684723854
0.645925283432
0.636595964432
0.610181987286
0.611514687538
0.626903057098
0.601679861546
0.610369682312
0.610246062279
0.583822607994
0.637778818607
0.615770936012
0.603016793728
0.622903525829
0.610244870186
0.596104502678
0.62551510334
0.609935164452
0.594336926937
0.595979452133
0.586641430855
0.608096182346
0.602866232395
0.597245633602
0.572181582451
0.603846609592
0.629011154175
0.593517541885
0.575810432434
0.60342168808
0.604325056076
0.609809994698
0.578635931015
0.619067966938
0.589393377304
0.592456221581
0.595913827419
0.594850838184
0.56747597456
0.60289555788
0.583736777306
0.583326101303
0.55241894722
0.575479090214
0.605633854866
0.597544252872
0.588601768017
0.565297186375
0.57586055994
0.594700753689
0.563614606857
0.591373205185
0.579796433449
0.572784006596
0.586852908134
0.569694936275
0.586176335812
0.574623048306
0.613474786282
0.559395730495
0.56906670332
0.5498046875
0.598346829414
0.548446238041
0.579885184765
0.605279147625
0.547350287437
0.570819437504
0.583208978176
0.596619188786
0.566333055496
0.568619608879
0.579139888287
0.578411877155
0.563011586666
0.630915343761
0.586762070656
0.563885331154
0.599349439144
0.571183264256
0.604370057583
0.567748606205
0.564295947552
0.577140688896
0.588268876076
0.564311802387
0.567341268063
0.571828722954
0.574210822582
0.588042914867
0.592441141605
0.581725180149
0.55449205637
0.589394927025
0.583507418633
0.580018401146
0.588630795479
0.576128363609
0.599101603031
0.57256180048
0.569624781609
0.56679302454
0.596215546131
0.545081555843
0.56448674202
0.570234894753
0.551856040955
0.544518828392
0.546913564205
0.569928348064
0.569127440453
0.57238972187
0.573098123074
0.56691378355
0.561667919159
0.569103777409
0.56263333559
0.594964206219
0.596755623817
0.585065126419
0.556002140045
0.577619194984
0.540699481964
0.570595681667
0.570138812065
0.582915902138
0.560473680496
0.580504119396
0.59473490715
0.562826514244
0.576860070229
0.598668038845
0.58588385582
0.556608855724
0.579162895679
0.542715847492
0.587210059166
0.576538920403
0.579889893532
0.589576780796
0.586052596569
0.572066426277
0.578134536743
0.584122419357
0.586661696434
0.592758774757
0.550768136978
0.554225385189
0.58558267355
0.534871816635
0.575991809368
0.535753428936
0.571334123611
0.585030794144
0.549878239632
0.562047600746
0.572636842728
0.546273112297
0.547402203083
0.580451190472
0.567705214024
0.56191855669
0.535194516182
0.569351911545
0.548098146915
0.593370914459
0.609440028667
0.548176229
0.566301882267
0.562764286995
0.565043866634
0.555352687836
0.558803141117
0.526160657406
0.55519080162
0.54057264328
0.562355101109
0.578893363476
0.53925973177
0.56459069252
0.554172337055
0.565943598747
0.561353445053
0.518437683582
0.557139277458
0.557055830956
0.577427983284
0.543995499611
0.531661510468
0.545799791813
0.563331067562
0.573185443878
0.525771439075
0.585108816624
0.555953741074
0.526753306389
0.567768156528
0.552352786064
0.525058507919
0.571914434433
0.565406560898
0.590585887432
0.529152929783
0.525335013866
0.590692818165
0.535770177841
0.569271147251
0.557624101639
0.575931251049
0.554344892502
0.552933692932
0.582894086838
0.528755605221
0.565561532974
0.56538695097
0.571003854275
0.540166795254
0.549175143242
0.56144785881
0.511267483234
0.542125344276
0.546007692814
0.529256999493
0.532147347927
0.549989402294
0.544867753983
0.571182370186
0.560311734676
0.568478226662
0.575607776642
0.539176285267
0.539824903011
0.512749671936
0.520127296448
0.554814577103
0.548586845398
0.55004709959
0.552473425865
0.563434243202
0.547681808472
0.541770100594
0.578821897507
0.550743460655
0.551377773285
0.53643655777
0.581841766834
0.501291573048
0.560566425323
0.539879262447
0.552885711193
0.520363867283
0.55047339201
0.560033500195
0.598181903362
0.538004636765
0.513739168644
0.560063719749
0.571408331394
0.485204696655
0.544370234013
0.58113360405
0.558786690235
0.505883216858
0.510394573212
0.55378806591
0.554648041725
0.550379574299
0.524799644947
0.516555547714
0.543093681335
0.494663268328
0.530937492847
0.531955122948
0.530948936939
0.547245025635
0.544155299664
0.496517539024
0.528997004032
0.52376639843
0.56086987257
0.535722672939
0.578451037407
0.518913924694
0.536502540112
0.550654470921
0.533032953739
0.551632642746
0.53650790453
0.501117229462
0.539798557758
0.57572478056
0.558733224869
0.533471465111
0.531834661961
0.566932439804
0.538017511368
0.535739243031
0.57623308897
0.555681347847
0.546091973782
0.562972068787
0.582377076149
0.523027479649
0.529182314873
0.553982377052
0.529101610184
0.503151476383
0.543820142746
0.551275312901
0.525895118713
0.511059105396
0.568910419941
0.569970726967
0.508432269096
0.502091705799
0.527796506882
0.548081874847
0.564371645451
0.534055411816
0.523784399033
0.536310732365
0.53024405241
0.584322214127
0.537543952465
0.518896520138
0.520881891251
0.508313298225
0.533823728561
0.543005943298
0.550278663635
0.534938514233
0.475659281015
0.570630431175
0.489256024361
0.514711797237
0.52132242918
0.528904080391
0.513116180897
0.548080325127
0.557929635048
0.486346036196
0.57444947958
0.511055409908
0.568859398365
0.534965157509
0.494869202375
0.541725993156
0.527530252934
0.54220366478
0.522652983665
0.537739276886
0.519191622734
0.548670828342
0.52503913641
0.496833324432
0.578584671021
0.530313014984
0.53817486763
0.505763530731
0.508985996246
0.533867239952
0.518808722496
0.518929481506
0.506151139736
0.528889834881
0.557029306889
0.556052625179
0.500437378883
0.505179584026
0.542146861553
0.545944273472
0.528547942638
0.531083762646
0.507953822613
0.568766593933
0.489529371262
0.52135270834
0.482107400894
0.569724917412
0.531698048115
0.524672985077
0.50035327673
0.515565812588
0.516289889812
0.503009200096
0.539028584957
0.516410291195
0.54365414381
0.558600962162
0.491573959589
0.52041888237
0.520054399967
0.535084962845
0.517172634602
0.528888761997
0.51107442379
0.528268039227
0.510433971882
0.507608294487
0.517771482468
0.52321100235
0.530567228794
0.519962608814
0.523089468479
0.496588855982
0.495090514421
0.536396801472
0.508112490177
0.507446467876
0.558153390884
0.508797943592
0.480697840452
0.559209525585
0.553055465221
0.512332856655
0.52314043045
0.456083208323
0.532116115093
0.518678963184
0.512892961502
0.498680710793
0.51415002346
0.511594057083
0.536406695843
0.503838002682
0.502987742424
0.503324210644
0.530923306942
0.603919744492
0.519066870213
0.4773042202
0.496652752161
0.507142961025
0.499122679234
0.565059483051
0.52059173584
0.480879187584
0.519080162048
0.520041882992
0.485191404819
0.568298578262
0.497106015682
0.523775100708
0.487211316824
0.534235596657
0.535029411316
0.495336741209
0.492768704891
0.482061505318
0.515297055244
0.534909188747
0.535577595234
0.576157569885
0.490139961243
0.515890181065
0.51290345192
0.516887366772
0.513078272343
0.54847484827
0.568317711353
0.502188444138
0.524374425411
0.482688754797
0.509314417839
0.520657896996
0.518859982491
0.507750630379
0.550762951374
0.496573537588
0.51101320982
0.504169166088
0.509780943394
0.52332341671
0.515567064285
0.529855251312
0.545369625092
0.487358510494
0.506851375103
0.460815399885
0.450334280729
0.5472240448
0.527755200863
0.500558555126
0.520707905293
0.539526343346
0.533508062363
0.49653583765
0.54492855072
0.45138284564
0.54512155056
0.51416862011
0.520947813988
0.530510485172
0.503195941448
0.556672275066
0.532739818096
0.507817089558
0.477252334356
0.476185977459
0.496833533049
0.5266726017
0.530641555786
0.515347838402
0.55081808567
0.484457015991
0.554230928421
0.487340003252
0.480907559395
0.513150572777
0.547096431255
0.526461064816
0.484565168619
0.502811014652
0.51866954565
0.521868884563
0.501315653324
0.508794426918
0.545659005642
0.514575839043
0.503779113293
0.522903323174
0.526535987854
0.542062163353
0.496438145638
0.512639462948
0.506502389908
0.481289297342
0.491438925266
0.522706091404
0.4917139709
0.491201162338
0.518983542919
0.484256386757
0.520892500877
0.529260933399
0.51877450943
0.506918311119
0.532160043716
0.515403091908
0.540302455425
0.522594451904
0.507370233536
0.490429013968
0.483975976706
0.472489655018
0.501931250095
0.486119329929
0.473486453295
0.51149892807
0.481642186642
0.454303503036
0.548686742783
0.549683749676
0.532755434513
0.566752791405
0.484777063131
0.490366876125
0.50969260931
0.468751072884
0.552517652512
0.526158571243
0.538857340813
0.487401753664
0.537846505642
0.527882814407
0.54922747612
0.503776431084
0.489406853914
0.519984185696
0.489559799433
0.533879816532
0.528923809528
0.486506104469
0.471896409988
0.531138181686
0.495035797358
0.495786309242
0.541625320911
0.475822389126
0.485334396362
0.498052835464
0.495056122541
0.550332844257
0.52227628231
0.478469401598
0.486249148846
0.484956502914
0.536779165268
0.511451840401
0.4729141891
0.495221406221
0.530511260033
0.507124423981
0.563693463802
0.515468299389
0.560207664967
0.502744555473
0.457847774029
0.495462268591
0.498482644558
0.502373874187
0.49055030942
0.485268235207
0.538988649845
0.501712858677
0.448964774609
0.506804525852
0.491159588099
0.525047242641
0.502510309219
0.495592206717
0.549083292484
0.517405331135
0.498478889465
0.541737794876
0.528620004654
0.48154476285
0.539664387703
0.525149583817
0.528811633587
0.448731064796
0.518787443638
0.509734869003
0.540262043476
0.510801017284
0.493573844433
0.481419861317
0.571802973747
0.528322935104
0.471028655767
0.530691087246
0.524774372578
0.511994421482
0.501527428627
0.482981264591
0.488121449947
0.486144125462
0.469869822264
0.49608361721
0.510604679585
0.561984121799
0.534462749958
0.492231279612
0.54533970356
0.510737776756
0.502057433128
0.492926210165
0.545384943485
0.500454008579
0.514104902744
0.480367422104
0.504588842392
0.521662652493
0.489705681801
0.496795237064
0.513479232788
0.504745364189
0.524873077869
0.501316487789
0.482794344425
0.558381736279
0.526946783066
0.500534951687
0.531781792641
0.479416638613
0.510506570339
0.520765066147
0.467987716198
0.485514074564
0.516440093517
0.488176494837
0.474544852972
0.474923372269
0.485481709242
0.512821674347
0.486931145191
0.482433706522
0.530679345131
0.495423316956
0.486674159765
0.48514521122
0.483052998781
0.48044615984
0.496435075998
0.458203613758
0.491627812386
0.467949569225
0.513438463211
0.518692195415
0.455844819546
0.458176583052
0.508777141571
0.484691500664
0.485171318054
0.514262080193
0.539983093739
0.511016249657
0.460740089417
0.471677392721
0.514391958714
0.512945532799
0.543269455433
0.45756739378
0.50342464447
0.509448945522
0.552937150002
0.462850064039
0.519831955433
0.456393271685
0.537872433662
0.510527133942
0.450255453587
0.52040296793
0.497987985611
0.507229626179
0.469815224409
0.483485668898
0.487308621407
0.517760694027
0.502782225609
0.482125252485
0.459463775158
0.483859479427
0.543660104275
0.520317435265
0.476427912712
0.476517140865
0.523635387421
0.470666319132
0.477207452059
0.496071577072
0.42590585351
0.502906441689
0.484809398651
0.474843621254
0.505739510059
0.547762513161
0.463084042072
0.493249922991
0.507467150688
0.490006834269
0.520191371441
0.517379045486
0.508750677109
0.52060675621
0.459597766399
0.504571259022
0.48870536685
0.502340435982
0.511406481266
0.445129811764
0.508441150188
0.537119805813
