0.69301879406
0.689073860645
0.683394730091
0.679389715195
0.667778134346
0.660700500011
0.650271058083
0.644489884377
0.62695980072
0.589701592922
0.589631319046
0.552683889866
0.527393937111
0.530332148075
0.518498659134
0.48643887043
0.452671766281
0.442037671804
0.414558231831
0.413984358311
0.397991150618
0.363811999559
0.368329614401
0.357357829809
0.320313304663
0.259279191494
0.322751522064
0.306322574615
0.250653296709
0.320134580135
0.209158748388
0.293169260025
0.239202037454
0.226030766964
0.320933222771
0.227875649929
0.24812965095
0.317762970924
0.226977422833
0.270782142878
0.26958334446
0.213161751628
0.143084272742
0.241094529629
0.295922398567
0.224099129438
0.286008954048
0.246616363525
0.266337871552
0.282987803221
0.201379358768
0.245776996017
0.204903617501
0.23496375978
0.173309639096
0.290220409632
0.222592607141
0.196866065264
0.21826210618
0.263081967831
0.225636214018
0.173731580377
0.191652193666
0.208489283919
0.185462877154
0.265585750341
0.194413214922
0.160516619682
0.211157232523
0.214016020298
0.205204591155
0.201119363308
0.20217500627
0.226371824741
0.192842662334
0.172303274274
0.188760817051
0.138610675931
0.170384436846
0.169181644917
0.163762480021
0.163073658943
0.177305683494
0.214146688581
0.135386824608
0.228068247437
0.187287345529
0.174680233002
0.186120659113
0.171993643045
0.234189793468
0.193203061819
0.145186498761
0.170737981796
0.188931465149
0.230840027332
0.182952851057
0.231795191765
0.205508455634
0.169614583254
0.114346295595
0.144847914577
0.267123132944
0.199562355876
0.234912693501
0.170168995857
0.105571322143
0.125313162804
0.14754293859
0.160725146532
0.176986992359
0.163240194321
0.202066153288
0.181367143989
0.193967908621
0.170668184757
0.217453926802
0.137243703008
0.22721016407
0.194989919662
0.195549160242
0.209656983614
0.146802961826
0.126814112067
0.162147298455
0.174183413386
0.170676067472
0.153101742268
0.200822293758
0.183506190777
0.147288277745
0.151116475463
0.144791170955
0.217888355255
0.15387044847
0.186348438263
0.203725010157
0.173915490508
0.182077690959
0.153053030372
0.145044013858
0.13839673996
0.157450482249
0.140529558063
0.27833378315
0.151841208339
0.142224445939
0.177412226796
0.195152431726
0.114969074726
0.180482402444
0.136562183499
0.168026775122
0.200362637639
0.189353272319
0.149707868695
0.148611992598
0.159124553204
0.173743546009
0.167236849666
0.162965968251
0.178276374936
0.17345495522
0.157010674477
0.130893781781
0.139850690961
0.168871700764
0.150697022676
0.180698871613
0.121653415263
0.138148412108
0.108108222485
0.155107751489
0.086992405355
0.135982871056
0.15033210814
0.125732332468
0.174017295241
0.212068274617
0.135832414031
0.143817692995
0.135002687573
0.155125409365
0.163883492351
0.188989654183
0.192501351237
0.0943847075105
0.155182376504
0.121539361775
0.126048237085
0.167993351817
0.143646761775
0.148064568639
0.194842174649
0.177732497454
0.140781387687
0.160174578428
0.157119616866
0.179008960724
0.179439604282
0.239084944129
0.179057478905
0.185936152935
0.134582430124
0.174142807722
0.157523438334
0.115717947483
0.123388431966
0.155902460217
0.183387428522
0.192418262362
0.176212236285
0.128462091088
0.184780210257
0.126393273473
0.16276499629
0.136372178793
0.0872629284859
0.13718034327
0.167298734188
0.146860256791
0.195189908147
0.185221642256
0.17906306684
0.156207129359
0.135429143906
0.128349557519
0.221647545695
0.158937290311
0.123932853341
0.14504545927
0.144852384925
0.146877378225
0.169378042221
0.100142717361
0.139956176281
0.129472389817
0.155800029635
0.115826360881
0.20977191627
0.134162768722
0.150722816586
0.134040698409
0.112473957241
0.127221047878
0.119640149176
0.11655651778
0.121705301106
0.221086457372
0.0992977023125
0.131333351135
0.143045663834
0.117943629622
0.0861477851868
0.119699776173
0.177291274071
0.14210408926
0.121969886124
0.176604613662
0.148891910911
0.159599125385
0.234469100833
0.146215602756
0.107686132193
0.151129320264
0.141879856586
0.139188855886
0.179163694382
0.160857081413
0.123189978302
0.110808245838
0.155657589436
0.153799876571
0.18063518405
0.15250274539
0.15692974627
0.136798650026
0.157064303756
0.135313495994
0.186487078667
0.171974271536
0.141745343804
0.121730417013
0.126222774386
0.162685185671
0.13355179131
0.179366365075
0.215683013201
0.169937834144
0.085709027946
0.173302769661
0.0985053107142
0.160148218274
0.116614066064
0.101774178445
0.118694521487
0.12241409719
0.101231515408
0.150321647525
0.196788057685
0.1086371243
0.167103543878
0.124265737832
0.140927344561
0.132852882147
0.100337721407
0.160782158375
0.122563220561
0.148668274283
0.194887563586
0.150588825345
0.129983797669
0.117018952966
0.18850697577
0.177127450705
0.130762577057
0.0757362693548
0.124453112483
0.0904984176159
0.16053250432
0.175473585725
0.104703269899
0.14157448709
0.114886723459
0.191443711519
0.128316700459
0.127897873521
0.116646379232
0.119675062597
0.121514685452
0.124837718904
0.138840481639
0.123466916382
0.130313873291
0.134565517306
0.133040174842
0.0921796187758
0.115463890135
0.0958483815193
0.118065789342
0.0825648456812
0.13915489614
0.123212404549
0.154074072838
0.107227310538
0.145095214248
0.159575939178
0.147679969668
0.159705579281
0.145322903991
0.144449427724
0.162013530731
0.10245668143
0.127550154924
0.189151242375
0.104206971824
0.160947710276
0.119756214321
0.137851536274
0.133266225457
0.117529466748
0.12158048898
0.137515991926
0.148654907942
0.116391509771
0.10746742785
0.122839301825
0.172328948975
0.163834095001
0.152570992708
0.159758940339
0.131623089314
0.154927894473
0.143459632993
0.177037790418
0.165405675769
0.162503391504
0.1657692343
0.097039103508
0.153735846281
0.154630705714
0.11856777221
0.154098331928
0.124710224569
0.164916619658
0.102249078453
0.189651429653
0.114055171609
0.144221439958
0.0981358289719
0.10790450871
0.13124486804
0.122890785336
0.179725274444
0.163991376758
0.128271132708
0.156441479921
0.120288699865
0.128808870912
0.150286778808
0.104276306927
0.181187659502
0.0910443738103
0.144187003374
0.140213593841
0.141684278846
0.117866367102
0.126465156674
0.130441203713
0.115458838642
0.117803566158
0.119986653328
0.1210430637
0.1432903409
0.169715106487
0.154300525784
0.104311801493
0.0967966616154
0.158476814628
0.133068025112
0.102676302195
0.132154017687
0.109694726765
0.142112970352
0.107060015202
0.132161781192
0.213588953018
0.136520221829
0.101802676916
0.118395268917
0.0985059440136
0.133660882711
0.121181190014
0.162077441812
0.173940762877
0.086536668241
0.188478499651
0.109877035022
0.137028202415
0.125614479184
0.0920926630497
0.149362877011
0.14118912816
0.115790136158
0.0911771431565
0.110676683486
0.10856628418
0.115879096091
0.0785472616553
0.146166980267
0.133589804173
0.0790463164449
0.182611331344
0.082904972136
0.122392587364
0.100600898266
0.143858283758
0.143092036247
0.108008846641
0.196686267853
0.149353429675
0.132368996739
0.0891176760197
0.0836670473218
0.184458553791
0.118518047035
0.16457554698
0.111406855285
0.10729894042
0.115260243416
0.110130876303
0.135669931769
0.120275728405
0.176044151187
0.106661841273
0.172517806292
0.116168990731
0.135122895241
0.104423373938
0.116932041943
0.160088926554
0.0953235924244
0.0923333764076
0.118323981762
0.122285947204
0.117263309658
0.142579421401
0.154159009457
0.0992576405406
0.129481509328
0.130709946156
0.119551442564
0.103907227516
0.0902991890907
0.13648493588
0.129287645221
0.15526881814
0.0921852141619
0.0777835696936
0.147329986095
0.123011499643
0.120085068047
0.0989967286587
0.133765667677
0.132558345795
0.146629840136
0.130284786224
0.134581670165
0.136629804969
0.10214843601
0.110016033053
0.125588476658
0.0912336334586
0.092265792191
0.118977971375
0.0996781140566
0.142313614488
0.0994608327746
0.121079802513
0.147749900818
0.0969925820827
0.128937095404
0.156881943345
0.146412581205
0.0956172570586
0.10396579653
0.148026809096
0.1021239236
0.0943308025599
0.0994102358818
0.131764262915
0.102546706796
0.115383483469
0.145957499743
0.172970578074
0.0949387252331
0.129460707307
0.0957534611225
0.122825063765
0.0997222065926
0.110827542841
0.106526181102
0.140339359641
0.157030984759
0.117236487567
0.106672741473
0.162356674671
0.105036199093
0.14758913219
0.0990718528628
0.129339188337
0.168708875775
0.172893509269
0.0900956839323
0.122598603368
0.148145928979
0.100796543062
0.174415409565
0.117326430976
0.139721319079
0.0957090705633
0.139261588454
0.129108980298
0.120453290641
0.126539051533
0.141155973077
0.150141239166
0.108006507158
0.146651297808
0.110977470875
0.116339489818
0.122916318476
0.103645026684
0.154116734862
0.148564383388
0.123933404684
0.080908164382
0.140175819397
0.105723053217
0.119023524225
0.0962574779987
0.113299652934
0.128832697868
0.0891134291887
0.123853467405
0.124814420938
0.183199360967
0.117199584842
0.0934089496732
0.151037737727
0.0858131200075
0.117280095816
0.100162267685
0.15778902173
0.0871561169624
0.114975064993
0.0960417613387
0.0908794105053
0.137057885528
0.114744894207
0.137897729874
0.0941166356206
0.155564859509
0.0953450426459
0.144906714559
0.106286853552
0.104898951948
0.121270209551
0.0983407869935
0.141139000654
0.0824265256524
0.1515609622
0.107046812773
0.0866702646017
0.0976632758975
0.0856663286686
0.128289714456
0.133020982146
0.0949569344521
0.0953899696469
0.140552580357
0.147413939238
0.133101686835
0.0961341112852
0.0992980599403
0.0962116494775
0.149893566966
0.101309835911
0.127013549209
0.126737564802
0.109161362052
0.12864074111
0.122915260494
0.0799805969
0.109767436981
0.0815301910043
0.123906701803
0.0724120289087
0.0924489274621
0.0874338597059
0.0480191968381
0.0921743065119
0.112435720861
0.064414024353
0.079565435648
0.0974027737975
0.132921636105
0.114299178123
0.0482025593519
0.114457368851
0.119794666767
0.144468769431
0.106643952429
0.162509247661
0.108857668936
0.131942614913
0.0910278782248
0.10355014354
0.193863660097
0.0740969032049
0.105902977288
0.112901173532
0.131499916315
0.10871822387
0.077241294086
0.111575223505
0.106748811901
0.105638884008
0.0782740116119
0.0898938030005
0.0893324017525
0.131197035313
0.159937381744
0.0759477540851
0.112346738577
0.130389213562
0.0888864919543
0.109741657972
0.0656606703997
0.0708327293396
0.127986520529
0.167556479573
0.116636000574
0.0920002758503
0.187479183078
0.0937551110983
0.120015233755
0.129304945469
0.149303287268
0.0795976147056
0.117740921676
0.0927798748016
0.110511668026
0.11940959841
0.123330965638
0.0913344472647
0.0880568027496
0.16333937645
0.0928244516253
0.138882383704
0.146163210273
0.104275681078
0.0919781923294
0.130754888058
0.0756092146039
0.132184058428
0.0993678793311
0.105104789138
0.0881025567651
0.147884890437
0.134336605668
0.0925023034215
0.094234764576
0.126946270466
0.103449992836
0.163668900728
0.1435893327
0.110517695546
0.161430612206
0.10142159462
0.0725529715419
0.128976166248
0.0956402122974
0.0994872525334
0.109323166311
0.153011292219
0.125730350614
0.12380617857
0.156522512436
0.0902782082558
0.093466617167
0.107119016349
0.0686980634928
0.151313230395
0.12593087554
0.100978441536
0.0839532166719
0.121577642858
0.0873664915562
0.129018902779
0.109794989228
0.0996088907123
0.137574493885
0.143969401717
0.0814982354641
0.0880407169461
0.110046871006
0.14258980751
0.124232023954
0.0597855448723
0.109762720764
0.137013077736
0.121123529971
0.0933993980289
0.139483690262
0.100948378444
0.143467798829
0.102618314326
0.118429273367
0.114909790456
0.103914923966
0.158205494285
0.0891338512301
0.10243614018
0.130656123161
0.0719972103834
0.112582340837
0.1133723557
0.0894675925374
0.0841124355793
0.129111617804
0.0766699910164
0.109018653631
0.108960084617
0.172859966755
0.118226967752
0.130889207125
0.0838282108307
0.0831092819571
0.113697350025
0.0833873301744
0.0901548340917
0.084793291986
0.0820335000753
0.115653157234
0.0822890102863
0.13499969244
0.0773646011949
0.11197450012
0.120442405343
0.0806281492114
0.102611094713
0.0781342759728
0.101236239076
0.0820865705609
0.115091390908
0.121495164931
0.0795907154679
0.0723837018013
0.107763394713
0.0905157327652
0.143683999777
0.141580894589
0.108398959041
0.107721962035
0.171471819282
0.0750386416912
0.102659083903
0.11017075181
0.0970844179392
0.11675003171
0.126094907522
0.15298320353
0.111344061792
0.104104198515
0.0907756686211
0.0589431002736
0.113648094237
0.0888508707285
0.0879188105464
0.0844913050532
0.0859472304583
0.118293829262
0.108419470489
0.144335404038
0.102889232337
0.119846470654
0.0893896445632
0.0582705922425
0.108376957476
0.112749330699
0.103909946978
0.0866125226021
0.1233375296
0.161236166954
0.0800337791443
0.112221628428
0.104570955038
0.117860786617
0.0862573310733
0.117764726281
0.13299369812
0.068393304944
0.0899654850364
0.0916273072362
0.0994678214192
0.142833724618
0.123664982617
0.102841250598
0.109253488481
0.107322782278
0.122600257397
0.0734450519085
0.100810296834
0.0914053171873
0.107092268765
0.0735913440585
0.107911720872
0.125040605664
0.10618263483
0.132597878575
0.111480973661
0.116920135915
0.103185251355
0.126489281654
0.0672966837883
0.101986497641
0.112797565758
0.124814607203
0.0784286484122
0.109333083034
0.112519443035
0.143269464374
0.113824494183
0.109501555562
0.110085479915
0.0575256384909
0.167316302657
0.085920996964
0.0706415623426
0.123043470085
0.14996150136
0.111701071262
0.111983641982
0.112246952951
0.10759831965
0.084229439497
0.140607088804
0.123347975314
0.100629366934
0.106011658907
0.0866400897503
0.11514069885
0.0518121086061
0.0594582892954
0.0936815589666
0.0665338113904
0.121648795903
0.0860334411263
0.109489887953
0.116590715945
0.085221529007
0.105319008231
0.120253808796
0.0842941179872
0.125590384007
0.140294909477
0.0576865188777
0.111214853823
0.07605946064
0.0823150575161
0.0825600400567
0.139776960015
0.0813320055604
0.0874512866139
0.0944611728191
0.0727754086256
0.114088028669
0.122118771076
0.0710918158293
0.0891714319587
0.0905824452639
0.109026074409
0.106584362686
0.0828601270914
0.192266583443
0.138841956854
0.0843036770821
0.17625130713
0.133305057883
0.131299570203
0.135370030999
0.0926104858518
0.0857154652476
0.128315076232
0.144837483764
0.0722131729126
0.101716071367
0.107042901218
0.069037348032
0.0995602309704
0.0891446992755
0.132237374783
0.130937889218
0.126200482249
0.0817628800869
0.119574427605
0.117340512574
0.147222846746
0.0784520953894
0.0657092109323
0.0878575518727
0.130892634392
0.128732725978
0.078919030726
0.104799337685
0.064323335886
0.0992897301912
0.0945525690913
0.111826509237
0.0888113901019
0.138687387109
0.128536388278
0.107487909496
0.115506224334
0.0921083763242
0.0887288153172
0.0842411890626
0.114870145917
0.146394997835
0.0835704132915
0.10623344034
0.113186441362
0.0969253331423
0.0875964015722
0.0897689089179
0.0934261009097
0.0928475260735
0.128788068891
0.103412091732
0.0590450279415
0.110577777028
0.102698147297
0.0630409494042
0.0674057453871
0.073251247406
0.0823166668415
0.135768204927
0.0659229308367
0.0913894101977
0.134594559669
0.0940679758787
0.101036533713
0.117803372443
0.130444124341
0.0958568677306
0.123722143471
0.113872617483
0.0804494544864
0.135562211275
0.114363960922
0.113802596927
0.093650393188
0.12136708945
0.104604370892
0.110464349389
0.112983092666
0.139394506812
0.0971398875117
0.095175974071
0.105242229998
0.139103069901
0.188308387995
0.0987387746572
0.0636374950409
0.0894835144281
0.0659317970276
0.0871911421418
0.115133218467
0.0937032923102
0.10104572773
0.0971423536539
0.140120133758
0.133075132966
0.125143170357
0.0819714814425
0.148937806487
0.0722550824285
0.0660454183817
0.12112416327
0.126773864031
0.102564543486
0.114632278681
0.0849241837859
0.0839293897152
0.131926089525
0.0937179476023
0.120609484613
0.0952128097415
0.110155969858
0.0889765173197
0.122184567153
0.107679702342
0.117515064776
0.137956514955
0.0860224217176
0.114727854729
0.0755794793367
0.116753749549
0.105281308293
0.128562122583
0.0620474852622
0.105572268367
0.0928713604808
0.108760595322
0.0658739432693
0.102301679552
0.120296292007
0.0909963846207
0.0626007169485
0.0926167368889
0.0913901254535
0.104652665555
0.0953573361039
0.113934509456
0.0776041299105
0.101889662445
0.101033598185
0.0870277807117
0.104955218732
0.0736230835319
0.0695937350392
0.0731493011117
0.0970635414124
0.130643814802
0.15266880393
0.118174798787
0.0915364176035
0.0789840891957
0.0778740122914
0.0974779576063
0.124120511115
0.162127912045
0.117643907666
0.120962016284
0.0842999368906
0.0965557917953
0.115857206285
0.067417897284
0.0730147510767
0.0910076573491
0.122704707086
0.0563608445227
0.124326139688
0.100911132991
0.0680387690663
0.108984917402
0.0909355506301
0.0688875317574
0.13260948658
0.0599029771984
0.109236054122
0.0585634633899
0.116597145796
0.0933838412166
0.123217463493
0.0862965062261
0.181059941649
0.0962111204863
0.106588989496
0.0928540453315
0.139661729336
0.108057007194
0.105259865522
0.10243562609
0.0759521946311
0.131260737777
0.123288244009
0.0884816274047
0.0890473127365
0.0942711606622
0.101430930197
0.0654891803861
0.097856938839
0.118269719183
0.101215660572
0.112808384001
0.0991452559829
0.149210289121
0.0884135738015
0.118143409491
0.083581507206
0.125654935837
0.099175542593
0.120387464762
0.0660082250834
0.0763219445944
0.0885508060455
0.105977609754
0.0991523936391
0.0927322730422
0.112273484468
0.115586586297
0.104682661593
0.0865516737103
0.115117311478
0.114683553576
0.0781447589397
0.131634801626
0.075490064919
0.119910098612
0.0794191658497
0.0854854509234
0.115213513374
0.10920869559
0.0739422217011
0.083139769733
0.11327560991
0.101139552891
0.144217044115
0.0842142775655
0.066009297967
0.0881472527981
0.11994997412
0.109259188175
0.078934289515
0.109233595431
0.15508697927
0.0808037891984
0.0958765000105
0.114483691752
0.144653275609
0.114981748164
0.113876216114
0.117060519755
0.13509966433
0.083432815969
0.0907697528601
0.119034983218
0.110991455615
0.0818953290582
0.152230232954
0.0813738405704
0.118655964732
0.0948343202472
0.107446044683
0.0931958258152
0.0700535401702
0.0845771431923
0.0741074755788
0.145090296865
0.0565874427557
0.116710312665
0.071279682219
0.0957439541817
0.118984147906
0.109991624951
0.0485260859132
0.0924932137132
0.108853727579
