0.709712922573
0.671373069286
0.646910011768
0.633544325829
0.624564707279
0.60432446003
0.58959800005
0.561015605927
0.541662275791
0.524117231369
0.509335160255
0.48653960228
0.46776509285
0.445564925671
0.422492265701
0.411987304688
0.401540696621
0.381956785917
0.369223177433
0.355922609568
0.333395004272
0.322501212358
0.314046561718
0.305833548307
0.295390605927
0.287333130836
0.293506354094
0.278705745935
0.27513217926
0.266945928335
0.25113722682
0.267029553652
0.255478203297
0.254725754261
0.244708761573
0.245649278164
0.228951171041
0.228715702891
0.24263061583
0.223960787058
0.220554977655
0.211440429091
0.205092459917
0.206983283162
0.199624925852
0.19449916482
0.201237753034
0.189852982759
0.194351017475
0.173723265529
0.189714536071
0.165239170194
0.161739736795
0.162408277392
0.166391208768
0.152391910553
0.166883409023
0.143612906337
0.155784741044
0.144114851952
0.150208294392
0.145062536001
0.146107703447
0.129960745573
0.133475601673
0.141478404403
0.129895806313
0.131810590625
0.12743408978
0.144777983427
0.130711823702
0.121999442577
0.129574865103
0.132347658277
0.117459766567
0.113728575408
0.119825780392
0.119977280498
0.132745176554
0.109051011503
0.108753152192
0.111718758941
0.132828697562
0.104299537838
0.110324621201
0.106523916125
0.133858248591
0.11080673337
0.102414481342
0.113810285926
0.104574620724
0.0975071787834
0.114079870284
0.108349479735
0.111032679677
0.09810782969
0.0972677990794
0.0994786918163
0.100671969354
0.0956037044525
0.0965093672276
0.109471015632
0.0945615544915
0.104538485408
0.090613745153
0.0931342318654
0.0964007377625
0.0979482978582
0.0876670256257
0.111011520028
0.0818492248654
0.0822625309229
0.0769448727369
0.0884667187929
0.0969328135252
0.0999818742275
0.0722719803452
0.0739826261997
0.0723716616631
0.0760389193892
0.087255731225
0.109028428793
0.0802621617913
0.0929445624352
0.108421824872
0.0806569084525
0.0694994777441
0.0734675303102
0.067614376545
0.0878704935312
0.0755354687572
0.0787063241005
0.0771484524012
0.0903449058533
0.075396373868
0.0795126780868
0.100300148129
0.078628487885
0.0837537720799
0.0832247212529
0.0842591971159
0.0815348774195
0.0816675424576
0.0712689831853
0.0988010838628
0.0919090807438
0.0705505758524
0.0673262178898
0.0893509835005
0.0695010945201
0.0684432089329
0.071086242795
0.106372386217
0.069307282567
0.0758059024811
0.0799329727888
0.0852458849549
0.0747247040272
0.0696371868253
0.0890080407262
0.0676553621888
0.070777580142
0.070109076798
0.073477178812
0.0766336098313
0.0698956549168
0.0845734700561
0.0696837902069
0.075865380466
0.0685148090124
0.119562029839
0.0673031359911
0.0690291821957
0.0892023071647
0.0682936385274
0.0668456107378
0.0663053020835
0.0703324750066
0.0656917542219
0.0708658471704
0.0816771611571
0.0691054314375
0.0749260261655
0.124912418425
0.0698401257396
0.0662207603455
0.141452550888
0.0708583593369
0.0679541602731
0.069851398468
0.0792391076684
0.0665364041924
0.0658015683293
0.0650498867035
0.067374534905
0.0676122307777
0.0678372979164
0.0679724365473
0.0806916877627
0.0770661830902
0.0848534926772
0.0658614486456
0.0661787763238
0.0770625919104
0.0760796070099
0.0667051896453
0.0672721341252
0.0661616250873
0.0666307061911
0.0670591816306
0.0680490657687
0.0678889751434
0.0749749243259
0.0701300725341
0.0716044306755
0.0652143582702
0.0753666982055
0.0673261657357
0.0717063844204
0.06994356215
0.0660965070128
0.0668586045504
0.0792972818017
0.0732022896409
0.0653503537178
0.0660192891955
0.0700514242053
0.0707971230149
0.0651103705168
0.0649235919118
0.0654162615538
0.0768071711063
0.0648040249944
0.0654352679849
0.0977869331837
0.0659473985434
0.0753756538033
0.0656007602811
0.0654627531767
0.0654304847121
0.0786228999496
0.0685229673982
0.0892133563757
0.0678027868271
0.100287310779
0.108555100858
0.0651657432318
0.0757380872965
0.0664952620864
0.0649710521102
0.0657940134406
0.0856538340449
0.0651092901826
0.0692261233926
0.0698201432824
0.0672480389476
0.0708995610476
0.0654447078705
0.0686951354146
0.103603675961
0.0669795051217
0.060786858201
0.0585089251399
0.0902752503753
0.0699445083737
0.0615595504642
0.0638012886047
0.0732358321548
0.0593285262585
0.0792801529169
0.0577868483961
0.0839614346623
0.0612449795008
0.0674206241965
0.074431553483
0.0875433236361
0.0624092854559
0.0720645859838
0.0613101497293
0.0618337355554
0.063341088593
0.0691251456738
0.0627673193812
0.0632552802563
0.0571032948792
0.0578002147377
0.0580383986235
0.0574428923428
0.0638598874211
0.0692298412323
0.0768000781536
0.0714714080095
0.0624165013433
0.0571339018643
0.0564684607089
0.0568943247199
0.0608331151307
0.0579275116324
0.0572186224163
0.0639079138637
0.0643468350172
0.0567103326321
0.0573038347065
0.0568879023194
0.0589398927987
0.0585019662976
0.0621913447976
0.06127782166
0.0586811304092
0.0576797053218
0.0605476982892
0.0570689514279
0.0578494481742
0.058329410851
0.0558907389641
0.0563054718077
0.0580658465624
0.0559250637889
0.0559096969664
0.0701410397887
0.0584103800356
0.0560234151781
0.0637259483337
0.0694134682417
0.0564471557736
0.0562749914825
0.0660898163915
0.055668387562
0.0576113648713
0.0565173365176
0.0568534322083
0.055963139981
0.0583295300603
0.061475045979
0.0575158931315
0.0562260076404
0.0564196892083
0.0571646019816
0.0560863316059
0.0591772645712
0.0582001619041
0.0560465827584
0.0706135332584
0.0577214881778
0.0593430325389
0.0563410073519
0.0566134005785
0.0558477714658
0.0557685010135
0.0710778981447
0.0561057887971
0.0575227104127
0.056852478534
0.0581638626754
0.0589262135327
0.0592571571469
0.0573014505208
0.0563669577241
0.0567269213498
0.0555767714977
0.0564955584705
0.0640841573477
0.0620656348765
0.0560877807438
0.0560117289424
0.0627386718988
0.0560240112245
0.0567778609693
0.0569253973663
0.0562028735876
0.0557038672268
0.0559239648283
0.0586014613509
0.0562188513577
0.0634774938226
0.0559321194887
0.0568738058209
0.0584089420736
0.0640777423978
0.0634661540389
0.0578539073467
0.0559058710933
0.0560183487833
0.0560003966093
0.0560078471899
0.0561555214226
0.065681129694
0.0561402961612
0.0564160458744
0.0562840402126
0.0560226626694
0.0558857247233
0.0918861329556
0.0558949820697
0.0586990080774
0.0561105161905
0.0624802000821
0.0555938333273
0.0579334124923
0.0639661103487
0.0563210621476
0.055681515485
0.0565673075616
0.0568412095308
0.0561246238649
0.0564241372049
0.0560075603426
0.0660308897495
0.0567409694195
0.0590067915618
0.0572722367942
0.0564189180732
0.0570125244558
0.0560371428728
0.0564685091376
0.0656350851059
0.0560101084411
0.0564664192498
0.0557140782475
0.0561351776123
0.0563220232725
0.0640491172671
0.0559798739851
0.057532697916
0.0569140091538
0.0563931539655
0.056621350348
0.0560860298574
0.0557197667658
0.0574112012982
0.0554775036871
0.0555056780577
0.0558523498476
0.0578042082489
0.0563424564898
0.056073307991
0.0559289045632
0.055624358356
0.0575690567493
0.0554383359849
0.055519156158
0.0653329268098
0.0576624423265
0.0557142756879
0.0704371407628
0.0563331507146
0.0558396950364
0.0557643063366
0.0600790120661
0.055422116071
0.0763741806149
0.0696686431766
0.0555722601712
0.0577386282384
0.0564620122313
0.0737896040082
0.0696554705501
0.0604279488325
0.0575892478228
0.0658256784081
0.0726702138782
0.0688080117106
0.0692532360554
0.0649017170072
0.0594667494297
0.0562268570065
0.0612592324615
0.0560293756425
0.0718754380941
0.0662522912025
0.0600981116295
0.101202465594
0.0625435337424
0.0972404405475
0.0607411414385
0.0564264990389
0.0667824149132
0.0732535421848
0.0560765564442
0.0597506463528
0.0584110617638
0.0672585070133
0.0628724694252
0.0577954500914
0.0573521926999
0.0580027960241
0.0557918734848
0.0564319454134
0.0778301283717
0.0614259541035
0.0569042004645
0.0575422011316
0.0612250342965
0.0565491914749
0.0718358904123
0.0591967478395
0.0634193718433
0.0719743147492
0.05609665066
0.0579504072666
0.0639678388834
0.0589535646141
0.05610531196
0.068710744381
0.0567432157695
0.0614919625223
0.0628842636943
0.0698951557279
0.0624333545566
0.058582175523
0.0698128938675
0.0566420704126
0.0806819796562
0.057041734457
0.0584851056337
0.0634561777115
0.0866995453835
0.0580539479852
0.0579317249358
0.0562469996512
0.076464086771
0.0727416276932
0.0754231736064
0.0811798125505
0.0613487437367
0.0643352493644
0.0794966742396
0.0760724619031
0.064298056066
0.0612985007465
0.0585757941008
0.057836625725
0.0551309175789
0.0558872967958
0.0616464577615
0.0658531785011
0.0647808611393
0.0586693286896
0.0556746274233
0.0561169683933
0.0635757818818
0.0565924495459
0.0595882572234
0.0624659918249
0.0658242851496
0.0598534829915
0.0635131075978
0.0556346662343
0.0591341629624
0.0728919804096
0.0559397339821
0.0557122118771
0.0584063567221
0.0552191212773
0.0555511936545
0.0553589835763
0.0598764456809
0.0566044747829
0.0560823865235
0.0577497296035
0.056322991848
0.0556357763708
0.0584292709827
0.065156430006
0.066330306232
0.0561218708754
0.0565566457808
0.0549178384244
0.0558097697794
0.057096388191
0.0756494998932
0.0566185563803
0.0561999827623
0.0552796237171
0.0558328293264
0.0551463142037
0.0603998601437
0.0570231676102
0.0646990537643
0.0764713808894
0.0676398202777
0.0559037588537
0.0570818185806
0.0557789392769
0.0709899365902
0.0599458925426
0.0569415129721
0.05502429232
0.0548470839858
0.0559724383056
0.0648563206196
0.0583654642105
0.0561468303204
0.0671850964427
0.0550173930824
0.0561069659889
0.0567980967462
0.056467205286
0.0573653168976
0.0553965307772
0.0558824315667
0.0558126084507
0.0557003580034
0.0588564611971
0.0555995851755
0.0655136778951
0.0558290854096
0.0559982471168
0.0567915290594
0.0611171163619
0.0601993389428
0.0560323670506
0.077536188066
0.0552881062031
0.0555773377419
0.0552999153733
0.0587247088552
0.054718144238
0.0558518543839
0.0579887963831
0.0575026646256
0.0571565292776
0.0549417696893
0.054535921663
0.0548000149429
0.0592891797423
0.0639577135444
0.0569123700261
0.0547561272979
0.0550524331629
0.0553461015224
0.0564568862319
0.0553944930434
0.0593481212854
0.0551030896604
0.0575848035514
0.0576300173998
0.0626783818007
0.0566173642874
0.0545593462884
0.0547161921859
0.0557836405933
0.0545923560858
0.0546500645578
0.0601324401796
0.0679458230734
0.0549163818359
0.0552914962173
0.0545768141747
0.0546468906105
0.0638290345669
0.0545802079141
0.0555880889297
0.0551968887448
0.0549539625645
0.0547549836338
0.0699727833271
0.0548254437745
0.0668941512704
0.0552359595895
0.0642970278859
0.0547697469592
0.0828937217593
0.0546376667917
0.05552688241
0.0715377032757
0.0766168758273
0.0663600116968
0.0564584136009
0.0546847097576
0.0694217011333
0.0590930208564
0.0668700635433
0.0674464851618
0.0655957609415
0.0553343184292
0.0551448911428
0.0575680807233
0.0613455809653
0.0615406483412
0.057157382369
0.0548960715532
0.0559140555561
0.0699367150664
0.0568865984678
0.0777991563082
0.0566074103117
0.0558411665261
0.0735028386116
0.0563955269754
0.065721347928
0.0549954250455
0.0593181662261
0.0584400333464
0.0903833135962
0.0583146810532
0.0647996589541
0.0593775324523
0.0550671443343
0.0598517730832
0.0568059682846
0.0556898117065
0.0548258423805
0.0567543692887
0.0627173483372
0.054798450321
0.0578287355602
0.0566910989583
0.0797029882669
0.0546258874238
0.0742119699717
0.0711638182402
0.0556002259254
0.0554319396615
0.10598705709
0.0719755142927
0.0605497099459
0.0555623397231
0.0574110783637
0.0547908172011
0.0548379048705
0.0604006797075
0.0548809953034
0.0665910243988
0.0550715103745
0.0612953156233
0.0583078339696
0.0558573044837
0.0551160536706
0.05632616207
0.0554738678038
0.0596402995288
0.0551959164441
0.0549221672118
0.0549875199795
0.062319368124
0.0551478564739
0.0548156648874
0.0558624640107
0.0572404302657
0.0545549616218
0.0549565851688
0.0547593943775
0.0730900019407
0.0585594438016
0.0546883270144
0.0576678104699
0.0797831863165
0.0555082447827
0.0551466979086
0.0555168166757
0.0838808789849
0.0767450258136
0.056619707495
0.0781202763319
0.0573209449649
0.057375498116
0.0554676689208
0.0558406636119
0.057141456753
0.0550266355276
0.0665138885379
0.0561365932226
0.0550771988928
0.0570927970111
0.0553601384163
0.0565589703619
0.064448222518
0.0668246820569
0.0546565130353
0.0676022171974
0.0547042414546
0.0602225139737
0.0550103411078
0.0733336284757
0.0626516193151
0.0589512251318
0.0586809664965
0.0540559403598
0.0588236302137
0.0547135621309
0.0577297210693
0.0648057684302
0.0582197345793
0.055786550045
0.0579669624567
0.0560951791704
0.0573375895619
0.0558125935495
0.0630142316222
0.0547770522535
0.0572666414082
0.0551875680685
0.0621340312064
0.0567203275859
0.0753616690636
0.0548239462078
0.0547683238983
0.0587316378951
0.0579597279429
0.0564213246107
0.0708728432655
0.0558541454375
0.0596933700144
0.0576194934547
0.0548243559897
0.0557919368148
0.0554480142891
0.0580825209618
0.0549211092293
0.056511208415
0.0553024113178
0.0550081245601
0.0702432394028
0.0555134825408
0.0693170055747
0.0645573288202
0.0581972450018
0.0559107065201
0.0580785907805
0.077689088881
0.0549049898982
0.0554950535297
0.0753876492381
0.0556014962494
0.0558093637228
0.0656543299556
0.055382207036
0.0561392791569
0.0548016801476
0.0566247478127
0.0546951852739
0.0590316429734
0.0578614287078
0.0556267052889
0.054896555841
0.0546874180436
0.0547845289111
0.0549869537354
0.0546115189791
0.0553021356463
0.0555796399713
0.0559374839067
0.0552977919579
0.0550210215151
0.05796200037
0.0564563758671
0.0574143007398
0.0551148615777
0.0556794293225
0.0554053038359
0.0582248270512
0.0648922249675
0.0550100281835
0.054659280926
0.0552896931767
0.0546519011259
0.0636531487107
0.0653146505356
0.0547946542501
0.0547019951046
0.0553718842566
0.0549295656383
0.0609227381647
0.0600757226348
0.0547897443175
0.0558661110699
0.056837733835
0.0549815259874
0.0546795167029
0.0734331905842
0.0547381415963
0.0549859292805
0.0554337091744
0.0564081296325
0.0553698092699
0.0546198226511
0.0550532974303
0.0548743270338
0.0548079796135
0.0553404912353
0.0607627108693
0.0547449477017
0.0546494275331
0.0545661970973
0.0584318004549
0.0547770708799
0.0546554662287
0.0546880848706
0.0545073188841
0.0556056946516
0.0550179369748
0.0545286983252
0.0546236261725
0.061990249902
0.0546177625656
0.0552126169205
0.0547947026789
0.0565751381218
0.0546081736684
0.0566330179572
0.0553070865571
0.05545001477
0.054802570492
0.0545398108661
0.0552197657526
0.0546414628625
0.0545132085681
0.0684169828892
0.0557023063302
0.0548288673162
0.0565997324884
0.0550896562636
0.0563837140799
0.0550808794796
0.0547934100032
0.0548148564994
0.0548573844135
0.0546978525817
0.0549496151507
0.0545939579606
0.0551863797009
0.0547981262207
0.0538842491806
0.054710637778
0.0553920269012
0.0547598488629
0.0815216004848
0.0547425709665
0.0584083646536
0.055492810905
0.0547096058726
0.0546010285616
0.054618280381
0.0555308423936
0.0550873838365
0.0556681528687
0.0546130351722
0.0545447543263
0.055397965014
0.0546514727175
0.0546923689544
0.0546604096889
0.0550264418125
0.0550886280835
0.0554656162858
0.0554771982133
0.0556527897716
0.055865380913
0.0546698831022
0.0566296800971
0.0573914051056
0.0553186461329
0.054855979979
0.0548996292055
0.0548348389566
0.054885789752
0.0555963106453
0.0545229390264
0.0548975653946
0.0548237748444
0.0555026642978
0.0545353107154
0.0557894855738
0.0547637529671
0.0685407146811
0.0546106398106
0.054879501462
0.0584974810481
0.0538628175855
0.054563883692
0.0546842813492
0.0554186664522
0.0545608326793
0.0553648881614
0.0547982789576
0.0555046312511
0.0548900291324
0.0548971034586
0.0546971559525
0.0555932633579
0.0586861297488
0.0579826310277
0.0539240948856
0.054719388485
0.0545118674636
0.0547692850232
0.0557546652853
0.0552545413375
0.0605021156371
0.054555028677
0.0545542724431
0.0584398768842
0.0608966723084
0.0552556663752
0.0547833330929
0.0546654202044
0.0550546497107
0.0545967742801
0.0653917565942
