0.43902438879
0.487804889679
0.585365831852
0.565853655338
0.56097561121
0.56097561121
0.56097561121
0.56097561121
0.56097561121
0.56097561121
0.56097561121
0.56097561121
0.56097561121
0.56097561121
0.56097561121
0.575609743595
0.570731699467
0.580487787724
0.585365831852
0.575609743595
0.619512200356
0.673170745373
0.702439010143
0.687804877758
0.678048789501
0.721951246262
0.72682929039
0.746341466904
0.746341466904
0.731707334518
0.760975599289
0.765853643417
0.765853643417
0.790243923664
0.775609731674
0.780487775803
0.780487775803
0.760975599289
0.790243923664
0.790243923664
0.785365879536
0.800000011921
0.804878056049
0.751219511032
0.790243923664
0.819512188435
0.809756100178
0.785365879536
0.809756100178
0.819512188435
