0.935953259468
0.911099672318
0.965223073959
0.871505618095
0.889018118382
0.905005693436
0.907509982586
0.918943703175
0.877931177616
0.848067879677
0.917464077473
0.916734039783
0.995941162109
0.866209447384
0.883625030518
0.947259604931
0.90366089344
0.916851758957
0.887670099735
0.881313741207
0.936598002911
0.936160206795
0.939797818661
0.895904958248
0.883283376694
0.907488703728
0.839172482491
0.888573050499
0.892989695072
0.863414347172
0.899852871895
0.950478315353
0.887574672699
0.900146782398
0.838549077511
0.835090875626
0.892108619213
0.877904057503
0.891996383667
0.915522456169
0.877980053425
0.887201726437
0.871136844158
0.878690540791
0.892410039902
0.933036029339
0.853261232376
0.902490019798
0.861984372139
0.819476604462
0.944159150124
0.873077809811
0.974349319935
0.965056061745
0.880981206894
0.888411164284
0.889289796352
0.856905579567
0.876405000687
0.919849097729
0.863582611084
0.854531347752
0.8398001194
0.891877174377
0.847472310066
0.91273266077
0.864418745041
0.895744383335
0.872501671314
0.849463045597
0.837606430054
0.885781764984
0.866126179695
0.848083376884
0.867781281471
0.877657055855
0.881294071674
0.900389134884
0.838813722134
0.839082241058
0.891710996628
0.867248117924
0.84684073925
0.826183795929
0.859790027142
0.859273850918
0.917224109173
0.883524477482
0.837532758713
0.864629924297
0.861250400543
0.888889372349
0.863264203072
0.800083756447
0.820106863976
0.827561318874
0.862301468849
0.860855221748
0.857971310616
0.843016982079
0.861415803432
0.829132199287
0.823021292686
0.803365767002
0.843138158321
0.828682482243
0.847606658936
0.839034795761
0.909442722797
0.839526414871
0.801394224167
0.826187074184
0.790485203266
0.806943118572
0.830857157707
0.840429663658
0.844910383224
0.889713466167
0.834748864174
0.841050624847
0.832778990269
0.833422720432
0.845112740993
0.843053817749
0.844401240349
0.864485502243
0.793029367924
0.797583580017
0.841763138771
0.829981505871
0.866230368614
0.813288092613
0.81216609478
0.816743731499
0.808194935322
0.81248319149
0.854512810707
0.830875277519
0.793464481831
0.850329637527
0.834330141544
0.836527764797
0.840000510216
0.829394221306
0.805442869663
0.824026882648
0.818047940731
0.793225109577
0.840900242329
0.813241422176
0.83972209692
0.837965965271
0.869626224041
0.782985329628
0.787077248096
0.788552045822
0.827943086624
0.803895056248
0.816427111626
0.837961435318
0.825628817081
0.820916295052
0.802574574947
0.838842153549
0.83962148428
0.800331294537
0.830254852772
0.800830960274
0.831835508347
0.808576345444
0.829604446888
0.811045706272
0.776197135448
0.765051543713
0.79656881094
0.835387289524
0.795641481876
0.783607423306
0.823155939579
0.838723957539
0.831233203411
0.805472493172
0.83559024334
0.826597392559
0.803510725498
0.813145458698
0.779053628445
0.793864309788
0.81639611721
0.799173057079
0.797366976738
0.84234559536
0.833141028881
0.811676263809
0.818954706192
0.811201870441
0.778023302555
0.830492854118
0.798384904861
0.825763106346
