0.693976700306
0.693545877934
0.694562494755
0.693450033665
0.691884636879
0.693753123283
0.692245423794
0.693427085876
0.693088293076
0.693252444267
0.692900896072
0.69086587429
0.69286096096
0.691825032234
0.692141413689
0.693484425545
0.692882835865
0.691792011261
0.693555593491
0.693471968174
0.694656610489
0.692997336388
0.69204813242
0.693241715431
0.692680716515
0.693140983582
0.692666113377
0.69272685051
0.691263318062
0.69193559885
0.692771136761
0.692887783051
0.691737234592
0.693384826183
0.692302405834
0.689799547195
0.693184018135
0.692595779896
0.691543340683
0.69199514389
0.692864537239
0.690797150135
0.690962791443
0.690424859524
0.691255509853
0.692828536034
0.693998157978
0.693306088448
0.693390011787
0.691708743572
0.691993176937
0.69304305315
0.691801071167
0.693105101585
0.690193414688
0.691106975079
0.692391753197
0.692028045654
0.691264629364
0.691519260406
0.689440190792
0.690775334835
0.689333200455
0.690779149532
0.691514611244
0.691359817982
0.692706286907
0.690528810024
0.690416753292
0.692249596119
0.690750777721
0.689226031303
0.689793527126
0.691546797752
0.69117462635
0.691860079765
0.69151866436
0.691594183445
0.69015955925
0.68972080946
0.690469503403
0.689512550831
0.689028978348
0.689296066761
0.689648747444
0.689650475979
0.691017091274
0.689669191837
0.688975334167
0.690487146378
0.690024673939
0.690697193146
0.689991772175
0.690545141697
0.689433634281
0.688881933689
0.689950942993
0.689899504185
0.689719319344
0.691104590893
0.6892811656
0.689950585365
0.687726378441
0.691323697567
0.689488530159
0.689910590649
0.690138936043
0.691043972969
0.689637362957
0.69087433815
0.690348088741
0.689020991325
0.689683258533
0.688120007515
0.689376115799
0.690671145916
0.68901515007
0.689575493336
0.688659608364
0.689127981663
0.689162909985
0.689080417156
0.688859283924
0.69067889452
0.68805706501
0.68855535984
0.68818539381
0.686571061611
0.689950048923
0.68793541193
0.688198566437
0.687646329403
0.688773691654
0.687985599041
0.687658846378
0.687386214733
0.689458608627
0.688078045845
0.69056558609
0.689347624779
0.687812626362
0.686664402485
0.68865698576
0.688652515411
0.687057137489
0.687165737152
0.687214016914
0.687049210072
0.687923848629
0.68772059679
0.688458800316
0.688608884811
0.686855316162
0.689636826515
0.687364161015
0.686735153198
0.689330160618
0.688417434692
0.686674237251
0.689523994923
0.686527311802
0.687172472477
0.686311900616
0.68874168396
0.68822735548
0.685705244541
0.687241196632
0.686700284481
0.686403274536
0.685470581055
0.688112735748
0.688147425652
0.685701668262
0.686165034771
0.6876937747
0.685930252075
0.68729275465
0.685170531273
0.68705624342
0.686029195786
0.687477529049
0.687682807446
0.685977339745
0.687698423862
0.684292733669
0.68670296669
0.687646925449
0.687716364861
0.686105549335
0.687311530113
0.686111569405
0.685284078121
0.685028195381
0.688132703304
0.685780525208
0.687918901443
0.684603512287
0.684947311878
0.684453010559
0.68703687191
0.684883475304
0.685693502426
0.683335483074
0.685027480125
0.685944318771
0.68604850769
0.686392724514
0.686233520508
0.682917654514
0.683702588081
0.685372114182
0.685006797314
0.685958325863
0.685805857182
0.683490812778
0.684122681618
0.68309879303
0.685095965862
0.685583949089
0.683529734612
0.685593664646
0.686062037945
0.683933615685
0.683330953121
0.684377670288
0.683937847614
0.683240652084
0.684584736824
0.683378636837
0.685912370682
0.684795975685
0.685541749001
0.686046898365
0.682047486305
0.682966053486
0.681965172291
0.682270467281
0.683378636837
0.685592591763
0.686445713043
0.685760915279
0.6840467453
0.681334555149
0.683127641678
0.683985173702
0.683435082436
0.684182345867
0.685456633568
0.680642724037
0.68242418766
0.682765305042
0.682008385658
0.683140277863
0.681811153889
0.682728409767
0.682756960392
0.682975530624
0.682913303375
0.681209683418
0.681449651718
0.684856414795
0.682183086872
0.683256447315
0.683663725853
0.682915687561
0.682096779346
0.680863857269
0.682195305824
0.681907892227
0.679108262062
0.682315349579
0.683022558689
0.680957198143
0.679505288601
0.68271613121
0.68101644516
0.682648837566
0.680270373821
0.680505812168
0.683264255524
0.683434307575
0.681996881962
0.679537057877
0.680458426476
0.680556118488
0.681378185749
0.680368542671
0.680067062378
0.68213814497
0.682983338833
0.680693745613
0.680330872536
0.67834353447
0.681103348732
0.678206205368
0.682069003582
0.682714343071
0.679485797882
0.683053910732
0.681840419769
0.680585622787
0.682791650295
0.678963065147
0.680385529995
0.68002218008
0.680758297443
0.680503308773
0.681016743183
0.679588794708
0.681738436222
0.679715812206
0.680866062641
0.679829657078
0.678513109684
0.67691975832
0.679559230804
0.68022865057
0.680787146091
0.680341899395
0.678610742092
0.677800536156
0.678056299686
0.680923402309
0.680986344814
0.678366303444
0.678106606007
0.679721951485
0.678371727467
0.680020809174
0.6787789464
0.678559839725
0.679520666599
0.675272583961
0.679753959179
0.676627039909
0.678679227829
0.679391980171
0.679922401905
0.680189013481
0.678770244122
0.678580105305
0.677495718002
0.680352330208
0.679350614548
0.680556714535
0.678804278374
0.676715254784
0.679144084454
0.678505778313
0.677031040192
0.676265239716
0.677790999413
0.677022337914
0.674762129784
0.675785839558
0.679123282433
0.676830470562
0.677104830742
0.677989542484
0.677109718323
0.676500797272
0.67201167345
0.678704679012
0.678073763847
0.680099785328
0.674121260643
0.673128306866
0.674222648144
0.676986157894
0.676871418953
0.675538241863
0.673497796059
0.674450099468
0.677097499371
0.675829231739
0.675328671932
0.674096465111
0.67434155941
0.676707923412
0.671230256557
0.67483830452
0.67232888937
0.675813257694
0.673092126846
0.674210309982
0.672220468521
0.671631753445
0.674997925758
0.672218859196
0.674917817116
0.673393130302
0.674379050732
0.674617946148
0.673052251339
0.675122499466
0.671230256557
0.672906816006
0.673995912075
0.673382282257
0.673750400543
0.671416938305
0.669736385345
0.673095405102
0.669364511967
0.673364400864
0.670279443264
0.672479093075
0.670082509518
0.673321068287
0.671609342098
0.669352591038
0.672483444214
0.671121239662
0.670509397984
0.672095000744
0.67381131649
0.669599115849
0.673764705658
0.668541312218
0.675465941429
0.670203983784
0.673009812832
0.671287715435
0.671926498413
0.673837184906
0.670983016491
0.66792678833
0.673245787621
0.671684145927
0.671706020832
0.672168254852
0.671778082848
0.671391606331
0.674577653408
0.672753632069
0.670453608036
0.671263754368
0.665905117989
0.667847812176
0.668693006039
0.6713783741
0.66819947958
0.670671164989
0.671809196472
0.671399891376
0.669481217861
0.668760180473
0.665462136269
0.666903614998
0.669249176979
0.66972476244
0.664150953293
0.666510105133
0.670257687569
0.667172968388
0.670027196407
0.664005041122
0.671570777893
0.663956046104
0.670793175697
0.664825022221
0.667294561863
0.668397843838
0.666665554047
0.668278634548
0.668723642826
0.665382027626
0.668005645275
0.663659393787
0.666428267956
0.668685078621
0.664259016514
0.665515482426
0.667261183262
0.666721940041
0.666694521904
0.662899255753
0.664029598236
0.665529072285
0.664364278316
0.66770786047
0.661373376846
0.666878759861
0.664184451103
0.668348789215
0.664967179298
0.664858102798
0.661174058914
0.662550926208
0.665315032005
0.668148636818
0.663712441921
0.66962069273
0.659982740879
0.662247419357
0.666189491749
0.668449938297
0.668515980244
0.66859292984
0.661583006382
0.664017260075
0.662124752998
0.662611067295
0.66732019186
0.667486429214
0.661070168018
0.664588451385
0.667745769024
0.664671957493
0.662933945656
0.659851014614
0.663131952286
0.659796118736
0.661428630352
0.662023246288
0.655753076077
0.659918665886
0.657013952732
0.664412021637
0.660498023033
0.662429869175
0.663448572159
0.658305227757
0.659244716167
0.65944236517
0.65810495615
0.662305951118
0.658473610878
0.65655040741
0.659007251263
0.658583939075
0.663303256035
0.659146368504
0.661844789982
0.658487915993
0.659654259682
0.661856472492
0.660325229168
0.66086858511
0.658373951912
0.65688842535
0.658225953579
0.655421495438
0.659430027008
0.652960062027
0.656284928322
0.657743632793
0.661036252975
0.654833674431
0.655574142933
0.654843509197
0.653715252876
0.659990727901
0.658654868603
0.656867206097
0.656118273735
0.652037858963
0.656736373901
0.649569690228
0.658583283424
0.655133068562
0.65666437149
0.655384421349
0.654637336731
0.651578307152
0.658229827881
0.658843874931
0.654080867767
0.65443187952
0.648886620998
0.65572065115
0.654345750809
0.656931221485
0.660804390907
0.650871038437
0.658000171185
0.660807669163
0.654799580574
0.649745166302
0.654875397682
0.654946684837
0.65006518364
0.655473589897
0.654143452644
0.649223804474
0.650933563709
0.650182723999
0.652121961117
0.657614648342
0.651252567768
0.655266880989
0.651222705841
0.650009810925
0.657967090607
0.658457398415
0.648748338223
0.652068972588
0.650468051434
0.646936058998
0.651025891304
0.653169572353
0.647957861423
0.645037233829
0.649183690548
0.644980311394
0.643629252911
0.64750790596
0.654576063156
0.650518417358
0.64998704195
0.648878574371
0.652628362179
0.648036777973
0.651126623154
0.648894965649
0.647943198681
0.652371883392
0.645070314407
0.653485536575
0.644052445889
0.652112424374
0.650439500809
0.645208120346
0.645729422569
0.643213510513
0.642077028751
0.64910441637
0.644354939461
0.643978536129
0.644212067127
0.643792748451
0.645944058895
0.641644895077
0.646507024765
0.642765104771
0.643753349781
0.642206132412
0.643734514713
0.651832520962
0.640631914139
0.642305314541
0.648322582245
0.651602566242
0.641443550587
0.646735966206
0.640811502934
0.63871127367
0.63731443882
0.643320083618
0.642766714096
0.645123124123
0.639990508556
0.64192956686
0.636943817139
0.645903527737
0.640864849091
0.646813511848
0.640290915966
0.640390992165
0.642916917801
0.644128739834
0.647624254227
0.648107111454
0.648398339748
0.648502528667
0.643851578236
0.642689347267
0.648094594479
0.646030306816
0.640628635883
0.64934527874
0.644541740417
0.641736149788
0.640133023262
0.645095467567
0.644038498402
0.647263586521
0.647435188293
0.637920856476
0.645345389843
0.649225831032
0.638128221035
0.651711046696
0.643026053905
0.645531952381
0.645569741726
0.642467916012
0.642363011837
0.641495764256
0.639657795429
0.641810178757
0.64479637146
0.642495512962
0.633495807648
0.639597654343
0.64239859581
0.642386317253
0.641994893551
0.639379739761
0.642223894596
0.649771571159
0.643906772137
0.641267359257
0.643646538258
0.646006941795
0.642561018467
0.642354667187
0.649671733379
0.645353317261
0.64202940464
0.644474029541
0.641595482826
0.643151283264
0.646101176739
0.639395534992
0.64639133215
0.639531552792
0.639971494675
0.645759403706
0.641395509243
0.637426137924
0.641103923321
0.646751224995
0.650961399078
0.642543196678
0.644823908806
0.645821630955
0.637371063232
0.6401014328
0.64534586668
0.642509579659
0.637676179409
0.643620550632
0.641731023788
0.643076837063
0.647749900818
0.637061715126
0.651737570763
0.639350831509
0.648184299469
0.632027208805
0.633806765079
0.644190430641
0.638781964779
0.64873945713
0.639107882977
0.641552150249
0.638082504272
0.646652758121
0.648824632168
0.640768527985
0.638238132
0.637711167336
0.640980660915
0.638291358948
0.638718307018
0.641316652298
0.638848721981
0.64194214344
0.638054847717
0.64341288805
0.637370765209
0.633322119713
0.638050675392
0.639457464218
0.643055558205
0.644206881523
0.644867837429
0.638472855091
0.641115903854
0.633758842945
0.640762984753
0.638347804546
0.641515612602
0.631345510483
0.644843935966
0.640735447407
0.639542818069
0.640646755695
0.641302883625
0.648026645184
0.646613359451
0.648816525936
0.636456012726
0.642731070518
0.644919335842
0.644521892071
0.638518989086
0.647963047028
0.638317883015
0.644430100918
0.643545031548
0.644155800343
0.644108891487
0.640839040279
0.639408171177
0.6340290308
0.636927604675
0.638372004032
0.639801979065
