0.693138480186
0.692275941372
0.691493213177
0.690705001354
0.689995884895
0.688968718052
0.688321232796
0.686963319778
0.686852753162
0.685583174229
0.684738397598
0.684202551842
0.683419644833
0.682837367058
0.682683706284
0.682534873486
0.680652618408
0.681333243847
0.676489233971
0.678698122501
0.672386944294
0.669217050076
0.672495305538
0.666011631489
0.668911397457
0.659549891949
0.658336341381
0.646565377712
0.653148055077
0.64490634203
0.630039036274
0.625103890896
0.625630438328
0.616694629192
0.613687634468
0.601272344589
0.594383895397
0.594710290432
0.588509857655
0.564137101173
0.555195331573
0.568509161472
0.56268030405
0.523580312729
0.544674396515
0.58351457119
0.524170696735
0.557558000088
0.523488938808
0.555643737316
0.515022456646
0.551894128323
0.502610981464
0.522184371948
0.524464666843
0.51359295845
0.505275249481
0.496273815632
0.50715482235
0.504309117794
0.509117424488
0.497727960348
0.500983536243
0.515589237213
0.485480457544
0.491279274225
0.454244464636
0.492713570595
0.420460402966
0.47074174881
0.469410359859
0.458261191845
0.512456655502
0.500234901905
0.479014635086
0.453496187925
0.453641116619
0.453537255526
0.442142367363
0.454084694386
0.436993867159
0.454985380173
0.486197829247
0.429637700319
0.418287843466
0.417454332113
0.42355260253
0.44546353817
0.462181121111
0.407637834549
0.417497962713
0.406252086163
0.39966610074
0.392592728138
0.407686471939
0.403649300337
0.451933771372
0.40284204483
0.431252717972
0.38388171792
0.429108411074
0.384105324745
0.371890604496
0.394278615713
0.384990274906
0.38433355093
0.38816678524
0.342382222414
0.363828569651
0.367771863937
0.389031410217
0.374334782362
0.378132134676
0.348938345909
0.338756471872
0.356282234192
0.334913104773
0.345428049564
0.347174227238
0.328529834747
0.350671499968
0.327658563852
0.353445887566
0.311035960913
0.317285478115
0.289939850569
0.315893441439
0.331231087446
0.318122804165
0.284064888954
0.322605997324
0.346750408411
0.333693802357
0.279892712831
0.311842083931
0.316558659077
0.274648725986
0.34000647068
0.304387420416
0.292114049196
0.297931492329
0.311046004295
0.297514557838
0.287099003792
0.288581073284
0.31255581975
0.255102157593
0.271214336157
0.285430043936
0.266629457474
0.25312680006
0.27422118187
0.287015974522
0.262331426144
0.291939884424
0.286413341761
0.274126946926
0.278406322002
0.284289926291
0.258839935064
0.275839596987
0.272262364626
0.264939010143
0.261313319206
0.237540453672
0.277956902981
0.312974512577
0.241215899587
0.256291121244
0.243474110961
0.243582695723
0.207388922572
0.24158552289
0.208912566304
0.202390506864
0.221686393023
0.237440735102
0.228929355741
0.26267015934
0.234717801213
0.259494900703
0.331769019365
0.205388605595
0.217262715101
0.252565890551
0.263492792845
0.229151502252
0.246167868376
0.212081730366
0.227522015572
0.253398120403
0.239112555981
0.253012061119
0.22217617929
0.210207477212
0.191891342402
0.208488836884
0.20016464591
0.186867058277
0.211958199739
0.209355428815
0.204622849822
0.204254895449
0.2150477916
0.235133394599
0.212453857064
0.179021403193
0.203970462084
0.17422606051
0.181882575154
0.18141849339
0.283680647612
0.229159578681
0.163317158818
0.221774071455
0.162136599422
0.230517685413
0.21322068572
0.217282742262
0.217708155513
0.222478508949
0.220822781324
0.187336698174
0.206942677498
0.193250074983
0.195709854364
0.176602393389
0.174913495779
0.19338658452
0.196226403117
0.140384927392
0.149164736271
0.23667947948
0.201557308435
0.151285558939
0.220135033131
0.163846477866
0.179846122861
0.165144205093
0.207405090332
0.163811802864
0.175863578916
0.14754332602
0.170557454228
0.162331670523
0.197568714619
0.211196571589
0.182040214539
0.207927942276
0.183737233281
0.175141423941
0.139746949077
0.137939736247
0.140971064568
0.17191670835
0.176505669951
0.168938308954
0.173754245043
0.17330160737
0.163322001696
0.121521219611
0.153602704406
0.140975102782
0.106306165457
0.169947430491
0.146023333073
0.154451489449
0.148019433022
0.208301007748
0.139518231153
0.170599371195
0.167638272047
0.158284932375
0.171586945653
0.180436819792
0.143367692828
0.159358590841
0.155117318034
0.190061107278
0.232608631253
0.160405382514
0.182183861732
0.162615031004
0.12793186307
0.131715267897
0.165103927255
0.160750448704
0.159361988306
0.149059399962
0.184149205685
0.172207340598
0.153519704938
0.156109213829
0.155659541488
0.125406131148
0.141808837652
0.125954762101
0.132684484124
0.162489652634
0.185919865966
