0.681251049042
0.686237812042
0.672000944614
0.637678325176
0.636769592762
0.613335371017
0.615039110184
0.595267176628
0.595806241035
0.572916030884
0.592851877213
0.572783708572
0.542678892612
0.553179264069
0.570043325424
0.555509448051
0.525926411152
0.528679311275
0.508626520634
0.516313195229
0.537164032459
0.499314665794
0.520522117615
0.478782325983
0.471622258425
0.486986160278
0.499114483595
0.475734651089
0.476513743401
0.478934466839
0.446321040392
0.46493473649
0.457338273525
0.468690127134
0.434708684683
0.419191122055
0.458069950342
0.421295523643
0.459307223558
0.429479986429
0.397377729416
0.445349276066
0.370416879654
0.391355007887
0.393363147974
0.442651808262
0.398286104202
0.437725931406
0.419557213783
0.42281806469
0.366242974997
0.349839419127
0.38782787323
0.374457865953
0.371982693672
0.389391332865
0.353559345007
0.370321780443
0.376797884703
0.404647618532
0.394720077515
0.378233760595
0.370898097754
0.370718955994
0.374209135771
0.367227584124
0.366933882236
0.336959958076
0.390366524458
0.353216290474
0.370096802711
0.411716103554
0.367038339376
0.363532602787
0.383021146059
0.347954213619
0.361878931522
0.348542273045
0.353083610535
0.348901510239
0.33271381259
0.297175139189
0.401154518127
0.33957478404
0.338132858276
0.350021839142
0.369550615549
0.305399090052
0.334440797567
0.341466546059
0.341409146786
0.362231075764
0.328164815903
0.326231569052
0.327169954777
0.306076973677
0.325588703156
0.330487132072
0.348926573992
0.307801306248
0.301531821489
0.313099771738
0.322762489319
0.310414791107
0.274181395769
0.309249728918
0.322110623121
0.274469405413
0.31251719594
0.272544801235
0.324764639139
0.292947173119
0.293057382107
0.302634984255
0.302052080631
0.324590295553
0.295410633087
0.345843732357
0.353949397802
0.327090531588
0.284290194511
0.34104976058
0.31240093708
0.264256745577
0.359403431416
0.27306330204
0.308286517859
0.298034876585
0.264185488224
0.288374662399
0.330357462168
0.298970103264
0.312128007412
0.292791217566
0.305882066488
0.28599178791
0.273004323244
0.285211801529
0.282873988152
0.249611645937
0.240137904882
0.266707569361
0.30352139473
0.308705896139
0.268299788237
0.264272123575
0.359813928604
0.241774961352
0.203080058098
0.291774719954
0.315197050571
0.288641244173
0.295986175537
0.323284655809
0.307414650917
0.294912785292
0.332591056824
0.252688616514
0.260874927044
0.240359276533
0.272735804319
0.2940531075
0.246078625321
0.248342722654
0.276558279991
0.263766735792
0.301598757505
0.241307660937
0.253032177687
0.280312001705
0.272111296654
0.266242772341
0.27070197463
0.226893082261
0.247683942318
0.322192370892
0.296112328768
0.300839751959
0.275413662195
0.251386016607
0.261372536421
0.285660415888
0.244291394949
0.28562438488
0.247626960278
0.264089971781
0.313762009144
0.247535690665
0.233009591699
0.302961885929
0.251503884792
0.225503012538
0.275437742472
0.242489337921
0.264520198107
0.317708432674
0.2322075665
0.294994801283
0.271791696548
0.272866308689
0.239250183105
0.254128903151
0.270894706249
0.294070571661
0.272477209568
0.251292794943
0.246945977211
0.245582655072
0.215825602412
0.246846169233
0.295539081097
0.246967494488
0.270543932915
0.287112355232
0.281257092953
0.270558893681
0.223052605987
0.235762730241
0.227481603622
0.275577127934
0.233636766672
0.27298900485
0.236522048712
0.250650048256
0.257347881794
0.237146735191
0.257399916649
0.237437680364
0.231697410345
0.221448391676
0.25267419219
0.270555049181
0.260638833046
0.227987483144
0.274641126394
0.265035957098
0.224114611745
0.245198354125
0.235391288996
0.269307553768
0.253379493952
0.201383203268
0.227666720748
0.218041613698
0.213387385011
0.259841710329
0.210640877485
0.239627853036
0.228315100074
0.232210636139
0.244871228933
0.230446860194
0.250631988049
0.215612515807
0.22084659338
0.193031787872
0.179101839662
0.230326130986
0.193366467953
0.170940577984
0.208766803145
0.275760084391
0.232599318027
0.28196105361
0.253965437412
0.243295952678
0.194887340069
0.229695513844
0.213875293732
0.243470355868
0.2479262501
0.235585466027
0.230380237103
0.278868705034
0.236810445786
0.282462954521
0.238199114799
0.30995669961
0.225909948349
0.232756137848
0.235556483269
0.220697835088
0.193803027272
0.286925315857
0.235921278596
0.226164504886
0.217675924301
0.302483677864
0.244743719697
0.243010774255
0.230681106448
0.255989789963
0.249859243631
0.220488354564
0.243422776461
0.222512125969
0.228730812669
0.18316963315
0.211994111538
0.179214119911
0.184964358807
0.207351058722
0.280922442675
0.231194138527
0.237051442266
0.249804869294
0.231207922101
0.251623094082
0.220776677132
0.204069301486
0.239737644792
0.248228624463
0.221696287394
0.191817089915
0.236321464181
0.310493797064
0.232245057821
0.220525756478
0.183441594243
0.18597458303
0.20792080462
0.319594919682
0.163248419762
0.21647977829
0.217597261071
0.315196782351
0.203360170126
0.230990767479
0.22344866395
0.29888895154
0.238077789545
0.223205342889
0.216161742806
0.206955358386
0.215717971325
0.223091602325
0.225066095591
0.229130104184
0.197273105383
0.203460946679
0.218780741096
0.211865901947
0.24251319468
0.191770002246
0.182504847646
0.201262235641
0.237108632922
0.152750864625
0.284034311771
0.205447390676
0.214018955827
0.2675332129
0.222691193223
0.216515183449
0.189742788672
0.240832105279
0.218185141683
0.185478791595
0.256642788649
0.249074369669
0.197460010648
0.194228053093
0.204457655549
0.18400503695
0.256417036057
0.198728233576
0.175130143762
0.203365400434
0.226550027728
0.194813668728
0.183057129383
0.249357908964
0.23084641993
0.240208506584
0.193217560649
0.208486363292
0.206590473652
0.208873435855
0.253486067057
0.242584839463
0.224249795079
0.247951373458
0.285790294409
0.181167751551
0.21652302146
0.248754173517
0.28999748826
0.160902142525
0.212321400642
0.218856140971
0.223912864923
0.249635607004
0.182033702731
0.197563096881
0.302577465773
0.219108253717
0.219429910183
0.260331571102
0.168067082763
0.257404774427
0.165251046419
0.209589704871
0.267306447029
0.169666349888
0.248891562223
0.206386864185
0.226109594107
0.175631791353
0.166251927614
0.177752792835
0.197255223989
0.188076451421
0.227130115032
0.194116696715
0.197064101696
0.197806939483
0.158042356372
0.206731587648
0.172901466489
0.160811603069
0.206415057182
0.16622081399
0.212657943368
0.20652975142
0.234053969383
0.163856983185
0.200333163142
0.229759395123
0.178599864244
0.240668803453
0.183631449938
0.19470795989
0.250902533531
0.197462290525
0.20464476943
0.131267800927
0.195627301931
0.237132519484
0.192068204284
0.208113059402
0.159161806107
0.236794516444
0.251459777355
0.192982301116
0.191431388259
0.211739912629
0.216886386275
0.233092963696
0.177331969142
0.268167585135
0.227099269629
0.207007139921
0.169058606029
0.218902051449
0.178779006004
0.215986192226
0.221584543586
0.183066993952
0.192809179425
0.171437442303
0.210241064429
0.208683386445
0.174694567919
0.202124401927
0.210382446647
0.194569170475
0.212375119328
0.165531590581
0.216192185879
0.22235225141
0.176392346621
0.222173631191
0.205872774124
0.177763998508
0.189944371581
0.161677494645
0.176494732499
0.17493507266
0.160594880581
0.202412247658
0.237140789628
0.221416682005
0.23007184267
0.190987303853
0.167851224542
0.213366061449
0.187857747078
0.192555472255
0.176642403007
0.22403536737
0.18614692986
0.242878049612
0.192392021418
0.201621353626
0.227915391326
0.166223138571
0.212265744805
0.212417319417
0.197345495224
0.257438540459
