0.693167865276
0.692655324936
0.692440450191
0.691867113113
0.691376388073
0.69095158577
0.690265774727
0.689942061901
0.689321517944
0.688464820385
0.688091576099
0.687556624413
0.687203466892
0.685904204845
0.68536567688
0.684687554836
0.683697938919
0.682884991169
0.68155169487
0.680806815624
0.680223882198
0.678998112679
0.678230106831
0.677046000957
0.676066756248
0.674227237701
0.673929452896
0.672097325325
0.671260774136
0.670657217503
0.669049501419
0.667631149292
0.666606545448
0.664746820927
0.663093626499
0.661575734615
0.660686612129
0.659274935722
0.657824993134
0.656806886196
0.654782354832
0.653892397881
0.651345014572
0.650777995586
0.648819327354
0.647214889526
0.645519554615
0.644232451916
0.64206391573
0.639516532421
0.639939785004
0.637237548828
0.635339379311
0.63396948576
0.631994605064
0.630278587341
0.627370893955
0.626579523087
0.625601708889
0.62280189991
0.619146466255
0.620827794075
0.617503404617
0.614643216133
0.612568497658
0.610211312771
0.607349157333
0.606567025185
0.605387449265
0.602012872696
0.600577354431
0.600070357323
0.596699118614
0.594921290874
0.592700481415
0.589884340763
0.587562322617
0.586486697197
0.584829628468
0.579370200634
0.580651700497
0.575778901577
0.572039008141
0.571270465851
0.567599892616
0.563856780529
0.561327517033
0.559809148312
0.557103693485
0.553779542446
0.554059445858
0.552321195602
0.548873960972
0.546051442623
0.543130576611
0.538583755493
0.536801755428
0.533842802048
0.534123063087
0.526938915253
0.524817407131
0.520646929741
0.520170032978
0.516959249973
0.512909948826
0.510770261288
0.511152863503
0.504780292511
0.503378689289
0.500547170639
0.496432423592
0.494877815247
0.49246108532
0.487431138754
0.489179253578
0.480522215366
0.47786590457
0.47535943985
0.472605079412
0.468239754438
0.465832829475
0.462736785412
0.460499346256
0.459956467152
0.451942622662
0.449579536915
0.44405952096
0.444278508425
0.436631798744
0.434896767139
0.433897823095
0.431571632624
0.426372885704
0.42567589879
0.420062839985
0.41823592782
0.410551726818
0.411736696959
0.406581372023
0.403633087873
0.400036841631
0.395940572023
0.393010944128
0.388548642397
0.390693843365
0.38383051753
0.384174764156
0.374525040388
0.3759123981
0.372960716486
0.369783639908
0.367525726557
0.362520992756
0.361578047276
0.360834181309
0.351811230183
0.354669898748
0.347111523151
0.345773756504
0.335152834654
0.335816770792
0.337770938873
0.339570581913
0.326269209385
0.327621251345
0.325655221939
0.323947697878
0.314749062061
0.311396837234
0.311246573925
0.302512079477
0.305717110634
0.30644184351
0.298662185669
0.29871982336
0.295655012131
0.290910124779
0.291507840157
0.285284399986
0.288009077311
0.279726266861
0.280179768801
0.278029561043
0.267540335655
0.271105408669
0.264832854271
0.264618635178
0.262075901031
0.260079681873
0.259282320738
0.249431475997
0.252649247646
0.247802212834
0.244482442737
0.242910638452
0.243362948298
0.239766269922
0.23995514214
0.239395290613
0.235365927219
0.233737111092
0.229347735643
0.225961521268
0.222056210041
0.222957238555
0.22075240314
0.218920752406
0.217990338802
0.210948422551
0.210704043508
0.209458440542
0.206750407815
0.20548607409
0.204233124852
0.200669825077
0.200082093477
0.199251756072
0.195149451494
0.196793153882
0.193959265947
0.191737756133
0.188196659088
0.182342678308
0.184975668788
0.187295585871
0.176556989551
0.181340843439
0.176295951009
0.175110444427
0.172883212566
0.173073038459
0.169768691063
0.172153651714
0.164104864001
0.168735742569
0.168763235211
0.159572780132
0.159947112203
0.157251179218
0.160132288933
0.157613962889
0.153780519962
0.156264796853
0.154683187604
0.158141642809
0.155759930611
0.156242534518
0.157728657126
0.160238802433
0.15710349381
0.1593349576
0.153571695089
0.15909563005
0.157984212041
0.153165847063
0.155712157488
0.149088770151
0.152631998062
0.15067063272
0.156261831522
0.155129015446
0.151127442718
0.15360571444
0.153154656291
0.154282614589
0.152553230524
0.156806871295
0.154414027929
0.150995850563
0.144043371081
0.152812480927
0.149428650737
0.152020156384
0.15285512805
0.148397877812
0.15336664021
0.147767931223
0.149364754558
0.152330160141
0.152242556214
0.15301926434
0.150231510401
0.150649622083
0.153401911259
0.154072806239
0.149737328291
0.14983317256
0.149465367198
0.149572268128
0.152239724994
0.153150096536
0.14941072464
0.147557884455
0.150775507092
0.146179497242
0.1483143121
0.144042432308
0.15283420682
0.153394892812
0.146109685302
