0.835970699787
0.813175976276
0.748231589794
0.720649540424
0.703375101089
0.678467094898
0.686401426792
0.623878717422
0.655316591263
0.651045918465
0.604950904846
0.640875697136
0.616207957268
0.566396415234
0.58495426178
0.584334015846
0.583589613438
0.591872870922
0.569284498692
0.574755728245
0.546913683414
0.523998856544
0.52801078558
0.527381181717
0.530693411827
0.563314318657
0.533344447613
0.523104906082
0.491248041391
0.507929086685
0.495053559542
0.502141177654
0.52729767561
0.48842176795
0.514382958412
0.473065197468
0.455244272947
0.472723603249
0.437589764595
0.431560844183
0.482423067093
0.4344843328
0.429374575615
0.416035503149
0.404529988766
0.400589197874
0.432624161243
0.410458147526
0.445720762014
0.386357724667
0.421738445759
0.374837517738
0.42797383666
0.394933998585
0.376412898302
0.401325494051
0.358762949705
0.382231593132
0.367407530546
0.336201965809
0.343003511429
0.375146627426
0.361054062843
0.362631052732
0.32802310586
0.277726560831
0.369071185589
0.341900110245
0.271605074406
0.302489548922
0.273555845022
0.303332954645
0.324892789125
0.343935519457
0.340257883072
0.308986216784
0.322729557753
0.296119898558
0.275666743517
0.305754929781
0.234472289681
0.299131721258
0.269406825304
0.273849457502
0.275822073221
0.250419437885
0.264210492373
0.259157836437
0.264863371849
0.216064855456
0.249620392919
0.226853236556
0.227007597685
0.233421191573
0.259220510721
0.236887976527
0.239606976509
0.243460685015
0.214077830315
0.235493764281
0.23506771028
0.224937886
0.198019519448
0.259307712317
0.233203366399
0.276007860899
0.210246935487
0.22383582592
0.175004541874
0.250207066536
0.223807245493
0.209832891822
0.18071757257
0.206856220961
0.209199562669
0.205740809441
0.190119966865
0.15127068758
0.190421834588
0.239445194602
0.196903288364
0.227714240551
0.184222623706
0.207847431302
0.167058587074
0.208542406559
0.179634198546
0.226489707828
0.171384379268
0.235505670309
0.196107700467
0.210034921765
0.16684782505
0.150399193168
0.246273353696
0.162008553743
0.202923774719
0.233638554811
0.179721921682
0.179408639669
0.193367063999
0.138866961002
0.16113422811
0.199916824698
0.153342783451
0.144599556923
0.17959612608
0.165162503719
0.199263200164
0.174085959792
0.161428660154
0.160425916314
0.16212053597
0.164384067059
0.160976424813
0.190273582935
0.167935490608
0.117545194924
0.160084873438
0.168683946133
0.178342565894
0.153088077903
0.138543322682
0.16181653738
0.161971792579
0.182987898588
0.157946482301
0.13751642406
0.135949537158
0.17254434526
0.207844361663
0.132423639297
0.141028702259
0.193072587252
0.171520024538
0.195926383138
0.141125485301
0.129004299641
0.173342168331
0.176242515445
0.1789496243
0.163099110126
0.183528974652
0.115913808346
0.134865179658
0.140192195773
0.185104772449
0.164576083422
0.162780612707
0.191238507628
0.202125191689
0.162094935775
0.113352976739
0.115943171084
0.115295484662
0.14070494473
0.123764403164
0.173195585608
0.14567348361
0.123856417835
0.134547635913
0.169918745756
0.153478622437
0.158061251044
0.126875191927
0.127044603229
0.12889200449
0.141870960593
0.108800575137
0.157056570053
0.137212768197
0.0904459431767
0.123538292944
0.113348670304
0.166387811303
0.126064971089
0.116624347866
0.110154703259
0.140188977122
0.12592074275
0.118532381952
0.118596754968
0.136782824993
0.0963257774711
0.112542428076
0.10459613055
0.191534221172
0.114974476397
0.122141599655
0.161407843232
0.128751277924
0.102404803038
0.105264730752
0.0909853130579
0.113061986864
0.131985381246
0.135986104608
0.118641868234
0.124996744096
0.120864994824
0.124863579869
0.123182959855
0.158781960607
0.0979192256927
0.0771598666906
0.102615840733
0.100128285587
0.0892897248268
0.132036179304
0.143930748105
0.132479131222
0.0820056796074
0.104448497295
0.134643033147
0.0941984951496
0.113684922457
0.118202023208
0.110949538648
0.108099371195
0.12672688067
0.0996960774064
0.126662686467
0.10022996366
0.0859670415521
0.13496145606
0.0958034321666
0.0942872315645
0.113745622337
0.149714961648
0.0777128562331
0.0887112244964
0.118144154549
0.136193498969
0.139230892062
0.139446094632
0.106185361743
0.122678503394
0.105033747852
0.120247483253
0.0877116620541
0.11254440248
0.112582713366
0.113266602159
0.185797914863
0.14843736589
0.126631110907
0.0978136956692
0.0968298017979
0.153135016561
0.116801381111
0.10021648556
0.109977506101
0.117513656616
0.106612734497
0.0881122127175
0.149026840925
0.113874174654
0.119553983212
0.098786085844
0.101816356182
