0.694365561008
0.693698644638
0.692359209061
0.691912412643
0.69156897068
0.691139638424
0.690978586674
0.690543591976
0.690203726292
0.689902186394
0.689472913742
0.689121425152
0.688772559166
0.688189089298
0.687460720539
0.686860620975
0.686577498913
0.685799658298
0.685287773609
0.684529602528
0.683883011341
0.683725059032
0.683442652225
0.682570457458
0.68164908886
0.680819272995
0.679302930832
0.679438769817
0.678171575069
0.677434265614
0.67661511898
0.676112949848
0.673255264759
0.673088252544
0.671672046185
0.670184671879
0.668545782566
0.667455732822
0.666078746319
0.666259467602
0.661448657513
0.662469804287
0.658481061459
0.65690946579
0.658042788506
0.655342042446
0.652973473072
0.648628294468
0.646294951439
0.644944190979
0.642884731293
0.639083325863
0.640123188496
0.635803818703
0.630629479885
0.630205929279
0.6258046031
0.621599495411
0.620827019215
0.614623963833
0.611686468124
0.606375873089
0.602358043194
0.59990799427
0.594710171223
0.591660261154
0.585253536701
0.583056986332
0.578708648682
0.569562494755
0.564704477787
0.562854647636
0.555534005165
0.542681276798
0.544419944286
0.542577207088
0.527461886406
0.524877130985
0.524298667908
0.519038796425
0.510226547718
0.502060055733
0.507319331169
0.486531078815
0.483432233334
0.480595737696
0.473384767771
0.457863479853
0.464112341404
0.448166191578
0.440413326025
0.436321437359
0.429634571075
0.420790076256
0.407880604267
0.420266866684
0.39047139883
0.382345557213
0.390816658735
0.376494139433
0.379471927881
0.366380631924
0.362621873617
0.345458209515
0.354391247034
0.360337555408
0.361316353083
0.334554761648
0.329318374395
0.335467278957
0.325035750866
0.305295705795
0.310789197683
0.317308574915
0.307413935661
0.300923556089
0.287092804909
0.291540086269
0.308179438114
0.288172096014
0.278023332357
0.267692089081
0.259750336409
0.256518542767
0.266898065805
0.261990249157
0.273681908846
0.27889046073
0.287114262581
0.267045170069
0.261267006397
0.25052306056
0.260215967894
0.273528635502
0.225239112973
0.258352965117
0.26461943984
0.230233415961
0.254361361265
0.236109405756
0.243683740497
0.259630441666
0.219440832734
0.204871088266
0.258340001106
0.248309314251
0.238520592451
0.231636971235
0.19946937263
0.246597543359
0.226231828332
0.22534802556
0.203383952379
0.230744078755
0.234038978815
0.213244780898
0.240248143673
0.231961354613
0.209018319845
0.211988553405
0.219446986914
0.213029548526
0.19139136374
0.214421004057
0.259296625853
0.209975942969
0.221183329821
0.202098086476
0.247279763222
0.240131467581
0.204681605101
0.208784341812
0.196099326015
0.19890101254
0.204740568995
0.195655971766
0.194664359093
0.23020607233
0.183707341552
0.26253080368
0.203792214394
0.220238342881
0.222002059221
0.215927153826
0.20379640162
0.244291573763
0.210887253284
0.217470422387
0.173625439405
0.21390466392
0.156764015555
0.198361948133
0.169692739844
0.240954086185
0.163282379508
0.197115629911
0.196217179298
0.216527983546
0.179875537753
0.193129658699
0.185951203108
0.198615208268
0.197907835245
0.252717524767
0.180775210261
0.215537622571
0.215485066175
0.186257004738
0.176923170686
0.158172830939
0.19226360321
0.187054783106
0.192338183522
0.181803777814
0.192597031593
0.172675460577
0.188478946686
0.218781962991
0.21348027885
0.166593790054
0.207627415657
0.193195998669
0.17296358943
0.187092363834
0.14228759706
0.167818680406
0.155820444226
0.18014626205
0.210630655289
0.181266024709
0.193789705634
0.194970071316
0.198704570532
0.179344505072
0.169977158308
0.20251750946
0.184085085988
0.195441454649
0.248441591859
0.178144663572
0.176468715072
0.182707071304
0.153507143259
0.237472862005
0.176969647408
0.186114639044
0.154534757137
0.190213531256
0.158590734005
0.249143049121
0.165347322822
0.16151483357
0.19707480073
0.184298112988
0.167608425021
0.140640005469
0.198800995946
0.210775613785
0.212794929743
0.140490457416
0.18484300375
0.201454535127
0.188541933894
0.147361591458
0.220031052828
0.150447547436
0.154032558203
0.178642779589
0.186666831374
0.202453404665
0.166165456176
0.188734695315
0.152792438865
0.229766562581
0.183814033866
0.146148741245
0.177851051092
0.175662979484
0.228113204241
0.192743510008
0.166035726666
0.141466721892
0.156712010503
0.18804526329
0.193737581372
0.233839944005
0.165957272053
0.16671000421
0.156981214881
0.159846454859
0.221214443445
0.188600361347
0.190163463354
0.176622077823
0.167703568935
0.178117141128
0.166380494833
0.190874606371
0.211372986436
0.158320769668
0.194260627031
0.221936240792
0.151360303164
0.172983452678
0.162467420101
0.187008574605
0.219374358654
0.178150415421
0.181820765138
0.135737627745
0.160311132669
0.175736144185
0.15374404192
0.142942041159
0.187316522002
0.149622619152
0.161835715175
0.192065238953
0.144639775157
0.214070290327
0.134601458907
0.185114756227
0.173634111881
0.190617159009
0.135915666819
0.159811809659
0.18534077704
0.165183395147
0.168114975095
0.195274740458
0.177912041545
0.151007995009
0.146272003651
0.155413433909
0.210354611278
0.182904034853
0.196702674031
0.146084845066
0.154856681824
0.160339519382
0.136337310076
0.15595471859
0.181160196662
0.149569049478
0.202940374613
0.145891442895
0.139778837562
0.210731655359
0.169426143169
0.215711906552
0.209603339434
0.17871016264
0.158318907022
0.162155896425
0.169850200415
0.148724406958
0.125457912683
0.169465854764
0.175244182348
0.185141593218
0.187671050429
0.189653530717
0.144916281104
0.137406080961
0.130070343614
0.159993484616
0.183241680264
0.175443246961
0.21900857985
0.149265214801
0.160576015711
0.154334038496
0.177786290646
0.158039674163
0.123541243374
0.161385565996
0.143307209015
0.175504550338
0.155001029372
0.150994941592
0.151059240103
0.156038746238
0.187802344561
0.161896303296
0.123464144766
0.189157098532
0.150446102023
0.1687040627
0.168630585074
0.158739447594
0.17041747272
0.166624009609
0.172352969646
0.165512382984
0.172027736902
0.190074637532
0.192602664232
0.149764031172
0.14561638236
0.144445091486
0.192035362124
0.210367664695
0.149075850844
0.191769301891
0.157113716006
0.174843803048
0.162993311882
0.182938888669
0.165459513664
0.139565244317
0.161004900932
0.166490122676
0.145818918943
0.180600836873
0.158990517259
0.133368864655
0.16010029614
0.197259038687
0.143960863352
0.211708515882
0.132693499327
0.151171788573
0.150418683887
0.162487268448
0.151933684945
0.153276562691
0.139403045177
0.192881181836
0.119349882007
0.189945504069
0.172609239817
0.174836173654
0.148058131337
0.124448165298
0.179190695286
0.142090559006
0.190112531185
0.178654000163
0.18411244452
0.192706525326
0.170692667365
0.184991717339
0.140895411372
0.131746575236
0.128501579165
0.196092948318
0.221958443522
0.179007589817
0.191514283419
0.12324205786
0.177882194519
0.192280352116
0.139055401087
0.190176695585
0.207726642489
0.171377494931
0.179295435548
0.150417879224
0.142672166228
0.151288509369
0.135601609945
0.183199495077
0.15819054842
0.150522738695
0.149939015508
0.161876291037
0.14368070662
0.175118640065
0.192317143083
0.170294523239
0.154747590423
0.13574936986
0.141272559762
0.211850732565
0.176862478256
0.186483845115
0.180654644966
0.152354493737
0.194808959961
0.135923564434
0.160922393203
0.133647069335
0.126412183046
0.174024820328
0.226344078779
0.134486630559
0.0972398146987
0.184339702129
0.172359406948
0.174209460616
0.137070387602
0.173377811909
0.168321222067
0.183873996139
0.170704558492
0.141984537244
0.146150574088
0.167876079679
0.153820887208
0.146941170096
