1.14693641663
1.02804148197
1.22834455967
1.02911400795
1.15985238552
1.08524894714
1.01318621635
1.08136177063
0.99854272604
1.01834237576
1.11895179749
1.09171032906
1.09138631821
0.955378770828
1.19669878483
1.074452281
1.14755058289
1.13726854324
1.16517472267
1.0433524847
1.04049015045
1.11519229412
1.14979445934
0.99418002367
1.00350213051
1.00583612919
1.0244474411
1.02647578716
1.02140188217
0.997820019722
1.03203213215
1.07454442978
1.09852516651
1.04463803768
0.990887820721
1.02874171734
1.0354603529
1.02142655849
0.930071473122
1.04090058804
0.973958671093
1.09902834892
1.05785250664
1.02175581455
0.994674146175
0.904058456421
0.975190043449
1.0368976593
1.0240932703
1.08204627037
0.915422022343
0.981705665588
0.971579432487
1.02329754829
0.982876598835
1.12730908394
0.984456002712
0.967321276665
1.10739064217
1.11668252945
0.897415459156
0.987509906292
1.04354059696
0.963832199574
1.01636981964
1.02961719036
1.08575057983
0.995558083057
1.02346992493
0.997011482716
1.02309751511
1.0178899765
0.969864010811
0.93693292141
0.988815367222
0.967248380184
0.888544380665
0.959055364132
1.02754294872
0.95616543293
0.930082380772
0.958539664745
0.888653039932
0.91083920002
1.02617096901
0.985670745373
0.94918692112
1.08031320572
0.982799768448
0.981477022171
0.88986825943
0.89090692997
0.90383285284
0.968409180641
0.951765358448
0.927057564259
1.06082296371
1.0363701582
0.97453558445
0.911884665489
0.998444318771
0.949919521809
0.911467313766
0.941157221794
0.908876895905
0.919844090939
0.941153109074
1.03292262554
0.950265944004
0.901175737381
0.967072188854
0.958811461926
0.867121756077
0.976406872272
0.871177852154
0.911579310894
0.961728572845
0.979302763939
0.966075181961
0.90793800354
0.875370681286
0.88872385025
0.877267241478
0.917412281036
0.936135590076
0.854693472385
0.90624243021
0.926784336567
0.888841569424
0.909804940224
0.949119508266
0.965549230576
0.930985748768
0.942810893059
0.932834982872
0.830491006374
0.924037218094
0.889033079147
1.06250154972
0.967014014721
0.969159841537
0.918009459972
0.875149786472
0.937720298767
0.962990224361
0.982955098152
0.956013441086
1.03712141514
0.861430644989
0.893589675426
0.851765453815
0.847350120544
0.910319983959
0.849693238735
1.04198086262
0.876586556435
0.820618033409
0.946644723415
0.821829140186
0.842742085457
0.916219890118
0.856461703777
0.888020634651
0.917674064636
0.908329486847
0.904200553894
0.924365520477
0.941580653191
0.859299719334
0.871432840824
0.866820991039
0.858032763004
1.00541675091
0.860620498657
0.845564961433
0.868638336658
0.903876185417
0.837400913239
0.873875141144
0.889417111874
0.82508790493
0.809006750584
0.849426627159
0.872415781021
0.846691071987
0.873765468597
0.956748247147
0.891138792038
0.908710479736
0.916441738605
0.821728169918
0.880317568779
0.836782217026
0.84233880043
0.91731441021
0.900181114674
0.838729739189
0.867010772228
0.925270199776
0.855894744396
0.87637925148
0.868436276913
0.879997491837
0.860498428345
0.836355388165
0.884117484093
0.917499423027
0.922223448753
0.914855122566
0.773588240147
0.874283373356
0.873424768448
0.849701583385
0.855233967304
0.895792961121
0.88056653738
0.905107676983
0.922122478485
0.805046260357
0.88447612524
0.83358424902
0.847938597202
0.818752229214
0.848706007004
0.869943916798
0.819172918797
0.766577243805
0.806497871876
0.844991564751
0.821926951408
0.79317253828
0.838131666183
0.809271335602
0.826485037804
0.795999526978
0.866708874702
0.91911906004
0.884552717209
0.83731085062
0.843655467033
0.892227709293
0.85067152977
0.908782720566
0.842467904091
0.827469229698
0.898413479328
0.852203130722
0.844783067703
0.826770484447
0.806729674339
0.835790216923
0.827833354473
0.785546123981
0.805368840694
0.791356503963
0.857133090496
0.82370108366
0.827167630196
0.815694868565
0.811923861504
0.861588716507
0.815850019455
0.790572583675
0.805530428886
0.863947153091
0.839971005917
0.832705080509
0.713716447353
0.786204874516
0.827729582787
0.791650295258
0.808489084244
0.737692117691
0.857659161091
0.809752166271
0.783202469349
0.787786126137
0.818732500076
0.823471605778
0.744537949562
0.833984673023
0.828710317612
0.830005407333
0.832871496677
0.83940833807
0.812521517277
0.771979153156
0.770710468292
0.817875504494
0.765379071236
0.83651304245
0.772224247456
0.786557555199
0.779150664806
0.788750827312
0.822182655334
0.786894619465
0.771506249905
0.77216476202
0.766331672668
0.762566328049
0.736193239689
0.765644490719
0.8169272542
0.790589213371
0.798514842987
0.778596699238
0.795068860054
0.764469325542
0.746195197105
0.802797496319
0.815503060818
0.730580925941
0.805553913116
0.788901567459
0.86122494936
0.799693346024
0.701341629028
0.857539653778
0.860909163952
0.782613217831
0.751883685589
0.761114060879
0.742067158222
0.750228941441
0.738256156445
0.729979038239
0.722099244595
0.797846257687
0.73585999012
0.787256777287
0.770875275135
0.775837421417
0.849884092808
0.727573990822
0.748130261898
0.813775837421
0.778583705425
0.764931082726
0.842085361481
0.84536921978
0.76398563385
0.705326497555
0.859553396702
0.733920931816
0.762011110783
0.751956760883
0.790711283684
0.744658172131
0.762207627296
0.737062454224
0.736557364464
0.749723851681
0.789167165756
0.77474707365
0.734424471855
0.73766797781
0.807271242142
0.669832468033
0.71513313055
0.776104390621
0.764193892479
0.751336276531
0.724822580814
0.727532088757
0.762778520584
0.714959144592
0.756737411022
0.708922088146
0.730731546879
0.750246465206
0.769088208675
0.72487705946
0.795797884464
0.694187581539
0.765488862991
0.819374799728
0.768713474274
0.736402332783
0.734086990356
0.810503184795
0.762749373913
0.766907453537
0.729325890541
0.735540866852
0.73724424839
0.754373788834
0.753167927265
0.811998486519
0.701532483101
0.792814970016
0.699777901173
0.738693892956
0.728875935078
0.727432847023
0.739706516266
0.7446808815
0.761342644691
0.770532310009
0.721230626106
0.823467671871
0.736020445824
0.739998519421
0.69174015522
0.725476622581
0.711180090904
0.737584412098
0.788038432598
0.786984622478
0.702499628067
0.745701730251
0.707546472549
0.707565248013
0.681204617023
0.713482916355
0.689551174641
0.697131037712
0.742021203041
0.712906837463
0.746106863022
0.802875638008
0.772604048252
0.715976774693
0.726884067059
0.673107564449
0.714631438255
0.693699002266
0.746535122395
0.736764371395
0.721744120121
0.72319740057
0.757086753845
0.739952206612
0.706825435162
0.72496420145
0.673767328262
0.669259727001
0.711879253387
0.704816102982
0.750255763531
0.732456624508
0.768706858158
0.746485054493
0.670528590679
0.76789188385
0.708194792271
0.719612181187
0.718759894371
0.698661744595
0.718365132809
0.746859133244
0.697769761086
0.70595061779
0.700953066349
0.751793026924
0.776522397995
0.728857278824
0.709227979183
0.647805511951
0.755921363831
0.730186223984
0.692465186119
0.694261431694
0.765110492706
0.650268256664
0.663648962975
0.683858335018
0.680420815945
0.704814434052
0.746044993401
0.681383907795
0.751940965652
0.706940352917
0.704461276531
0.756717741489
0.729472637177
0.721312820911
0.713584661484
0.688471436501
0.691972017288
0.686670839787
0.69762635231
0.669713973999
0.700750827789
0.718323707581
0.681266725063
0.677013576031
0.716287970543
0.737409770489
0.703967630863
0.707750856876
0.700323402882
0.70886361599
0.670230031013
0.673707962036
0.668164610863
0.663630843163
0.697718679905
0.705858826637
0.687180697918
0.669282793999
0.722200334072
0.659418463707
0.750959575176
0.738684654236
0.710027098656
0.631825506687
0.636079907417
0.699082016945
0.68580198288
0.729794859886
0.673717617989
0.691337943077
0.682744443417
0.682696521282
0.670348286629
0.65661662817
0.691037893295
0.701485216618
0.680225491524
0.678261518478
0.670944809914
0.673621177673
0.746436834335
0.694824755192
0.69679749012
0.702573776245
0.727809250355
0.72197085619
0.709099173546
0.67967402935
0.703999042511
0.713403463364
0.659890651703
0.698376119137
0.700728774071
0.6565335989
0.660386741161
0.683471798897
0.736392259598
0.6720251441
0.681402444839
0.690820157528
0.691195309162
0.742288827896
0.700580060482
0.641246914864
0.678964972496
0.664482235909
0.735519349575
0.706520855427
0.745654225349
0.719064772129
0.631021201611
0.665715277195
0.653585791588
0.728065848351
0.673569083214
0.71342509985
0.657719433308
0.681388795376
0.687336266041
0.728685975075
0.633894145489
0.730318784714
0.702184140682
0.675738990307
0.687144935131
0.648332297802
0.681009531021
0.701634645462
0.711298346519
0.694001376629
0.676323056221
0.750696718693
0.691687583923
0.670658886433
0.652008056641
0.649388551712
0.667891204357
0.633422553539
0.713189542294
0.671940922737
0.711886525154
0.674218654633
0.702810645103
0.690160691738
0.68481105566
0.655941188335
0.635074317455
0.698034882545
0.674824178219
0.682225346565
0.698725759983
0.710719466209
0.649041235447
0.707826852798
0.678034186363
0.667115211487
0.66440808773
0.627912700176
0.646691501141
0.670077979565
0.68442606926
0.662381708622
0.670892059803
0.685059249401
0.681895792484
0.702769577503
0.733052551746
0.624556958675
0.702611088753
0.652084648609
0.661574006081
0.657331585884
0.667723476887
0.708176374435
0.67655056715
0.658047616482
0.661087632179
0.659260749817
0.658942162991
0.73609238863
0.643284499645
0.673121035099
0.684694170952
0.660273253918
0.687691569328
0.700461506844
0.603857219219
0.638315200806
0.630156457424
0.677684903145
0.653020858765
0.673194527626
0.640263795853
0.64681583643
0.659939587116
0.689876437187
0.678857147694
0.663571476936
0.642369687557
0.671491146088
0.673155426979
0.627834558487
0.60705769062
0.640255987644
0.684489488602
0.699225127697
0.636704146862
0.702868640423
0.693416178226
0.671045362949
0.693002820015
0.659978449345
0.659496545792
0.670792162418
0.646853387356
0.654165565968
0.670075118542
0.658288896084
0.644212901592
0.648302078247
0.665171802044
0.637133359909
0.684121012688
0.668428122997
0.66194576025
0.680516302586
0.665463507175
0.699943065643
0.708501398563
0.653224647045
0.668213307858
0.723006665707
0.691149830818
0.683582365513
0.644486069679
0.639195263386
0.676069617271
0.610724508762
0.629982471466
0.642478883266
0.687328517437
0.664806306362
0.649620115757
0.632345736027
0.676131486893
0.648485600948
0.646747112274
0.635732650757
0.677686214447
0.627530574799
0.651581943035
0.609202802181
0.686951935291
0.666794657707
0.626765429974
0.674269795418
0.65298551321
0.711135029793
0.662169754505
0.660370767117
0.658714652061
0.7105910182
0.661461293697
0.649362564087
0.675680398941
0.687871396542
0.655513644218
0.645847439766
0.663443446159
0.645174264908
0.688222944736
0.64231723547
0.649333357811
0.622566401958
0.651615917683
0.666716992855
0.663695037365
0.652446091175
0.691025435925
0.661785066128
0.693291544914
0.675983011723
0.633822083473
0.641491353512
0.663680315018
0.615091264248
0.618511676788
0.626779854298
0.651524186134
0.624922990799
0.649179399014
0.667862296104
0.665186583996
0.674239516258
0.67950707674
0.650717377663
0.659028887749
0.66752499342
0.667643129826
0.652854442596
0.656082689762
0.657679617405
0.664088487625
0.665774166584
0.673978209496
0.67015337944
0.636098444462
0.621835649014
0.650449812412
0.622940897942
0.686008512974
0.681882381439
0.69497102499
0.65823417902
0.648725092411
0.667187213898
0.635359406471
0.67020970583
0.696789979935
0.617494106293
0.667360782623
0.651987612247
0.666836678982
0.665431499481
0.649421930313
0.694277346134
0.672885119915
0.651502728462
0.647484898567
0.647071421146
0.662813365459
0.616445064545
0.66822886467
0.665798008442
0.644126713276
0.67127597332
0.647254765034
0.653522968292
0.639691829681
0.675806939602
0.620009660721
0.646332025528
0.63749396801
0.684543788433
0.655755758286
0.697188675404
0.647872209549
0.617962539196
0.674318313599
0.66994035244
0.676507890224
0.663961172104
0.689746618271
0.666424036026
0.660444915295
0.674480259418
0.648050427437
0.593648791313
0.682627081871
0.620738744736
0.687322378159
0.619315981865
0.638792991638
0.689746677876
0.643193364143
0.631060123444
0.673627316952
0.623437106609
0.669128954411
0.605729937553
0.615847051144
0.662338912487
0.678135573864
0.661436140537
0.695010721684
0.605334460735
0.712717413902
0.664798557758
0.610475718975
0.636462271214
0.623264431953
0.640054702759
0.609546780586
0.630581378937
0.645313680172
0.667026102543
0.609975576401
0.667743206024
0.606012105942
0.626799583435
0.679165899754
0.60506683588
0.634246826172
0.635705769062
0.617138087749
0.603217363358
0.648583114147
0.643345177174
0.638784050941
0.606989204884
0.676130592823
0.666931211948
0.681159198284
0.634176015854
0.608925998211
0.664551734924
0.655131518841
0.640203654766
0.657735824585
0.63964420557
0.651776075363
0.668599784374
0.668467998505
0.675999939442
0.700796604156
0.655793190002
0.667395889759
0.64934694767
0.64356392622
0.644475638866
0.665600836277
0.595480918884
0.649604916573
0.650143444538
0.703513979912
0.659488081932
0.620997905731
0.664984345436
0.672238826752
0.678402483463
0.601556956768
0.643904983997
0.637783765793
0.663526415825
0.657971262932
0.665315568447
0.666079938412
0.625322282314
0.642582893372
0.63627320528
0.611952960491
0.683036029339
0.617436230183
0.652106106281
0.648583233356
0.658723413944
0.645111680031
0.606302678585
0.618319749832
0.648584127426
0.632725775242
0.648395359516
0.596588969231
0.678686499596
0.629885911942
0.6518419981
0.598536729813
0.637252569199
0.63241994381
0.629998087883
0.673836410046
0.634978234768
0.642427742481
0.608504116535
0.606390297413
0.61963313818
0.651770532131
0.60033172369
0.696197867393
0.659162819386
0.639181673527
0.664074659348
0.670059621334
0.637251853943
0.667778789997
0.638470232487
0.619797825813
0.620533108711
0.665073990822
0.618924081326
0.602271676064
0.6793358922
0.641390621662
0.631113290787
0.666725814342
0.616575956345
0.64136838913
0.675623059273
0.603809952736
0.598362803459
0.618620097637
0.622611999512
0.658234655857
0.646530091763
0.644588589668
0.675451874733
0.63933467865
0.636958360672
0.632463395596
0.650829017162
0.624137461185
0.628859221935
0.621844530106
0.650565564632
0.617292165756
0.659545481205
0.661191701889
0.629744648933
0.640102684498
0.688797593117
0.623563170433
0.617506921291
0.674767374992
0.630600273609
0.637189984322
0.640606939793
0.6211181283
0.663253188133
0.660442888737
0.616150021553
0.675839245319
0.678645908833
0.617241680622
0.675803303719
0.646042704582
0.639471828938
0.665030360222
0.636333584785
0.652509987354
0.653705656528
0.685017108917
0.657140493393
0.646092355251
0.670207262039
0.64046561718
0.656692266464
0.641286611557
0.696171164513
0.642423689365
0.687516212463
0.630845606327
0.619973778725
0.651501893997
0.646983623505
0.672788798809
0.670171320438
0.62131023407
0.626477599144
0.610201597214
0.639834165573
0.646714150906
0.617809295654
0.660582780838
0.612456798553
0.653979718685
0.613677144051
0.638064205647
