0.86921954155
0.868278026581
0.856776118279
0.839568078518
0.831644296646
0.835334599018
0.815792620182
0.815288722515
0.815569043159
0.785682022572
0.787318408489
0.784879684448
0.769646525383
0.773320496082
0.752753794193
0.753057539463
0.765013337135
0.754438281059
0.728353202343
0.724758863449
0.725300848484
0.724942743778
0.721045076847
0.706680893898
0.717771053314
0.702970504761
0.700684905052
0.678322076797
0.681976318359
0.676409304142
0.671389043331
0.67888957262
0.66317909956
0.660093426704
0.662396371365
0.667545676231
0.64627468586
0.659592688084
0.641241848469
0.637486279011
0.632826328278
0.636583268642
0.642539739609
0.631357610226
0.627598822117
0.6296697855
0.61732673645
0.618710577488
0.618698239326
0.614425778389
0.601025640965
0.608900487423
0.602189719677
0.592405617237
0.599503815174
0.59027338028
0.588476955891
0.599232017994
0.582540988922
0.579465150833
0.576121807098
0.56403875351
0.564012050629
0.565890491009
0.564772725105
0.558877050877
0.576952636242
0.559427857399
0.554892480373
0.56072974205
0.543151736259
0.557446420193
0.541328012943
0.539233922958
0.543732047081
0.537976205349
0.532542169094
0.527663886547
0.52744281292
0.525663852692
0.524791121483
0.521590471268
0.516688227654
0.519579052925
0.528681516647
0.526552200317
0.513165354729
0.504629731178
0.500459253788
0.495397269726
0.497154831886
0.508004307747
0.493525058031
0.494140297174
0.498186469078
0.49734377861
0.478290617466
0.489303231239
0.482615858316
0.493213176727
0.482738286257
0.47720053792
0.475215554237
0.479575484991
0.471797227859
0.469957828522
0.469826549292
0.465680390596
0.465266376734
0.461152493954
0.450977444649
0.446872830391
0.453055858612
0.459104061127
0.447231382132
0.458279490471
0.443387627602
0.442952632904
0.440897613764
0.430962085724
0.432970643044
0.43424513936
0.433973968029
0.428866028786
0.432338148355
0.439754456282
0.431555449963
0.424686789513
0.423628360033
0.418294698
0.423189550638
0.426271229982
0.409840196371
0.425689339638
0.410526335239
0.407014429569
0.406192094088
0.408192247152
0.400478750467
0.407654970884
0.395786255598
0.397529929876
0.396554499865
0.398307144642
0.392068117857
0.394985973835
0.386451840401
0.385507881641
0.387023031712
0.387499779463
0.382415026426
0.379113852978
0.381389260292
0.38522785902
0.378101289272
0.378989100456
0.371496498585
0.372123539448
0.370496213436
0.376083165407
0.368090331554
0.362569779158
0.364171087742
0.350940138102
0.354328662157
0.368525445461
0.359520256519
0.356126815081
0.352654099464
0.353206396103
0.346484065056
0.351408362389
0.349016189575
0.349419504404
0.338523745537
0.333392739296
0.345799326897
0.337600708008
0.343394964933
0.338472813368
0.343637943268
0.333860218525
0.328844755888
0.323937863111
0.314714372158
0.320133566856
0.334209084511
0.323961645365
0.317439109087
0.3143915236
0.31828725338
0.321327149868
0.311671406031
0.312352836132
0.309040158987
0.307880848646
0.316505402327
0.317364871502
0.308299988508
0.299081802368
0.296834856272
0.304188847542
0.295319825411
0.301976531744
0.299797713757
0.297635257244
0.297603368759
0.286233752966
0.280915409327
0.277907729149
0.29463404417
0.277863353491
0.278434932232
0.290671527386
0.27888661623
0.275917589664
0.273344099522
0.282993078232
0.279370814562
0.275002688169
0.278057128191
0.272806078196
0.268506646156
0.26925483346
0.267062574625
0.275909930468
0.268589347601
0.256669133902
0.262791454792
0.259672015905
0.254162371159
0.26522064209
0.263884723186
0.255499750376
0.257893532515
0.261570841074
0.248171061277
0.249658688903
0.249075859785
0.260307788849
0.253313571215
0.257332414389
0.251783370972
0.250692456961
0.250719845295
0.254597783089
0.256132543087
0.255134433508
0.246377170086
0.246060997248
0.252915799618
0.252543449402
0.258956581354
0.25431317091
0.255560606718
0.244062229991
0.250926941633
0.249959468842
0.256098896265
0.241691619158
0.241228312254
0.246147304773
0.238976448774
0.245051205158
0.239911705256
0.255672156811
0.252128243446
0.244691580534
0.24163132906
0.248509824276
0.244619935751
0.245491504669
0.251282691956
0.247802063823
0.247026577592
0.244338482618
0.255722284317
0.240448951721
0.24668687582
0.241867899895
0.241137266159
0.241873577237
0.234547406435
0.233578637242
0.245146259665
0.2468791008
0.246877044439
0.24344727397
0.247502297163
0.251946419477
0.244033813477
0.243236139417
0.243466764688
0.246701315045
0.240348011255
0.243379876018
0.249664887786
0.244373708963
0.236352458596
0.238798454404
