0.691728293896
0.687524437904
0.681171417236
0.67502617836
0.667071819305
0.657383620739
0.647248506546
0.635369896889
0.6273265481
0.614352822304
0.602262079716
0.586382210255
0.573484420776
0.558421671391
0.548293828964
0.524827897549
0.511337995529
0.500985145569
0.481063246727
0.460576653481
0.450693756342
0.432535946369
0.415412634611
0.397469907999
0.38057154417
0.361715108156
0.362882524729
0.345585227013
0.323717296124
0.316555857658
0.308862149715
0.292865484953
0.279854536057
0.286777257919
0.266831219196
0.257592171431
0.247590616345
0.24029481411
0.230138391256
0.228176951408
0.229434683919
0.20189344883
0.196117043495
0.213938012719
0.203278332949
0.192760109901
0.173861131072
0.18414734304
0.17752584815
0.152332916856
0.167939305305
0.166111797094
0.158630058169
0.146964401007
0.153477415442
0.142670735717
0.128063485026
0.14845867455
0.143701389432
0.143618881702
0.148215547204
0.139541089535
0.153859600425
0.164326384664
0.149737864733
0.138774633408
0.123268827796
0.149001538754
0.130571827292
0.145214915276
0.108741417527
0.121566921473
0.118156649172
0.112550467253
0.140754729509
0.122966341674
0.134331956506
0.112999036908
0.135527431965
0.111867383122
0.107404328883
0.130144223571
0.110136903822
0.132787704468
0.121684156358
0.10906983912
0.114761613309
0.0899529606104
0.111119955778
0.103657357395
0.106079362333
0.0886938050389
0.101694181561
0.0873052626848
0.0998484268785
0.0836497545242
0.0975803285837
0.0987004935741
0.0906475931406
0.0939263701439
0.10066036135
0.083807490766
0.1101699844
0.0840170532465
0.135146066546
0.0755304247141
0.117335341871
0.0829834416509
0.0750131085515
0.117750518024
0.0933056250215
0.0915379747748
0.0878155753016
0.0800626799464
0.116774976254
0.146079540253
0.0933376029134
0.0952755063772
0.0993812382221
0.102838374674
0.0947754532099
0.0635132938623
0.101552911103
0.0724159181118
0.108575701714
0.0868379324675
0.0697706490755
0.0963316112757
0.0691105052829
0.0866270512342
0.070040166378
0.0893336161971
0.123601049185
0.0673257932067
0.0820737108588
0.0958639830351
0.0659276917577
0.0883646681905
0.115653008223
0.0902639329433
0.0815961360931
0.0901199728251
0.110304370522
0.108136430383
0.0877839624882
0.0720652341843
0.0772646665573
0.107155889273
0.0806256011128
0.07058442384
0.0728372707963
0.0998097658157
0.0909555405378
0.0672645866871
0.0966420769691
0.0760173350573
0.0806031748652
0.0712048485875
0.083269007504
0.0535164512694
0.112283796072
0.0851941108704
0.0988259389997
0.0780265554786
0.106172077358
0.0697898045182
0.0529748909175
0.0791170224547
0.0885280668736
0.0800482779741
0.0591028369963
0.10238904506
0.0739148706198
0.106465019286
0.0765038058162
0.058931723237
0.0813959091902
0.098905146122
0.0750136449933
0.0939973592758
0.0771085247397
0.0599964335561
0.134176388383
0.0655435323715
0.0790420547128
0.0690744295716
0.0817215368152
0.0658405199647
0.104901187122
0.0662081241608
0.0725773349404
0.0740226432681
0.106055080891
0.103923723102
0.0577599778771
0.0602296032012
0.0733683928847
0.0951097086072
0.0751363262534
0.0910245552659
0.118230625987
0.096595056355
0.0499753132463
0.0612178482115
0.0689312368631
0.0888157263398
0.0957396179438
0.0860364660621
0.0504706017673
0.121190391481
0.0691876783967
0.0554538555443
0.0737828984857
0.109463371336
0.0680385008454
0.0528553985059
0.0764736831188
0.0729473233223
0.0799661055207
0.0720876380801
0.0748271420598
0.0873229950666
0.0478981994092
0.105868473649
0.0946772843599
0.114551588893
0.0866091102362
0.047313272953
0.0623305253685
0.0678441300988
0.0509446598589
0.10746525228
0.0767393410206
0.0767497569323
0.0653818398714
0.090305916965
0.057518992573
0.0736759155989
0.0918302759528
0.115328997374
0.0785322710872
0.0449128113687
0.0959235802293
0.0730261430144
0.0446677990258
0.0690015777946
0.0768627077341
0.0590324066579
0.084469653666
0.0866104513407
0.0840518027544
0.0556878708303
0.0680873692036
0.0745532512665
0.0494628362358
0.0942651107907
0.0766265019774
0.101368509233
0.0865894034505
0.0551554486156
0.0896832570434
0.062925465405
0.0955083072186
0.0635416135192
0.0719961971045
0.0734795928001
0.0985207557678
0.0760569572449
0.0831289440393
0.0728992894292
0.0730703026056
0.0774280875921
0.059421338141
0.078898370266
0.0566341765225
0.0685755312443
0.0759572163224
0.0607960671186
0.0673566460609
0.0756927728653
0.0872747674584
0.0651702880859
0.100737802684
0.0555999837816
0.104675188661
0.0507738292217
0.0619718879461
0.0786640718579
0.0491326712072
0.0744249075651
0.0564504377544
0.0745571181178
0.0724373534322
0.0903947800398
0.0513426847756
0.0995965898037
0.0430103503168
0.0980349183083
0.0601299665868
0.0802811309695
0.0739087462425
0.0753094628453
0.0563162975013
0.0866152495146
0.0539540462196
0.0566271357238
0.0800147354603
0.0739415064454
0.0687048435211
0.0732729285955
0.0498896986246
0.0560688897967
0.0575807467103
0.0788802728057
0.0692000165582
0.0920547321439
0.0539545379579
0.0791024342179
0.0818433836102
0.0707525536418
0.078151255846
0.0620713308454
0.0825859457254
0.0923393070698
0.0575173683465
0.0775813907385
0.0581778846681
0.0805407613516
0.0458177812397
0.0506580136716
0.0789367184043
0.0805085375905
0.085487395525
0.0550886653364
0.0879104435444
0.0919760167599
0.0784221217036
0.0972640514374
0.0746766328812
0.0965458378196
0.062382850796
0.088804833591
0.0341622531414
0.065797790885
0.0504008978605
0.0448685437441
0.0522979833186
0.0577559247613
0.0466753430665
0.0945955589414
0.0616003312171
0.0676410123706
0.0486246235669
0.0779017657042
0.0495812706649
0.0499704517424
0.0910307839513
0.0639699473977
0.110777340829
0.0543541051447
0.0874577760696
0.0840236693621
0.0404779016972
0.0608939938247
0.0676106512547
0.04150968045
0.09707159549
0.0522431619465
0.0596077106893
0.063633710146
0.0731727406383
0.050064291805
0.0741297081113
0.0801437348127
0.0744754448533
0.0807289406657
0.0700429230928
0.0506035611033
0.0735161006451
0.0789642482996
0.0722314119339
0.0576934553683
0.0752035155892
0.0903495401144
0.0401466079056
0.0494385510683
0.062894590199
0.048558536917
0.0437527149916
0.0886216312647
0.064098931849
0.0462902784348
0.0591978691518
0.0784079730511
0.10084117204
0.0957807376981
0.0671821907163
0.0490920469165
0.113045930862
0.0579634793103
0.0494249761105
0.0713672563434
0.0518531873822
0.0941120833158
0.0501227267087
0.0722793862224
0.0557733587921
0.0736846253276
0.0982125848532
0.0412819758058
0.0754911378026
0.071148596704
0.0561177991331
0.0663807541132
0.0412110686302
0.0707964599133
0.036167960614
0.0696977227926
0.0517177544534
0.0525998473167
0.0611256584525
0.068496286869
0.0577970556915
0.0596783533692
0.0420295335352
0.07748298347
0.0646965205669
0.0755728557706
0.0914085581899
0.0901001542807
0.0624853931367
0.0515355914831
0.105705872178
0.0596872903407
0.069665081799
0.0888699889183
0.0955582782626
0.0588069111109
0.0822556093335
0.0728527829051
0.0400889292359
0.0570464208722
0.07133551687
0.0470267236233
0.0615782663226
0.0618677102029
0.068330578506
0.104831777513
0.0768504291773
0.0809064432979
0.0664196386933
0.034125007689
0.0671370029449
0.0694386288524
0.073689751327
0.0455275550485
0.0721067637205
0.081181652844
0.0603746771812
0.0481456555426
0.121467754245
0.0830163359642
0.0538386180997
0.0562253072858
0.0502574369311
0.0438232161105
0.0842497199774
0.0895662754774
0.0643704682589
0.0378796234727
0.0342129282653
0.056050978601
0.0598457232118
0.0642492175102
0.05781057477
0.0761018395424
0.0577934496105
0.0435765832663
0.0579313524067
0.0335437096655
0.0582040026784
0.0580199807882
0.0826478004456
0.0580651499331
0.0741671398282
0.0594562590122
0.059396725148
0.0990725904703
0.0519326329231
0.107568562031
0.0403588600457
0.0598927922547
0.0576838701963
0.0499419234693
0.0782291516662
0.037883028388
0.069273903966
0.055473420769
0.0917069241405
0.0407582633197
