0.689032256603
0.662255942822
0.642877578735
0.627533376217
0.614902079105
0.603276371956
0.592856645584
0.583748340607
0.575338244438
0.567205250263
0.559127926826
0.550974726677
0.54258364439
0.53398245573
0.525623142719
0.517628610134
0.509008765221
0.499849110842
0.490377962589
0.480872362852
0.471561789513
0.463033914566
0.454703837633
0.446437895298
0.437838643789
0.428556710482
0.419991999865
0.411696463823
0.402612388134
0.392604142427
0.382750272751
0.373223215342
0.363971203566
0.356246054173
0.349036723375
0.342551410198
0.335402548313
0.328755557537
0.322385698557
0.316399663687
0.309505134821
0.303693175316
0.297676950693
0.292510479689
0.28623509407
0.281583100557
0.276153177023
0.271279424429
0.266343355179
0.262047559023
0.257410883904
0.253219485283
0.248956412077
0.244583383203
0.24081915617
0.23674993217
0.232794284821
0.228576496243
0.224621132016
0.220446109772
0.216273725033
0.212027311325
0.207828223705
0.203405052423
0.199194312096
0.194805309176
0.19030418992
0.185787886381
0.181227087975
0.176750704646
0.171848163009
0.167152106762
0.162388727069
0.157536685467
0.152749091387
0.147864609957
0.143157184124
0.13848169148
0.133850619197
0.12901777029
0.124540172517
0.119980692863
0.116016760468
0.112055361271
0.107957042754
0.10414968431
0.100511111319
0.0968193337321
0.0938412919641
0.090432189405
0.0876946896315
0.084669277072
0.0818388611078
0.0792750641704
0.0768184512854
0.074509985745
0.0722878649831
0.0702244713902
0.0683062970638
0.0665060132742
0.0647946670651
0.063296534121
0.0618754401803
0.0604231841862
0.0589234903455
0.0575000606477
0.0563799887896
0.0552509129047
0.0543366111815
0.0532779470086
0.0523872897029
0.0515614189208
0.0508676283062
0.0499812364578
0.0493173189461
0.0486276112497
0.0478724353015
0.0473570935428
0.0467577949166
0.0463428683579
0.0458337329328
0.045434538275
0.0449516475201
0.044517531991
0.0441158339381
0.0436377450824
0.0432623885572
0.0429255738854
0.0426144711673
0.0422988012433
0.041920825839
0.0415505170822
0.0413534939289
0.0411163717508
0.0406788252294
0.0404388606548
0.0402000211179
0.0400084145367
0.0398061200976
0.0395342111588
0.0393286161125
0.0390962474048
0.0388823337853
0.0386497676373
0.0384106449783
0.0383314080536
0.038173854351
0.0378841087222
0.0377480573952
0.0376045703888
0.0374508909881
0.0373598709702
0.037185434252
0.0370196774602
0.036860216409
0.036729875952
0.0365017279983
0.0362827703357
0.0359862037003
0.0357157178223
0.0354028753936
0.0351504944265
0.0349519401789
0.0347931496799
0.0346090346575
0.034471232444
0.0343713574111
0.0342822559178
0.0342008396983
0.0341237336397
0.0340299606323
0.0339482054114
0.0339068844914
0.0337730012834
0.0336815528572
0.0335875861347
0.0334976911545
0.0334064699709
0.0333213619888
0.0332253947854
0.033150088042
0.0330700799823
0.0329875275493
0.0329116843641
0.0328357890248
0.0327537320554
0.0326884388924
0.0326258763671
0.0325576253235
0.0324832648039
0.0324131213129
0.032340887934
0.0322853848338
0.0322330892086
0.0321589782834
0.032092794776
0.0320246219635
0.0319662541151
0.0319263376296
0.0318760573864
0.0318265855312
0.0317899957299
0.0317492410541
0.031699988991
0.0316414684057
0.0315538235009
0.031470593065
0.0313073955476
0.0311193838716
0.0309425871819
0.0307861939073
0.0306609459221
0.030582157895
0.0304742585868
0.0304070543498
0.0303597003222
0.0302979219705
0.0302276518196
0.030156949535
0.0300757624209
0.0300055593252
0.0299804508686
0.0299152880907
0.0298322699964
0.0297781266272
0.0297269783914
0.0296682454646
0.0296016875654
0.0295308791101
0.0294671803713
0.0294417850673
0.0293651409447
0.0293036419898
0.0292652267963
0.0292194001377
0.029168298468
0.0291125178337
0.0290583632886
0.0290282201022
0.0289726126939
0.0289209280163
0.0289158374071
0.0289087984711
0.0289000459015
0.0288902986795
0.028883907944
0.0288784764707
0.0288730356842
0.0288675036281
0.02886197716
0.0288565084338
0.0288524944335
0.0288472138345
0.0288402177393
0.0288347806782
0.0288294032216
0.0288240797818
0.0288187228143
0.0288133416325
0.028807932511
0.0288025140762
0.028797077015
0.0287918094546
0.0287864543498
0.028781009838
0.0287755336612
0.0287701785564
0.0287648122758
0.028759425506
0.0287540312856
0.0287486184388
0.0287437476218
0.0287378318608
0.0287325084209
0.0287273358554
0.0287220422179
0.0287167206407
0.0287115238607
0.0287063289434
0.0287011116743
0.0286959018558
0.0286906547844
0.0286853928119
0.0286801308393
0.0286748353392
0.0286695100367
0.0286641810089
0.0286588985473
0.0286536570638
0.0286483224481
0.0286431033164
0.0286378692836
0.0286326222122
0.0286273509264
0.0286221466959
0.0286168269813
0.0286115352064
0.0286062825471
0.0286010317504
0.0285957492888
