0.521951198578
0.565853655338
0.585365831852
0.600000023842
0.609756112099
0.663414657116
0.643902420998
0.678048789501
0.702439010143
0.7121950984
0.72682929039
0.707317054272
0.72682929039
0.741463422775
0.756097555161
0.746341466904
0.785365879536
0.814634144306
0.795121967793
0.83414632082
0.84878051281
0.863414645195
0.868292689323
0.873170733452
0.882926821709
0.887804865837
0.902438998222
0.912195146084
0.917073190212
0.912195146084
0.936585366726
0.941463410854
0.936585366726
0.926829278469
0.936585366726
0.941463410854
0.921951234341
0.965853631496
0.951219499111
0.965853631496
0.946341454983
0.975609779358
0.970731735229
0.965853631496
0.970731735229
0.965853631496
0.965853631496
0.965853631496
0.970731735229
0.960975587368
