0.70795404911
0.678146600723
0.710345745087
0.680847465992
0.696772158146
0.692264258862
0.703845858574
0.675433933735
0.665658056736
0.672411084175
0.663850367069
0.67129445076
0.656049132347
0.678373217583
0.684368252754
0.691747009754
0.66701310873
0.660251796246
0.66680419445
0.664754450321
0.652388095856
0.669628858566
0.664937257767
0.670716047287
0.673601448536
0.66568261385
0.67299246788
0.671985924244
0.656832873821
0.63751411438
0.664654791355
0.649837017059
0.651239752769
0.670715749264
0.65268433094
0.642136752605
0.647198617458
0.635977566242
0.658489406109
0.619776904583
0.63216573
0.657514095306
0.616251051426
0.657129406929
0.630508065224
0.617377817631
0.644977927208
0.623078286648
0.640683948994
0.627244472504
0.624370872974
0.633236706257
0.619043171406
0.616482496262
0.612376451492
0.624051809311
0.613521754742
0.622799098492
0.62648755312
0.603667020798
0.615994513035
0.590032160282
0.598950505257
0.618709504604
0.619091808796
0.616931140423
0.624954879284
0.584901452065
0.608366012573
0.594113230705
0.615870296955
0.583158314228
0.617729008198
0.600328862667
0.597404837608
0.607063651085
0.587955772877
0.588022589684
0.609638273716
0.596583366394
0.580489754677
0.590035200119
0.594188570976
0.581334352493
0.590989172459
0.593358278275
0.5821788311
0.554666876793
0.584985375404
0.578126847744
0.591881811619
0.602057337761
0.573825240135
0.57792031765
0.576715886593
0.569800555706
0.58086502552
0.574200749397
0.569563090801
0.567466199398
0.57801759243
0.595777213573
0.570624291897
0.568503439426
0.534640550613
0.57323384285
0.566782176495
0.577750504017
0.544788122177
0.583213925362
0.557469248772
0.539843380451
0.561237156391
0.560047805309
0.56472414732
0.539707243443
0.534696936607
0.543923735619
0.544256448746
0.547142803669
0.569821596146
0.568476140499
0.555496573448
0.577281475067
0.5453338027
0.526124536991
0.541118204594
0.540135383606
0.539332926273
0.526014924049
0.508610665798
0.519533872604
0.5337433815
0.539338827133
0.497578322887
0.533347010612
0.545969188213
0.546085238457
0.546799480915
0.528127372265
0.53884190321
0.521468758583
0.504618287086
0.524340867996
0.512582838535
0.536277592182
0.545986294746
0.520826458931
0.519979298115
0.505494773388
0.474156975746
0.500274062157
0.50793671608
0.537851631641
0.504581749439
0.52512294054
0.528089523315
0.499554753304
0.514867424965
0.521269917488
0.525525867939
0.487496644258
0.500792860985
0.493610560894
0.49199616909
0.485059797764
0.5294444561
0.498398333788
0.49308180809
0.494553953409
0.47259581089
0.504503369331
0.51504445076
0.490703046322
0.503691792488
0.504371225834
0.500754773617
0.50279301405
0.485295146704
0.494086354971
0.492079645395
0.473822981119
0.453449964523
0.4912289083
0.499337881804
0.479081839323
0.475202769041
0.507115960121
0.48825392127
0.504713654518
0.462203085423
0.487408906221
0.460881382227
0.472544908524
0.474859923124
0.467586547136
0.456133544445
0.469487935305
0.478713274002
0.450905948877
0.475056022406
0.464125782251
0.470239967108
0.449948459864
0.448025584221
0.483737677336
0.431181371212
0.468739569187
0.447579592466
0.455411911011
0.470819622278
0.468520313501
0.447700798512
0.440475404263
0.455974817276
0.414295524359
0.425969749689
0.456589102745
0.453110337257
0.437095701694
0.419668316841
0.456524133682
0.431463778019
0.448761790991
0.444950044155
0.454261124134
0.455313682556
0.476013243198
0.463848143816
0.440229088068
0.430543035269
0.422404974699
0.414026141167
0.434880852699
0.445974320173
0.460008949041
0.424248248339
0.475613623857
0.461955308914
0.398455739021
0.433514922857
0.418639987707
0.407622337341
0.399325966835
0.402068883181
0.419461578131
0.422167360783
0.402031004429
0.401652127504
0.437427550554
0.414189398289
0.399147927761
0.419841110706
0.428877323866
0.423361420631
0.383244544268
0.37658944726
0.392414301634
0.39547291398
0.414535939693
0.403034418821
0.415327012539
0.383221179247
0.376707226038
0.414856523275
0.393754452467
0.400146484375
0.416244149208
0.438214719296
0.407567471266
0.392386823893
0.376902878284
0.380128353834
0.394309788942
0.362919867039
0.396292895079
0.364526748657
0.419201523066
0.37505120039
0.385147124529
0.395415902138
0.416758626699
0.388200461864
0.367002010345
0.396937161684
0.351253300905
0.390659123659
0.353839844465
0.374341487885
0.398381233215
0.38806271553
0.37756678462
0.380775928497
0.358380734921
0.374443650246
0.345389544964
0.35025665164
0.380546748638
0.354944974184
0.391850024462
0.35501396656
0.346337288618
0.363401979208
0.337296873331
0.397629588842
0.363098442554
0.360714137554
0.376767635345
0.333367556334
0.352928578854
0.36252823472
0.369069248438
0.3620043993
0.36974170804
0.388620078564
0.343995779753
0.364041298628
0.32427918911
0.370801538229
0.34619897604
0.309106141329
0.362015575171
0.346433758736
0.325337439775
0.345746010542
0.353793680668
0.330768406391
0.355320006609
0.329319119453
0.32156893611
0.363885194063
0.326855838299
0.374093472958
0.323914766312
0.315372824669
0.327312797308
0.336796879768
0.318802893162
0.344287782907
0.32520082593
0.333063185215
0.302668422461
0.324224323034
0.338552474976
0.325819760561
0.313605844975
0.315931677818
0.317061066628
0.3051007092
0.289408475161
0.308170616627
0.318883150816
0.341287076473
0.320516079664
0.327637523413
0.351797193289
0.286198824644
0.336943387985
0.322390258312
0.310952097178
0.305213451385
0.310176879168
0.356769025326
0.292500764132
0.331290572882
0.296809643507
0.340095341206
0.274971276522
0.31303063035
0.304923802614
0.312728136778
0.262735456228
0.31671372056
0.308979660273
0.309527516365
0.298854798079
0.30146536231
0.328779786825
0.294126868248
0.337514817715
0.318664103746
0.324195146561
0.292104780674
0.295850098133
0.308333724737
0.309958249331
0.289382368326
0.29193174839
0.303905516863
0.281696498394
0.309997916222
0.299726843834
0.26736754179
0.25253456831
0.260379850864
0.300739377737
0.29093554616
0.282037347555
0.310671597719
0.304579705
0.266208738089
0.28155207634
0.286370337009
0.271021276712
0.271306365728
0.271795868874
0.259086489677
0.297432690859
0.247131183743
0.314115643501
0.255251288414
0.318322330713
0.269868046045
0.298230171204
0.211432591081
0.272621363401
0.297064691782
0.243364349008
0.26060578227
0.29566732049
0.269424140453
0.26554480195
0.272667735815
0.269649773836
0.26082354784
0.29225307703
0.280411869287
0.31715002656
0.26055726409
0.276557475328
0.232249036431
0.293508917093
0.252541750669
0.290835350752
0.230171307921
0.239132091403
0.284212529659
0.22841796279
0.277232766151
0.222420096397
0.246112972498
0.25171944499
0.252346545458
0.258828580379
0.265726834536
0.261945784092
0.249032333493
0.247023582458
0.212519198656
0.242954626679
0.228656381369
0.249656975269
0.249488130212
0.242223277688
0.304997652769
0.255861341953
0.254052221775
0.240356624126
0.237680673599
0.221725091338
0.260900825262
0.244860634208
0.25567471981
0.236820727587
0.19491045177
0.273696690798
0.216585189104
0.259140789509
0.246844783425
0.257500618696
0.234907329082
0.220455616713
0.231583416462
0.227778926492
0.235545530915
0.264670163393
0.218226850033
0.208830863237
0.224391341209
0.213521942496
0.244728013873
0.226282730699
0.210771843791
0.213575273752
0.235850483179
0.232763260603
0.283115327358
0.214943438768
0.21749997139
0.235718518496
0.22933408618
0.231214568019
0.222360506654
0.217610657215
0.216440230608
0.227195441723
0.23806925118
0.232475876808
0.225685343146
0.19684317708
0.203894153237
0.226199641824
0.231812417507
0.214573562145
0.248239189386
0.19986218214
0.196545481682
0.203830197453
0.220680102706
0.214002653956
0.19838476181
0.210995450616
0.205647170544
0.233066529036
0.207296803594
0.187414035201
0.223190009594
0.273291021585
0.199660211802
0.232436254621
0.243587553501
0.182079598308
0.206917926669
0.22690872848
0.252084612846
0.16310159862
0.202569708228
0.175673320889
0.173447579145
0.257948845625
0.227360963821
0.278925508261
0.218831464648
0.181386142969
0.207119524479
0.175358071923
0.193426832557
0.196738839149
0.229703053832
0.204705804586
0.197064578533
0.209062561393
0.199664622545
0.173039615154
0.191247478127
0.221616178751
0.185797736049
0.222163468599
0.166804879904
0.179159060121
0.218017578125
0.195506960154
0.224888756871
0.203382685781
0.229122683406
0.21795271337
0.185828402638
0.16590410471
0.14924159646
0.21503379941
0.154931843281
0.201077491045
0.165711432695
0.204096719623
0.176935002208
0.160843074322
0.208395332098
0.205112248659
0.168947398663
0.19362989068
0.189350888133
0.206883728504
0.178684443235
0.16223077476
0.138937547803
0.163545951247
0.193017199636
0.151111215353
0.190886169672
0.180328771472
0.179193332791
0.200067386031
0.199150964618
0.24956612289
0.18713080883
0.145661056042
0.142025381327
0.168582320213
0.22093963623
0.180897757411
0.185712188482
0.204148963094
0.150332465768
0.140364095569
0.165026113391
0.202727898955
0.189314305782
0.181079253554
0.137366443872
0.172580480576
0.200394377112
0.202232286334
0.125148549676
0.177663624287
0.192127510905
0.1778254807
0.180663257837
0.145108908415
0.19422930479
0.144843548536
0.183583363891
0.187714517117
0.116429306567
0.152102813125
0.17174628377
0.169752776623
0.185376793146
0.152915224433
0.136800467968
0.125850349665
0.150818705559
0.167237922549
0.177687838674
0.144460663199
0.172965601087
0.146824017167
0.164031744003
0.162058532238
0.171779111028
0.198405474424
0.152909740806
0.162825554609
0.14176864922
0.14433978498
0.140826657414
0.170289874077
0.158122852445
0.131285130978
0.156549036503
0.161794036627
0.154911234975
0.136923447251
0.173438251019
0.167749464512
0.165152281523
0.170936569571
0.153836846352
0.173962816596
0.153894588351
0.143538326025
0.141354084015
0.169699877501
0.137909606099
0.130474105477
0.15247669816
0.158761098981
0.171839892864
0.118906728923
0.136866673827
0.138255700469
0.118012927473
0.14025567472
0.150025516748
0.152481526136
0.141474679112
0.139408141375
0.118738278747
0.207217201591
0.133832395077
0.1512504071
0.131679564714
0.181384384632
0.130784854293
0.139505624771
0.150965243578
0.161217927933
0.144717559218
0.182826980948
0.13912498951
0.125013768673
0.15903121233
0.151477530599
0.13392752409
0.114218063653
0.173222512007
0.153956443071
0.119795560837
0.133488476276
0.138873517513
0.112690754235
0.154135629535
0.126835376024
0.157074719667
0.123075604439
0.154308870435
0.123862832785
0.135153472424
0.157793819904
0.127980440855
0.146294996142
0.159145414829
0.145821511745
0.1390979141
0.150464728475
0.118758559227
0.108159050345
0.130299836397
0.117286257446
0.146880194545
0.143458485603
0.126585409045
0.146172985435
0.140873685479
0.134967133403
0.0994791761041
0.153202310205
0.146380275488
0.13574758172
0.123629249632
0.149269089103
0.17386880517
0.129266008735
0.118594922125
0.119661942124
0.116386607289
0.146114900708
0.147373408079
0.141393691301
0.136230409145
0.1492639184
0.134250551462
0.0901555866003
0.11571841687
0.0968046411872
0.12388098985
0.129185751081
0.115987472236
0.13291144371
0.143881782889
0.103765912354
0.161449447274
0.113574005663
0.106349311769
0.106636345387
0.114563673735
0.130790889263
0.128905966878
0.119402676821
0.114517889917
0.0918340906501
0.0993686243892
0.111313514411
0.106915146112
0.110040523112
0.116597689688
0.125315248966
0.140067875385
0.138139635324
0.0882522836328
0.133582189679
0.120262630284
0.118562839925
0.122952073812
0.100332662463
0.108843699098
0.115723975003
0.134906291962
0.130130201578
0.120855435729
0.143009275198
0.127969369292
0.117020860314
0.125936418772
0.0958625227213
0.0972376763821
0.146432965994
0.106553792953
0.0976182296872
0.127081498504
0.133682712913
0.181222125888
0.101203620434
0.120112225413
0.100241310894
0.0983518585563
0.0953407138586
0.091695509851
0.077803619206
0.102934941649
0.106610514224
0.0953935012221
0.101040750742
0.091274894774
0.10403136909
0.112244226038
0.0910333693027
0.0894004479051
0.114128559828
0.0746180713177
0.0990880802274
0.0929477959871
0.111930243671
0.160459652543
0.0964468643069
0.105748824775
0.0896590352058
0.122992187738
0.106801822782
0.108534611762
0.135225236416
0.112316720188
0.105196267366
0.0906936451793
0.118210665882
0.101384133101
0.0963457599282
0.0910661667585
0.113715529442
0.150905787945
0.0859829634428
0.0754406228662
0.136543661356
0.113226473331
0.0845646932721
0.13333953917
0.115033961833
0.082307562232
0.115958221257
0.106894560158
0.133712142706
0.0996000692248
0.091350607574
0.17013861239
0.111823327839
0.12275275588
0.121995061636
0.115671947598
0.0905331224203
0.0892194360495
0.0757007673383
0.101676553488
0.156206831336
0.124210655689
0.113452874124
0.0869201123714
0.117474138737
0.089103512466
0.0916870459914
0.117470897734
0.0973423942924
0.110918074846
0.0743806958199
0.119166761637
0.0921910181642
0.156706914306
0.0670232325792
0.157322481275
0.100210636854
0.112242422998
0.0742851793766
0.0939368084073
0.107456259429
0.0743799284101
0.125155970454
0.0880414247513
0.0877276733518
0.104809701443
0.0943628251553
0.106320984662
0.0736808776855
0.115455292165
0.118681676686
0.120335198939
0.100993774831
0.125288069248
0.115479819477
0.108801886439
0.110162235796
0.0872158110142
0.0886803492904
0.0846358165145
0.116597339511
0.0960520654917
0.148553669453
0.0643259361386
0.149360373616
0.112863101065
0.112017475069
0.0890926271677
0.095802642405
0.122240073979
0.125284954906
0.0949389860034
0.142737835646
0.0864090919495
0.128488108516
0.121311232448
0.0954855009913
0.115539312363
0.110649161041
0.105077259243
0.119569182396
0.0750663354993
0.066620528698
0.0954935774207
0.10487961024
0.106671459973
0.0989932492375
0.117829047143
0.0896549522877
0.115942291915
0.084509447217
0.096049413085
0.0980022922158
0.101557336748
0.0799843147397
0.10269729048
0.136724293232
0.0802527815104
0.102247305214
0.125955864787
0.102425679564
0.104381136596
0.115370906889
0.114725098014
0.108651183546
0.116695202887
0.0941388458014
0.0851435065269
0.101542197168
0.0999169200659
0.0987953171134
0.109924480319
0.134883746505
0.0794575661421
0.112583495677
0.113069206476
0.104930341244
0.0875544846058
0.112966567278
0.087909668684
0.0788667201996
0.16261793673
0.113004975021
0.113234214485
0.105958707631
0.117937169969
0.083878532052
0.122575238347
0.101872205734
0.0823489278555
0.119730636477
0.126235634089
0.0834459885955
0.11058742553
0.0960000306368
0.111262008548
0.117387086153
0.0901892110705
0.108580984175
0.10222221911
0.118510484695
0.148095726967
0.0837458893657
0.116612203419
0.0989624559879
0.0885262191296
0.0860348120332
0.108316339552
0.11555223912
0.11421199888
0.125697866082
0.0770133733749
0.0917407423258
0.113815456629
0.0943245664239
0.129575431347
0.167820006609
0.146880999207
0.0905739739537
0.132885739207
0.0847981721163
0.099093541503
0.0884817540646
0.119582608342
0.0778920352459
0.0932195931673
0.104047864676
0.104582644999
0.14672781527
0.115589030087
0.11164239049
0.0965283811092
0.103677287698
0.138268202543
0.116502940655
0.132739290595
0.102833278477
0.0641963034868
0.1486145854
