0.701633274555
0.702214956284
0.688587665558
0.713324069977
0.6903860569
0.709908246994
0.705000519753
0.696710348129
0.696573793888
0.702955901623
0.695643365383
0.687353074551
0.691517829895
0.714325845242
0.701034784317
0.705277144909
0.693695008755
0.694213032722
0.699095845222
0.700387716293
0.716579318047
0.703077316284
0.697164535522
0.690903604031
0.693130075932
0.703505933285
0.709895730019
0.701585352421
0.690572082996
0.706232130527
0.69778752327
0.70764029026
0.68871229887
0.68239825964
0.712768852711
0.695046722889
0.707640171051
0.693537414074
0.70162653923
0.70253944397
0.700666129589
0.6939676404
0.691280186176
0.697916269302
0.704730510712
0.698746621609
0.699129521847
0.69750970602
0.704383969307
0.700105011463
0.691815435886
0.709627389908
0.692520260811
0.708268523216
0.706862449646
0.70555216074
0.697388529778
0.698836088181
0.685202181339
0.695224225521
0.693890333176
0.696446061134
0.711725473404
0.690731883049
0.688296794891
0.697911500931
0.687926054001
0.692344486713
0.69820535183
0.714895188808
0.685492217541
0.69260686636
0.688555002213
0.687726557255
0.689410865307
0.696807742119
0.689178586006
0.687557339668
0.69109916687
0.700073778629
0.692044913769
0.702546715736
0.688590168953
0.691230714321
0.698263347149
0.696934640408
0.696887254715
0.70065176487
0.692772388458
0.694269239902
0.688580751419
0.702315926552
0.691150426865
0.68837583065
0.69708532095
0.67833763361
0.696978509426
0.687408685684
0.689644277096
0.689718008041
0.694489657879
0.693731546402
0.699578344822
0.68754786253
0.687898516655
0.684915661812
0.683952748775
0.690308868885
0.68957310915
0.697130978107
0.690694689751
0.692618072033
0.6901486516
0.686489999294
0.69136351347
0.691692054272
0.685478270054
0.69880348444
0.708931207657
0.691585123539
0.696402728558
0.693751335144
0.688859343529
0.689199090004
0.695124268532
0.692702889442
0.694351613522
0.686197280884
0.677986264229
0.695867180824
0.690805733204
0.696009218693
0.688854932785
0.680825054646
0.697931885719
0.685286462307
0.694260060787
0.682326316833
0.696103155613
0.692727744579
0.683051943779
0.692729651928
0.690747201443
0.691756784916
0.697392523289
0.693280696869
0.692947626114
0.698538959026
0.681869745255
0.688121140003
0.698246181011
0.686474263668
0.687069952488
0.681676864624
0.684270203114
0.692824184895
0.674695670605
0.681757807732
0.691555440426
0.693932056427
0.687908768654
0.686023414135
0.685511946678
0.690747976303
0.685015022755
0.683775126934
0.685658752918
0.689486443996
0.690902292728
0.685492515564
0.691976249218
0.685816049576
0.687120854855
0.679991364479
0.682328879833
0.686472058296
0.67995685339
0.681833922863
0.689743459225
0.687914609909
0.696571230888
0.686152160168
0.682146847248
0.690961360931
0.680824637413
0.677785158157
0.680160164833
0.694127440453
0.67931240797
0.684501290321
0.687712132931
0.677937567234
0.691291928291
0.685698211193
0.699463307858
0.687472462654
0.67414522171
0.681882441044
0.682233214378
0.670994818211
0.671533882618
0.687630414963
0.68017333746
0.683334589005
0.671961545944
0.687206804752
0.684031426907
0.685845851898
0.686354398727
0.685828387737
0.689075767994
0.680962979794
0.678535342216
0.678358256817
0.692553281784
0.685074567795
0.69141882658
0.687146246433
0.686231374741
0.693029344082
0.683817446232
0.683171331882
0.689176261425
0.676197111607
0.680358827114
0.683102250099
0.693631052971
0.697840034962
0.682987391949
0.685017645359
0.680377066135
0.668981432915
0.679795265198
0.681582868099
0.687607228756
0.677841842175
0.683408021927
0.695247232914
0.683766782284
0.681574165821
0.683481276035
0.676632404327
0.684665799141
0.673434913158
0.68205422163
0.684822797775
0.686489105225
0.680598556995
0.684754312038
0.682899951935
0.682176411152
0.683499872684
0.682743489742
0.67574596405
0.690077424049
0.686756849289
0.681726455688
0.67596757412
0.676313698292
0.67111235857
0.681416451931
0.688345909119
0.684145510197
0.688081979752
0.68088555336
0.685798585415
0.691007375717
0.676059305668
0.675811707973
0.678055822849
0.665698289871
0.674099385738
0.683439254761
0.684825122356
0.686205983162
0.67323923111
0.677371740341
0.682259321213
0.676652014256
0.689005732536
0.684516131878
0.689671039581
0.680551588535
0.689546227455
0.677155792713
0.687463521957
0.673417687416
0.673146545887
0.677305579185
0.68695628643
0.684756755829
0.688244760036
0.687097847462
0.683534026146
0.689214110374
0.677184939384
0.678690910339
0.688005626202
0.683068871498
0.684382200241
0.683781981468
0.680241644382
0.676224470139
0.681135356426
0.688312351704
0.683597922325
0.691457808018
0.679192721844
0.684465944767
0.695978224277
0.678954422474
0.67638361454
0.688528239727
0.678199052811
0.672896206379
0.675626277924
0.678845643997
0.686539232731
0.680894970894
0.676732957363
0.674747824669
0.685981810093
0.68603104353
0.667469680309
0.68478012085
0.684517860413
0.675086915493
0.683278501034
0.676770985126
0.683999180794
0.677556633949
0.678642094135
0.677866578102
0.672852814198
0.678894639015
0.686833739281
0.674053907394
0.66809630394
0.679680526257
0.677619874477
0.682209670544
0.67876625061
0.677948892117
0.685129761696
0.674156248569
0.685803055763
0.672605633736
0.673913002014
0.673831999302
0.681371688843
0.687034726143
0.683177351952
0.681364119053
0.675804018974
0.684524297714
0.675013005733
0.684111952782
0.6721175313
0.673509716988
0.681273818016
0.677166879177
0.676258504391
0.671459436417
0.671677350998
0.678880512714
0.686024487019
0.684440433979
0.671353578568
0.67954480648
0.676524996758
0.685095787048
0.676915407181
0.683478653431
0.678702294827
0.666408717632
0.672581315041
0.681984066963
0.684784948826
0.683787822723
0.677014172077
0.671242892742
0.689155519009
0.675823390484
0.666220486164
0.682216048241
0.671316325665
0.680558860302
0.689958691597
0.696157038212
0.682711839676
0.676112174988
0.674348533154
0.678215265274
0.676320433617
0.668820023537
0.683955192566
0.678881287575
0.678286612034
0.67512512207
0.677056491375
0.673107326031
0.675421237946
0.688092052937
0.687793850899
0.66837978363
0.682367384434
0.673279464245
0.67540538311
0.682793200016
0.677192926407
0.673198223114
0.669671773911
0.689274430275
0.678786098957
0.675171792507
0.667994081974
0.682268679142
0.677070081234
0.677921295166
0.680807054043
0.669760942459
0.668295502663
0.670351743698
0.682697355747
0.675599098206
0.669338107109
0.676274955273
0.686266720295
0.672445833683
0.670166671276
0.668587267399
0.670380175114
0.670001208782
0.68346208334
0.660914480686
0.672560334206
0.678234934807
0.672793030739
0.675112187862
0.671717524529
0.67578625679
0.675111472607
0.6669511199
0.67607653141
0.656605482101
0.671034932137
0.678927659988
0.677628517151
0.67948615551
0.671409964561
0.667357087135
0.665699779987
0.678660571575
0.678769648075
0.669044673443
0.674730598927
0.675828039646
0.67333483696
0.675925195217
0.682305693626
0.669113099575
0.675447404385
0.67322820425
0.679734587669
0.671121239662
0.68270611763
0.66954189539
0.666585206985
0.672273039818
0.662860393524
0.673081278801
0.671921432018
0.670760989189
0.665667712688
0.674306511879
0.673178315163
0.668072283268
0.664562344551
0.670868337154
0.683198034763
0.674352407455
0.661849915981
0.674693882465
0.662669420242
0.67130202055
0.677166104317
0.673858046532
0.667657494545
0.664701521397
0.669206798077
0.664414405823
0.671080350876
0.671923100948
0.66498529911
0.661892533302
0.663474321365
0.671576738358
0.674017310143
0.683952689171
0.66737818718
0.66452562809
0.662783145905
0.667405188084
0.684003710747
0.67599850893
0.67996776104
0.66943269968
0.666586399078
0.668137192726
0.679690003395
0.66592413187
0.672866761684
0.656741559505
0.67491209507
0.673093080521
0.674335598946
0.675228118896
0.666741728783
0.679341971874
0.672891378403
0.666860222816
0.67207300663
0.67275172472
0.663310945034
0.667969763279
0.661613225937
0.667792201042
0.681554794312
0.681712329388
0.679513275623
0.669551730156
0.665744841099
0.681459546089
0.669719696045
0.666562199593
0.676250696182
0.676040291786
0.665088176727
0.682028710842
0.671225428581
0.665078282356
0.672452509403
0.672060251236
0.674403190613
0.672108948231
0.663892447948
0.675432384014
0.673288464546
0.681040465832
0.658251523972
0.673005700111
0.689305901527
0.675162196159
0.650299608707
0.656270682812
0.662524759769
0.654215991497
0.666429817677
0.676735877991
0.667461574078
0.681473135948
0.660904288292
0.67499256134
0.66813904047
0.681313931942
0.664213359356
0.680978119373
0.665199160576
0.670583963394
0.663140773773
0.676255226135
0.659393966198
0.664943039417
0.673128247261
0.669298112392
0.666004776955
0.67411416769
0.669394791126
0.660967171192
0.667138576508
0.672093391418
0.67041349411
0.670162498951
0.660596370697
0.657842278481
0.662020504475
0.674966037273
0.651515066624
0.666806340218
0.65527099371
0.659344851971
0.668374836445
0.68188136816
0.66659706831
0.664391815662
0.66245174408
0.666141033173
0.672605872154
0.66179305315
0.667104721069
0.673058927059
0.665722131729
0.675462722778
0.666447579861
0.661234915257
0.673377811909
0.677788794041
0.660500228405
0.663857638836
0.66667920351
0.670147061348
0.666756927967
0.659747064114
0.664527356625
0.672124862671
0.66161608696
0.669642329216
0.676937043667
0.659519374371
0.666083455086
0.667068839073
0.66068905592
0.662115395069
0.670670866966
0.666907131672
0.663773536682
0.668233215809
0.661416947842
0.661172986031
0.66122585535
0.676766753197
0.663691759109
0.660165250301
0.656231164932
0.655493676662
0.669396698475
0.656155467033
0.653959691525
0.654596924782
0.667374193668
0.669853627682
0.673620581627
0.657758295536
0.664448261261
0.667427837849
0.660756468773
0.657402575016
0.664612114429
0.654011249542
0.651276767254
0.654320597649
0.677335262299
0.666967630386
0.662559568882
0.666756391525
0.672903597355
0.664897501469
0.656615376472
0.659002065659
0.666612505913
0.662641704082
0.671235442162
0.663629293442
0.663167238235
0.666968345642
0.655340373516
0.665107667446
0.674186587334
0.665479660034
0.653852880001
0.651308238506
0.660687923431
0.652658760548
0.653207778931
0.649316608906
0.66533023119
0.66165304184
0.653038680553
0.664611697197
0.659269213676
0.657421350479
0.672651767731
0.663436055183
0.648563742638
0.657100617886
0.671763718128
0.662228405476
0.670225918293
0.653354763985
0.653354823589
0.665792047977
0.673332870007
0.666978061199
0.651322543621
0.663187742233
0.652533173561
0.662508606911
0.654651165009
0.652882695198
0.659387946129
0.662007331848
0.66537976265
0.644659519196
0.668229103088
0.663809299469
0.666741371155
0.647334575653
0.672052383423
0.667380809784
0.65575760603
0.668361067772
0.66821038723
0.659314632416
0.665116369724
0.656494736671
0.659991443157
0.651902377605
0.664422094822
0.658709347248
0.652441501617
0.669226765633
0.644267141819
0.652057230473
0.656781733036
0.67934191227
0.655814647675
0.661040067673
0.660683333874
0.64918667078
0.64525860548
0.659365177155
0.671817660332
0.661219000816
0.656309008598
0.666695475578
0.654675364494
0.66957873106
0.652785658836
0.657050430775
0.652473568916
0.645416200161
0.658561766148
0.661603748798
0.672225594521
0.65643042326
0.64677977562
0.647557675838
0.646367907524
0.646162748337
0.66397023201
0.654087722301
0.658594191074
0.652041494846
0.668178200722
0.665004312992
0.652409315109
0.648723244667
0.656341791153
0.657643854618
0.667549788952
0.65638011694
0.663659095764
0.655928730965
0.655047476292
0.659552395344
0.65555113554
0.676763415337
0.653385519981
0.650922000408
0.644118368626
0.647780060768
0.657654821873
0.662392675877
0.650580942631
0.652543246746
0.652905881405
0.662419974804
0.664945423603
0.673359274864
0.649594783783
0.654384791851
0.672618746758
0.654684841633
0.651443362236
0.656478583813
0.657990396023
0.641251325607
0.657872319221
0.665762245655
0.653844118118
0.645709753036
0.660150051117
0.648385703564
0.654917299747
0.65915542841
0.653699278831
0.664920032024
0.654258012772
0.657416820526
0.652028441429
0.656347453594
0.650037050247
0.661844670773
0.656830668449
0.659767866135
0.658570945263
0.660160720348
0.662717342377
0.66827750206
0.651886224747
0.656709492207
0.66056740284
0.651033103466
0.64991915226
0.64118039608
0.660785794258
0.656855762005
0.657307446003
0.667642951012
0.643518090248
0.63563066721
0.657353341579
0.639825344086
0.65712749958
0.649605870247
0.642778277397
0.659558236599
0.661306083202
0.660434901714
0.656417608261
0.663494050503
0.652679800987
0.660789310932
0.650899350643
0.661871790886
0.665385901928
0.649276375771
0.647254288197
0.66661965847
0.642616391182
0.647421121597
0.655000627041
0.644703567028
0.646276175976
0.659799039364
0.653542637825
0.635640442371
0.652191579342
0.652229845524
0.646601259708
0.651260077953
0.649582266808
0.637904345989
0.645273447037
0.650573372841
0.64993417263
0.641060531139
0.648156166077
0.649411022663
0.655681192875
0.651321470737
0.653854370117
0.641263961792
0.657002687454
0.651333987713
0.645952045918
0.655383169651
0.650478601456
0.658218920231
0.643603265285
0.650008559227
0.655733942986
0.653643965721
0.652794659138
0.646579146385
0.650033771992
0.648047089577
0.651018977165
0.648305058479
0.625335276127
0.650639295578
0.660680353642
0.645226895809
0.644401669502
0.629879713058
0.64889729023
0.650272369385
0.636085867882
0.649123191833
0.660337567329
0.647407650948
0.648655354977
0.648714065552
0.652061283588
0.649150431156
0.64952814579
0.647428393364
0.651292741299
0.647455334663
0.645440280437
0.66197925806
0.648619890213
0.646633684635
0.639236450195
0.642530739307
0.652539372444
0.655470848083
0.64867913723
0.654539763927
0.634057700634
0.647831976414
0.660988688469
0.665290176868
0.634308755398
0.64338350296
0.654038012028
0.645770132542
0.655829131603
0.657222628593
0.647156178951
0.637919306755
0.640923380852
0.627812206745
0.664812386036
0.636031508446
0.633734703064
0.628557622433
0.636467695236
0.651033401489
0.645528197289
0.645696520805
0.644469678402
0.644103050232
0.668494999409
0.636416018009
0.645707070827
0.639255702496
0.627630770206
0.628327906132
0.640538334846
0.643986701965
0.632482171059
0.636706709862
0.63321018219
0.63684374094
0.637027561665
0.648738563061
0.655568540096
0.648078203201
0.632337093353
0.62946999073
0.653646528721
0.653081297874
0.643278896809
0.641512036324
0.642798125744
0.62913787365
0.658691704273
0.649053752422
0.64410752058
0.647885799408
0.642924666405
0.640519499779
0.625149607658
0.647961556911
0.650007903576
0.646623909473
0.63008159399
0.664090275764
0.644940257072
0.64855325222
0.631357729435
0.64843070507
0.657959997654
0.641174376011
0.648057937622
0.641995310783
0.643196046352
0.636957466602
0.649706602097
0.635606646538
0.643789172173
0.651965022087
0.651317894459
0.636609554291
0.63391661644
0.642239153385
0.638532102108
0.640660047531
0.646481871605
0.627572178841
0.636333167553
0.647364199162
0.64058727026
0.63591760397
0.635401785374
0.638818502426
0.64255964756
0.652091324329
0.647262871265
0.642599880695
0.655422627926
0.647835433483
0.644915342331
0.642334640026
0.629231870174
0.66453909874
0.637560725212
0.648218274117
0.651354312897
0.62832069397
0.615842282772
0.649000346661
0.651612222195
0.622534394264
0.648721456528
0.652961850166
0.631090044975
0.645994067192
0.63596445322
0.640852451324
0.651092767715
0.638925969601
0.63560885191
0.643150806427
0.640470862389
0.634031772614
0.657553255558
0.634450912476
0.651219964027
0.642971873283
0.632140219212
0.624989509583
0.639578044415
0.63013023138
0.617461621761
0.649744391441
0.630718827248
0.632279098034
0.632087528706
0.636203348637
0.64116704464
0.633992731571
0.640417098999
0.646433770657
0.644877076149
0.643535792828
0.650665283203
0.649043440819
0.643646001816
0.626460552216
0.633809447289
0.646267235279
0.637274384499
0.64158987999
0.633374452591
0.63871383667
0.648484766483
0.657064974308
0.660867512226
0.64981007576
0.629741549492
0.639053940773
0.643009006977
0.625726521015
0.632781863213
0.633411884308
0.635054111481
0.617991983891
0.631324112415
0.629421532154
0.624940097332
0.637154102325
0.636336147785
0.627143681049
0.622055590153
0.644924163818
0.635916590691
0.653034210205
0.6395149827
0.625286519527
0.626227080822
0.637795805931
0.63362622261
0.647801101208
0.631628215313
0.638759791851
0.621594667435
0.646536827087
0.631790399551
0.645027220249
0.624232053757
0.652370333672
0.638356566429
0.630556821823
0.632824242115
0.645055413246
0.624601662159
0.63525390625
0.618535459042
0.638233661652
0.632218003273
0.640522480011
0.645884811878
0.632699429989
0.629773855209
0.639519572258
0.632536530495
0.632340729237
0.609995007515
0.621173858643
0.638034403324
0.64263522625
0.630984961987
0.656911611557
0.651075422764
0.630571961403
0.61872035265
0.64650529623
0.618518054485
0.65149885416
0.620693027973
0.644292831421
0.630863308907
0.633761167526
0.63698142767
0.639823496342
0.62978464365
0.64072483778
0.619642198086
0.638174533844
0.645468592644
0.635402262211
0.629326820374
0.641514003277
0.627329587936
0.639199674129
0.628813862801
0.635879814625
0.624602735043
0.630167841911
0.636805176735
0.621503710747
0.640617609024
0.621062040329
0.638808906078
0.639274120331
0.638755381107
0.637617111206
0.634807109833
0.652852416039
0.646347403526
0.628806829453
0.618546843529
0.627706825733
0.632722139359
0.639633119106
0.626209378242
0.61925727129
0.638628423214
0.651886403561
0.646535515785
0.641511619091
0.637567043304
0.64647591114
0.630536854267
0.628014743328
0.648107111454
0.629579365253
0.624807834625
0.635369360447
0.628047645092
0.634462833405
0.609879255295
0.632710158825
0.617651283741
0.618045032024
0.632687151432
0.63352316618
0.653843045235
0.622643172741
0.623700857162
0.637039899826
0.631493151188
0.61030960083
0.629044830799
0.621343493462
0.63431173563
0.621528089046
0.637957155704
0.633731126785
0.606117606163
0.614765763283
0.624324440956
0.624197304249
0.628531098366
0.63074952364
0.630838751793
0.623564720154
0.625120818615
