1.12313175201
0.864164233208
0.729464769363
0.669292151928
0.675687193871
0.667195558548
0.671121001244
0.600977599621
0.635806262493
0.601911842823
0.642174839973
0.577496767044
0.605116784573
0.618682265282
0.58966755867
0.555793344975
0.601315379143
0.549094676971
0.562324047089
0.554738640785
0.514266192913
0.572413086891
0.565565407276
0.511905968189
0.483987718821
0.547118723392
0.52679079771
0.499843627214
0.49686267972
0.497972220182
0.452299922705
0.489557743073
0.483187407255
0.490705907345
0.464010059834
0.469108700752
0.459711581469
0.448677241802
0.486029416323
0.398941487074
0.474110901356
0.474961131811
0.46680650115
0.452927827835
0.449654042721
0.419906407595
0.375708967447
0.449392586946
0.39908349514
0.405558139086
0.431018143892
0.393369942904
0.398675858974
0.402695506811
0.419190406799
0.432475179434
0.399420797825
0.360983759165
0.421538561583
0.374739706516
0.363426804543
0.357095479965
0.378873050213
0.373116195202
0.361240595579
0.374874919653
0.382398366928
0.365820199251
0.395287126303
0.319905936718
0.370451033115
0.299016296864
0.349851816893
0.316310167313
0.322101920843
0.317201405764
0.37989205122
0.327250868082
0.370731621981
0.315279632807
0.309005349874
0.336091309786
0.288587838411
0.328566759825
0.306854605675
0.281661838293
0.304428428411
0.277574539185
0.253463685513
0.287870913744
0.336540877819
0.298182338476
0.218104362488
0.282961338758
0.253104805946
0.303471684456
0.219715133309
0.239535078406
0.268104165792
0.272449672222
0.25993424654
0.212157651782
0.287362217903
0.216986566782
0.329631537199
0.252477109432
0.314593344927
0.271910995245
0.262765020132
0.341086119413
0.245896875858
0.282382100821
0.248570933938
0.246253594756
0.287933975458
0.240380182862
0.208399102092
0.232093214989
0.230464875698
0.269798219204
0.205279096961
0.238639131188
0.232747748494
0.180043920875
0.22702498734
0.254916191101
0.208443418145
0.184170693159
0.196601137519
0.221056193113
0.249248832464
0.206144168973
0.206259697676
0.26084664464
0.2421028018
0.16870445013
0.202498614788
0.248729720712
0.274248331785
0.261624395847
0.227597251534
0.182112649083
0.208821222186
0.252158463001
0.22960999608
0.126134380698
0.187671944499
0.189214393497
0.18316718936
0.190923586488
0.267697453499
0.206447899342
0.257638096809
0.227937832475
0.228810042143
0.159406423569
0.209802538157
0.218031868339
0.209217756987
0.177976936102
0.260090738535
0.209469377995
0.195025116205
0.16150341928
0.170140355825
0.168414995074
0.207993969321
0.226776063442
0.197701349854
0.174369871616
0.19814106822
0.144288524985
0.119325786829
0.149585217237
0.116094328463
0.167060449719
0.174407064915
0.210558846593
0.163560405374
0.172621414065
0.162678971887
0.136929109693
0.150662973523
0.176969736814
0.198238044977
0.179807856679
0.224364683032
0.127413749695
0.130074813962
0.10957030952
0.200072839856
0.174562066793
0.188122197986
0.179789960384
0.157452762127
0.126332849264
0.157900780439
0.179238200188
0.201479718089
0.18437705934
0.155745461583
0.189590126276
0.238642469049
0.174853250384
0.208464503288
0.222572356462
0.109192192554
0.140791997313
0.147536933422
0.183807969093
0.170857384801
0.203014612198
0.155355468392
0.121921427548
0.161308512092
0.168462991714
0.177052423358
0.144279316068
0.149580612779
0.162908867002
0.156382963061
0.15091368556
0.160509586334
0.163239821792
0.121479332447
0.119568921626
0.180301129818
0.185860127211
0.118453279138
0.186080574989
0.196440458298
0.184755757451
0.157081440091
0.124060116708
0.138503715396
0.155210509896
0.21570430696
0.14475825429
0.152809038758
0.124754369259
0.162499517202
0.127827897668
0.15266752243
0.166098475456
0.135146588087
0.133595213294
0.0928971022367
0.141255497932
0.157394483685
0.126819103956
0.128751546144
0.205686837435
0.117304906249
0.166932225227
0.152879238129
0.128224074841
0.171534270048
0.129788130522
0.131837278605
0.14733274281
0.183579534292
0.131028711796
0.160039246082
0.164158150554
0.125878810883
0.123255312443
0.181050226092
0.115080073476
0.118561722338
0.127968743443
0.103365465999
0.152597635984
0.173316955566
0.191607773304
0.164943903685
0.144512116909
0.15751029551
0.134541094303
0.101782895625
0.161348223686
0.152755260468
0.113016813993
0.150800973177
0.153393790126
0.120888799429
0.147052183747
0.147168084979
0.118570372462
0.0941947028041
0.127012446523
0.138546615839
0.190182849765
0.115489497781
0.130027070642
0.118408478796
0.100493513048
0.112389966846
0.108099214733
0.152171105146
0.127371445298
