0.693295538425
0.692914485931
0.692601799965
0.692290365696
0.691985487938
0.691678166389
0.691362023354
0.691047787666
0.690722882748
0.690402507782
0.690066218376
0.689742803574
0.689415037632
0.689088523388
0.688754796982
0.688431620598
0.688122868538
0.687807798386
0.687496304512
0.687181770802
0.686872959137
0.686567485332
0.686240494251
0.685920000076
0.685572504997
0.685247063637
0.684922814369
0.684579074383
0.684215724468
0.683845996857
0.683450102806
0.683021068573
0.682583332062
0.682138442993
0.681675136089
0.681170523167
0.680603265762
0.679968714714
0.67933934927
0.678726434708
0.678092837334
0.677457213402
0.676744699478
0.675988793373
0.675199210644
0.674300312996
0.67331892252
0.672246694565
0.671180009842
0.669910848141
0.66848307848
0.666982233524
0.665432870388
0.663797020912
0.662005007267
0.659938156605
0.657848834991
0.655833601952
0.653832495213
0.651744365692
0.649609148502
0.64730322361
0.644929289818
0.642474591732
0.639978349209
0.637335062027
0.634492814541
0.631350278854
0.62805134058
0.624848723412
0.621671974659
0.618262052536
0.614760458469
0.611406326294
0.608131825924
0.604695141315
0.601016104221
0.597388386726
0.593630731106
0.589880168438
0.586472570896
0.58324944973
0.579722642899
0.57611733675
0.572442233562
0.568778276443
0.564741790295
0.56029933691
0.555952191353
0.551698327065
0.547426819801
0.542965829372
0.539083242416
0.535244703293
0.531582951546
0.527878940105
0.524024307728
0.520482063293
0.517222106457
0.51356947422
0.509648740292
0.50543910265
0.501373589039
0.497484534979
0.493463158607
0.489913731813
0.486065119505
0.481897652149
0.47778788209
0.47358289361
0.469560205936
0.466019392014
0.462305277586
0.458562672138
0.454928070307
0.451235949993
0.44751906395
0.443492680788
0.439505815506
0.435336142778
0.431328296661
0.427377849817
0.423388302326
0.419654995203
0.416410654783
0.412600159645
0.408571571112
0.404511749744
0.399798125029
0.395246714354
0.391024827957
0.387607544661
0.383614212275
0.379161864519
0.374369263649
0.369969397783
0.365839660168
0.361916184425
0.357901901007
0.353799074888
0.348890513182
0.34534689784
0.340279847383
0.336718797684
0.334101706743
0.331076651812
0.32700368762
0.322936952114
0.319101184607
0.314889162779
0.310616880655
0.305007338524
0.300680667162
0.297806233168
0.295252501965
0.292389124632
0.289688915014
0.287108957767
0.284704566002
0.281573444605
0.279435008764
0.277024269104
0.274900227785
0.272586494684
0.270079910755
0.267538011074
0.265149325132
0.262780785561
0.260453313589
0.258335083723
0.255981594324
0.254044681787
0.251951873302
0.250043421984
0.247980594635
0.245953217149
0.244543269277
0.242474779487
0.240752801299
0.239024430513
0.237084388733
0.235945880413
0.234056502581
0.232504278421
0.230839163065
0.229237824678
0.227582797408
0.226002275944
0.224316477776
0.222622722387
0.221088349819
0.219589397311
0.217957869172
0.21629974246
0.214722648263
0.213110819459
0.211571484804
0.21015997231
0.20861980319
0.207159131765
0.205784276128
0.204380765557
0.203036949039
0.201681479812
0.200381338596
0.199048340321
0.197705671191
0.196447700262
0.195220410824
0.193745240569
0.192233234644
0.190907046199
0.189406380057
0.188092336059
0.186683624983
0.185423180461
0.183961182833
0.182757750154
0.18135881424
0.180203855038
0.178992152214
0.177794903517
0.176646575332
0.175489515066
0.174335494637
0.173332467675
0.172220408916
0.171140789986
0.170074895024
0.16903410852
0.168006196618
0.167018830776
0.165999665856
0.165021434426
0.164058849216
0.163097918034
0.162171006203
0.161214277148
0.160309538245
0.159397631884
0.158505663276
0.15841370821
0.158321291208
0.158231183887
0.158140227199
0.158049166203
0.157958090305
0.157867401838
0.157776921988
0.157686501741
0.157596260309
0.157506093383
0.157416477799
0.157327786088
0.157240465283
0.157153904438
0.157067522407
0.156981393695
0.156894847751
0.15680873394
0.156726330519
0.156641513109
0.156554967165
0.156469732523
0.156386628747
0.156302630901
0.156220376492
0.156137749553
0.156055420637
0.155972108245
0.15588991344
0.155808091164
0.155726134777
0.155644208193
0.155563816428
0.155482962728
0.15540073812
0.155321106315
0.155238330364
0.155157521367
0.155077785254
0.154996901751
0.154917761683
0.154837936163
0.15475794673
0.154676899314
0.154598787427
0.154518157244
0.154438480735
0.154359325767
0.154283881187
0.154204949737
0.154128178954
0.154049232602
0.153971046209
0.153893068433
0.153813958168
0.153735533357
0.153656452894
0.153579548001
