0.698257386684
0.694025099277
0.696192026138
0.688154697418
0.696286082268
0.702281832695
0.692818343639
0.688624680042
0.700525939465
0.69302380085
0.6957924366
0.691931605339
0.698331058025
0.68234282732
0.693687021732
0.695749998093
0.692926049232
0.694911181927
0.697759330273
0.684213042259
0.687925696373
0.690502643585
0.69729924202
0.688424766064
0.689928352833
0.688460290432
0.68362903595
0.697551310062
0.691348314285
0.690193533897
0.699330091476
0.692722320557
0.701709806919
0.692441999912
0.688158273697
0.685149133205
0.684094667435
0.691401779652
0.697617173195
0.691251039505
0.692620575428
0.69911557436
0.686854064465
0.69523370266
0.690363287926
0.69314956665
0.693624794483
0.693016171455
0.688555896282
0.680979073048
0.691798388958
0.690526068211
0.686239421368
0.686581194401
0.688766241074
0.692071080208
0.683788716793
0.684187889099
0.687949419022
0.68955540657
0.692440748215
0.696566104889
0.68666011095
0.687982797623
0.682386159897
0.684345841408
0.685163974762
0.689187467098
0.682159841061
0.685747683048
0.686330139637
0.682775557041
0.684209406376
0.678350746632
0.688940525055
0.680390715599
0.684913277626
0.690745294094
0.683184683323
0.688716828823
0.682918846607
0.694513320923
0.681241393089
0.680062353611
0.686723709106
0.693680047989
0.694043934345
0.689162373543
0.683990359306
0.690784156322
0.684678971767
0.682185173035
0.685842871666
0.682648956776
0.691738903522
0.683723330498
0.684663176537
0.68319195509
0.68704611063
0.689597845078
0.689806818962
0.679680287838
0.684278249741
0.679842293262
0.676279485226
0.685183942318
0.683485627174
0.683699011803
0.67848533392
0.674105584621
0.681562244892
0.682510614395
0.682110607624
0.684975028038
0.684322834015
0.680427372456
0.679232239723
0.685505032539
0.689705550671
0.677376508713
0.683581292629
0.686134457588
0.681732773781
0.684424877167
0.673792123795
0.677913844585
0.673966705799
0.683750033379
0.681952655315
0.683858275414
0.678779184818
0.674553692341
0.675113201141
0.676120758057
0.685705840588
0.677206993103
0.686133861542
0.683189630508
0.68126219511
0.683429837227
0.683771491051
0.684775531292
0.676815509796
0.68216329813
0.684061646461
0.680677473545
0.68603926897
0.675599992275
0.691853165627
0.677801609039
0.683549404144
0.679349958897
0.680303215981
0.686599433422
0.684862613678
0.6825491786
0.679135739803
0.676619529724
0.676449537277
0.676857233047
0.681825518608
0.68753349781
0.671550631523
0.680958986282
0.672543108463
0.673461198807
0.679502904415
0.680567920208
0.677709281445
0.688451230526
0.666215777397
0.671948373318
0.684702217579
0.675701320171
0.681408643723
0.677489042282
0.677476286888
0.67949962616
0.677943110466
0.683798670769
0.680815160275
0.677789211273
0.669539570808
0.67391037941
0.676138401031
0.672940731049
0.674119830132
0.677804708481
0.691208481789
0.680558085442
0.676155209541
0.672542512417
0.672161281109
0.678655385971
0.67865139246
0.682105004787
0.671429097652
0.681199669838
0.674166500568
0.675607323647
0.677971959114
0.675802707672
0.680328249931
0.66570353508
0.678621172905
0.668976247311
0.673208296299
0.673504710197
0.680169999599
0.670310854912
0.679055988789
0.665865540504
0.657957971096
0.67449182272
0.673257350922
0.668292105198
0.674493312836
0.680198431015
0.677872717381
0.681865692139
0.668753743172
0.67796677351
0.677028477192
0.67948281765
0.668042719364
0.67567050457
0.665726304054
0.673688471317
0.669659972191
0.66837066412
0.665198564529
0.676340460777
0.663213133812
0.671623587608
0.661540091038
0.668932437897
0.670348227024
0.669853687286
0.658762872219
0.660806953907
0.683448553085
0.660737276077
0.672916889191
0.671054899693
0.667119145393
0.677572309971
0.673639953136
0.673429787159
0.665527045727
0.658143341541
0.670225739479
0.668141961098
0.671757638454
0.666466534138
0.675444364548
0.672922968864
0.654869139194
0.665439426899
0.666842222214
0.666966795921
0.667041897774
0.65879380703
0.661297917366
0.663779377937
0.658840894699
0.666120886803
0.674086093903
0.665581703186
0.661710560322
0.67465031147
0.67331802845
0.656984329224
0.661032021046
0.661742866039
0.67330801487
0.651486933231
0.66025942564
0.654187738895
0.662742257118
0.66842520237
0.658402621746
0.670469880104
0.655663013458
0.682012796402
0.650288105011
0.654880285263
0.668328881264
0.659135103226
0.658140480518
0.656985998154
0.65517282486
0.663449466228
0.658053815365
0.657195031643
0.65649241209
0.670470952988
0.646418213844
0.656210124493
0.664688825607
0.658056437969
0.661046922207
0.665127515793
0.670810163021
0.66424703598
0.653664588928
0.659175992012
0.671137213707
0.660711288452
0.650524437428
0.656902849674
0.668386161327
0.668233752251
0.66163533926
0.664747416973
0.650490045547
0.637390136719
0.653938055038
0.644531905651
0.658110380173
0.661843776703
0.65832477808
0.647645175457
0.657284200191
0.676569700241
0.655336260796
0.662124335766
0.647844135761
0.66183501482
0.664878666401
0.666112661362
0.652536094189
0.651263713837
0.670788288116
0.646035969257
0.660561740398
0.661610543728
0.653259515762
0.664268672466
0.653158485889
0.658306896687
0.65538173914
0.665379047394
0.655288636684
0.654943704605
0.659338951111
0.664635360241
0.652941465378
0.649125874043
0.66465061903
0.663368105888
0.671518743038
0.636493504047
0.651226878166
0.664858102798
0.65031003952
0.657812714577
0.652797222137
0.6548204422
0.661893367767
0.658181548119
0.655626296997
0.657059252262
0.659743130207
0.648112893105
0.659450531006
0.65813934803
0.647683799267
0.647342860699
0.645181894302
0.643324077129
0.641989827156
0.648288428783
0.65546309948
0.650041997433
0.663882791996
0.650922358036
0.655643343925
0.660140275955
0.663221359253
0.636739313602
0.647922098637
0.650012791157
0.649009287357
0.6559664011
0.635880410671
0.666506886482
0.652186274529
0.64084559679
0.634215474129
0.658472716808
0.659588694572
0.652062833309
0.635569632053
0.65022367239
0.641690611839
0.636720061302
0.646312117577
0.648055493832
0.658854067326
0.647617340088
0.657261550426
0.659258127213
0.632563769817
0.637816786766
0.647332906723
0.669719815254
0.64676886797
0.657018005848
0.633339643478
0.653495430946
0.645375311375
0.653422415257
0.644366085529
0.653830528259
0.659534156322
0.636104822159
0.622245073318
0.649403870106
0.642278432846
0.647858023643
0.629980623722
0.627647817135
0.653616607189
0.666856467724
0.633685588837
0.66284430027
0.647304654121
0.643468558788
0.635598361492
0.652598142624
0.644079446793
0.634274065495
0.654966533184
0.654216051102
0.654120385647
0.645317792892
0.657100915909
0.642497956753
0.647753179073
0.656817615032
0.635293602943
0.643354594707
0.629834711552
0.626663446426
0.658361375332
0.645069599152
0.62101906538
0.626589953899
0.65532541275
0.638989567757
0.654430627823
0.648865461349
0.619648456573
0.629820287228
0.62878459692
0.637471318245
0.630594968796
0.641655445099
0.656347036362
0.637727022171
0.633365750313
0.636400401592
0.651141643524
0.642668664455
0.649161875248
0.630283713341
0.646025598049
0.640816450119
0.637544870377
0.641829609871
0.639663398266
0.642857015133
0.640736281872
0.66345256567
0.660886824131
0.632639586926
0.637583494186
0.628647685051
0.635846614838
0.616779983044
0.619685649872
0.631938874722
0.62052065134
0.627567768097
0.626314401627
0.666501760483
0.61138266325
0.651941895485
0.657722592354
0.648162722588
0.635616242886
0.62611246109
0.643421053886
0.634370982647
0.623052954674
0.637522161007
0.62876945734
0.625079214573
0.632405340672
0.628217875957
0.633263885975
0.649616360664
0.624831438065
0.638698518276
0.640933454037
0.646436452866
0.631163299084
0.636242747307
0.624559223652
0.62003672123
0.629226744175
0.624046981335
0.645763278008
0.645038306713
0.643932282925
0.626441836357
0.626137018204
0.636575043201
0.627997100353
0.624658226967
0.653745651245
0.62588083744
0.657590568066
0.640094161034
0.630789458752
0.642599701881
0.648891985416
0.629366099834
0.622359573841
0.630223274231
0.64627802372
0.612667024136
0.651749789715
0.66503661871
0.637654423714
0.629621863365
0.61111164093
0.639808475971
0.638239741325
0.634113788605
0.606041491032
0.628226816654
0.618985950947
0.624267995358
0.641163468361
0.605379521847
0.625946581364
0.62701356411
0.641018152237
0.616461575031
0.626570105553
0.63008505106
0.650951981544
0.621290385723
0.621214210987
0.591902434826
0.603696942329
0.614957690239
0.660937964916
0.643557071686
0.616537451744
0.637842178345
0.629526078701
0.659518957138
0.624054074287
0.631162106991
0.619056940079
0.62425082922
0.618741333485
0.634523332119
0.63034838438
0.638423264027
0.61640816927
0.648589551449
0.598417639732
0.647715330124
0.604018628597
0.612172484398
0.608002245426
0.624824941158
0.620597958565
0.633243918419
0.662614941597
0.620226502419
0.644894123077
0.628677606583
0.639626204967
0.611223936081
0.623409748077
0.657354533672
0.659783482552
0.626101613045
0.604298233986
0.619189023972
0.632312297821
0.647867560387
0.614458620548
0.635710656643
0.640777349472
0.642413198948
0.610108673573
0.635155797005
0.632028877735
0.608538806438
0.636818349361
0.654820561409
0.607843637466
0.609705805779
0.625428080559
0.642630577087
0.613400101662
0.626400828362
0.619595706463
0.629874825478
0.613986849785
0.610258221626
0.675660014153
0.602731049061
0.618399739265
0.622133076191
0.632981598377
0.605919897556
0.645625770092
0.612069427967
0.621242344379
0.650893628597
0.635163962841
0.608208656311
0.643701195717
0.61757838726
0.621232390404
0.623667120934
0.655525326729
0.643892586231
0.61602461338
0.630109488964
0.644425988197
0.616996586323
0.608990907669
0.638516902924
0.635284721851
0.642909944057
0.608001053333
0.620793223381
0.638952493668
0.654892861843
0.612147152424
0.598153948784
0.59582400322
0.629012644291
0.624609053135
0.631042718887
0.608013570309
0.624265432358
0.630834519863
0.609800457954
0.646472156048
0.616483092308
0.619678556919
0.622141718864
0.622497558594
0.650574326515
0.618565201759
0.622282922268
0.635829567909
0.64544314146
0.594777226448
0.601776957512
0.62237483263
0.600623011589
0.649228155613
0.621511697769
0.629951894283
0.593500971794
0.605253875256
0.610549807549
0.601181983948
0.630635917187
0.60764414072
0.638479113579
0.638456940651
0.618255198002
0.643938183784
0.628378391266
0.606895983219
0.608993768692
0.610223710537
0.626542985439
0.643422722816
0.605882227421
0.61473929882
0.633858144283
0.618847429752
0.644798457623
0.604376077652
0.586062669754
0.613842189312
0.599491477013
0.635388851166
0.614867150784
0.621481180191
0.617298960686
0.621075809002
0.624781906605
0.629406988621
0.635294258595
0.595449924469
0.630418181419
0.619365692139
0.631442606449
0.623063564301
0.613970756531
0.587607324123
0.61689388752
0.587819993496
0.589812338352
0.629053354263
0.614053726196
0.61470502615
0.605465233326
0.595822751522
0.638886213303
0.607648730278
0.625143587589
0.601923108101
0.621786892414
0.596461236477
0.604597389698
0.584418296814
0.610253095627
0.614775598049
0.627267062664
0.609862685204
0.596151947975
0.58489382267
0.594677090645
0.604825079441
0.610275924206
0.620865225792
0.602542102337
0.624835550785
0.631544291973
0.599987745285
0.61294823885
0.620122969151
0.617282450199
0.630070447922
0.583734810352
0.617769181728
0.597151100636
0.594904065132
0.603439867496
0.630562663078
0.614006698132
0.618602454662
0.605141699314
0.626391947269
0.639918208122
0.618543148041
0.594803631306
0.616913259029
0.597304999828
0.628353357315
0.612210333347
0.633216500282
0.608635723591
0.60728174448
0.608427524567
0.59718054533
0.619570314884
0.607561290264
0.620951652527
0.601778268814
0.622827172279
0.611091792583
0.623114705086
0.607163786888
0.614572227001
0.625166296959
0.594620049
0.596183955669
0.614368855953
0.61510103941
0.638869285583
0.625526070595
0.604151785374
0.635030448437
0.610037147999
0.608125388622
0.597781538963
0.592053949833
0.597260773182
0.590607106686
0.605389714241
0.631552994251
0.614655673504
0.634823441505
0.62244617939
0.600794136524
0.576223731041
0.602369785309
0.626770675182
0.633017361164
0.592223763466
0.604835867882
0.600883722305
0.616200566292
0.612178385258
0.615412533283
0.592500329018
0.610258102417
0.60749566555
0.585966467857
0.621196389198
0.622171342373
0.61245149374
0.608682870865
0.588640153408
0.600329577923
0.637721657753
0.578554153442
0.593987047672
0.612713158131
0.620270907879
0.595417618752
0.625750005245
0.625722765923
0.591215491295
0.61795258522
0.648856580257
0.606309473515
0.618489801884
0.594218790531
0.605019330978
0.618865013123
0.582954525948
0.600591719151
0.585004508495
0.61126345396
0.612558603287
0.587591409683
0.622150421143
0.611926436424
0.589106738567
0.585733115673
0.595302700996
0.612024664879
0.590182542801
0.589262485504
0.600710690022
0.564843654633
0.602260112762
0.600421369076
0.600785017014
0.636595487595
0.59712690115
0.60415494442
0.591538786888
0.606713414192
0.615712761879
0.598951935768
0.574740469456
0.604364216328
0.59361487627
0.599242508411
0.59918397665
0.598003685474
0.604623436928
0.655747711658
0.585043549538
0.62720811367
0.614823520184
0.597673356533
0.634729444981
0.62524664402
0.607658863068
0.608028292656
0.557796537876
0.61154294014
0.606362879276
0.623405873775
0.586178958416
0.607898592949
0.602261185646
0.595796704292
0.636756241322
0.61679816246
0.594076395035
0.645051538944
0.597756624222
0.601480901241
0.614410698414
0.616895616055
0.59902125597
0.606436133385
0.617338776588
0.651383280754
0.605974316597
0.607888102531
0.571027398109
0.605257987976
0.616844832897
0.614888072014
0.59358304739
0.600888311863
0.590747237206
0.621494174004
0.622931599617
0.583903670311
0.587297379971
0.621790707111
0.586679160595
0.621829271317
0.612020134926
0.618603229523
0.602855443954
0.631190180779
0.596374571323
0.640655100346
0.602994143963
0.589557468891
0.596018493176
0.618877530098
0.619184672832
0.600889265537
0.655880093575
0.603767752647
0.596530020237
0.598304152489
0.608259558678
0.62684327364
0.614715218544
0.615116834641
0.607825934887
0.614923417568
0.640344619751
0.60921818018
0.6361322999
0.602295815945
0.639827251434
0.606704294682
0.62392604351
0.605876982212
0.602148354053
0.595265924931
0.615364730358
0.620275318623
0.635796129704
0.58388710022
0.59745901823
0.628350317478
0.587642550468
0.596271038055
0.596754848957
0.578725218773
0.58596688509
0.603907823563
0.631228387356
0.605687499046
0.622527778149
0.616603553295
0.597819328308
0.613047897816
0.590061962605
0.591932713985
0.595081329346
0.621234416962
0.592139661312
0.624905049801
0.603957533836
0.613998830318
0.6123726964
0.571568012238
0.592006266117
0.61018961668
0.636158466339
0.616094529629
0.628448605537
0.586515426636
0.615917265415
0.603142380714
0.62236303091
0.607707560062
0.601921498775
0.60665923357
0.596467375755
0.596150815487
0.612638533115
0.597911179066
0.608532011509
0.6085678339
0.597589373589
0.622865974903
0.617020189762
0.598151445389
0.614937365055
0.589429855347
0.573327541351
0.575631320477
0.598426997662
0.605049014091
0.588828861713
0.606824100018
0.603002011776
0.626116633415
0.611596882343
0.592320740223
0.58358412981
0.607513010502
0.629985690117
0.588883817196
0.603110909462
0.591934561729
0.583258509636
0.63097935915
0.584315180779
0.596690714359
0.604585766792
0.614998459816
0.618977665901
0.59245288372
0.58845859766
0.594103753567
0.617896974087
0.592155992985
0.613457500935
0.62608486414
0.610004007816
0.627567052841
0.62878125906
0.608487010002
0.568572938442
0.634894490242
0.610403895378
0.595003008842
0.590339004993
0.588388860226
0.598825871944
0.617166936398
0.611290931702
0.605085968971
0.608502149582
0.620091974735
0.60680937767
0.611039161682
0.585925281048
0.603285849094
0.62081104517
0.609023094177
0.614884674549
0.62395966053
0.656118273735
0.594167351723
0.639614522457
0.590037703514
0.606021165848
0.599017739296
0.609534561634
0.599914610386
0.607625842094
0.631345868111
0.617239892483
0.593102216721
0.598516643047
0.621118485928
0.562514841557
0.604300677776
0.605029523373
0.605654776096
0.580628633499
0.620578050613
0.589483201504
0.615867137909
0.590625524521
0.599366486073
0.620136380196
0.572053313255
0.600918531418
0.570659160614
0.599202752113
0.587636291981
0.606038153172
0.619211137295
0.643977642059
0.595926821232
0.584738075733
0.60107088089
0.615588724613
0.577610611916
0.594458758831
0.629316210747
0.624136149883
0.61129784584
0.60240238905
0.600988745689
0.600730776787
0.619382143021
0.602733194828
0.599260151386
0.588367879391
0.617730259895
0.602959394455
0.598715722561
0.618153989315
0.630612254143
0.598594903946
0.615639090538
0.572653114796
0.613253355026
0.604578912258
0.586714088917
0.59519559145
0.630007863045
0.589705705643
0.616532385349
0.608532190323
0.592182636261
0.594723165035
0.596564173698
0.593421220779
0.615456342697
0.596940100193
0.606495320797
0.642252266407
0.59628123045
0.599121153355
0.574674904346
0.614877700806
0.598754823208
0.600244641304
0.604545712471
0.599396348
0.596394300461
0.625086665154
0.644498407841
0.608314454556
0.611868798733
0.60265994072
0.596493065357
0.61402130127
0.591289162636
0.584147036076
0.585932374001
0.609850823879
0.597245275974
0.58141040802
0.589645266533
0.602236032486
0.594953417778
0.614542603493
0.60558116436
0.611995816231
0.592011034489
0.613800287247
0.605711579323
0.633837163448
0.59638428688
0.619463562965
0.596010863781
0.596635937691
0.612200379372
0.590673208237
0.606348574162
0.591555774212
0.631737828255
0.59731811285
0.619927704334
0.600037276745
0.600646615028
0.595140576363
0.613042593002
0.582465410233
0.610062122345
0.591127634048
0.56439191103
0.577188014984
0.600272357464
0.609821975231
0.575729370117
0.591738462448
0.593924582005
0.611922979355
0.605255126953
0.603686034679
0.609900057316
0.610115468502
0.593051791191
0.57812076807
0.580268740654
0.606022536755
0.594045519829
0.610209345818
0.576226651669
0.587438821793
0.612720429897
0.57667529583
0.58833438158
0.585401892662
0.570599734783
0.601148664951
