0.693170666695
0.693076252937
0.693181157112
0.693101227283
0.693062245846
0.69307166338
0.692997872829
0.693014979362
0.692891776562
0.692955434322
0.692851603031
0.692869007587
0.692775666714
0.692719697952
0.692700624466
0.692645847797
0.692659378052
0.692654669285
0.692522287369
0.692548036575
0.692553758621
0.692451238632
0.692356228828
0.69232994318
0.692415475845
0.692194581032
0.692268550396
0.692126512527
0.692069649696
0.692064583302
0.692040622234
0.691989421844
0.692018151283
0.691885828972
0.691980779171
0.69185090065
0.691825091839
0.691866934299
0.691677629948
0.691575706005
0.691613793373
0.691647768021
0.691523611546
0.691402614117
0.691415786743
0.691324591637
0.691311061382
0.691377162933
0.691344261169
0.691256582737
0.691183149815
0.690804004669
0.690973043442
0.691061556339
0.690835893154
0.690872251987
0.690905988216
0.690947592258
0.690708816051
0.690452754498
0.690329194069
0.690481722355
0.690723180771
0.690556943417
0.69023090601
0.690517306328
0.690005779266
0.690139114857
0.690246939659
0.689859092236
0.690082252026
0.689846217632
0.68986928463
0.689938724041
0.689992070198
0.689715504646
0.689611077309
0.689519882202
0.689462304115
0.689497292042
0.689275920391
0.689436674118
0.689387798309
0.689199745655
0.688918054104
0.688982129097
0.688787400723
0.689033329487
0.688998758793
0.688566565514
0.688867628574
0.688149571419
0.687889516354
0.688257575035
0.68853700161
0.688533067703
0.688171446323
0.687919378281
0.688070893288
0.688045620918
0.687475442886
0.688101887703
0.687547385693
0.687549889088
0.687436282635
0.687528908253
0.68701761961
0.686646997929
0.686880111694
0.687565803528
0.687319099903
0.68674993515
0.686969459057
0.687001049519
0.686749637127
0.686542332172
0.685649991035
0.6863681674
0.685977816582
0.686485111713
0.686506152153
0.686316072941
0.685690283775
0.685347855091
0.685738921165
0.685872733593
0.68504011631
0.685297429562
0.685130596161
0.685565829277
0.684765934944
0.685330331326
0.685320198536
0.68426823616
0.68410795927
0.685626506805
0.683793544769
0.684986412525
0.683977663517
0.683531582355
0.684078037739
0.683762609959
0.68321698904
0.683194816113
0.682664692402
0.683151125908
0.684552669525
0.681783735752
0.682700097561
0.682683706284
0.682884573936
0.682727098465
0.681902647018
0.682083547115
0.68268930912
0.682353198528
0.68169260025
0.682038545609
0.681609869003
0.681105077267
0.680774211884
0.679888486862
0.68021440506
0.680077552795
0.680699944496
0.680589079857
0.679964184761
0.680359721184
0.679061472416
0.679877758026
0.680355191231
0.67911118269
0.679085314274
0.678023934364
0.678915500641
0.678357899189
0.678288757801
0.678588807583
0.678174555302
0.67785847187
0.678190290928
0.677093505859
0.677209794521
0.677401483059
0.678559064865
0.677730977535
0.678107142448
0.676446676254
0.677370905876
0.677068054676
0.676139771938
0.675669372082
0.675574243069
0.675919532776
0.675163447857
0.676440954208
0.674647271633
0.673110604286
0.675218224525
0.674772322178
0.674378693104
0.672901928425
0.673417687416
0.674423754215
0.674342751503
0.672340810299
0.671714425087
0.671908020973
0.673513948917
0.671382725239
0.672105371952
0.67233645916
0.669714212418
0.670107722282
0.670203149319
0.673037171364
0.66960722208
0.670587360859
0.669925451279
0.669882118702
0.668212890625
0.669513821602
0.669093370438
0.668414950371
0.668413460255
0.666611373425
0.667061269283
0.66972130537
0.667570769787
0.667345881462
0.667234539986
0.669138550758
0.665907502174
0.668424725533
0.668839097023
0.664762079716
0.665901720524
0.663056731224
0.666085541248
0.665032565594
0.664850771427
0.664726614952
0.66328305006
0.663873136044
0.663062512875
0.661605715752
0.664074957371
0.662303209305
0.6625187397
0.660366475582
0.662125051022
0.662433683872
0.662462353706
0.660345315933
0.661165475845
0.661394059658
0.659074664116
0.660264313221
0.658623874187
0.659001648426
0.658152163029
0.660327017307
0.65632635355
0.656670928001
0.657764911652
0.655717670918
0.656375586987
0.656848490238
0.658039748669
0.655123472214
0.653125762939
0.653711974621
0.656979978085
0.653442263603
0.652439296246
0.654640853405
0.652257919312
0.655481338501
0.651973843575
0.650693058968
0.650907814503
0.649913668633
0.647940516472
0.651670455933
0.651236653328
0.650033175945
0.644988954067
0.645355343819
0.647048950195
0.648030996323
0.64801377058
0.644886016846
0.650672256947
0.644821405411
0.642935633659
0.644515693188
0.641914010048
0.642378568649
0.647974967957
0.641524016857
0.646681904793
0.641334950924
0.641387283802
0.644250094891
0.640511035919
0.639082551003
0.63999915123
0.637187004089
0.640162348747
0.635563015938
0.640371918678
0.637734591961
0.639218389988
0.635396540165
0.638118624687
0.636021912098
0.635646998882
0.63539981842
0.632685124874
0.634476900101
0.631206154823
0.634447813034
0.634364664555
0.635484993458
0.631552219391
0.633010804653
0.630960524082
0.630634784698
0.631801724434
0.627813875675
0.628783345222
0.630000650883
0.628548800945
0.624645411968
0.625892519951
0.630602478981
0.626227855682
0.620802521706
0.621297240257
0.620199203491
0.621463418007
0.621753513813
0.621636152267
0.621166110039
0.62350744009
0.624902188778
0.621065437794
0.618168532848
0.618260800838
0.622581720352
0.617019593716
0.619385957718
0.612718701363
0.619323968887
0.613748371601
0.615283608437
0.609865784645
0.612813353539
0.61467564106
0.612535953522
0.612858593464
0.608634412289
0.613522171974
0.609784960747
0.61202031374
0.612993180752
0.608890175819
0.612769722939
0.60891866684
0.606847822666
0.598244547844
0.605726957321
0.6044074893
0.60027384758
0.602708041668
0.607277452946
0.607971072197
0.601665019989
0.599902331829
0.604158461094
0.602106750011
0.597398996353
0.594887435436
0.601889789104
0.600968599319
0.596038162708
0.600250065327
0.59410661459
0.596882522106
0.591565787792
0.590896904469
0.590385854244
0.588870465755
0.590778052807
0.594547986984
0.585834085941
0.596819162369
0.587303459644
0.591070055962
0.586941480637
0.589732050896
0.587046325207
0.582874715328
0.593114376068
0.585046112537
0.58390545845
0.584048807621
0.583350419998
0.581455469131
0.576256453991
0.583830237389
0.582054495811
0.578643202782
0.58037173748
0.581079602242
0.576861977577
0.575896501541
0.576456308365
0.57917112112
0.579680621624
0.57576841116
0.578119516373
0.582552075386
0.575480520725
0.567379832268
0.570854008198
0.576551496983
0.569111466408
0.562267422676
0.570784807205
0.562829017639
0.56257468462
0.561578512192
0.567177355289
0.560873389244
0.566402375698
0.561739385128
0.557073652744
0.55944275856
0.566983938217
0.558705687523
0.560408771038
0.561273097992
0.562004745007
0.564373612404
0.563473641872
0.560542821884
0.54976785183
0.559682130814
0.556832432747
0.561285972595
0.55908703804
0.549279630184
0.544887721539
0.552796244621
0.555014848709
0.548409938812
0.541073739529
0.54588508606
0.547455966473
0.546908080578
0.542398869991
0.556221842766
0.543627798557
0.541534364223
0.544585645199
0.535486400127
0.542503237724
0.542404234409
0.547118723392
0.539776921272
0.535169482231
0.538382053375
0.545498013496
0.536149680614
0.538056373596
0.540585875511
0.537530601025
0.530712127686
0.528776884079
0.52929276228
0.529823839664
0.528435468674
0.531145572662
0.52434360981
0.525088191032
0.527742862701
0.52790760994
0.530849039555
0.534547805786
0.523954153061
0.524213969707
0.525081336498
0.52532762289
0.518762171268
0.527934253216
0.517452836037
0.516848385334
0.529976844788
0.515632748604
0.525214612484
0.509967505932
0.512191653252
0.511361539364
0.514178574085
0.511598825455
0.507539629936
0.515537440777
0.504319250584
0.513574898243
0.498550146818
0.507107138634
0.508672177792
0.513469874859
0.504844009876
0.50247246027
0.501069009304
0.512667715549
0.506648421288
0.505644619465
0.504207313061
0.499710261822
0.498780667782
0.494251191616
0.504905283451
0.501647412777
0.488377273083
0.493202865124
0.505537807941
0.50308817625
0.492043316364
0.491374015808
0.491863578558
0.485796898603
0.481733858585
0.488923460245
0.500145375729
0.497630447149
0.487021535635
0.484895437956
0.497418314219
0.486888855696
0.492919296026
0.47471126914
0.488312035799
0.490525484085
0.487096875906
0.486019551754
0.490106076002
0.478482812643
0.48859333992
0.479432016611
0.481227755547
0.488626927137
0.480440378189
0.478176057339
0.476590484381
0.466852962971
0.472884356976
0.477140963078
0.465229868889
0.474147558212
0.453916996717
0.459956198931
0.477349668741
0.465047001839
0.478489607573
0.472843497992
0.465057700872
0.477832436562
0.478515982628
0.470334172249
0.460354626179
0.47831043601
0.46875718236
0.462959170341
0.471169620752
0.460140615702
0.465415745974
0.45252814889
0.467352062464
0.467817008495
0.469627887011
0.461414366961
0.455143988132
0.452168673277
0.462189614773
0.453269839287
0.470456600189
0.452187299728
0.463809251785
0.463140308857
0.467854827642
0.473801851273
0.460359305143
0.465047240257
0.44387203455
0.455632507801
0.456602215767
0.442926585674
0.450019717216
0.453284174204
0.438484489918
0.464095711708
0.453234165907
0.446604400873
0.441044718027
0.434815764427
0.442504912615
0.433653712273
0.458634346724
0.447349190712
0.443513482809
0.433099687099
0.442105025053
0.436960577965
0.445921450853
0.449551582336
0.440456330776
0.447720855474
0.448197901249
0.454298019409
0.44196459651
0.439461827278
0.434255361557
0.423322588205
0.42201012373
0.431094348431
0.438033908606
0.429599523544
0.434586495161
0.418790519238
0.440798252821
0.437986344099
0.421093851328
0.440285772085
0.435264408588
0.439705401659
0.422980338335
0.420399039984
0.424256742001
0.425171554089
0.428035706282
0.434526354074
0.43282648921
0.427581965923
0.434946060181
0.42844080925
0.448653608561
0.43040651083
0.415057301521
0.430521458387
0.427281349897
0.403894454241
0.428826987743
0.424850195646
0.409327030182
0.396384835243
0.405369639397
0.435363054276
0.41874486208
0.408070027828
0.418874293566
0.406221419573
0.403646320105
0.403640776873
0.420104622841
0.410966932774
0.386909455061
0.411093771458
0.440951883793
0.421020627022
0.404254078865
0.414226353168
0.399926006794
0.432586044073
0.402381241322
0.404452502728
0.396116524935
0.395288467407
0.408358722925
0.392068266869
0.394960135221
0.399456143379
0.390107363462
0.404848575592
0.39667057991
0.391063958406
0.404738634825
0.41650557518
0.398894309998
0.421066641808
0.394226551056
0.394383996725
0.409135550261
0.412974476814
0.400726914406
0.399623334408
0.395110160112
0.395691365004
0.399858683348
0.396824270487
0.402855932713
0.381663650274
0.390558600426
0.376324355602
0.398044556379
0.40553355217
0.392847806215
0.406019896269
0.398231714964
0.397642493248
0.398602753878
0.384998589754
0.387393176556
0.392063349485
0.396227031946
0.380088627338
0.407981544733
0.39320102334
0.388979405165
0.387373507023
0.386530995369
0.38799700141
0.415977627039
0.381033480167
0.366233348846
0.366534113884
0.392145305872
0.377430140972
0.363408684731
0.3765604496
0.368625670671
0.378181278706
0.355583816767
0.376583069563
0.373175680637
0.398885190487
0.377311974764
0.396111100912
0.367684900761
0.382140517235
0.366677939892
0.369420170784
0.378567993641
0.365553408861
0.373283028603
0.378844738007
0.367480099201
0.359193056822
0.378259956837
0.374896377325
0.365465849638
0.390916317701
0.378288865089
0.356156289577
0.360881835222
0.37046584487
0.358980029821
0.357941746712
0.364288657904
0.351427614689
0.362767279148
0.333865910769
0.364251375198
0.347059607506
0.363908320665
0.331459611654
0.351374179125
0.357622206211
0.360097110271
0.375948607922
0.348146438599
0.374892562628
0.350687682629
0.336926132441
0.359295904636
0.356727451086
0.345320403576
0.369430094957
0.334123522043
0.351048380136
0.361712098122
0.347129046917
0.33748421073
0.356541752815
0.345837891102
0.360717922449
0.347884118557
0.340543091297
0.345656871796
0.350194871426
0.361553519964
0.351243853569
0.354146301746
0.352741628885
0.368706047535
0.354305446148
0.364286720753
0.35205796361
0.34755769372
0.347467958927
0.320030361414
0.352700978518
0.337167292833
0.339168906212
0.342617064714
0.327981978655
0.34231120348
0.347123980522
0.322706311941
0.342571467161
0.352551430464
0.339244812727
0.338231563568
0.340956926346
0.350468367338
0.363409340382
0.334940344095
0.338134557009
0.326970279217
0.326227843761
0.346296608448
0.337675601244
0.355320632458
0.344016969204
0.358255982399
0.314789324999
0.317660480738
0.349070847034
0.319573491812
0.324504882097
0.349561393261
0.326581597328
0.354345619678
0.338856250048
0.339799910784
0.33084833622
0.34296220541
0.340293109417
0.353609323502
0.308433532715
0.320719987154
0.310354620218
0.305078327656
0.334763646126
0.344082415104
0.293854951859
0.344661295414
0.340557515621
0.338040798903
0.327523499727
0.309325456619
0.327016919851
0.310045331717
0.334636747837
0.330236822367
0.312420517206
0.312749713659
0.312368661165
0.311855465174
0.295566350222
0.310201108456
0.326362490654
0.31349208951
0.345887839794
0.336734354496
0.306878060102
0.319145858288
0.309835076332
0.294706612825
0.28686016798
0.303551435471
0.351086646318
0.311381131411
0.313523054123
0.298630475998
0.303705722094
0.320236682892
0.310102701187
0.329008549452
0.322528719902
0.330030977726
0.286907076836
0.335661619902
0.329864442348
0.283892482519
0.330256313086
0.292751461267
0.303287982941
0.313868075609
0.299387663603
0.33692753315
0.319354176521
0.315834224224
0.306272208691
0.308109819889
0.331182301044
0.296841949224
0.327187389135
0.303095132113
0.285040467978
0.298833787441
0.302779346704
0.285316824913
0.302966743708
0.321086078882
0.27428394556
0.318405300379
0.292214423418
0.287312865257
0.304521501064
0.297616243362
0.306299448013
0.293720811605
0.314967036247
0.301483213902
0.300131142139
0.29883685708
0.269442737103
0.317085295916
0.278265088797
0.297450363636
0.278765797615
0.289166510105
0.284733116627
0.280491292477
0.265899538994
0.321065157652
0.274113386869
0.271809875965
0.306116014719
0.304353773594
0.293204218149
0.294265091419
0.287991642952
0.284386247396
0.288039177656
0.274893581867
0.268997490406
0.274742484093
0.320426434278
0.265389889479
0.278934746981
0.301888644695
0.292955547571
0.307461678982
0.312936514616
0.244548290968
0.286758005619
0.281861454248
0.271609693766
0.289712667465
0.329119980335
0.312492340803
0.253256738186
0.270423322916
0.288467913866
0.281270205975
0.296662986279
0.282849162817
0.27503785491
0.253931134939
0.280958682299
0.288490742445
0.241672948003
0.284424543381
0.291637897491
0.283496052027
0.316510856152
0.285922974348
0.251617670059
0.254910826683
0.258001834154
0.278254687786
0.275334060192
0.245720133185
0.2518491745
0.297134131193
0.266970574856
0.250007361174
0.265553683043
0.275315970182
0.290158241987
0.242776557803
0.268471419811
0.291942894459
0.308379799128
0.253507941961
0.257469832897
0.24612031877
0.232025370002
0.281372517347
0.266792654991
0.281882047653
0.23460431397
0.259941160679
0.260391712189
0.290952026844
0.265677213669
