0.848606467247
0.903318762779
0.779987335205
0.927991747856
0.866345226765
0.786710500717
0.787539899349
0.821909368038
0.887428224087
0.869799494743
0.813461840153
0.799170792103
0.909098088741
0.85409039259
0.892946124077
0.799743413925
0.81360411644
0.814712762833
0.879976272583
0.871304631233
0.881216526031
0.856492519379
0.931311488152
0.809843480587
0.824386000633
0.785417854786
0.841577172279
0.846337139606
0.82293510437
0.908006966114
0.814280450344
0.776102185249
0.736354231834
0.845985591412
0.744842767715
0.795379340649
0.8674685359
0.805247962475
0.892607033253
0.788875222206
0.75013846159
0.823180019855
0.81092274189
0.917848169804
0.85119509697
0.820793330669
0.782321035862
0.742881536484
0.799333095551
0.832775294781
0.829726159573
0.778357803822
0.793970346451
0.73778373003
0.788760125637
0.804612159729
0.758623242378
0.89525192976
0.757277607918
0.824492990971
0.794314742088
0.749332487583
0.766109108925
0.816068768501
0.833684980869
0.830177843571
0.840781152248
0.838866591454
0.78859359026
0.818594872952
0.780760407448
0.780739307404
0.72242462635
0.909159600735
0.766728460789
0.756573915482
0.712852835655
0.762516379356
0.786869227886
0.762431383133
0.778443992138
0.770440399647
0.787177026272
0.774450957775
0.819376111031
0.81954151392
0.792627990246
0.687802195549
0.759603202343
0.810903251171
0.839148342609
0.811412215233
0.766663789749
0.772389113903
0.769585430622
0.817795753479
0.844008862972
0.810800373554
0.770498156548
0.821672022343
0.710828363895
0.754118621349
0.691125810146
0.72624540329
0.754907846451
0.759244084358
0.816932857037
0.745934903622
0.823193490505
0.732351183891
0.783608794212
0.700557112694
0.76916873455
0.743618547916
0.762625336647
0.761557519436
0.776190578938
0.751391232014
0.734686732292
0.747587502003
0.747115552425
0.751160860062
0.806550860405
0.761772871017
0.754468917847
0.788915991783
0.809927821159
0.703000545502
0.725468397141
0.750673770905
0.758442282677
0.783403277397
0.751764237881
0.763723373413
0.785076856613
0.688295304775
0.728698074818
0.773950338364
0.762293100357
0.785536885262
0.746874570847
0.742706716061
0.707381486893
0.766274213791
0.751923322678
0.746459901333
0.761261105537
0.727746129036
0.699828386307
0.759288668633
0.758156239986
0.731616079807
0.81854647398
0.732731878757
0.804756939411
0.685604333878
0.726026594639
0.785829663277
0.746572494507
0.787045359612
0.69606846571
0.740659296513
0.743107020855
0.772096633911
0.709712922573
0.757830798626
0.745436728001
0.729807913303
0.728920638561
0.736258029938
0.732045531273
0.720052719116
0.76633477211
0.73798418045
0.750253379345
0.743283092976
0.677655339241
0.704330742359
0.755897939205
0.750273346901
0.730002641678
0.726789593697
0.697254776955
0.72716987133
0.733095943928
0.731213629246
0.759394824505
0.72344738245
0.751005172729
0.768848538399
0.749935150146
0.73586577177
0.722656905651
0.727191448212
0.669666051865
0.723757207394
0.770515799522
0.698641598225
0.75242125988
0.733071684837
0.716029942036
0.719581544399
0.692000985146
0.748911321163
0.711822807789
0.728730559349
0.740700900555
0.732502698898
0.711564838886
0.685164213181
0.700180709362
0.773952126503
0.729962110519
0.711996138096
0.739433169365
0.735143005848
0.711974084377
0.72786450386
0.712558627129
0.720730543137
0.702800631523
0.72772526741
0.730869650841
0.706037819386
0.734162867069
0.759666085243
0.705721378326
0.722114443779
0.69398611784
0.742206096649
0.730423510075
0.69186937809
0.717659115791
0.679706990719
0.684975504875
0.744026005268
0.700724303722
0.693256378174
0.70416110754
0.734706699848
0.722022771835
0.731636762619
0.734053075314
0.720018684864
0.698500752449
0.720974504948
0.727801382542
0.722646296024
0.703259706497
0.711790978909
0.716230690479
0.731234610081
0.724083125591
0.725997686386
0.717768251896
0.769519805908
0.717259407043
0.76261305809
0.711345851421
0.746383726597
0.746010780334
0.712682127953
0.728862762451
0.752568185329
0.695168375969
0.730090081692
0.667955696583
0.68475407362
0.725684463978
0.680166244507
0.712209641933
0.726570606232
0.718268990517
0.76854544878
0.705785512924
0.702423989773
0.687826514244
0.730906844139
0.696510732174
0.724470198154
0.720999360085
0.675111711025
0.700526714325
0.756499052048
0.72144639492
0.703513681889
0.725308597088
0.704708576202
0.783158361912
0.717959940434
0.710851311684
0.708023071289
0.749251484871
0.707819521427
0.726986169815
0.746681630611
0.730382680893
0.705364406109
0.70551019907
0.700136184692
