0.688280045986
0.686351358891
0.68289989233
0.685784518719
0.687639653683
0.68516087532
0.68661737442
0.687158346176
0.686888158321
0.689885795116
0.68717110157
0.686770915985
0.682947695255
0.6867659688
0.683751225471
0.690654754639
0.684044361115
0.686117172241
0.683422207832
0.68992459774
0.683859944344
0.686045885086
0.68474060297
0.686717987061
0.682140648365
0.687116205692
0.688174426556
0.688832342625
0.684732735157
0.685267984867
0.687328159809
0.68568366766
0.682146608829
0.688839793205
0.68587577343
0.681850850582
0.68833643198
0.683337390423
0.689088642597
0.68605363369
0.686682999134
0.68275564909
0.683789014816
0.682223439217
0.688672184944
0.688644945621
0.685884356499
0.68522888422
0.683948993683
0.686186909676
0.686157763004
0.681708812714
0.688439488411
0.685489118099
0.686114728451
0.686042129993
0.684382081032
0.678999066353
0.682649612427
0.680676579475
0.684660077095
0.683723509312
0.685951173306
0.682306528091
0.683425068855
0.681001365185
0.680931448936
0.685815870762
0.680011808872
0.688488006592
0.6799441576
0.679432570934
0.686635911465
0.681839644909
0.680082082748
0.685030221939
0.684800684452
0.681785106659
0.682976722717
0.685400664806
0.681995093822
0.682962715626
0.683050990105
0.680264055729
0.689071059227
0.682040631771
0.689726293087
0.68432366848
0.683936357498
0.683992505074
0.682891309261
0.681732594967
0.685569405556
0.681041240692
0.681589245796
0.685291111469
0.683074831963
0.681995689869
0.678216099739
0.682863473892
0.683359742165
0.679811060429
0.680288255215
0.679415524006
0.68103146553
0.674725949764
0.683920800686
0.679034471512
0.67804980278
0.680947422981
0.679234266281
0.682462096214
0.686165571213
0.682905077934
0.680530667305
0.677775859833
0.679153382778
0.682736814022
0.682479023933
0.683938205242
0.681968212128
0.680754721165
0.679046750069
0.679269790649
0.68140155077
0.675894260406
0.68012213707
0.68013215065
0.6820961833
0.681366086006
0.677123427391
0.667727649212
0.680831611156
0.677688360214
0.670896530151
0.675281941891
0.681331276894
0.674091458321
0.671717047691
0.676991999149
0.681089997292
0.677306711674
0.672164976597
0.675320386887
0.673196434975
0.674476206303
0.674259841442
0.668444514275
0.680143237114
0.675593018532
0.673232078552
0.676491558552
0.672865211964
0.683910489082
0.678030908108
0.673126101494
0.672431588173
0.668593227863
0.672500729561
0.674049794674
0.669344782829
0.675467669964
0.674837350845
0.669050395489
0.669515192509
0.672692120075
0.681151330471
0.670437097549
0.67597836256
0.674533724785
0.675206899643
0.675720453262
0.681083202362
0.669523537159
0.668180346489
0.673942923546
0.675435423851
0.6687900424
0.672181367874
0.673609733582
0.675449252129
0.669023752213
0.679406046867
0.675682842731
0.671372592449
0.674932718277
0.679677963257
0.672106385231
0.667235016823
0.674468457699
0.675828456879
0.665845155716
0.668444097042
0.674673318863
0.67522674799
0.669761121273
0.671758890152
0.6671179533
0.676034331322
0.668187439442
0.673008918762
0.670840203762
0.670546650887
0.672650396824
0.67088252306
0.667969107628
0.677304148674
0.669772803783
0.682316184044
0.679000616074
0.675458908081
0.667970240116
0.666981041431
0.673688292503
0.659582674503
0.66897559166
0.671144366264
0.669960558414
0.670606970787
0.675036787987
0.672304451466
0.671371400356
0.671795666218
0.670228838921
0.67226934433
0.664889574051
0.664765655994
0.662612855434
0.655107736588
0.668724894524
0.666696965694
0.658073782921
0.66578233242
0.660857260227
0.669737875462
0.672806441784
0.669351577759
0.676844477654
0.673471748829
0.659350633621
0.664094626904
0.673424720764
0.670913934708
0.661684811115
0.667734205723
0.668371558189
0.670788645744
0.660760521889
0.66803842783
0.669218063354
0.666942775249
0.667802333832
0.658910989761
0.672074317932
0.664028048515
0.675689458847
0.650938987732
0.664722561836
0.671022713184
0.666667819023
0.664136350155
0.659503817558
0.663990736008
0.650370955467
0.662130355835
0.648941159248
0.669926941395
0.660206317902
0.66766512394
0.662331461906
0.66244328022
0.664577424526
0.663030564785
0.659561991692
0.655321002007
0.663101136684
0.652945637703
0.663503408432
0.667175889015
0.662582397461
0.660091042519
0.658719539642
0.657332956791
0.664435088634
0.666826784611
0.660878837109
0.655990660191
0.668842971325
0.670368790627
0.671831727028
0.653579592705
0.656620800495
0.654381871223
0.666647255421
0.650080621243
0.657198488712
0.65325987339
0.661529779434
0.656761288643
0.657903969288
0.655788362026
0.641359269619
0.662107825279
0.656366884708
0.661796748638
0.648098528385
0.668415367603
0.659769177437
0.653804123402
0.655445456505
0.656270563602
0.657275438309
0.650998532772
0.662586688995
0.653195559978
0.660385489464
0.664633393288
0.655595481396
0.657035708427
0.652512431145
0.647086083889
0.652193486691
0.654487729073
0.658750832081
0.654789626598
0.652757585049
0.660734772682
0.657349646091
0.648569941521
0.648955047131
0.652963161469
0.651164829731
0.650043308735
0.647632658482
0.648909986019
0.644441246986
0.651068985462
0.652772605419
0.653214991093
0.65402930975
0.641769766808
0.654602348804
0.637384176254
0.641266286373
0.652683377266
0.661540389061
0.661198914051
0.642929017544
0.638777852058
0.652912914753
0.643203139305
0.645725429058
0.640789926052
0.644465446472
0.639665424824
0.633177518845
0.645393490791
0.667658090591
0.660188376904
0.63746547699
0.654898762703
0.636719942093
0.6466178298
0.656231403351
0.638455212116
0.637593626976
0.638471364975
0.637761235237
0.634797155857
0.638163030148
0.638918399811
0.648409128189
0.632382273674
0.649968862534
0.652169942856
0.645423412323
0.647598922253
0.66267645359
0.630846858025
0.648281514645
0.641482770443
0.65653860569
0.647950410843
0.648507535458
0.640454828739
0.636870086193
0.639869511127
0.625649511814
0.641225218773
0.643388867378
0.646207273006
0.635432720184
0.640727341175
0.637151896954
0.636143505573
0.625933229923
0.648979306221
0.648805201054
0.635926902294
0.651332736015
0.627504348755
0.646624743938
0.64945179224
0.645483851433
0.628721892834
0.634088158607
0.625949621201
0.644878268242
0.638412177563
0.637743234634
0.63695949316
0.639609634876
0.632111251354
0.635981857777
0.635920405388
0.632108986378
0.63825905323
0.635922789574
0.635249316692
0.63813906908
0.629563510418
0.626807689667
0.638542354107
0.642640054226
0.628333032131
0.636386692524
0.629578351974
0.643554568291
0.624244630337
0.614748239517
0.623088777065
0.612910449505
0.640809059143
0.622782409191
0.624505937099
0.619518637657
0.639478266239
0.634190261364
0.635563254356
0.639556467533
0.629897713661
0.627724230289
0.610532045364
0.63268584013
0.617115914822
0.646759331226
0.633316278458
0.642193317413
0.613151907921
0.623029887676
0.640168786049
0.616137206554
0.623612761497
0.643329620361
0.62907075882
0.623675704002
0.626195847988
0.627447605133
0.631470739841
0.628426611423
0.629690527916
0.630610466003
0.61782169342
0.610204339027
0.617506027222
0.624643445015
0.636526703835
0.633525133133
0.618516266346
0.603822529316
0.625716924667
0.613467872143
0.622801601887
0.611278831959
0.630376160145
0.615660190582
0.607691943645
0.61402630806
0.613677978516
0.628121435642
0.618469297886
0.605463325977
0.630282044411
0.625305235386
0.60669118166
0.608526885509
0.631208539009
0.631567835808
0.619996666908
0.626350045204
0.610557436943
0.614234447479
0.613631546497
0.618239104748
0.616247355938
0.616180956364
0.617138743401
0.627994894981
0.598328948021
0.606352448463
0.619671702385
0.615327954292
0.601740002632
0.605915546417
0.609053432941
0.623236954212
0.622916460037
0.6204200387
0.607697784901
0.613879740238
0.600426971912
0.633793830872
0.615628421307
0.628297388554
0.60490322113
0.631808400154
0.608075141907
0.631045758724
0.616494894028
0.623474955559
0.607359826565
0.612306118011
0.611831009388
0.618203520775
0.605490624905
0.609455108643
0.616091549397
0.607392311096
0.613604962826
0.603798031807
0.626951634884
0.614813089371
0.618776321411
0.614978969097
0.629402518272
0.640796720982
0.61337697506
0.609690606594
0.614133775234
0.604314982891
0.611843168736
0.603138923645
0.624043285847
0.617378890514
0.62726187706
0.639475464821
0.603935301304
0.620498299599
0.620810747147
0.61242389679
0.611169397831
0.633596003056
0.614585757256
0.60700148344
0.619285702705
0.59794074297
0.630288183689
0.609254181385
0.622641444206
0.621242284775
0.614685475826
0.612511336803
0.610180020332
0.631457567215
0.59677541256
0.614070177078
0.613161504269
0.611025989056
0.638633072376
0.603613972664
0.609816491604
0.622927904129
0.62270873785
0.595560789108
0.599130690098
0.607348024845
0.617202699184
0.620459914207
0.612731575966
0.634587705135
0.618541359901
0.614895761013
0.632991492748
0.61018961668
0.620148122311
0.614187240601
0.617195665836
0.614607512951
0.606705725193
0.622106850147
0.634590089321
0.608967840672
0.59312081337
0.609442234039
0.595431566238
0.615396201611
0.620595753193
0.611184179783
0.611048460007
0.627284705639
