0.546341478825
0.517073154449
0.570731699467
0.531707346439
0.556097567081
0.565853655338
0.595121979713
0.575609743595
0.600000023842
0.59024387598
0.580487787724
0.580487787724
0.619512200356
0.56097561121
0.580487787724
0.609756112099
0.629268288612
0.609756112099
0.614634156227
0.60487806797
0.668292701244
0.687804877758
0.639024376869
0.643902420998
0.634146332741
0.648780465126
0.663414657116
0.629268288612
0.68292683363
0.702439010143
0.663414657116
0.702439010143
0.702439010143
0.697560966015
0.721951246262
0.736585378647
0.736585378647
0.760975599289
0.741463422775
0.751219511032
0.746341466904
0.760975599289
0.717073142529
0.741463422775
0.765853643417
0.765853643417
0.804878056049
0.795121967793
0.780487775803
0.804878056049
0.795121967793
0.800000011921
0.790243923664
0.804878056049
0.839024364948
0.804878056049
0.819512188435
0.843902468681
0.839024364948
0.839024364948
0.83414632082
0.858536601067
0.829268276691
0.843902468681
0.853658556938
0.863414645195
0.858536601067
0.863414645195
0.83414632082
0.863414645195
0.887804865837
0.892682909966
0.892682909966
0.887804865837
0.892682909966
0.921951234341
0.897560954094
0.912195146084
0.902438998222
0.897560954094
0.912195146084
0.897560954094
0.907317101955
0.917073190212
0.921951234341
0.907317101955
0.921951234341
0.926829278469
0.912195146084
0.917073190212
0.917073190212
0.917073190212
0.907317101955
0.907317101955
0.936585366726
0.892682909966
0.917073190212
0.931707322598
0.941463410854
0.907317101955
