0.735329687595
0.730670154095
0.726070046425
0.721547186375
0.717091858387
0.712636828423
0.708274126053
0.70400339365
0.699812829494
0.69570016861
0.691686928272
0.687720775604
0.683806777
0.679932951927
0.676124095917
0.67236238718
0.668673038483
0.665101587772
0.661569595337
0.658048927784
0.654575526714
0.651199698448
0.647863328457
0.644525587559
0.641236662865
0.637997865677
0.634808421135
0.631658911705
0.628540337086
0.625446081161
0.622369229794
0.619303047657
0.616267979145
0.613275587559
0.610332787037
0.607444286346
0.604653894901
0.601920247078
0.599241435528
0.596590161324
0.593977749348
0.591385900974
0.588822364807
0.5862891078
0.583772480488
0.581297636032
0.578847527504
0.576414167881
0.574011206627
0.571623027325
0.56927716732
0.566954135895
0.56464022398
0.562332987785
0.560043334961
0.55777156353
0.555518090725
0.553290009499
0.551073312759
0.5488717556
0.546687960625
0.544525742531
0.5424066782
0.540320694447
0.538245499134
0.536174476147
0.534103035927
0.532065987587
0.530041873455
0.528039753437
0.526050448418
0.524071097374
0.522100329399
0.52014541626
0.518187642097
0.516237795353
0.514300763607
0.512380957603
0.510479986668
0.508604824543
0.50675868988
0.504917323589
0.503102898598
0.50129109621
0.499488949776
0.49769821763
0.495906889439
0.494126409292
0.492357879877
0.490594416857
0.488827586174
0.487081944942
0.485343009233
0.483612716198
0.481893777847
0.48019143939
0.478497922421
0.476801067591
0.475123792887
0.473462671041
0.471819132566
0.470182687044
0.468552082777
0.466919451952
0.465292870998
0.46366751194
0.462037086487
0.46041738987
0.45880228281
0.457192480564
0.455592185259
0.454012393951
0.452442079782
0.450883716345
0.449337184429
0.447797328234
0.446266651154
0.444754064083
0.443245202303
0.441743344069
0.440258681774
0.438776016235
0.43728941679
0.435818105936
0.434354990721
0.432898253202
0.431455522776
0.430015683174
0.42858093977
0.42715215683
0.425731569529
0.424327224493
0.422942817211
0.421567231417
0.420203387737
0.418842881918
0.417485535145
0.416128456593
0.414774537086
0.413423776627
0.412084639072
0.410752236843
0.409421533346
0.408107340336
0.40679487586
0.405483514071
0.404172092676
0.402868121862
0.401570916176
0.400279790163
0.399001210928
0.397733300924
0.396470814943
0.395211189985
0.393953353167
0.39269900322
0.39144641161
0.390198349953
0.388943433762
0.387685120106
0.386437356472
0.385193824768
0.383954405785
0.38271343708
0.381488710642
0.380273282528
0.37906524539
0.377856045961
0.376646906137
0.375436067581
0.374215722084
0.372990220785
0.371767401695
0.370547384024
0.36932477355
0.368099987507
0.36688002944
0.365668028593
0.364458918571
0.363243222237
0.362027674913
0.360817879438
0.35961034894
0.358394384384
0.357170283794
0.355945646763
0.354726016521
0.353511691093
0.352298498154
0.351098328829
0.34990209341
0.348712354898
0.347536861897
0.346366107464
0.345199793577
0.344034701586
0.342875599861
0.341726511717
0.340582340956
0.339453607798
0.338344216347
0.337244510651
0.336146831512
0.335058480501
0.333976089954
0.332902938128
0.331836163998
0.330775499344
0.329716145992
0.328657209873
0.327603191137
0.326549172401
0.325491398573
0.324435323477
0.323382079601
0.322320491076
0.321265667677
0.320214986801
0.319168835878
0.318126618862
0.317086279392
0.316049426794
0.315025776625
0.314000993967
0.31297531724
0.311954468489
0.31094238162
0.309931188822
0.308925956488
0.307920992374
0.306925624609
0.305935531855
0.304942309856
0.303953409195
0.30296304822
0.301986813545
0.30100402236
0.300020515919
0.299042373896
0.29806599021
0.297090023756
0.296108603477
0.295138120651
0.294164299965
0.293183624744
0.292208909988
0.291230589151
0.29025554657
0.289275676012
0.288296163082
0.287318319082
0.286345630884
0.285381227732
0.284417897463
0.283460319042
0.282498776913
0.281549364328
0.280600130558
0.279652684927
0.278707623482
0.277759194374
0.276813030243
0.275883793831
0.274950951338
0.274019300938
0.27309474349
0.272177875042
0.271255165339
0.270343989134
0.269438147545
0.2685367167
0.267633348703
0.266728401184
0.265830367804
0.264934182167
0.264042556286
0.263149887323
0.262265652418
0.261386096478
0.260510414839
0.259635955095
0.258756548166
0.257878422737
0.257003992796
0.256127625704
0.255258977413
0.254394382238
0.25353088975
0.252672702074
0.251822501421
0.250974595547
0.250130683184
0.249288395047
0.248453497887
0.247618705034
0.246781945229
0.245944231749
0.245105355978
0.244267389178
0.243432164192
0.242593348026
0.241763830185
0.240938916802
0.240123301744
0.2393078655
0.238492920995
0.23767952621
0.236866831779
0.236048132181
0.235235601664
0.234427854419
0.233618199825
0.232812121511
0.232004508376
0.231203809381
0.230401158333
0.229592487216
0.228788241744
0.227984204888
0.227180942893
0.226384863257
0.225583091378
0.224784180522
0.223991677165
0.223201960325
0.222413152456
0.221628203988
0.220848694444
0.220071986318
0.219290688634
0.218513950706
0.217741817236
0.216972455382
0.21620811522
0.215450718999
0.214693471789
0.213939294219
0.213190466166
0.212445557117
0.211697593331
0.210957229137
0.210222363472
0.209489658475
0.208762004972
0.208034053445
0.207315042615
0.206602409482
0.205886229873
0.205173060298
0.204467996955
0.203757494688
0.203047513962
0.202340766788
0.201637372375
0.200936689973
0.200245261192
0.199558839202
0.198876768351
0.198198065162
0.197519779205
0.196844786406
0.196172609925
0.195505201817
0.194842115045
0.194179221988
0.193517357111
0.192862838507
0.192213624716
0.191565617919
0.190917417407
0.190275102854
0.189644530416
0.189008519053
0.188375264406
0.187747716904
0.187118813396
0.186493679881
0.18586909771
0.185243785381
0.184621676803
0.184003770351
0.183385387063
0.182769179344
0.182158723474
0.181549876928
0.180941328406
0.180341765285
0.179736256599
0.179136410356
0.1785454005
0.177957937121
0.177365705371
0.176780775189
0.176197230816
0.175612702966
0.175031706691
0.174454838037
0.17387586832
0.173298835754
0.17272554338
0.172148332
0.17208969593
0.172029972076
0.171970143914
0.171911001205
0.171851977706
0.171793103218
0.171734079719
0.17167571187
0.171617567539
0.171559140086
0.171500653028
0.17144267261
0.17138504982
0.17132717371
0.171268612146
0.171209946275
0.171151921153
0.171094566584
0.171036809683
0.17097890377
0.170920774341
0.170862689614
0.170805171132
0.170747742057
0.170690178871
0.170632779598
0.170574858785
0.170517340302
0.170459806919
0.170402124524
0.17034457624
0.170287042856
0.170229658484
0.170172393322
0.170114651322
0.170057192445
0.170000553131
0.16994355619
0.169886365533
0.169828951359
0.169771909714
0.169715061784
0.16965828836
0.169601500034
0.1695445925
0.169487059116
0.16943039
0.169373825192
0.169316887856
0.169259905815
0.169203072786
0.169146150351
0.169089347124
0.169032588601
0.168975815177
0.16891938448
0.168862521648
0.168806135654
0.168749436736
0.168692708015
0.168635964394
0.168579488993
0.168522924185
0.168466299772
0.168409377337
0.168352901936
0.168296217918
0.168239623308
0.168183416128
0.168126940727
0.168069943786
0.168013602495
0.167956709862
0.167899757624
0.167842417955
0.167785644531
0.167728811502
0.167671635747
0.167614489794
0.167557522655
0.167500376701
0.16744312644
0.167386159301
0.167329594493
0.167272657156
0.167215779424
0.167159035802
0.167101755738
0.167044848204
0.166988119483
0.16693097353
0.166873797774
0.166816577315
0.166759476066
0.166702374816
0.166645437479
0.166588678956
0.166532039642
0.166475042701
