0.692842066288
0.698352694511
0.683448731899
0.684337317944
0.670971095562
0.667908132076
0.67548084259
0.66491484642
0.670032858849
0.667345046997
0.654596149921
0.6571393013
0.653418123722
0.64803725481
0.643924891949
0.647185862064
0.641292393208
0.641029298306
0.633500039577
0.628231287003
0.621656119823
0.632620155811
0.627337932587
0.623152673244
0.61399012804
0.617114603519
0.609996378422
0.609307646751
0.601689994335
0.596803069115
0.599903225899
0.599132299423
0.5919277668
0.597203314304
0.587149441242
0.582677304745
0.578939139843
0.577961623669
0.568708896637
0.56980150938
0.574364900589
0.568281769753
0.545162081718
0.55665487051
0.557811677456
0.556541502476
0.556036174297
0.538715660572
0.533954679966
0.538634240627
0.52950912714
0.530659496784
0.531643986702
0.516227662563
0.523611068726
0.515599250793
0.516377210617
0.502108037472
0.510197103024
0.512935221195
0.498881131411
0.495413571596
0.503109455109
0.478343248367
0.49245852232
0.476783782244
0.475338250399
0.476006865501
0.475072383881
0.469625413418
0.454034805298
0.462882071733
0.464157611132
0.45704716444
0.446709990501
0.459860384464
0.459886938334
0.449781119823
0.455597877502
0.434539586306
0.453079849482
0.438968420029
0.428293436766
0.443216472864
0.428190052509
0.432755082846
0.434122979641
0.429089665413
0.428502351046
0.425993204117
0.433339387178
0.43352663517
0.419385254383
0.413707017899
0.41832998395
0.416613698006
0.421240419149
0.409200519323
0.399809837341
0.399532198906
0.376454800367
0.408665120602
0.403448760509
0.40180593729
0.385335832834
0.3789896667
0.402578473091
0.3968552351
0.381181865931
0.383998453617
0.391514986753
0.365014374256
0.381981343031
0.376239150763
0.377606511116
0.382151991129
0.364005118608
0.358701318502
0.372918844223
0.36301612854
0.368927508593
0.357855409384
0.346730738878
0.346402287483
0.346812933683
0.367684751749
0.351766139269
0.34222856164
0.362809866667
0.352910488844
0.350049972534
0.347869366407
0.321295946836
0.351141929626
0.34914034605
0.332341104746
0.325776785612
0.341422975063
0.331015497446
0.344939887524
0.35381269455
0.344674021006
0.357188969851
0.308799088001
0.322334617376
0.335735112429
0.334051638842
0.356314897537
0.347045600414
0.325894773006
0.324472904205
0.317692637444
0.320710837841
0.319319933653
0.327421605587
0.32356262207
0.322308421135
0.3124371171
0.318802624941
0.313978433609
0.311882346869
0.317769706249
0.308096438646
0.316167235374
0.293801873922
0.306391268969
0.311455309391
0.288539618254
0.300598502159
0.296163767576
0.284938335419
0.287938714027
0.303310006857
0.297051638365
0.286864340305
0.291609793901
0.273753732443
0.319752424955
0.274175167084
0.286436676979
0.305403590202
0.284674078226
0.30299282074
0.267220795155
0.268160820007
0.261170506477
0.274425417185
0.3014062047
0.259181946516
0.269247204065
0.266969531775
0.257541626692
0.290482103825
0.298067599535
0.259642839432
0.260918408632
0.266292929649
0.263107925653
0.269818484783
0.271360635757
0.253389447927
0.262285977602
0.266268670559
0.243701249361
0.253264725208
0.249905437231
0.23684297502
0.238824278116
0.238315522671
0.268869012594
0.244960606098
0.235074296594
0.234136492014
0.246549040079
0.231079563498
0.221056118608
0.249529242516
0.228852719069
0.225697144866
0.225821316242
0.212901830673
0.217841178179
0.229555442929
0.211816519499
0.191904097795
0.209413766861
0.191707447171
0.218753308058
0.198761537671
0.202958360314
0.203520461917
0.197889372706
0.186443194747
0.200781330466
0.1907581985
0.185461387038
0.202555850148
0.195419982076
0.191503837705
0.214473024011
0.180307522416
0.183675780892
0.165167093277
0.186263933778
0.174521431327
0.201648920774
0.168491512537
0.166713476181
0.179545745254
0.17792648077
0.155977383256
0.16892105341
0.162816748023
0.145877286792
0.145639494061
0.184482887387
0.165736198425
0.150180712342
0.149982213974
0.166295900941
0.171355292201
0.137046575546
0.16388233006
0.185425534844
0.143376752734
0.153149977326
0.155517876148
0.153566256166
0.151535436511
0.135776996613
0.14760170877
0.14780408144
0.142786428332
0.140625238419
0.13795992732
0.170778229833
0.131058886647
0.185986176133
0.15703754127
0.139224991202
0.14099599421
0.136901304126
0.146674096584
0.145316272974
0.144741460681
0.137236922979
0.108549982309
0.139139145613
0.129862591624
0.138720169663
0.122821509838
0.121847942472
0.130496025085
0.127580747008
0.122455194592
0.126777276397
0.138507857919
0.138426825404
0.120574042201
0.108734086156
0.122191265225
0.10913272202
0.133588314056
0.135187774897
0.128865629435
0.147621199489
0.113667465746
0.111818902194
0.0968965217471
0.103790469468
0.107549339533
0.153154328465
0.129049062729
0.124251335859
0.0938629880548
0.103608310223
0.106461465359
0.112425327301
0.0979838222265
0.118938818574
0.0992011502385
0.121634691954
0.0856615453959
0.0994010344148
0.137355938554
0.119474038482
0.120316594839
0.100520476699
0.105447307229
0.0842923596501
0.106154978275
0.0933075249195
0.0951902791858
0.0952613800764
0.108655370772
0.121095426381
0.107390522957
0.102083906531
0.080144777894
0.0845526009798
0.0960241258144
0.0890182107687
0.0864384248853
0.112756304443
0.106835469604
0.107990078628
0.0889334157109
0.0881336703897
0.0826888009906
0.113200865686
0.0968139767647
0.0964927822351
0.129122361541
0.0943754464388
0.109949380159
0.1091555655
0.086836874485
0.0767986029387
0.085846722126
0.108894869685
0.0771912112832
0.078113399446
0.0856139957905
0.104481607676
0.105131164193
0.0776482671499
0.0831149294972
0.0889654606581
0.0699998363853
0.0778631046414
0.0933298617601
0.0896390974522
0.0902663841844
0.12207467854
0.0765528976917
0.0968189239502
0.0751369521022
0.082512460649
0.109426341951
0.0796712189913
0.070464015007
0.092954903841
0.0956173613667
0.0673616528511
0.0867068246007
0.0855873823166
0.0960399359465
0.0894606634974
0.0891824737191
0.0784263163805
0.104448087513
0.099697291851
0.0855410844088
0.109742730856
0.0880667343736
0.0962829217315
0.0941953510046
0.120311997831
0.0766510590911
0.0872208401561
0.0860893055797
0.0901170521975
0.0809241309762
0.115269966424
0.0840103924274
0.0971734374762
0.125611692667
0.083122715354
0.0774826183915
0.097620613873
0.0735389068723
0.0781035423279
0.0935338586569
0.0816256552935
0.0795223116875
0.0941541567445
0.120428115129
0.0878239497542
0.0727479830384
0.0717099457979
0.0668680667877
0.0922408699989
0.0809115320444
0.0656988173723
0.0704961195588
0.0819500237703
0.0836147367954
0.0766737833619
0.0893157422543
0.0743604451418
0.0655986741185
0.0785300582647
0.0910985469818
0.0676719471812
0.0949765443802
0.0717546716332
0.0906590372324
0.0707574859262
0.0665125697851
0.0779056549072
0.0720236003399
0.0693279206753
0.0823655873537
0.0808434858918
0.0681728646159
0.100420348346
0.0708929598331
0.0678086653352
0.0717361792922
0.0691936984658
0.0727708786726
0.0663491860032
0.0968315154314
0.0719162002206
0.0746010690928
0.087563380599
0.0677240341902
0.0796178802848
0.0681585744023
0.100260704756
0.082837715745
0.0884414240718
0.0849459841847
0.0959309116006
0.0681062713265
0.0707162618637
0.0766731873155
0.10948446393
0.0769807174802
0.0734146535397
0.0675334483385
0.130430400372
0.0645956620574
0.0848055928946
0.0760897323489
0.0832800641656
0.0681076869369
0.0621799044311
0.0657754167914
0.064377233386
0.0710573494434
0.0658636838198
0.0683487728238
0.0740884393454
0.0842163711786
0.0894358530641
0.105586357415
0.0820537284017
0.072619356215
0.0815890952945
0.0835757851601
0.0745210945606
0.0773245245218
0.073265902698
0.0930180251598
0.0651278719306
0.0654247775674
0.067339733243
0.084070764482
0.0862574353814
