0.691041171551
0.69303303957
0.688003480434
0.69310605526
0.689735949039
0.692030131817
0.69117307663
0.692079663277
0.692389369011
0.694159924984
0.689970970154
0.691671967506
0.691370427608
0.690925657749
0.690918505192
0.687934815884
0.69249522686
0.689513146877
0.692833304405
0.689628362656
0.692382216454
0.69157397747
0.689237296581
0.69089871645
0.690493702888
0.692023575306
0.691615998745
0.689214348793
0.690150499344
0.689961373806
0.690617084503
0.687477827072
0.689411640167
0.690022408962
0.689593195915
0.68840110302
0.688454687595
0.691573858261
0.689258694649
0.689838707447
0.691645503044
0.687674760818
0.691182732582
0.689947485924
0.69152200222
0.689496278763
0.688428640366
0.692146718502
0.688067674637
0.687793135643
0.688703000546
0.689701676369
0.688941419125
0.687334775925
0.687158048153
0.691032767296
0.689318537712
0.686082065105
0.687373518944
0.690622925758
0.688902616501
0.689639806747
0.686747312546
0.690073549747
0.689067721367
0.688962817192
0.686116456985
0.6873742342
0.686919569969
0.68881136179
0.686169862747
0.689713954926
0.686824440956
0.687157928944
0.687534928322
0.688897550106
0.687606930733
0.687876939774
0.68789255619
0.685711801052
0.685141682625
0.687059342861
0.686429798603
0.687774956226
0.685376405716
0.686829566956
0.68808722496
0.686164498329
0.687039732933
0.685875117779
0.687966942787
0.687066674232
0.689534008503
0.685618162155
0.68972080946
0.684775769711
0.687781274319
0.687565565109
0.687052369118
0.686388850212
0.688781023026
0.68368768692
0.689185857773
0.689136385918
0.68715262413
0.685754418373
0.685588538647
0.687216699123
0.685918688774
0.685314714909
0.686982810497
0.683900475502
0.689565122128
0.68643283844
0.6863514781
0.683734595776
0.682979822159
0.689346373081
0.685359179974
0.68692702055
0.684476077557
0.686605751514
0.685654520988
0.685537338257
0.686701536179
0.684015214443
0.687495231628
0.686572909355
0.684169471264
0.685492396355
0.685331940651
0.680425524712
0.685966014862
0.682936012745
0.686071336269
0.684891402721
0.686443507671
0.684348642826
0.682815134525
0.687622904778
0.687689602375
0.681855559349
0.688396155834
0.682450890541
0.68198466301
0.682011127472
0.685631811619
0.686115562916
0.683808088303
0.680043041706
0.685536921024
0.681749343872
0.682283401489
0.687192320824
0.680841207504
0.681801259518
0.684890329838
0.681798815727
0.685001254082
0.679856002331
0.680498659611
0.679924964905
0.678847253323
0.68125295639
0.680070102215
0.67810177803
0.6829636693
0.684264302254
0.679494857788
0.682349085808
0.68283623457
0.68203741312
0.683230638504
0.685052335262
0.682472586632
0.682645380497
0.682615697384
0.682131111622
0.677123367786
0.680566549301
0.67823189497
0.687682986259
0.684704065323
0.681387722492
0.677658617496
0.68081754446
0.676931858063
0.67798358202
0.679651319981
0.67893499136
0.675795555115
0.681924641132
0.686404705048
0.676834642887
0.683556973934
0.678383529186
0.68027150631
0.67713034153
0.681597292423
0.676975309849
0.675340175629
0.679167747498
0.684361159801
0.681835174561
0.677884817123
0.675595641136
0.672611415386
0.678328514099
0.678833305836
0.675601124763
0.677896916866
0.675782263279
0.677002966404
0.676792323589
0.675611972809
0.675182461739
0.677002370358
0.67669147253
0.680251836777
0.67801707983
0.676128268242
0.678726434708
0.675472736359
0.675524771214
0.675755918026
0.677528917789
0.675664544106
0.67100071907
0.67698186636
0.674575567245
0.67126083374
0.679652512074
0.675987303257
0.675730705261
0.67549186945
0.676205396652
0.677855610847
0.677152037621
0.677392661572
0.672793030739
0.67716807127
0.672581791878
0.674636483192
0.670681416988
0.678988337517
0.678073585033
0.676590502262
0.669329702854
0.679751455784
0.673917353153
0.677376747131
0.671307623386
0.677037656307
0.678486645222
0.674807786942
0.670430421829
0.668043017387
0.671937346458
0.670906484127
0.670322537422
0.680167913437
0.677157223225
0.676403820515
0.677878260612
0.67608243227
0.67574775219
0.674988389015
0.676537036896
0.673245310783
0.6751049757
0.672617971897
0.68002986908
0.673463523388
0.671831429005
0.674738645554
0.675713419914
0.677402853966
0.678081929684
0.674196779728
0.68133443594
0.67041015625
0.673264503479
0.669461429119
0.672675549984
0.67494982481
0.668466806412
0.675214648247
0.675773799419
0.677154242992
0.675113558769
0.672490715981
0.672236502171
0.670536398888
0.671502530575
0.682249963284
0.66856110096
0.674266338348
0.678673326969
0.672430694103
0.67515206337
