0.733360350132
0.725343048573
0.703800261021
0.705967068672
0.703342914581
0.696350693703
0.697228848934
0.700870990753
0.691841781139
0.691479802132
0.690852940083
0.686770498753
0.688403248787
0.68970990181
0.686975419521
0.68810993433
0.687472164631
0.687447428703
0.685867011547
0.685773611069
0.690509796143
0.686026513577
0.686331868172
0.68747228384
0.687826454639
0.686032772064
0.684633135796
0.690309822559
0.687567591667
0.691463887691
0.687132835388
0.684561669827
0.685460031033
0.685526311398
0.685614466667
0.687081515789
0.687579870224
0.685589313507
0.68406265974
0.685881733894
0.686122715473
0.685994505882
0.684269964695
0.685909092426
0.686022043228
0.682704269886
0.687319397926
0.682179868221
0.684552311897
0.685554563999
0.681970238686
0.682930767536
0.684290468693
0.684936404228
0.683792352676
0.685587227345
0.686631798744
0.683280825615
0.683458447456
0.683976471424
0.688567519188
0.685465097427
0.684578299522
0.685147762299
0.679750621319
0.682492613792
0.68486148119
0.680076360703
0.679427981377
0.682958960533
0.678818404675
0.678734302521
0.677629411221
0.682957649231
0.680881023407
0.682464003563
0.679751515388
0.675282716751
0.678336143494
0.674867749214
0.671478271484
0.672968268394
0.668906450272
0.674499094486
0.668768823147
0.669776678085
0.681152641773
0.67396324873
0.651805281639
0.657462596893
0.667335629463
0.667390823364
0.666644155979
0.672794520855
0.675324678421
0.651173293591
0.6501942873
0.679538011551
0.638567447662
0.660878241062
0.64321988821
0.649836242199
0.662019014359
0.666742086411
0.663368046284
0.668343067169
0.679387390614
0.673886358738
0.661307156086
0.656549751759
0.67748695612
0.652531147003
0.657659888268
0.671648740768
0.65231770277
0.644514381886
0.686140239239
0.654408693314
0.679307579994
0.646788835526
0.651944577694
0.661242842674
0.641457259655
0.648092746735
0.648960292339
0.651682794094
0.673346042633
0.676192343235
0.667496681213
0.652936339378
0.639618337154
0.63761562109
0.643851399422
0.642288923264
0.664093077183
0.656680285931
0.655528664589
0.659073531628
0.643696248531
0.650658130646
0.6489803195
0.652165532112
0.648196339607
0.666437387466
0.671081662178
0.668136715889
0.663972735405
0.649543583393
0.639152348042
0.642709374428
0.656161367893
0.637631177902
0.63689994812
0.630305767059
0.630241751671
0.636339724064
0.639988124371
0.639319121838
0.619062125683
0.635277211666
0.670841574669
0.643794000149
0.642568588257
0.644604742527
0.639503002167
0.675486922264
0.63810634613
0.632980406284
0.620301604271
0.665419399738
0.670279979706
0.624362051487
0.63963586092
0.600505828857
0.634266912937
0.639799118042
0.645727217197
0.676642894745
0.610416889191
0.635178148746
0.661945700645
0.61548858881
0.66894620657
0.643240272999
0.646255552769
0.6456579566
0.630625188351
0.642118275166
0.656562626362
0.623345434666
0.621803998947
0.648819863796
0.636131346226
0.650079488754
0.634402215481
0.628268003464
0.642609834671
0.61103361845
0.623586535454
0.621314883232
0.627754986286
0.623296260834
0.609793841839
0.655777931213
0.643847048283
0.621537983418
0.630036115646
0.649796426296
0.602932453156
0.628918886185
0.634552598
0.619117200375
0.657631337643
0.640666365623
0.608482003212
0.630527853966
0.603463232517
0.618345022202
0.649270236492
0.609078288078
0.618819892406
0.632494986057
0.629548668861
0.604781091213
0.596798717976
0.633189439774
0.618818759918
0.636952340603
0.659345686436
0.662351727486
0.624453186989
0.6246317029
0.630123078823
0.643389344215
0.614433884621
0.619908332825
0.667476892471
0.637255489826
0.632074594498
0.608798861504
0.612772643566
0.619968950748
0.613300859928
0.607044100761
0.615270018578
0.603336155415
0.609921872616
0.602032423019
0.617475390434
0.615634322166
0.630974590778
0.626688599586
0.6223539114
0.640191376209
0.586990594864
0.615243315697
0.654435038567
0.624027132988
0.610770225525
0.642623066902
0.62451595068
0.666214227676
0.594959974289
0.59576523304
0.617996811867
0.64865899086
0.66067558527
0.600302517414
0.600016593933
0.590180933475
0.592028617859
0.598529160023
0.625910937786
0.633665680885
0.603898704052
0.600562930107
0.577391028404
0.622556507587
0.618959724903
0.595074415207
0.608490824699
0.599983036518
0.57263982296
0.606738865376
0.628495693207
0.615407645702
0.589869260788
0.602058649063
0.589529037476
0.632090806961
0.594844341278
0.619284510612
0.606564939022
0.634695053101
0.600298821926
0.53122907877
0.589061081409
0.603279054165
0.644550144672
0.607719659805
0.59210652113
0.613316059113
0.613245725632
0.598780989647
0.61003267765
0.585836112499
0.598127365112
0.646665990353
0.619051933289
0.610357880592
0.579051792622
0.627643585205
0.592816770077
0.55122667551
0.554364323616
0.612505435944
0.579953610897
0.624268829823
0.551289618015
0.652999222279
0.543175756931
0.602322459221
0.602875709534
0.61826223135
0.585011839867
0.606663823128
0.584595143795
0.57776337862
0.567943274975
0.599551737309
0.593456089497
0.62601339817
0.623785674572
0.595830500126
0.606076478958
0.599966049194
0.615223944187
0.544085919857
0.610764980316
0.577840805054
0.565272212029
0.595573365688
0.589367806911
0.584926187992
0.564678609371
0.582553088665
0.577841997147
0.586189985275
0.559377014637
0.554534077644
0.65465939045
0.590058326721
0.574716329575
0.599295437336
0.570765852928
0.613789618015
0.537282168865
0.579532206059
0.607620477676
0.639645814896
0.593421280384
0.58935469389
0.584721565247
0.558164954185
0.611982584
0.594381511211
0.604836046696
0.549041986465
0.572009027004
0.557416677475
0.604368925095
0.639160037041
0.587594389915
0.551737785339
0.577013015747
0.590276837349
0.557723343372
0.534530997276
0.589304327965
0.607210278511
0.560196518898
0.592678904533
0.561085045338
0.559334158897
0.599582791328
0.633008420467
0.588879346848
0.568843960762
0.568597495556
0.59407889843
0.575541198254
0.559230208397
0.62371134758
0.589171230793
0.581381618977
0.5441005826
0.585640847683
0.578332602978
0.616773307323
0.627265393734
0.590529024601
0.583245635033
0.601790428162
0.595567047596
0.621846854687
0.588434576988
0.620798408985
0.604588627815
0.541988134384
0.556049346924
0.580835938454
0.610263705254
0.5958725214
0.564554810524
0.575214385986
0.618238449097
0.546770513058
0.584366500378
0.543710052967
0.612147569656
0.556990742683
0.58407741785
0.599489033222
0.591101467609
0.562700748444
0.571278512478
0.580477595329
0.588120102882
0.541193068027
0.578011095524
0.611741662025
0.588233411312
0.62685918808
0.603573143482
0.562948226929
0.574125528336
0.596682310104
0.600285470486
0.575910151005
0.580472052097
0.589495420456
0.563243567944
0.569581270218
0.559462249279
0.60079562664
0.537596046925
0.560950756073
0.588796377182
0.614720284939
0.530659079552
0.586957871914
0.534870326519
0.609579443932
0.572283506393
0.580356061459
0.562065660954
0.554413497448
0.552553772926
0.557701587677
0.612131237984
0.556666254997
0.562155008316
0.591193914413
0.574030697346
0.550444126129
0.542616844177
0.598606169224
0.574980080128
0.525901079178
0.540199637413
0.523186385632
0.510108828545
0.597527623177
0.601142942905
0.578270792961
0.514624774456
0.572126269341
0.512585818768
0.564330339432
0.536758005619
0.570698559284
0.582585036755
0.559249699116
0.594502210617
0.582938849926
0.522089898586
0.5750259161
0.555716454983
0.532392263412
0.617966532707
0.55595934391
0.537370562553
0.594354629517
0.5390163064
0.53461676836
0.575646460056
0.550907433033
0.554530084133
0.562916994095
0.532934546471
0.574625253677
0.550749182701
0.561139583588
0.612097024918
0.561850368977
0.576540291309
0.591901004314
0.571457147598
0.54858225584
0.583981812
0.548226356506
0.573882639408
0.535617351532
0.58327382803
0.597260832787
0.497148692608
0.567498266697
0.56201839447
0.505158007145
0.583906948566
0.560775220394
0.534986972809
0.539289832115
0.50704318285
0.513319015503
0.557734847069
0.528044342995
0.575650155544
0.564975142479
0.58861976862
0.521867394447
0.540036320686
0.586821317673
0.545520305634
0.593756496906
0.5660353899
0.597759962082
0.583519399166
0.586407661438
0.54524987936
0.58676803112
0.566364169121
0.583396196365
0.569773256779
0.572214663029
0.539075434208
0.575492501259
0.559417486191
0.523189067841
0.579428613186
0.596556723118
0.53759354353
0.569206058979
0.559714019299
0.510406434536
0.596111893654
0.552428543568
0.565307855606
0.561747431755
0.577633917332
0.516527593136
0.559027791023
0.530043244362
0.543933331966
0.539708793163
0.544593572617
0.601398825645
0.540916204453
0.554669141769
0.498774170876
0.525862216949
0.55608522892
0.595408439636
0.521334826946
0.601214766502
0.523041903973
0.522572159767
0.577423155308
0.576469779015
0.617828011513
0.597915589809
0.564437448978
0.538738012314
0.581338107586
0.543141067028
0.579810857773
0.576135396957
0.563290655613
0.583871543407
0.553454816341
0.5395373106
0.578074276447
0.515904486179
0.551595449448
0.518835246563
0.57753688097
0.552750349045
0.537299335003
0.56215184927
0.578591406345
