0.704450964928
0.684377253056
0.688272297382
0.684658586979
0.670275866985
0.693093419075
0.689687013626
0.683040261269
0.687943458557
0.687352478504
0.686998903751
0.677533566952
0.697553396225
0.688475310802
0.683588266373
0.68624162674
0.693336129189
0.685492992401
0.679171741009
0.68129247427
0.683366119862
0.68592530489
0.677740693092
0.683871209621
0.68604683876
0.682058870792
0.681562900543
0.67583322525
0.679782748222
0.680889606476
0.681166350842
0.681138038635
0.682931363583
0.676947891712
0.677932441235
0.684810161591
0.678520262241
0.677018165588
0.6739179492
0.682747900486
0.68105751276
0.681058764458
0.679600417614
0.672788918018
0.676230370998
0.687037467957
0.680895388126
0.674012720585
0.678455471992
0.680065333843
0.680956423283
0.679430782795
0.67918330431
0.690087795258
0.668757736683
0.675741255283
0.677444219589
0.678739547729
0.685156404972
0.677952885628
0.669962227345
0.67134219408
0.675377368927
0.683549463749
0.672372221947
0.68273204565
0.680239200592
0.682818770409
0.676243722439
0.676623463631
0.666909396648
0.664623141289
0.661131501198
0.663261771202
0.674068927765
0.669995546341
0.672460496426
0.658476889133
0.653279066086
0.667975723743
0.663096964359
0.668455719948
0.66986900568
0.666752934456
0.661665320396
0.686955392361
0.664313495159
0.694141685963
0.672875761986
0.680252015591
0.657183289528
0.67676025629
0.659694612026
0.664594471455
0.673997819424
0.672854840755
0.668306946754
0.66742002964
0.666890382767
0.673497855663
