0.687852263451
0.689857840538
0.686203062534
0.69045394659
0.685302317142
0.688422501087
0.686415970325
0.685728192329
0.683403491974
0.687108635902
0.689050018787
0.686807334423
0.688387691975
0.68290746212
0.687520563602
0.684648454189
0.682274639606
0.692709267139
0.687477529049
0.68429929018
0.68364584446
0.685887932777
0.68541020155
0.688195824623
0.682286858559
0.689894914627
0.68184697628
0.684418439865
0.689789712429
0.681492030621
0.683441221714
0.682821333408
0.684378445148
0.680095672607
0.688811719418
0.684722304344
0.684176564217
0.6819434762
0.685127079487
0.695118069649
0.686692714691
0.68226224184
0.680128157139
0.679127335548
0.689272522926
0.69046407938
0.685763537884
0.68635737896
0.683944702148
0.686502754688
0.683346629143
0.684793114662
0.680176019669
0.681157708168
0.681830704212
0.679271280766
0.684281110764
0.686235249043
0.68843716383
0.683714866638
0.681934654713
0.678861320019
0.684859097004
0.681965589523
0.683599114418
0.6846575737
0.678833901882
0.682443141937
0.68568867445
0.681806564331
0.685590028763
0.68722063303
0.680315434933
0.686248362064
0.679054737091
0.678669393063
0.680194675922
0.685599148273
0.680574834347
0.680602729321
0.67612349987
0.682016193867
0.683757066727
0.68914681673
0.676923751831
0.67639285326
0.68171954155
0.677888989449
0.679512441158
0.681339919567
0.67574852705
0.687056839466
0.67833340168
0.679930329323
0.684685707092
0.677803814411
0.683346807957
0.685073852539
0.682512700558
0.66977918148
0.687643826008
0.676569640636
0.679507017136
0.683543562889
0.682759344578
0.680133223534
0.675691127777
0.691957354546
0.673827826977
0.670621573925
0.68637740612
0.684007525444
0.690498769283
0.673202455044
0.683547019958
0.683331131935
0.678377628326
0.673722326756
0.675794780254
0.6789727211
0.684600114822
0.678226351738
0.673077821732
0.688189566135
0.674437761307
0.680292487144
0.681783854961
0.671321570873
0.68312394619
0.67954826355
0.675692498684
0.671061515808
0.681956529617
0.676970422268
0.690821230412
0.679584085941
0.679010689259
0.687050938606
0.699117898941
0.674335002899
0.692242741585
0.678081810474
0.664198338985
0.677553355694
0.658563435078
0.682131290436
0.683307945728
0.67795842886
0.670977771282
0.677914083004
0.672871053219
0.683562040329
0.6756696105
0.67745912075
0.675094366074
0.6817471385
0.667584061623
0.67583411932
0.680443286896
0.671202659607
0.669773519039
0.674155175686
0.667487025261
0.671724319458
0.670587301254
0.687007725239
0.67094129324
0.66512554884
0.671278774738
0.676077485085
0.685857713223
0.672373950481
0.687822580338
0.677791833878
0.668533086777
0.665921390057
0.658804118633
0.674953877926
0.67628377676
0.672017395496
0.666972994804
0.669354081154
0.682379901409
0.669728279114
0.673987686634
0.665570378304
0.673910677433
0.676303625107
0.66778087616
0.648626506329
0.671389460564
0.68086963892
0.675223231316
0.677913486958
0.665852367878
0.673334777355
0.664923489094
0.678126513958
0.658591985703
0.664819180965
0.66820961237
0.676199138165
0.656743943691
0.660171866417
0.672573804855
0.687130510807
0.663004040718
0.668951094151
0.662557601929
0.677340745926
0.674377024174
0.672680675983
0.658298671246
0.667545497417
0.670498609543
0.667958974838
0.671664774418
0.655835270882
0.666916429996
0.67650103569
0.675991475582
0.685775101185
0.659021496773
0.665207564831
0.656016409397
0.669839978218
0.686397194862
0.657809972763
0.663364112377
0.651485085487
0.648355484009
0.670295357704
0.67245554924
0.672347962856
0.671213269234
0.667613506317
0.672560811043
0.660215675831
0.666949093342
0.671092092991
0.648937523365
0.670290708542
0.654031157494
0.662111163139
0.681734919548
0.691843032837
0.673840165138
0.685160279274
0.666767835617
0.667623400688
0.665050923824
0.68525582552
0.661223053932
0.67291945219
0.683689773083
0.656270265579
0.672049641609
0.683040559292
0.653111696243
0.664178907871
0.662171721458
0.674960851669
0.664357841015
0.666766881943
0.669580459595
0.653718531132
0.657283306122
0.675657331944
0.660956561565
0.680621504784
0.665867328644
0.665681540966
0.67234736681
0.672015368938
0.662028253078
0.672084033489
0.660410642624
0.684311509132
0.67655646801
0.649480462074
0.657915532589
0.671469211578
0.664072036743
0.674655020237
0.669654667377
0.654771149158
0.658982336521
0.678258538246
0.655476629734
0.669256091118
0.669494926929
0.657330334187
0.678766489029
0.661137342453
0.685670733452
0.679932653904
0.66197770834
0.663925290108
0.649996340275
0.643293261528
