0.693146884441
0.693090796471
0.69303560257
0.692978858948
0.692913591862
0.692842781544
0.692775666714
0.692726492882
0.692668795586
0.692606329918
0.692549824715
0.692495107651
0.692421197891
0.692361831665
0.692305266857
0.692246615887
0.692182421684
0.692123174667
0.692059099674
0.692010819912
0.691933095455
0.691870987415
0.691817879677
0.69176119566
0.691703259945
0.691633999348
0.691583096981
0.691518485546
0.691442787647
0.691373229027
0.691330611706
0.691282570362
0.691163241863
0.691115677357
0.691042125225
0.690999865532
0.69094479084
0.690878748894
0.690825581551
0.690754711628
0.690643012524
0.690606117249
0.690549731255
0.690486490726
0.690329790115
0.690304875374
0.690321564674
0.690176486969
0.690117895603
0.689935803413
0.689896821976
0.689931750298
0.689740598202
0.689699947834
0.689538896084
0.689371705055
0.689425587654
0.689335644245
0.689079642296
0.6890797019
0.689173936844
0.688825488091
0.688820064068
0.688715219498
0.688502192497
0.688306391239
0.688307762146
0.68822312355
0.688097238541
0.687920570374
0.687893092632
0.687875390053
0.687529504299
0.687336266041
0.687306463718
0.6871971488
0.686760962009
0.68663418293
0.686501801014
0.686144411564
0.686255395412
0.685814261436
0.685840725899
0.685741126537
0.685530364513
0.685320734978
0.685222923756
0.685209393501
0.684702277184
0.684763073921
0.684312164783
0.684367835522
0.683925449848
0.683870792389
0.683112323284
0.683400809765
0.683012962341
0.683062016964
0.682475924492
0.683231532574
0.682342410088
0.681941330433
0.681606769562
0.68137639761
0.681299269199
0.681093931198
0.681091725826
0.680194973946
0.680350840092
0.679861843586
0.679364740849
0.679374575615
0.679597496986
0.678186953068
0.678523659706
0.678641438484
0.678014814854
0.678026437759
0.6778678298
0.677357137203
0.677336990833
0.676307559013
0.676645636559
0.676153242588
0.675597846508
0.675472259521
0.67592972517
0.674726307392
0.675297141075
0.674212813377
0.673963606358
0.673574626446
0.672539830208
0.672482669353
0.672904491425
0.672626614571
0.671513974667
0.671350836754
0.671323180199
0.67083978653
0.669834852219
0.670241951942
0.669588387012
0.669144392014
0.669167816639
0.668551921844
0.667677402496
0.667520582676
0.667559504509
0.666767418385
0.666145443916
0.664928913116
0.665295958519
0.663843393326
0.664177179337
0.663592100143
0.663649260998
0.662621259689
0.66343575716
0.661407113075
0.66078722477
0.661531925201
0.659852981567
0.659978508949
0.660243570805
0.657558143139
0.657914042473
0.657579600811
0.658943295479
0.656065106392
0.655776619911
0.656590819359
0.654795944691
0.65492618084
0.653813958168
0.653356313705
0.652356386185
0.652722120285
0.651851594448
0.651496767998
0.64881747961
0.650252461433
0.649280071259
0.648818969727
0.647724449635
0.647303164005
0.645810902119
0.647457718849
0.645473122597
0.642808139324
0.645474851131
0.644655048847
0.642322838306
0.641235649586
0.64157140255
0.639176249504
0.63770866394
0.636943995953
0.63639074564
0.63736063242
0.636740505695
0.636455833912
0.633663117886
0.633835554123
0.632065713406
0.632450580597
0.63351559639
0.629931211472
0.62985855341
0.630731642246
0.627397835255
0.628452777863
0.626243948936
0.623623609543
0.625107169151
0.62159794569
0.625391125679
0.621120750904
0.621105968952
0.620326280594
0.618139564991
0.618736445904
0.615412473679
0.616836428642
0.614002346992
0.614973783493
0.613385736942
0.61064261198
0.610354065895
0.609223425388
0.60925090313
0.609094321728
0.608213961124
0.60459369421
0.607514441013
0.60159021616
0.602031946182
0.603337228298
0.599896490574
0.60164308548
0.598767638206
0.597273349762
0.596733152866
0.593979418278
0.595071732998
0.591398239136
0.591877400875
0.590379416943
0.589774668217
0.587862014771
0.589688777924
0.590003728867
0.58768415451
0.584508657455
0.582617580891
0.57911914587
0.585806369781
0.580684959888
0.573571801186
0.573757112026
0.573592305183
0.571262836456
0.575549483299
0.571246266365
0.569460272789
0.567934572697
0.56409072876
0.564481437206
0.564307630062
0.569826424122
0.560282588005
0.562483310699
0.556580722332
0.557021737099
0.552192389965
0.553873181343
0.553789258003
0.553472936153
0.552153587341
0.549767971039
0.548938989639
0.544788658619
0.542980968952
0.545947730541
0.538979351521
0.537643134594
0.539117157459
0.536181807518
0.53324764967
0.53399515152
0.535718858242
0.538374722004
0.526824653149
0.525117099285
0.525410175323
0.524446368217
0.526922166348
0.518348574638
0.521805942059
0.515080571175
0.51984924078
0.510464191437
0.511602759361
0.510115623474
0.507175981998
0.507723927498
0.504588007927
0.50601541996
0.506607353687
0.500444054604
0.499135673046
0.496660619974
0.498490422964
0.501040577888
0.49842941761
0.491318047047
0.485741972923
0.494032412767
0.492104947567
0.487613499165
0.486844718456
0.481544524431
0.490498542786
0.48204934597
0.483327269554
0.482387661934
0.472757875919
0.474802047014
0.487635403872
0.469720482826
0.470032960176
0.472642838955
0.46516174078
0.473558455706
0.461505800486
0.465795874596
0.476242214441
0.470512658358
0.459542185068
0.455199688673
0.452265530825
0.460624426603
0.446600407362
0.452498018742
0.454198241234
0.444482564926
0.448997229338
0.449239581823
0.444260299206
0.444679141045
0.446453481913
0.439202666283
0.445567816496
0.434416979551
0.42541539669
0.435715198517
0.430240541697
0.426894187927
0.440726578236
0.444282233715
0.435647517443
0.442513734102
0.424728661776
0.427908688784
0.433300942183
0.424670338631
0.42628917098
0.422261446714
0.433272212744
0.419488370419
0.410139739513
0.412881553173
0.417564749718
0.415915369987
0.419970780611
0.41525670886
0.416042506695
0.407050460577
0.404212534428
0.409360200167
0.411134511232
0.425943404436
0.418660461903
0.411757916212
0.424018114805
0.418104976416
0.411449015141
0.40358543396
0.400937706232
0.40603852272
0.418504565954
0.410158336163
0.397907912731
0.397277981043
0.412946999073
0.406017541885
0.415790170431
0.389960020781
0.409430682659
0.411257117987
0.388880610466
0.39194431901
0.395325005054
0.402842968702
0.387937903404
0.385759890079
0.388553738594
0.386372476816
0.411212295294
0.399098664522
0.385986149311
0.395188421011
0.392544329166
0.388598710299
0.393910616636
0.385374128819
0.403150618076
0.390037119389
0.398441970348
0.378957897425
0.376276314259
0.385889649391
0.40540355444
0.389083892107
0.38700479269
0.388675063848
0.390055894852
0.389650970697
0.374632149935
0.395352959633
0.381084680557
0.394511342049
0.391353338957
0.388031363487
0.390254616737
0.3857640028
0.375532567501
0.397555828094
0.371035218239
0.373493880033
0.380574643612
0.374069005251
0.374273389578
0.380831241608
0.371969163418
0.37027528882
0.373264342546
0.36893221736
0.373687803745
0.373597681522
0.369389593601
0.382518649101
0.37351718545
0.377809256315
0.372001379728
0.385844409466
0.372668296099
0.372786015272
0.377034306526
0.366243690252
0.366975545883
0.357827156782
0.362790375948
0.37514731288
0.36501994729
0.368963688612
0.363304406404
0.362364768982
0.371368706226
0.36438447237
0.359706312418
0.376056879759
0.387696564198
0.378372341394
0.378645479679
0.367697745562
0.37218233943
0.388839393854
0.362350732088
0.362593352795
0.361686050892
0.376373261213
0.365704953671
0.37671032548
0.371943891048
0.362526446581
0.372031986713
0.365925848484
0.370654255152
0.357099503279
0.361841708422
0.359986901283
0.374768763781
0.362760663033
0.364407986403
0.360247403383
0.347931414843
0.358713209629
0.361229658127
0.350817710161
0.350566893816
0.373857676983
0.351416140795
0.36509424448
0.3472019732
0.360450863838
0.376274853945
0.367268323898
0.351814091206
0.386476963758
0.362835049629
0.348245531321
0.354423075914
0.348292917013
0.354586333036
0.36847242713
0.369773089886
0.346302270889
0.371921747923
0.358472585678
0.377592742443
0.366929590702
0.371902674437
0.366891771555
0.36276230216
0.344435244799
0.340025812387
0.353727310896
0.378846853971
0.350445926189
0.362693756819
0.356987148523
0.350257754326
0.349658131599
0.35274374485
0.361866503954
0.3442697227
0.354602187872
0.368726104498
0.344580978155
0.357329964638
0.354147851467
0.339061945677
0.348423659801
0.372867047787
0.347219228745
0.344931513071
0.353536695242
0.361891925335
0.360288769007
0.353820443153
0.360731929541
0.352579265833
0.344947338104
0.356418073177
0.341747164726
0.338164836168
0.345835715532
0.355003356934
0.356108307838
0.358241528273
0.346588402987
0.333707183599
0.35304915905
0.338188946247
0.335223734379
0.361534416676
0.353071510792
0.348039090633
0.355666220188
0.334691643715
0.364205628633
0.349034070969
0.352160841227
0.359859704971
0.357406139374
0.341329663992
0.366682648659
0.354195296764
0.34161734581
0.329751580954
0.353044688702
0.337537020445
0.335099488497
0.385520637035
0.33896574378
0.355092972517
0.340791165829
0.347938805819
0.353798925877
0.342635393143
0.344680339098
0.336867570877
0.351533532143
0.354780852795
0.354722380638
0.352946281433
0.346581280231
0.338708609343
0.346780121326
0.336218118668
0.350484967232
0.351224809885
0.331223785877
0.366466462612
0.3478333354
0.362829267979
0.359643548727
0.335710257292
0.345274507999
0.340154588223
0.330779254436
0.360148817301
0.335873037577
0.360783755779
0.333882838488
0.338127106428
0.33176857233
0.338411122561
0.361919939518
0.332888931036
0.358030289412
0.349015474319
0.35154607892
0.352383375168
0.339444339275
0.331785857677
0.341880172491
0.344947546721
0.369033753872
0.3319029212
0.36194267869
0.346919357777
0.331214010715
0.359473437071
0.326404005289
0.348511844873
0.358743876219
0.322660237551
0.344073832035
0.338815152645
0.362105280161
0.343375504017
0.334292531013
0.341953098774
0.355221033096
0.345929741859
0.342645198107
0.346599161625
0.345690250397
0.334506958723
0.343506366014
0.336183339357
0.34471309185
0.36639302969
0.357005357742
0.345551788807
0.341362953186
0.342890381813
0.339442193508
0.330632954836
0.342917144299
0.335690528154
0.339440017939
0.345263361931
0.346756726503
0.333408623934
0.332732260227
0.348298639059
0.344051837921
0.342953115702
0.339367002249
0.335386842489
0.327512294054
0.343463867903
0.324105530977
0.334001868963
0.339993596077
0.333357065916
0.368763238192
0.336893737316
0.330350846052
0.35149922967
0.324644953012
0.362104773521
0.341816812754
0.337490618229
0.352224439383
0.363262414932
0.331607937813
0.367737859488
0.330446630716
0.331827044487
0.334935545921
0.324914097786
0.33798328042
0.353598088026
0.359197109938
0.325283139944
0.343862324953
0.339065819979
0.331621497869
0.349538147449
0.33167052269
0.330965250731
0.327346980572
0.328518599272
0.337969452143
0.335836112499
0.340891182423
0.34272557497
0.328314989805
0.340424925089
0.341991901398
0.328903198242
0.330660909414
0.385589569807
0.367429941893
0.340449333191
0.344082564116
0.351982295513
0.366961032152
0.37195828557
0.335225462914
0.335561007261
0.334031045437
0.352821975946
0.332168012857
0.3373683393
0.367515355349
0.333026349545
0.333159953356
0.34775853157
0.328897684813
0.360214173794
0.37379398942
0.369756758213
0.3285625875
0.340824246407
0.330070227385
0.336093246937
0.339594274759
0.342006623745
0.335736125708
0.325576990843
0.34131026268
0.352604478598
0.337668001652
0.329944193363
0.339520186186
0.322919696569
0.329677641392
0.352948457003
0.342544227839
0.346417546272
0.336404711008
0.325723201036
0.342660903931
0.36205431819
0.364944159985
0.340989947319
0.338028460741
0.330964028835
0.331057339907
0.339464426041
0.344402074814
0.33506116271
0.339291155338
0.335160791874
0.332369655371
0.344982713461
0.33588129282
0.342989742756
0.328138262033
0.333838492632
0.347993046045
0.33383923769
0.33182939887
0.361377835274
0.337204277515
0.342723727226
0.326490372419
0.348319411278
0.345032513142
0.334221631289
0.350260823965
0.322881221771
0.362615287304
0.333507597446
0.350162267685
0.324693232775
0.344934850931
0.350545436144
0.324046075344
0.340391218662
0.362463384867
0.346365481615
0.333668917418
0.32741817832
0.325366735458
