0.43902438879
0.43902438879
0.434146344662
0.458536595106
0.448780477047
0.443902432919
0.443902432919
0.448780477047
0.47804877162
0.448780477047
0.473170727491
0.463414639235
0.409756094217
0.487804889679
0.468292683363
0.453658550978
0.453658550978
0.43902438879
0.458536595106
0.443902432919
0.404878050089
0.463414639235
0.521951198578
0.482926815748
0.512195110321
0.487804889679
0.468292683363
0.507317066193
0.492682933807
0.463414639235
0.47804877162
0.492682933807
0.497560977936
0.507317066193
0.497560977936
0.512195110321
0.536585390568
0.502439022064
0.497560977936
0.517073154449
0.541463434696
0.526829242706
0.512195110321
0.512195110321
0.541463434696
0.56097561121
0.56097561121
0.497560977936
0.541463434696
0.507317066193
0.541463434696
0.600000023842
0.502439022064
0.531707346439
0.536585390568
0.536585390568
0.56097561121
0.531707346439
0.507317066193
0.536585390568
0.56097561121
0.536585390568
0.541463434696
0.517073154449
0.546341478825
0.546341478825
0.556097567081
0.502439022064
0.517073154449
0.517073154449
0.541463434696
0.556097567081
0.556097567081
0.556097567081
0.517073154449
0.556097567081
0.536585390568
0.546341478825
0.580487787724
0.570731699467
0.551219522953
0.536585390568
0.541463434696
0.546341478825
0.575609743595
0.551219522953
0.492682933807
0.565853655338
0.536585390568
0.531707346439
0.531707346439
0.521951198578
0.546341478825
0.570731699467
0.56097561121
0.521951198578
0.517073154449
0.541463434696
0.56097561121
0.614634156227
