0.701867520809
0.700605154037
0.700340747833
0.702028572559
0.699598968029
0.697053134441
0.700585484505
0.698113322258
0.700960695744
0.698309123516
0.698279201984
0.699071645737
0.698946833611
0.698244988918
0.697508871555
0.697620689869
0.698042094707
0.698343336582
0.697468101978
0.69880592823
0.699443399906
0.698241591454
0.697607278824
0.69952082634
0.697284221649
0.695324957371
0.696431398392
0.697693884373
0.698774516582
0.697410643101
0.696955680847
0.697353303432
0.69723033905
0.697145164013
0.698036849499
0.696659862995
0.697696447372
0.697356164455
0.695396780968
0.696646094322
0.696411073208
0.696689963341
0.695511221886
0.694835841656
0.696609139442
0.6959810853
0.695706248283
0.696679472923
0.696117997169
0.694843113422
0.695971310139
0.695351481438
0.693856418133
0.696631073952
0.695722460747
0.695762813091
0.693577408791
0.693694353104
0.693240106106
0.695089101791
0.694570541382
0.694853544235
0.695264101028
0.695012807846
0.695214092731
0.695031940937
0.694784760475
0.693999052048
0.694059550762
0.694864273071
0.69237524271
0.694012761116
0.694430708885
0.694236636162
0.692862689495
0.693781912327
0.693129301071
0.692803859711
0.692985475063
0.692166149616
0.692547440529
0.692153096199
0.695408940315
0.693062901497
0.694481670856
0.693672120571
0.694522678852
0.69305318594
0.69299352169
0.694022595882
0.693610906601
0.692835509777
0.694350540638
0.691812813282
0.69263112545
0.691951572895
0.692981123924
0.693345665932
0.6916680336
0.693969786167
0.692898094654
0.691811144352
0.69344496727
0.691837191582
0.692914545536
0.692466318607
0.69233083725
0.691576778889
0.69226115942
0.692712247372
0.69364798069
0.69250869751
0.691288053989
0.691980481148
0.691845953465
0.692142784595
0.691723763943
0.692843973637
0.691564798355
0.693261563778
0.692676544189
0.69226038456
0.692347586155
0.690177857876
0.691816389561
0.692531824112
0.691985964775
0.691164433956
0.691052794456
0.692134201527
0.690753757954
0.690250277519
0.693710386753
0.690561711788
0.692795455456
0.693119525909
0.689808249474
0.690044283867
0.690297365189
0.690247774124
0.691436827183
0.689848661423
0.690434753895
0.691116094589
0.690872907639
0.691591143608
0.690232157707
0.689997911453
0.69030559063
0.690504431725
0.690857768059
0.690732181072
0.69112175703
0.690694510937
0.691123127937
0.691590070724
0.688464343548
0.691275835037
0.68865031004
0.689420521259
0.69024926424
0.689365267754
0.690935909748
0.690461814404
0.68996077776
0.692837178707
0.690027356148
0.691986382008
0.689199745655
0.689833164215
0.689450740814
0.689805805683
0.690883278847
0.691545069218
0.689226090908
0.688439369202
0.689797759056
0.691798508167
0.688666641712
0.689884066582
0.688262581825
0.689490139484
0.689722895622
0.68857884407
0.688679933548
0.69026517868
0.689262807369
0.690645933151
0.688796341419
0.6918618083
0.687852799892
0.688664674759
0.689870178699
0.687975466251
0.689617276192
0.68822234869
0.689643204212
0.689890801907
0.689771831036
0.690055191517
0.687983572483
0.689020395279
0.687920331955
0.68895894289
0.688908398151
0.687702476978
0.688616216183
0.688462793827
0.689502835274
0.689250946045
0.68940103054
0.68794465065
0.686592042446
0.687247693539
0.686936736107
0.686743319035
0.687942564487
0.687107563019
0.689114332199
0.688998579979
0.686542510986
0.686652600765
0.687668561935
0.685318052769
0.688006460667
0.68942296505
0.688258469105
0.688092708588
0.68839019537
0.687179625034
0.687013924122
0.688701927662
0.68657463789
0.686821937561
0.689347624779
0.68893802166
0.686376810074
0.685648083687
0.687377989292
0.686333477497
0.683559238911
0.688319504261
0.687347114086
0.685371041298
0.681702554226
0.685714304447
0.684002399445
0.686860263348
0.684905707836
0.68926602602
0.683573722839
0.684273540974
0.687291562557
0.685195505619
0.683777868748
0.684554517269
0.684944331646
0.684360563755
0.680179059505
0.685097157955
0.686475515366
0.684148669243
0.683242797852
0.688326060772
0.684466838837
0.683447480202
0.684908688068
0.686602056026
0.685325503349
0.684881865978
0.679617106915
0.68188226223
0.681908071041
0.683414280415
0.684991896152
0.683434784412
0.682005643845
0.682065784931
0.68345707655
0.681892871857
0.685374319553
0.684569358826
0.682109832764
0.682208418846
0.677941024303
0.682255446911
0.680519521236
0.680999517441
0.682584881783
0.68165653944
0.682855069637
0.681215822697
0.680603384972
0.678212404251
0.676545619965
0.678766071796
0.682533204556
0.677730202675
0.675371706486
0.680512964725
0.682855665684
0.682894587517
0.676273107529
0.678958058357
0.678844034672
0.681306838989
0.679901838303
0.677734673023
0.679317951202
0.678291141987
0.684447109699
0.678842663765
0.676468908787
0.673945605755
0.677160143852
0.675063490868
0.676704823971
0.680169403553
0.679679095745
0.678306639194
0.678265094757
0.6729773283
0.671674251556
0.667918741703
0.672814190388
0.673723101616
0.67380875349
0.673152506351
0.67285746336
0.67375266552
0.670610129833
0.676329553127
0.676528036594
0.671228945255
0.672108113766
0.667473912239
0.675595164299
0.67109978199
0.675133407116
0.671976923943
0.667913377285
0.669826924801
0.672043442726
0.666658580303
0.672170579433
0.669080734253
0.667466521263
0.669414460659
0.669320464134
0.671712756157
0.670794844627
0.666051208973
0.670486390591
0.672190248966
0.670703589916
0.670320391655
0.66732519865
0.66517162323
0.662413954735
0.667578995228
0.66462045908
0.665462017059
0.667174875736
0.665809869766
0.662442862988
0.663060426712
0.666517853737
0.661748051643
0.667867839336
0.659774780273
0.667225778103
0.665285885334
0.651317119598
0.655723214149
0.657459259033
0.66136521101
0.657514989376
0.662174224854
0.662338376045
0.65364408493
0.65829885006
0.658867001534
0.65537661314
0.662945866585
0.659288227558
0.658001542091
0.65462487936
0.658138275146
0.658137202263
0.654988884926
0.666496813297
0.658314347267
0.653144776821
0.66068226099
0.655667483807
0.654060184956
0.652904212475
0.655182182789
0.651900827885
0.657682538033
0.648518800735
0.65941208601
0.645204126835
0.656950294971
0.657096207142
0.656494796276
0.65640437603
0.649167299271
0.650969266891
0.649780631065
0.65493786335
0.648019015789
0.64347666502
0.651960730553
0.641173899174
0.649440288544
0.644347548485
0.649717748165
0.648198127747
0.642290949821
0.645883798599
0.650035858154
0.650059819221
0.656260550022
0.643255412579
0.643518507481
0.647171974182
0.652755498886
0.645790815353
0.65070861578
0.645559251308
0.641925871372
0.649425387383
0.646270692348
0.643107175827
0.655560314655
0.649901509285
0.638529658318
0.648982346058
0.638810932636
0.647514998913
0.639995872974
0.635051429272
0.644055604935
0.655574321747
0.641701996326
0.657179951668
0.641507089138
0.647052645683
0.636984467506
0.652918577194
0.645847320557
0.636708199978
0.635887265205
0.641080379486
0.644631266594
0.638604819775
0.63785725832
0.639597833157
0.634694159031
0.638304054737
0.639939248562
0.64169549942
0.636656522751
0.642784774303
0.632860004902
0.637508690357
0.629569172859
0.636611223221
0.630098938942
0.634567856789
0.639379680157
0.630969285965
0.629474759102
0.633738100529
0.638445675373
0.628758788109
0.626789808273
0.63809722662
0.643773376942
0.632800877094
0.635496735573
0.655967175961
0.638690173626
0.639012336731
0.633019328117
0.632915377617
0.62333714962
0.63479745388
0.629792094231
0.639539420605
0.631952881813
0.635834932327
0.634774684906
0.637778878212
0.641511797905
0.640119314194
0.632009267807
0.62772411108
0.63657283783
0.634553194046
0.632252633572
0.633312404156
0.623198270798
0.629196226597
0.617862701416
0.640516340733
0.630242466927
0.628258883953
0.633268177509
0.628325402737
0.63446366787
0.630019307137
0.631191790104
0.644346833229
0.634678542614
0.631921470165
0.623960077763
0.621248245239
0.628726184368
0.628758430481
0.629769682884
0.624397218227
0.619998991489
0.624256789684
0.627194941044
0.639625191689
0.622539460659
0.634303927422
0.624731659889
0.616034507751
0.635611474514
0.628887176514
0.625749111176
0.625983417034
0.62306958437
0.617285609245
0.630580186844
0.632627606392
0.620369076729
0.626194953918
0.629208445549
0.616962015629
0.621790111065
0.632104337215
0.618959307671
0.626916944981
0.627496421337
0.62062472105
0.620825946331
0.614821732044
0.62077909708
0.615598142147
0.607179224491
0.62451416254
0.625884056091
0.615863382816
0.61905258894
0.62603521347
0.636198997498
0.613965451717
0.631687223911
0.626391291618
0.62221878767
0.626977086067
0.627362012863
0.619909286499
0.620990455151
0.633582413197
0.603749811649
0.628291130066
0.622367799282
0.61055368185
0.604430794716
0.617187917233
0.637174725533
0.613236129284
0.620828151703
0.614652514458
0.606873810291
0.6088129282
0.610522627831
0.6275203228
0.616785168648
0.627636253834
0.622585296631
0.61426615715
0.616411089897
0.625694155693
0.612362802029
0.612139880657
0.623323261738
0.613930583
0.614194214344
0.633332490921
0.590891718864
0.599107086658
0.610753774643
0.635658800602
0.615795612335
0.611954391003
0.605188131332
0.611071646214
0.613850295544
0.620786547661
0.615416228771
0.614592909813
0.617098808289
0.623211681843
0.597593307495
0.626271784306
0.624311029911
0.621944665909
0.613563597202
0.612447023392
0.627090990543
0.624299407005
0.620814323425
0.606198430061
0.600190222263
0.618612170219
0.603987812996
0.606965065002
0.616888284683
0.597287237644
0.616433739662
0.611216902733
0.60326385498
0.618876099586
0.607258200645
0.597571492195
0.624429106712
0.601844727993
0.610087931156
0.595732688904
0.614406108856
0.601396620274
0.616467297077
0.620355665684
0.6060577631
0.612084686756
0.604430198669
0.595127820969
0.59789532423
0.60656940937
0.617193520069
0.604414999485
0.595194816589
0.621152997017
0.609126150608
0.601954758167
0.601239442825
0.605139732361
0.606758654118
0.607861578465
0.585595309734
0.607913255692
0.61182397604
0.611762344837
0.600876510143
0.60758382082
0.599646866322
0.609691739082
0.610422790051
0.599865496159
0.598100602627
0.601681053638
0.602552592754
0.607585608959
0.594959437847
0.59752368927
0.597917675972
0.604720592499
0.594679534435
0.605501532555
0.615376412868
0.597971558571
0.611770927906
0.628631472588
0.601968765259
0.615448772907
0.605033218861
0.595810472965
0.598907232285
0.603781402111
0.605855822563
0.617228090763
0.595582664013
0.606678187847
0.606972754002
0.599058270454
0.605876922607
0.611721277237
0.604602217674
0.605711102486
0.609767317772
0.606823444366
0.594236791134
0.593788981438
0.599912941456
0.608268499374
0.595239460468
0.600798070431
0.586012244225
0.624451637268
0.589372873306
0.62010127306
0.619169831276
0.599936902523
0.599610924721
0.599517941475
0.597370624542
0.595457673073
0.611687719822
0.60019081831
0.599513709545
0.587711036205
0.60355758667
0.593942940235
0.601015925407
0.603705406189
0.604448080063
0.626203119755
0.589594781399
0.583488106728
0.614034891129
0.616128742695
0.602064728737
0.598884940147
0.591479957104
0.60340487957
0.610712051392
0.612242341042
0.599427819252
0.604481518269
0.596045255661
0.598452448845
0.595821321011
0.597134709358
0.616994857788
0.614398181438
0.591327250004
0.610656321049
0.608699023724
0.601213097572
0.591239213943
0.613224029541
0.605681657791
0.595172286034
0.597907781601
0.583479940891
0.612220227718
0.592426002026
0.5996311903
0.601857304573
0.589144051075
0.607826590538
0.591577887535
0.597484409809
0.59870672226
0.605779409409
0.598526477814
0.603527843952
0.585256457329
0.587519109249
0.580265641212
0.597185730934
0.602423965931
0.587173879147
0.585664451122
0.606810510159
0.599187910557
0.607487142086
0.586829602718
0.580580532551
0.61975902319
0.587764024734
0.584998965263
0.589430749416
0.597257196903
0.604739129543
0.595929086208
0.609581291676
0.57746309042
0.604703009129
0.577652931213
0.578816711903
0.584276020527
0.591827511787
0.59181535244
0.58425372839
0.581101238728
0.612139344215
0.583970487118
0.597975254059
0.591845393181
0.589606285095
0.58428889513
0.594278693199
0.593215405941
0.587557256222
0.58826649189
0.588096141815
0.57121360302
0.570249199867
0.604367852211
0.599243819714
0.614812612534
0.594926476479
0.591565787792
0.593992233276
0.583113849163
0.590832650661
0.582294762135
0.587032496929
0.601801931858
0.592790901661
0.591553688049
0.58965742588
0.578268110752
0.582811236382
0.595682382584
0.585522592068
0.597294032574
0.590636253357
0.586761593819
0.596315860748
0.590750992298
0.580248475075
0.599759757519
0.600482881069
0.597749352455
0.5696439147
0.590707421303
0.583975553513
0.585070073605
0.593481600285
0.591663360596
0.583510100842
0.578258514404
0.600318193436
0.587352335453
0.581217646599
0.596209168434
0.583054244518
0.585799574852
0.58488214016
0.581690728664
0.572756052017
0.603288054466
0.558437287807
0.581740319729
0.597868144512
0.594101369381
0.585367202759
0.576388061047
0.573751807213
0.577805578709
0.562659204006
0.56472158432
0.597298324108
0.579472005367
0.591267824173
0.598070383072
0.603834033012
0.574056684971
0.598336040974
0.594247162342
0.600059509277
0.57716602087
0.596214532852
0.588415920734
0.591937124729
0.565712749958
0.5879124403
0.583228647709
0.573442876339
0.584071338177
0.586304962635
0.573986589909
0.591015636921
0.573091447353
0.59333717823
0.574393749237
0.591732800007
0.597910165787
0.589196145535
0.586212694645
0.588164150715
0.573064804077
0.562128603458
0.588367938995
0.585709035397
0.582287847996
0.570254206657
0.58191126585
0.584719836712
0.59414678812
0.586373031139
0.596382915974
0.578614413738
0.577072143555
0.587721943855
0.605711102486
0.568530321121
0.576761186123
0.563447237015
0.581597626209
0.569448411465
0.56680136919
0.568444669247
0.585922598839
0.576625347137
0.587484955788
0.579423487186
0.585525870323
0.577998757362
0.585080087185
0.577423453331
0.568536102772
0.585205495358
0.569422602654
0.569298744202
0.583881258965
0.569972515106
0.58332234621
0.586695551872
0.578531861305
0.580661952496
0.577376067638
0.579477250576
0.565331816673
0.580822765827
0.58844101429
0.570265889168
0.590195715427
0.57062625885
0.580567657948
0.585217356682
0.561346650124
0.593583703041
0.57305842638
0.57292932272
0.586781024933
0.577874064445
0.571779429913
0.567331254482
0.576306462288
0.556118786335
0.570299863815
0.599524736404
0.581771850586
0.570474147797
0.578239798546
0.567426264286
0.578094244003
0.569740355015
0.559829652309
0.563922166824
0.571270704269
0.572749197483
0.587707340717
0.573001086712
0.564721822739
0.583491206169
0.579989671707
0.576303243637
0.580626010895
0.563182175159
0.560002267361
0.561472654343
0.583149671555
0.580584704876
0.588827431202
0.590642511845
0.566667437553
0.557507157326
0.572318196297
0.578606247902
0.575629353523
0.569587647915
0.580667734146
0.580364346504
0.558594107628
0.580981910229
0.569660186768
0.569004178047
0.595990180969
0.582687139511
0.589329838753
0.564769744873
0.587964773178
0.570661902428
0.581811308861
0.57336461544
0.586828887463
0.585404455662
0.566846072674
0.579553842545
0.571000039577
0.583465456963
0.597382545471
0.58716994524
0.581398546696
0.590193986893
0.575527966022
0.590240240097
0.580780386925
0.562888860703
0.588296592236
0.576234638691
0.582515001297
0.575481116772
0.58391225338
0.568025171757
0.572100222111
0.578751623631
0.556995213032
0.584663212299
0.577090740204
0.586130559444
0.565882742405
0.57228320837
0.568046033382
0.572742164135
0.587001442909
0.579754889011
0.576154053211
0.57942378521
0.555862665176
0.571903407574
0.550966739655
0.585952401161
0.554111480713
0.564297318459
0.562561631203
0.580926418304
0.571262419224
0.574374139309
0.574763536453
0.566315591335
0.584880232811
0.571208536625
0.566174983978
0.568140506744
0.583839595318
0.587804198265
0.563103377819
0.566487312317
0.606673955917
0.562085032463
0.568660974503
0.552287101746
0.567445933819
0.545673251152
0.57192248106
0.596846878529
0.585105478764
0.585534632206
0.578970491886
0.556603610516
0.596548259258
0.580304682255
0.58446586132
0.578198552132
0.584491014481
0.562545597553
0.579870283604
0.579904675484
0.562366783619
0.566741287708
0.558361470699
0.592929720879
0.567215144634
0.586480259895
0.591082215309
0.578633308411
0.570222854614
0.574953794479
0.591080069542
0.582601726055
0.562511384487
0.563596904278
0.58058911562
0.570172250271
0.581984698772
0.562926948071
0.575708806515
0.575649380684
0.579605102539
0.566478550434
0.569512486458
0.582274973392
0.566077291965
0.563818275928
0.585941672325
0.588603973389
0.567501306534
0.598287880421
0.574827611446
0.571655154228
0.579577326775
0.571231305599
0.576698660851
0.566261410713
0.568830370903
0.560660600662
0.574155807495
0.571278631687
0.601112067699
0.566323637962
0.568206369877
0.553498148918
0.57606947422
0.580251038074
0.590829253197
0.565071940422
0.555906891823
0.568535625935
0.568282961845
0.576698124409
0.55407255888
0.556020140648
0.575708806515
0.577015221119
0.572734832764
0.589521586895
0.562510192394
0.572281301022
0.579339087009
0.589991152287
0.581677615643
0.581403255463
0.572335422039
0.575555443764
0.570797264576
0.566073656082
0.582764685154
0.568143367767
0.575400769711
0.562139630318
0.579997718334
0.576373934746
0.583100795746
0.579514801502
0.579824924469
0.57076561451
0.566803991795
0.555831849575
0.590681374073
0.568442344666
0.571473002434
0.578836381435
0.558646738529
0.540893554688
0.571487486362
0.575124919415
0.576743304729
0.571038544178
0.563200116158
0.587115526199
0.564426600933
0.573580801487
0.560537993908
0.564756393433
0.556340575218
0.573093175888
0.575413823128
0.562953531742
0.563437402248
0.568818867207
0.596853256226
0.574344992638
0.56703299284
0.562821149826
0.570837974548
0.584526121616
0.579332470894
0.568749129772
0.562582671642
0.57995814085
0.587650716305
0.57343930006
0.589454293251
0.558911442757
0.548517286777
0.579438567162
0.583103656769
0.568532109261
0.580738484859
0.581997931004
0.563728094101
0.577573120594
0.579663395882
0.572760403156
0.571512460709
0.573092162609
0.575306653976
0.576200127602
0.57448142767
