0.690967738628
0.688434064388
0.68469107151
0.679053008556
0.670150458813
0.662083089352
0.650704801083
0.634298205376
0.627912580967
0.614841043949
0.602423548698
0.583236336708
0.592185199261
0.571111619473
0.552417159081
0.527679979801
0.518531322479
0.511685907841
0.502908706665
0.488663941622
0.472932010889
0.458812892437
0.444209843874
0.447324842215
0.456756293774
0.418333172798
0.455938130617
0.429048329592
0.428103476763
0.420644849539
0.427057117224
0.400956302881
0.409736216068
0.396370708942
0.390180975199
0.391566872597
0.395226985216
0.380504101515
0.387441575527
0.363632202148
0.361774682999
0.378047972918
0.35033389926
0.366027355194
0.354745477438
0.344287931919
0.3583073318
0.349495351315
0.349371820688
0.349414050579
0.3393253088
0.308401554823
0.320203244686
0.34848549962
0.322884559631
0.316716969013
0.337588459253
0.317762285471
0.319239616394
0.307080954313
0.320140659809
0.311093151569
0.313212782145
0.311548501253
0.318713784218
0.308744966984
0.307873666286
0.299432903528
0.293039768934
0.298680186272
0.30680513382
0.311534374952
0.329108566046
0.291087687016
0.29038721323
0.295409083366
0.28903105855
0.288567334414
0.300905317068
0.292079895735
0.297922372818
0.287425160408
0.286007881165
0.288139790297
0.28292298317
0.282429546118
0.273616850376
0.274715095758
0.277412593365
0.276525855064
0.28517472744
0.282518386841
0.269427329302
0.263291269541
0.265530377626
0.267184138298
0.268252402544
0.273338675499
0.272994369268
0.276778072119
0.264330714941
0.265531748533
0.264188468456
0.291055232286
0.259300351143
0.258703678846
0.273396193981
0.263211995363
0.281682014465
0.268972814083
0.255881309509
0.258663058281
0.24889305234
0.257781028748
0.253669053316
0.250404953957
0.244939744473
0.261420190334
0.257279336452
0.25056964159
0.24485220015
0.291297852993
0.259650707245
0.24931794405
0.240951061249
0.253667742014
0.255406618118
0.248179361224
0.253975778818
0.246908441186
0.242241561413
0.247911512852
0.240493744612
0.240378558636
0.251757472754
0.239821389318
0.23502767086
0.252204746008
0.239409431815
0.295300364494
0.255553722382
0.240137293935
0.251154482365
0.239697679877
0.233350709081
0.241662785411
0.241376370192
0.23357847333
0.247607678175
0.243377432227
0.236431822181
0.228888347745
0.232034429908
0.225653991103
0.236118674278
0.228879734874
0.235259324312
0.247617408633
0.231595814228
0.24386818707
0.254710048437
0.225740596652
0.24390552938
0.236965537071
0.235220596194
0.235265612602
0.234514579177
0.23098424077
0.231562301517
0.230277687311
0.228335663676
0.233932942152
0.23127374053
0.224059537053
0.228606283665
0.219797551632
0.240388512611
0.219359979033
0.234486505389
0.231755942106
0.215808436275
0.222106963396
0.223764911294
0.230425462127
0.242325082421
0.239459842443
0.212690144777
0.214736461639
0.212333574891
0.231987833977
0.211623311043
0.213467344642
0.212532475591
0.207032293081
0.215640932322
0.214451596141
0.213376149535
0.221625581384
0.21928037703
0.204520881176
0.221379876137
0.216130182147
0.205455839634
0.207658275962
0.205874592066
0.210553616285
0.205442398787
0.204819351435
0.211677178741
0.208569258451
0.209582835436
0.213077843189
0.201818436384
0.200056955218
0.198568850756
0.204137176275
0.198500961065
0.204282641411
0.21801994741
0.206832334399
0.206708878279
0.195453166962
0.197882562876
0.194759219885
0.196024507284
0.199690431356
0.188399419188
0.194974422455
0.187798991799
0.189707860351
0.195033147931
0.191660106182
0.186520278454
0.185993552208
0.187452942133
0.184831500053
0.192051380873
0.195509448647
0.183834001422
0.188922300935
0.183217272162
0.18866315484
0.187818467617
0.185055360198
0.182373717427
0.19748391211
0.202133789659
0.185739725828
0.183798268437
0.185379356146
0.182375445962
0.189197450876
0.190938219428
0.186862930655
0.177489489317
0.195125713944
0.176959395409
0.178096175194
0.178972363472
0.20296677947
0.175968706608
0.185843750834
0.180654466152
0.17883272469
0.176499292254
0.17373791337
0.173649340868
0.173160016537
0.17245298624
0.172466292977
0.181800633669
0.181936904788
0.179384291172
0.177609249949
0.173967316747
0.178620234132
0.170063555241
0.17036806047
0.176929011941
0.17502951622
0.169694513083
0.171628326178
0.167888879776
0.167443469167
0.167646735907
0.180658742785
0.166994571686
0.165975004435
0.172217428684
0.165559381247
0.164881885052
0.166507780552
0.166765123606
0.165413782001
0.170580819249
0.165682464838
0.170020759106
0.168444529176
0.173273846507
0.163563579321
0.161965981126
0.161921471357
0.161748379469
0.161001175642
0.162647336721
0.164988487959
0.159843429923
0.161512255669
0.162477701902
0.160806491971
0.158489525318
0.158325195312
0.176618695259
0.160135284066
0.171007215977
0.159297883511
0.159452602267
0.165833294392
0.159578949213
0.155738860369
0.157222598791
0.156449779868
0.155080959201
0.157579153776
0.162883862853
0.167489647865
0.157460302114
0.154602736235
0.158398598433
0.152718856931
0.152430966496
0.157313644886
0.154060989618
0.162960931659
0.152360454202
0.151414737105
0.151088327169
0.152114108205
0.156462043524
0.149945676327
0.149468302727
0.149389222264
0.148895978928
0.160203546286
0.149224087596
0.157203361392
0.147760003805
0.147478953004
0.147236868739
0.152309313416
0.146787598729
0.147199720144
0.150869458914
0.146050974727
0.146532952785
0.153546154499
0.145261630416
0.144747957587
0.14462967217
0.153604596853
0.147405296564
0.143903553486
0.195308551192
0.143121674657
0.142919495702
0.142659708858
0.143669217825
0.148858740926
0.14376732707
0.1428193748
0.159040868282
0.143441095948
0.140943795443
0.145224541426
0.148094981909
0.140786916018
0.143796041608
0.140057891607
0.143262669444
0.139787122607
0.139394551516
0.140747725964
0.138475731015
0.138042092323
0.138125747442
0.145421251655
0.16375336051
0.137121886015
0.14415808022
0.142779320478
0.136949524283
0.137334570289
0.13940988481
0.13959749043
0.135883495212
0.14212192595
0.134890675545
0.141272738576
0.134927883744
0.135105982423
0.135691717267
0.148915931582
0.133392229676
0.133212313056
0.132794335485
0.132587328553
0.140572056174
0.132100075483
0.132491186261
0.131704211235
0.138310238719
0.131277427077
0.130974039435
0.132565110922
0.132664039731
0.153727039695
0.130789011717
0.13751129806
0.146395742893
0.129677027464
0.137359336019
0.131785660982
0.130782052875
0.128510996699
0.128423675895
0.128135070205
0.130277112126
0.140069529414
0.149556353688
0.127286374569
0.129589617252
0.128321528435
0.127683579922
0.133350923657
0.127064734697
0.132677540183
0.142555683851
0.127155780792
0.127688676119
0.12506210804
0.131695628166
0.144838348031
0.124663859606
0.124659709632
0.128229826689
0.131739452481
0.123596154153
0.153356418014
0.130318894982
0.123054541647
0.122639857233
0.123165763915
0.123552538455
0.12257733196
0.121793404222
0.123395033181
0.121532551944
0.121976554394
0.121255122125
0.120847113431
0.138274013996
0.120389409363
0.120833791792
0.127671957016
0.127205386758
0.119595840573
0.125666931272
0.120444640517
0.127367526293
0.126101523638
0.119478210807
0.118577070534
0.118815921247
0.119038999081
0.125204876065
0.117601834238
0.118189640343
0.117291204631
0.125363886356
0.117138162255
0.116630107164
0.1173222363
0.116330601275
0.116493597627
0.116067633033
0.115684099495
0.115718469024
0.115304037929
0.115146361291
0.114903904498
0.125613316894
0.115154981613
0.114575080574
0.114215902984
0.114106446505
0.114520467818
0.113626934588
0.116470113397
0.113390371203
0.11379250139
0.113144233823
0.112769037485
0.112535960972
0.113335900009
0.11240106076
0.111951373518
0.111867375672
0.112937889993
0.11242428422
0.116868272424
0.114619262516
0.112447634339
0.136927217245
0.115224808455
0.110346764326
0.111157670617
0.112934485078
0.110390715301
0.110779181123
0.110468633473
0.130838811398
0.109458446503
0.110898181796
0.108878083527
0.115342728794
0.108620636165
0.109547272325
0.109676964581
0.114630036056
0.116097800434
0.108542710543
0.114485584199
0.107611998916
0.115586832166
0.111740760505
0.125120073557
0.106817811728
0.106849074364
0.107433505356
0.106996484101
0.106425575912
0.105817534029
0.106583736837
0.107320509851
0.111492492259
0.106644876301
0.122570008039
0.106485679746
0.105093605816
0.104579240084
0.104497350752
0.104907728732
0.110376141965
0.103880405426
0.113581940532
0.11654214561
0.103536225855
0.103362262249
0.113700956106
0.103643871844
0.103780120611
0.10301963985
0.102893039584
0.110581092536
0.103015974164
0.102132767439
0.111581906676
0.101832486689
0.10217282176
0.101429820061
0.102201640606
0.112183615565
0.102701030672
0.102353610098
0.100796312094
0.120182000101
0.108812570572
0.100645788014
0.100342310965
0.101236142218
0.0997624471784
0.103004470468
0.116837851703
0.099389873445
0.103366322815
0.0991989150643
0.100032381713
0.0992097258568
0.106954187155
0.099807202816
0.110363334417
0.105616152287
0.0985622033477
0.0980695411563
0.101221673191
0.0978291779757
0.099409557879
0.100647076964
0.0985745191574
0.0970577225089
0.100419171154
0.0968843623996
0.0965819954872
0.0971288010478
0.0962987169623
0.096134275198
0.0976328849792
0.0968177989125
0.119032792747
0.0956461429596
0.0985628068447
0.0979001298547
0.110477343202
0.0983159914613
0.0962317660451
0.0964572131634
0.0946845114231
0.094497486949
0.0946378931403
0.100273020566
0.0941047817469
0.108507081866
0.0939878150821
0.0938422381878
0.101028427482
0.0973587036133
0.0936605855823
0.0931916609406
0.0931228846312
0.0930347517133
0.0928549990058
0.102203167975
0.0933602899313
0.0925851985812
0.101455397904
0.108127906919
0.09265807271
0.0920215174556
0.0921669378877
0.0943734273314
0.0917436927557
0.0913732945919
0.100039839745
0.0911050364375
0.0909739807248
0.0908404663205
0.0907410383224
0.0908502340317
0.0907837077975
0.0934591367841
0.0902246832848
0.098759740591
0.0900786966085
0.0898952409625
0.0902381464839
0.0896045416594
0.0895155370235
0.0913688018918
0.0893871709704
0.0899435207248
0.0890938937664
0.0889119952917
0.0892316102982
0.0851051732898
0.0885338038206
0.0883878171444
0.0891707316041
0.0881650075316
0.0880473181605
0.088144376874
0.0891211554408
0.0846716538072
0.0878730937839
0.087453275919
0.0893806144595
0.0826896876097
0.0797906294465
0.0863368213177
0.0780013278127
0.0780443921685
0.0778624713421
0.0777820572257
0.0774836912751
0.0778100639582
0.0774475932121
0.0773229151964
0.0793556198478
0.0775462314487
0.0767188891768
0.076803535223
0.0861002653837
0.076627291739
0.0787355527282
0.0761776044965
0.0783698111773
0.0792281329632
0.0847861096263
0.0756458640099
0.0775601118803
0.0753432363272
0.075269497931
0.075080126524
0.0789385437965
0.0804767534137
0.0747189149261
0.0755241885781
0.0744782537222
0.0743787512183
0.0747373700142
0.083826251328
0.0740155130625
0.0796980783343
0.0739906802773
0.0737028419971
0.0738666951656
0.0735054910183
0.0732934325933
0.078239813447
0.0731908902526
0.0731554925442
0.0731339454651
0.0738350600004
0.0746214166284
0.0728532448411
0.072446346283
0.0737264528871
0.0721129998565
0.0719778686762
0.0993362441659
0.0789906606078
0.0721996426582
0.0715013518929
0.0713975951076
0.0712786987424
0.0818736031651
0.0710536986589
0.0736711025238
0.0709789171815
0.0722743272781
0.0781082361937
0.0727181509137
0.0812895074487
0.0706945434213
0.0802790299058
0.0711194574833
0.0773837044835
0.0787113457918
0.0699877589941
0.070104688406
0.06952586025
0.0696662887931
0.0709604099393
0.0714381039143
0.0697828456759
0.068999171257
0.0731322467327
0.0692485719919
0.0694323256612
0.0686094909906
0.0683827847242
0.072524651885
0.0681622102857
0.0681239590049
0.0683677792549
0.0678393691778
0.0677947327495
0.0677942112088
0.0675248876214
0.0677392110229
0.0723686143756
0.0696228221059
0.0671105384827
0.0670015960932
0.066883765161
0.0668526515365
0.0666757822037
0.0666220411658
0.0682756453753
0.0664108470082
0.0662609785795
0.0807158946991
0.0660505965352
0.0660100355744
0.0658724308014
0.0658091828227
0.0656952261925
0.0655830651522
0.0675502717495
0.0663787350059
0.0652889236808
0.0652153939009
0.0652464032173
0.0651492998004
0.0747335031629
0.0680595263839
0.0646870955825
0.0655610561371
0.0644680038095
0.0643543601036
0.064278177917
0.0650007352233
0.0641342923045
0.0639719441533
0.0638846158981
0.064571224153
0.0636686235666
0.0636026486754
0.0726785138249
0.0636974349618
0.0636785402894
0.0631584376097
0.0632678940892
0.0629646480083
0.0628791451454
0.0665744692087
0.062690295279
0.074415050447
0.0627779141068
0.0623982958496
0.0628033056855
0.0622701495886
0.0621835663915
0.0620181746781
0.0619247071445
0.0618285723031
0.0617564022541
0.0623382180929
0.0629348903894
0.0615356899798
0.0615033321083
0.0612728856504
0.0612655840814
0.0652459710836
0.0709891244769
0.0609289035201
0.0608131513
0.0607271939516
0.0606384202838
0.0610668361187
0.0604505389929
0.083829022944
0.0602752789855
0.0603020824492
0.0601448342204
0.0603222958744
0.0655072629452
0.0598433054984
0.0705007836223
0.0596486590803
0.0720865353942
0.05997659266
0.0596464946866
0.0622833296657
0.0643934831023
0.059599481523
0.0590758733451
0.0589635260403
0.0591142438352
0.0587743148208
0.0588974058628
0.058603759855
0.0591725111008
0.066093929112
0.0593074522913
0.0583661571145
0.0582500956953
0.0590182431042
0.0580291487277
0.0579249113798
0.068696193397
0.0581014677882
0.0576987192035
0.0575980767608
0.0776267573237
0.0677371621132
0.0574330575764
0.0572702549398
0.067423209548
0.0570974946022
0.0776223912835
0.0768633782864
0.0757128074765
0.0581594482064
0.0692982003093
0.0773717537522
0.0719792246819
0.0888084620237
0.0764576047659
0.0563516095281
0.0581273324788
0.0798476338387
0.0562893562019
0.0561451986432
0.0715824812651
0.0713022127748
0.0667345151305
0.0564536042511
0.0592483319342
0.0875807628036
0.0887471362948
0.0555032230914
0.0558357201517
0.0630943030119
0.0757534280419
0.0556695051491
0.0621464513242
0.0643979609013
0.0553416609764
0.0574683882296
0.0759285986423
0.0620828680694
0.066879697144
0.054570324719
0.0546466596425
0.0546233095229
0.0549116842449
0.0549611449242
0.0577565804124
0.0565050542355
0.0543806478381
0.0605970136821
0.0586084797978
0.0612750835717
0.0571900978684
0.0539343468845
0.0570880621672
0.053419765085
0.0533322878182
0.0542364157736
0.0659672692418
0.0530892424285
0.0554878525436
0.0530676916242
0.0531038828194
0.0533260256052
0.0527525171638
0.053114771843
0.055633097887
0.0595413409173
0.0524172522128
0.0523289106786
0.0522868447006
0.0525279082358
0.053837902844
0.0769153833389
0.0519743412733
0.0519133582711
0.0522708147764
0.0525696650147
0.0593585148454
0.0518264174461
0.0520821921527
0.0525563322008
0.0627025440335
0.0572834983468
0.0561572685838
0.0568473860621
0.0513468384743
0.0515842065215
0.0512104742229
0.0540272146463
0.0517091155052
0.0509116835892
0.050961162895
0.0584414042532
0.052293587476
0.0509053021669
0.0519071854651
0.0513315275311
0.0513278506696
0.050835698843
0.0508349053562
0.0528650991619
0.0538550764322
0.0508490204811
0.0510383322835
0.051224488765
0.0555048026145
0.0507736578584
0.052115611732
0.0510156154633
0.0509138330817
0.0508839972317
0.0507664903998
0.051543649286
0.0507940277457
0.0508391670883
0.0507285967469
0.050962690264
0.050710991025
0.0507748685777
0.0506828390062
0.0508390814066
0.0506725870073
0.0507389344275
0.0506921075284
0.0541551746428
0.0511035658419
0.0506323091686
0.050629992038
0.0535899661481
0.050602093339
0.050687879324
0.0513779260218
0.0506122298539
0.0506104715168
0.0511949211359
0.0505807138979
0.0506757125258
0.0505589917302
0.0513153076172
0.057316608727
0.0515767298639
0.0506858043373
0.0522801205516
0.0506824217737
0.0505408234894
0.05097059533
0.0506132356822
0.0537347272038
0.0522643104196
0.0504691340029
0.0504575222731
0.0504489429295
0.0509957149625
0.0504555217922
0.0506203994155
0.0577496923506
0.0515770129859
0.0504156686366
0.0504764094949
0.0507512763143
0.0508724600077
0.0504854544997
0.0503762699664
0.0504972934723
0.0503695681691
0.0503668822348
0.0503435358405
0.0503594763577
0.0504816137254
0.0503153763711
0.0503346808255
0.0514766164124
0.05048520118
0.0511858910322
0.0503467917442
0.0503273010254
0.0502864196897
0.0523071065545
0.0503129810095
0.0502978861332
0.0502595566213
0.050350587815
0.0505821704865
0.0502216815948
0.0503227896988
0.0502779893577
0.0540184937418
0.0502157360315
0.0568767935038
0.0501748993993
0.050524905324
0.0506299883127
0.0502849854529
0.0507984161377
0.0503268353641
0.050147537142
0.0507393442094
0.0541048869491
0.0501490905881
0.0501187480986
0.0506416074932
0.0501099154353
0.0501219108701
0.0500634461641
0.0500628016889
0.0500835217535
0.0500675626099
0.0501673780382
0.0500281602144
0.050255779177
0.0502820499241
0.0500197336078
0.0500399321318
0.0500064119697
0.0499840416014
0.0500876307487
0.0499933287501
0.0558624453843
0.0499825812876
0.0499587357044
0.0499852858484
0.0499574393034
0.0499329902232
0.0499934889376
0.05006743595
0.0499081127346
0.0504769310355
0.0500506423414
0.0498840883374
0.0499621406198
0.0498702339828
0.0499137118459
0.0499820336699
0.0500264763832
0.0500968657434
0.0519803389907
0.0498420745134
0.0528125204146
0.0498657599092
0.0498548150063
0.0498850792646
0.0562896095216
0.0497859194875
0.0498845167458
0.0498347021639
0.0498353987932
0.0497555881739
0.0497994460166
0.0497473366559
0.0497450940311
0.0497337803245
0.0500005669892
0.049721904099
0.0497329942882
0.0496994294226
0.0496862642467
0.0510954633355
0.049710996449
0.0496913641691
0.0496596097946
0.0496582500637
0.0499696955085
0.0499692969024
0.0503280907869
0.0496240928769
0.0496486909688
0.049619153142
0.0577305853367
0.0496100187302
0.0495821796358
0.0509215928614
0.0495656095445
0.0496843494475
0.049578409642
0.049608964473
0.0495495572686
0.0495403259993
0.0495546981692
0.0495227985084
0.0495119057596
0.0495113730431
0.049775287509
0.0497570224106
0.0495182462037
0.0495287626982
0.0497830510139
0.0495031364262
0.049458861351
0.0494660809636
0.049432117492
0.0494277589023
0.0494162365794
0.049423430115
0.0494406893849
0.0494345501065
0.0494193285704
0.0493819341063
0.049486503005
0.049852129072
0.0525010563433
0.0493595227599
0.0517494529486
0.0493406280875
0.0493521541357
0.0507309325039
0.0493182130158
0.0493205934763
0.0493072420359
0.0593165047467
0.049283824861
0.0492826886475
0.0492712520063
0.0497961863875
0.0493977442384
0.0492542907596
0.0492494739592
0.0498380474746
0.049224447459
0.087295897305
0.0492115654051
0.0492556393147
0.0492970086634
0.0491889119148
0.0491962879896
0.05087248981
0.0493900477886
0.0491921976209
0.0491514764726
