0.718803882599
0.720192015171
0.714673876762
0.712673902512
0.718227624893
0.717322945595
0.71001291275
0.706124186516
0.707411170006
0.700782716274
0.708077311516
0.70801794529
0.703408002853
0.700315892696
0.698336422443
0.694055914879
0.694446265697
0.693642616272
0.692065417767
0.688863813877
0.686942219734
0.688026547432
0.691814124584
0.688709378242
0.682964503765
0.677648484707
0.684074342251
0.674976468086
0.678792655468
0.67229616642
0.673788547516
0.678413450718
0.671345949173
0.678070127964
0.675230443478
0.666985690594
0.666697263718
0.669850707054
0.670659661293
0.66696614027
0.663250565529
0.668902277946
0.664785265923
0.658318638802
0.652857661247
0.665010392666
0.662826657295
0.657659590244
0.656285405159
0.652101099491
0.654645442963
0.652967512608
0.65171033144
0.648687601089
0.652905702591
0.655811309814
0.645489633083
0.64702630043
0.647943437099
0.647132515907
0.651712179184
0.644305586815
0.650049746037
0.64444065094
0.637573122978
0.634467720985
0.642094314098
0.632745683193
0.636570990086
0.636969804764
0.628458440304
0.628833174706
0.637603700161
0.623692929745
0.631032645702
0.627701461315
0.624641537666
0.623139858246
0.621679961681
0.622217416763
0.620001673698
0.623153030872
0.623294115067
0.616855144501
0.619014263153
0.61577886343
0.617375910282
0.616572141647
0.61438447237
0.609535038471
0.615435540676
0.618219614029
0.603304088116
0.607494652271
0.614456772804
0.601080179214
0.599686861038
0.598338484764
0.604704082012
0.600413858891
0.600751817226
0.596796870232
0.594362199306
0.600289165974
0.595366954803
0.599344730377
0.599121630192
0.591827452183
0.602150738239
0.583719491959
0.59374910593
0.585719347
0.597355186939
0.590324163437
0.588130533695
0.590254485607
0.59473413229
0.587654531002
0.585421979427
0.577814161777
0.584357321262
0.586327552795
0.581411957741
0.578015387058
0.574646234512
0.571722328663
0.564690589905
0.5768481493
0.56727039814
0.571449935436
0.569004356861
0.567711532116
0.569033741951
0.567467451096
0.567943692207
0.565424144268
0.565217792988
0.574368834496
0.566308319569
0.557426989079
0.561536550522
0.553086876869
0.553451418877
0.550438761711
0.552680909634
0.559593677521
0.54304176569
0.548957943916
0.546787440777
0.563669204712
0.546206951141
0.546403586864
0.545745670795
0.541668355465
0.54261726141
0.535158395767
0.544481277466
0.545946538448
0.546667158604
0.54704862833
0.543550312519
0.543358206749
0.535266697407
0.531894505024
0.538741230965
0.53878235817
0.538897037506
0.533034563065
0.531092822552
0.530365824699
0.53495579958
0.526715219021
0.52927583456
0.522693634033
0.516975164413
0.51714515686
0.513210117817
0.524567782879
0.518803536892
0.517804205418
0.50975638628
0.515990555286
0.502286016941
0.511677145958
0.506828188896
0.510537922382
0.512817621231
0.51639521122
0.50640720129
0.509319186211
0.498369991779
0.506777644157
0.49666684866
0.500839650631
0.499340087175
0.487638741732
0.494904518127
0.494866579771
0.497905194759
0.475494742393
0.492670208216
0.489510178566
0.485495567322
0.48841303587
0.495439261198
0.479789614677
0.485554158688
0.493607968092
0.49543851614
0.48700428009
0.478116154671
0.488475710154
0.469005256891
0.482967942953
0.474579960108
0.478819310665
0.467412650585
0.474284768105
0.46860268712
0.460703194141
0.468527674675
0.463989466429
0.476536482573
0.463719815016
0.46115937829
0.467105329037
0.44868054986
0.470453441143
0.458578497171
0.444281071424
0.461843132973
0.457077652216
0.439624994993
0.455884605646
0.447896450758
0.450546383858
0.437520623207
0.447313398123
0.438617944717
0.436541050673
0.443163096905
0.443345218897
0.433649092913
0.441361278296
0.449688881636
0.428933680058
0.435617506504
0.446043610573
0.430202960968
0.439706712961
0.442452788353
0.436562597752
0.450845927
0.445786565542
0.430326074362
0.433099448681
0.44438624382
0.447454452515
0.428998619318
0.446216166019
0.442600488663
0.44220238924
0.437504053116
0.43244817853
0.440445095301
0.444871157408
0.445464789867
0.437483847141
0.4221611619
0.440659970045
0.430713713169
0.435894876719
0.416203022003
0.428090214729
0.439672470093
0.447559118271
0.44904717803
0.441092431545
0.434628814459
0.426730006933
0.430619329214
0.432284027338
0.422971695662
0.428302288055
0.424896031618
0.439219474792
0.433571755886
0.432179063559
0.443320721388
0.429707288742
0.43907147646
0.436552464962
0.432904243469
0.431592404842
0.432717978954
0.422320991755
0.432662695646
0.423379898071
0.441099375486
0.43983733654
