0.731290578842
0.708655953407
0.689314961433
0.673106789589
0.659003555775
0.646335482597
0.635384082794
0.625577747822
0.616592109203
0.608826160431
0.601638913155
0.594440221786
0.587573289871
0.580960929394
0.574480712414
0.568040251732
0.561264753342
0.554677844048
0.548138856888
0.542015731335
0.53608494997
0.530062556267
0.524202764034
0.518449187279
0.512765467167
0.507165789604
0.501824676991
0.496620476246
0.491426944733
0.486202478409
0.48097127676
0.475797712803
0.470634192228
0.465377986431
0.460149884224
0.455049842596
0.450146704912
0.445225536823
0.44038644433
0.435827761889
0.431361824274
0.426903069019
0.422616809607
0.418451994658
0.414323240519
0.410210907459
0.406250953674
0.402230620384
0.398218601942
0.394308179617
0.390344798565
0.386308580637
0.382305681705
0.37844529748
0.374596834183
0.37071660161
0.366940021515
0.363153010607
0.359379380941
0.355641543865
0.351917386055
0.348135054111
0.344355583191
0.340638011694
0.33706381917
0.333522468805
0.329868972301
0.326231360435
0.322520941496
0.318806022406
0.315139949322
0.311415553093
0.307501137257
0.303585916758
0.299682199955
0.295605868101
0.291520774364
0.287334263325
0.283131569624
0.278940409422
0.274876743555
0.270730167627
0.266651183367
0.2625823915
0.258306026459
0.253924757242
0.24973526597
0.245633363724
0.241579681635
0.237575903535
0.233705937862
0.229999989271
0.226322188973
0.222726806998
0.219243764877
0.215833231807
0.21245610714
0.209189027548
0.205925226212
0.202645927668
0.199334517121
0.196209341288
0.193255990744
0.190354719758
0.187479928136
0.184638977051
0.181842878461
0.17913390696
0.17632111907
0.173674464226
0.171136245131
0.168474853039
0.165760859847
0.163093820214
0.160550415516
0.157731026411
0.155003726482
0.152368426323
0.149784296751
0.147082060575
0.144336655736
0.141855046153
0.139428466558
0.136964291334
0.134588494897
0.132096201181
0.129554182291
0.127006903291
0.1244539693
0.121798716486
0.119098111987
0.116429641843
0.113927565515
0.111523531377
0.109163247049
0.106852352619
0.10446433723
0.10214022547
0.0998816341162
0.0975640714169
0.0953565239906
0.0932173877954
0.0912280082703
0.0891543999314
0.0870977044106
0.0851241499186
0.0832373425364
0.0814593210816
0.0797995850444
0.078193038702
0.0766071900725
0.0750690251589
0.0734886527061
0.0719942301512
0.0705328434706
0.0691127255559
0.0677252039313
0.0663756132126
0.0650810301304
0.0637818276882
0.0625892281532
0.0614148452878
0.0602571517229
0.0591221265495
0.0580441132188
0.0570471361279
0.0560330227017
0.0550715737045
0.0541371740401
0.0532345436513
0.0523348599672
0.0514884330332
0.0506503023207
0.0498183816671
0.0490463860333
0.0483037754893
0.0475628599524
0.0468322187662
0.0461126938462
0.0454161241651
0.0447408854961
0.0440684184432
0.0434097088873
0.0427635200322
0.0421223677695
0.0414795726538
0.0408850647509
0.0402563288808
0.0396810546517
0.0390927679837
0.0384801998734
0.037948731333
0.0373491384089
0.0367948263884
0.0362447462976
0.0356831811368
0.035143263638
0.034607116133
0.0340790115297
0.0335590466857
0.0330373607576
0.032531555742
0.0320368632674
0.0315564200282
0.0310747828335
0.0306020658463
0.030174953863
0.0297044403851
0.029269983992
0.0288414824754
0.0284291449934
0.0280104000121
0.0276148989797
0.0272245761007
0.0268565267324
0.0264860037714
0.0261266380548
0.0257793497294
0.0254447162151
0.0251205507666
0.0248102191836
0.0244927313179
0.024195542559
0.0239059198648
0.0236177761108
0.0233560074121
0.0230596084148
0.0227687414736
0.0224925521761
0.0222135987133
0.0219334550202
0.0216637235135
0.0214048661292
0.0211435649544
0.0208970606327
0.0206504650414
0.0204194765538
0.0201922059059
0.0199624989182
0.0197435151786
0.0195363052189
0.0193444918841
0.0191552899778
0.0189804714173
0.0188409779221
0.0187342651188
0.0186091661453
0.0184771064669
0.0183425731957
0.0182171594352
0.0181096252054
0.0179817825556
0.0178819596767
0.0177654214203
0.0176650322974
0.0175668038428
0.0174692459404
0.0173806454986
0.0172850321978
0.0171959884465
0.0171147789806
0.0170296765864
0.0169480443001
0.0168653335422
0.0167994517833
0.0167209729552
0.0166444573551
0.0165772307664
0.0164990387857
0.0164355896413
0.016374764964
0.0163098219782
0.0162359569222
0.0161736663431
0.0161172002554
0.0160600729287
0.0160029511899
0.0159454382956
0.0158898551017
0.0158378500491
0.0157855153084
0.0157341472805
0.0156828332692
0.0156345348805
0.0155804287642
0.0155364172533
0.0154898976907
0.0154437460005
0.015402414836
0.0153603823856
0.0153176533058
0.0152737069875
0.0152345923707
0.0152007825673
0.0151577051729
0.0151316178963
0.0150887044147
0.0150506170467
0.0150173744187
0.0149761652574
