0.731742203236
0.697060167789
0.679390072823
0.671465039253
0.66410946846
0.651848495007
0.650775015354
0.641466140747
0.636111080647
0.626519799232
0.621619880199
0.618074953556
0.609920203686
0.600198149681
0.596681773663
0.577982842922
0.578031718731
0.565879404545
0.557486653328
0.556660115719
0.548427581787
0.53655320406
0.538275897503
0.531860232353
0.531987786293
0.521482527256
0.49720698595
0.485454946756
0.496196687222
0.49361795187
0.48512506485
0.478663831949
0.475018769503
0.454764991999
0.46536886692
0.455176413059
0.451497673988
0.448303043842
0.418478250504
0.422252446413
0.39825373888
0.410672545433
0.410754978657
0.416751801968
0.409758478403
0.407708823681
0.390271514654
0.38956657052
0.380935013294
0.337533354759
0.370819419622
0.364984154701
0.347350716591
0.358292818069
0.388891428709
0.339223355055
0.340188264847
0.324317961931
0.325961589813
0.332862436771
0.336077213287
0.320491433144
0.296397686005
0.323850244284
0.307714402676
0.306428134441
0.309639513493
0.308827400208
0.273877769709
0.318059295416
0.326873630285
0.312642723322
0.299918800592
0.298578202724
0.281563103199
0.305653423071
0.282401293516
0.290244400501
0.273582905531
0.254338860512
0.279965847731
0.245622843504
0.241486340761
0.24414306879
0.21419967711
0.212897360325
0.213963627815
0.22177387774
0.209806099534
0.226690262556
0.248908191919
0.194029733539
0.215316668153
0.197599127889
0.180678844452
0.174343019724
0.1891387254
0.194169089198
0.171245828271
0.220966175199
0.197948098183
0.21991686523
0.167326435447
0.176835000515
0.169540643692
0.171390160918
0.199926838279
0.183080285788
0.180194348097
0.24816288054
0.16253259778
0.178475603461
0.175534322858
0.166763156652
0.200739145279
0.24088563025
0.178981989622
0.18640974164
0.204400733113
0.176414594054
0.169427379966
0.181128770113
0.17560736835
0.172146379948
0.191117480397
0.197171017528
0.172918066382
0.159984976053
0.269302964211
0.208881095052
0.176765695214
0.202377319336
0.196615412831
0.164038315415
0.232758834958
0.176230102777
0.222317785025
0.169375345111
0.181180253625
0.19602650404
0.256866186857
0.184069290757
0.179206177592
0.170741349459
0.149364978075
0.25082603097
0.18063120544
0.173168495297
0.177288070321
0.173528715968
0.179912209511
0.164189353585
0.207820415497
0.196454077959
0.25361764431
0.189145043492
0.161525204778
0.20087313652
0.157363817096
0.169584929943
0.215172410011
0.179651364684
0.158992439508
0.145351395011
0.236495092511
0.15661226213
0.205484718084
0.192715272307
0.142330080271
0.193643882871
0.186843425035
0.16030228138
0.173995867372
0.199344053864
0.198320150375
0.188720673323
0.188658699393
0.137794435024
0.173672452569
0.182834118605
0.22007599473
0.136415302753
0.176334634423
0.176285386086
0.165066048503
0.168605029583
0.179625943303
0.197135910392
0.21848167479
0.144315928221
0.148044675589
0.137098699808
0.161491543055
0.169399350882
0.13708755374
0.179995954037
0.142546728253
0.144880279899
0.16189172864
0.145620763302
0.14960077405
0.130477175117
0.134637847543
0.173186957836
0.161521658301
0.123082518578
0.157357856631
0.132873594761
0.171095833182
0.15283100307
0.138318568468
0.139718383551
0.140309154987
0.129004880786
0.133765891194
0.123161777854
0.167468592525
0.193426698446
0.129228621721
0.126166939735
0.138465672731
0.147805318236
0.143737897277
0.12960806489
0.164836376905
0.136550441384
0.172697901726
0.159322038293
0.125732734799
0.110820733011
0.130274444818
0.116055734456
0.119171820581
0.150446116924
0.121087275445
0.132821112871
0.116816826165
0.108306586742
0.129784673452
0.178651720285
0.182240381837
0.149870619178
0.151189550757
0.169166088104
0.196953937411
0.164188310504
0.112689301372
0.147791832685
0.135900020599
0.12731269002
0.157872274518
0.207518711686
0.123718596995
0.144643962383
0.133586794138
0.277769088745
0.0987644568086
0.106664948165
0.157886743546
0.147591412067
0.139793142676
0.109995901585
0.20496982336
0.148159429431
0.15080152452
0.168767496943
0.14177185297
0.146926909685
0.136076912284
0.209367260337
0.137003302574
0.169531702995
0.142744705081
0.160438030958
0.198544159532
0.124087497592
0.153498262167
0.178472414613
0.197799533606
0.104732826352
0.115552738309
0.187206551433
0.139477223158
0.152169451118
0.150868371129
0.119830586016
0.0876803323627
0.124630920589
0.120393969119
0.127565354109
0.127330049872
0.112111739814
0.141417488456
0.171176537871
0.104641497135
0.140294864774
0.131461650133
0.139546886086
0.104018121958
0.123152941465
0.21371024847
0.110701583326
0.0808232724667
0.101297311485
0.150038033724
0.107756994665
0.0822129994631
0.121090933681
0.122269235551
0.129893377423
0.125306606293
0.106309972703
0.145124003291
0.101269282401
0.132779940963
0.0858888179064
0.102500773966
0.128142401576
0.111420422792
0.101747319102
0.107192084193
0.122780919075
0.103346250951
0.094828851521
0.132946655154
0.11786172539
0.21619078517
0.107513301075
0.172002956271
0.122775182128
0.115095518529
0.105211257935
0.144527211785
0.08698746562
0.122724913061
0.122992612422
0.111832238734
0.108303330839
0.111802041531
0.132898271084
0.0758376270533
0.135205075145
0.0936628505588
0.0982848405838
0.093271844089
0.174984648824
0.0994121655822
0.0835245102644
0.138458609581
0.076279386878
0.16387835145
0.130141571164
0.0999050065875
0.127794027328
0.122938141227
0.106144636869
0.161735549569
0.0990497246385
0.116175860167
0.122697986662
0.113848432899
0.112527251244
0.0846315175295
0.13399669528
0.115380674601
0.108748756349
0.073606915772
0.0684272125363
0.0857118070126
0.135202765465
0.140591874719
0.0648101940751
0.141002625227
0.075759023428
0.0709260851145
0.0816726833582
0.138312369585
0.111322358251
0.0970682278275
0.0650689974427
0.0802276954055
0.0864803567529
0.162564426661
0.149829998612
0.0798307955265
0.109130777419
0.100720390677
0.13616733253
0.0842952057719
0.142359018326
0.0989318490028
0.105740495026
0.103727176785
0.108928643167
0.105725154281
0.156158879399
0.106824360788
0.0719409883022
0.10896153003
0.125921607018
0.0730575099587
0.109126135707
0.148637413979
0.10059864074
0.116445593536
0.0545779764652
0.0972529873252
0.104354344308
0.112420991063
0.0795347988605
0.0944392904639
0.0715535804629
0.0641418173909
0.0653237402439
0.0608515515924
0.102749802172
0.0806500539184
0.120806157589
0.125059992075
0.124642767012
0.0755008384585
0.0647853687406
0.0461700297892
0.156461536884
0.134147554636
0.116565480828
0.0994685217738
0.0725747048855
0.136537730694
0.103942163289
0.0781157761812
0.0935312062502
0.0996711850166
0.107709370553
0.0937931165099
0.0683009549975
0.0811681449413
0.0863832235336
0.0717263445258
0.0821466222405
0.0563968159258
0.0514123737812
0.101849354804
0.0559398569167
0.100594237447
0.129746034741
0.0783267170191
0.0628809705377
0.0895977094769
0.0893471688032
0.103201813996
0.08618080616
0.0628689229488
0.0842084214091
0.0840592011809
0.0641014948487
0.107661373913
0.102945916355
0.155079871416
0.133969694376
0.0687220394611
0.0942886248231
0.0795808956027
0.0956156551838
0.121674418449
0.101737961173
0.0722654685378
0.129826813936
0.0874106734991
0.0683281719685
0.0737380981445
0.101718366146
0.090683594346
0.087113879621
0.0550851002336
0.080102391541
0.0763140320778
0.094580553472
0.0518412254751
0.0600473619998
0.0689906477928
0.0796675309539
0.0883224084973
0.0753197669983
0.0786424279213
0.0618964210153
0.103308238089
0.0660655498505
0.0711535140872
0.125663906336
0.110684104264
0.0936140194535
0.0771442130208
0.0772567912936
0.11958655715
0.0726288333535
0.0812981575727
0.109764613211
0.0684896782041
0.0964962095022
