0.69408839941
0.692123651505
0.690473139286
0.688854396343
0.687307715416
0.68579429388
0.684350192547
0.682923555374
0.681509971619
0.680152952671
0.678839325905
0.677562594414
0.676317453384
0.675075411797
0.673790633678
0.672431707382
0.670979440212
0.669404506683
0.667691648006
0.665832519531
0.663823127747
0.661671757698
0.659375429153
0.65693295002
0.65434896946
0.651622891426
0.648756980896
0.645752966404
0.642612218857
0.639335215092
0.635923743248
0.632385551929
0.62871837616
0.624912381172
0.620967149734
0.61688297987
0.6130849123
0.609337925911
0.605274736881
0.600957155228
0.596473753452
0.591920435429
0.587343215942
0.582780063152
0.578158736229
0.573637783527
0.568864583969
0.563832700253
0.558876097202
0.554003179073
0.5490899086
0.544164657593
0.539165854454
0.534092247486
0.52897143364
0.523833930492
0.518694341183
0.513562321663
0.508486151695
0.503380537033
0.498293012381
0.49319177866
0.488111764193
0.483058661222
0.478021383286
0.473019897938
0.46804150939
0.463105261326
0.458210319281
0.453354239464
0.448553621769
0.443823158741
0.439336687326
0.434560865164
0.430030763149
0.425524830818
0.42105665803
0.416636407375
0.412267774343
0.407973736525
0.403741627932
0.399568587542
0.395484477282
0.39145976305
0.387507975101
0.383604705334
0.379745543003
0.375924766064
0.372137308121
0.368380695581
0.364655852318
0.360965847969
0.357315003872
0.353722393513
0.350199639797
0.346735835075
0.343302071095
0.339903473854
0.336533695459
0.333208978176
0.329945087433
0.326738834381
0.323590248823
0.320490270853
0.317426234484
0.314387649298
0.311426669359
0.308450698853
0.30559527874
0.302795439959
0.300002962351
0.297218382359
0.294509589672
0.291892558336
0.289299577475
0.286724835634
0.284183472395
0.281681001186
0.279204517603
0.276756644249
0.274342089891
0.271958559752
0.269632965326
0.26734316349
0.265087485313
0.262850016356
0.260633826256
0.258435368538
0.256261885166
0.254130274057
0.252022236586
0.249936789274
0.247877433896
0.245845779777
0.243835702538
0.24185167253
0.239889502525
0.237959086895
0.236040875316
0.234137281775
0.232259914279
0.230400919914
0.228574588895
0.226772904396
0.224984914064
0.22321356833
0.221455574036
0.219718530774
0.218012169003
0.21632565558
0.214647233486
0.212990760803
0.211353048682
0.209735795856
0.208137542009
0.206556513906
0.204980969429
0.203428074718
0.2019110322
0.200405716896
0.198912128806
0.19744040072
0.195976689458
0.194536343217
0.193122640252
0.191726431251
0.190338119864
0.188965439796
0.187609449029
0.186270371079
0.184947237372
0.183640182018
0.182341784239
0.181059345603
0.179793253541
0.17854782939
0.177325591445
0.176104277372
0.174889460206
0.173698410392
0.172501981258
0.171331584454
0.170166268945
0.169013023376
0.167871832848
0.166743353009
0.165617778897
0.164505317807
0.163411065936
0.162316262722
0.161238119006
0.160161107779
0.159100279212
0.158051535487
0.157010763884
0.155981421471
0.154970243573
0.15396694839
0.152973085642
0.151985377073
0.151008293033
0.150044068694
0.149096906185
0.148143902421
0.147208213806
0.146273508668
0.145344763994
0.1444362849
0.143523529172
0.142626240849
0.141731232405
0.140858054161
0.139977276325
0.139115408063
0.138252615929
0.137400090694
0.13655371964
0.135716482997
0.134893745184
0.1340790838
0.133264869452
0.13246627152
0.131663888693
0.130876749754
0.130095973611
0.129321798682
0.128549262881
0.127786129713
0.127029657364
0.126281052828
0.125540688634
0.124816969037
0.124086461961
0.12336692214
0.122653104365
0.121954075992
0.121250852942
0.120558314025
0.119879476726
0.119197666645
0.118533685803
0.117857657373
0.11719918251
0.116546809673
0.115898609161
0.115260191262
0.114613972604
0.113986067474
0.113354690373
0.112733997405
0.112117096782
0.111514657736
0.110898271203
0.110302902758
0.10971070081
0.109108671546
0.108528479934
0.107947997749
0.107359334826
0.106789723039
0.106217116117
0.105664841831
0.105108514428
0.104560688138
0.104017697275
0.103484272957
0.102945201099
0.102418377995
0.101886115968
0.101365357637
0.100850313902
0.100331149995
0.0998191982508
0.0993106067181
0.0988061204553
0.0983045101166
0.0978081673384
0.0973144173622
0.0968268290162
0.0963359922171
0.0958504751325
0.0953671187162
0.0948895812035
0.094419375062
0.0939406901598
0.0934950634837
0.0930072516203
0.0925590917468
0.0920937806368
0.091631770134
0.0911840498447
0.0907256305218
0.0902802199125
0.089833214879
0.0893813818693
0.0889429673553
0.0885020494461
0.0880564823747
0.0876292511821
0.0871914774179
0.086760006845
0.0863423794508
0.0859078392386
0.0854834392667
0.0850618034601
0.0846345499158
0.0842190310359
0.083802126348
0.0833959281445
0.0829839631915
0.0825770944357
0.0821707770228
0.0817654952407
0.0813627839088
0.080966822803
0.0805627480149
0.0801630616188
0.0797707885504
0.0793775320053
0.0789879560471
0.0785911530256
0.0782079622149
0.0778219178319
0.0774450749159
0.0770711004734
0.0767021328211
0.076334618032
0.0759638771415
0.0756024345756
0.0752359926701
0.0748717859387
0.0745091810822
0.0741491317749
0.073789127171
0.0734355300665
0.0730768144131
0.0727300569415
0.0723713040352
0.0720271095634
0.0716792941093
0.0713358595967
0.0709877759218
0.0706426873803
0.0703027620912
0.0699621587992
0.0696292296052
0.0692938268185
0.068959787488
0.0686260983348
0.0683010369539
0.0679710954428
0.0676489323378
0.0673377215862
0.0670094713569
0.0666876733303
0.066363491118
0.066042162478
0.0657244622707
0.065405651927
0.0650895908475
0.0647785961628
0.0644667446613
0.0641529858112
0.0638427063823
0.0635420680046
0.0632311180234
0.0629313141108
0.0626200214028
0.0623221546412
0.0620151720941
0.0617275945842
0.0614237189293
0.0611230134964
0.0608304515481
0.0605335272849
0.0602378994226
0.0599440000951
0.0596529319882
0.0593641549349
0.059075858444
0.0587905608118
0.0585024468601
0.0582189559937
0.0579317249358
0.0576461330056
0.0573711469769
0.057089548558
0.0568076074123
0.0565399900079
0.0562508553267
0.0559852235019
0.0556986629963
0.0554286427796
0.0551517196
0.0548826083541
0.0546088293195
0.0543364472687
0.0540740825236
0.0537996031344
0.0535311289132
0.0532678365707
0.0530066825449
0.0527467764914
0.0524828918278
0.052225638181
0.0519722029567
0.0517096370459
0.0514586903155
0.0511964187026
0.0509453043342
0.050684697926
0.0504317805171
0.050178129226
0.0499332286417
0.0496803931892
0.0494327694178
0.0491857081652
0.0489394254982
0.0486982688308
0.0484490729868
0.0482031926513
0.0479609295726
0.0477208159864
0.04748204723
0.0472489483654
0.047012373805
0.0467699021101
0.0465356633067
0.0462993346155
0.046068046242
0.0458354018629
0.045602530241
0.0453752689064
0.0451528951526
0.0449189245701
0.0446905605495
0.0444695651531
0.0442391224205
0.0440144762397
0.0437909513712
0.043574180454
0.0433540381491
0.0431293584406
0.0429140552878
0.0426969751716
0.0424774624407
0.0422624871135
0.0420586243272
0.0418356396258
0.0416304580867
0.0414128638804
0.0412024371326
0.0409952625632
0.0407850444317
0.040580265224
0.0403737574816
0.0401654690504
0.0399618856609
0.0397634878755
0.0395580492914
0.0393710210919
0.0391589961946
0.0389728806913
0.0387642793357
0.0385837368667
0.0383727103472
0.0381915904582
0.0379905700684
0.0377994962037
0.0376071669161
0.0374137125909
0.0372318401933
0.0370339713991
0.0368556678295
0.036659065634
0.036482386291
0.0362949818373
0.0361099205911
0.0359284952283
0.0357436425984
0.0355646535754
0.0353824682534
0.0352074950933
0.0350269787014
0.0348502099514
0.0346745550632
0.0345000326633
0.034327570349
0.0341539271176
0.0339884310961
0.0338132567704
0.033642269671
0.0334801711142
0.0333074443042
0.033146020025
0.0329782627523
0.0328143835068
0.0326505303383
0.0324878655374
0.0323259010911
