0.694017708302
0.693499207497
0.693042576313
0.692643225193
0.692252337933
0.691866099834
0.691487431526
0.691107392311
0.690741240978
0.690400004387
0.69006305933
0.689724564552
0.689380824566
0.689041554928
0.688712954521
0.688394844532
0.688078641891
0.687758803368
0.68743377924
0.687106847763
0.686777830124
0.686449289322
0.686126172543
0.685809910297
0.685497462749
0.685184001923
0.684871315956
0.684557974339
0.684242784977
0.683924257755
0.68360543251
0.683283388615
0.682960391045
0.68263655901
0.682309269905
0.681974828243
0.681634843349
0.68128746748
0.680933058262
0.680571079254
0.680205404758
0.67983520031
0.679458558559
0.679078280926
0.678691983223
0.6782990098
0.677895843983
0.677482128143
0.677059650421
0.67662858963
0.676189005375
0.675739586353
0.675278902054
0.674803495407
0.674307048321
0.673788070679
0.673247933388
0.67267793417
0.672077596188
0.671448349953
0.670803666115
0.670136511326
0.669444978237
0.668742358685
0.668027579784
0.667309880257
0.66657948494
0.665839135647
0.665093421936
0.664337992668
0.663570344448
0.662789940834
0.661991000175
0.661183178425
0.66035348177
0.659500420094
0.658623754978
0.657725393772
0.656810462475
0.655870676041
0.654909074306
0.653922319412
0.652907907963
0.651869893074
0.650805413723
0.649717152119
0.648604094982
0.647466540337
0.646300911903
0.645095944405
0.643846392632
0.64254540205
0.64120054245
0.639810025692
0.638367414474
0.636870384216
0.635317981243
0.633711576462
0.63203972578
0.630304932594
0.628505110741
0.626646637917
0.62470883131
0.622698366642
0.620603621006
0.618420124054
0.616179406643
0.61386090517
0.611438632011
0.60896062851
0.606422901154
0.603825390339
0.601180016994
0.598480463028
0.595731437206
0.592922389507
0.590063154697
0.587169587612
0.584246993065
0.58126026392
0.578215122223
0.575142920017
0.572060525417
0.568975329399
0.565840125084
0.562650024891
0.559697508812
0.556830465794
0.553937137127
0.551000356674
0.548029184341
0.545046985149
0.542042136192
0.53902220726
0.535997509956
0.532965600491
0.529937982559
0.526907742023
0.523885309696
0.52088457346
0.517905533314
0.514950633049
0.512048900127
0.509193062782
0.506372630596
0.503557920456
0.500751078129
0.497974961996
0.495211452246
0.49246430397
0.489711582661
0.486956089735
0.484203457832
0.481436491013
0.47863394022
0.475827932358
0.472988188267
0.470103681087
0.467187047005
0.464292228222
0.461383312941
0.458453893661
0.455495595932
0.452531605959
0.44961977005
0.446782171726
0.443962544203
0.441180258989
0.438446700573
0.43581289053
0.433237016201
0.43077263236
0.428380638361
0.426009356976
0.423593431711
0.42120179534
0.418848574162
0.416609078646
0.414534211159
0.412501603365
0.410470753908
0.408476084471
0.406545996666
0.404692351818
0.402893841267
0.401133656502
0.399370580912
0.3975918293
0.395839750767
0.394124150276
0.392435461283
0.39076513052
0.389168143272
0.387632012367
0.386056363583
0.384414196014
0.382772982121
0.381213217974
0.37977924943
0.378381490707
0.376942813396
0.375451207161
0.373960733414
0.372574657202
0.371236562729
0.369957894087
0.368652909994
0.367320001125
0.366037011147
0.364866048098
0.363681584597
0.362470626831
0.361310780048
0.360173553228
0.359046339989
0.357922375202
0.356808960438
0.35570538044
0.354606986046
0.353515058756
0.352445811033
0.35139220953
0.350344002247
0.349305570126
0.348293364048
0.347284466028
0.346281766891
0.345277875662
0.344278097153
0.343293905258
0.34230774641
0.341336458921
0.340381711721
0.339452594519
0.338515818119
0.337593197823
0.336676925421
0.335760682821
0.334860533476
0.333965480328
0.333076477051
0.332196712494
0.331322163343
0.330460369587
0.329600960016
0.32875135541
0.32792121172
0.327090352774
0.326274633408
0.325456798077
0.324646115303
0.323838472366
0.32303917408
0.322247266769
0.321472376585
0.32069721818
0.319949895144
0.319201856852
0.318459659815
0.317723423243
0.317017942667
0.316271305084
0.315544396639
0.314837574959
0.314170241356
0.31352430582
0.312824159861
0.312151938677
0.311480671167
0.310823142529
0.31017896533
0.309524953365
0.308879554272
0.308244884014
0.307594060898
0.306952208281
0.306316286325
0.305697441101
0.305081516504
0.304440945387
0.303929775953
0.303304314613
0.30272051692
0.302025914192
0.301550388336
0.300895184278
0.300389409065
0.299679934978
0.299214720726
0.298486411572
0.297972530127
0.297388136387
0.296770453453
0.296212375164
0.295660018921
0.295099616051
0.29451328516
0.293944656849
0.293398410082
0.292843431234
0.292305797338
0.291781812906
0.291210323572
0.290693253279
0.290268927813
0.28974327445
0.28908982873
0.288597851992
0.288204371929
0.287686109543
0.287018150091
0.286715507507
0.286060363054
0.285708159208
0.28508412838
0.284644067287
0.284113615751
0.283646196127
0.283192247152
0.282658398151
0.282265096903
0.28171685338
0.281316906214
0.280757188797
0.280306726694
0.279787749052
0.279321849346
0.27882951498
0.278377264738
0.27788156271
0.277461946011
0.277023822069
0.276621133089
0.276133567095
0.275702744722
0.275200814009
0.274784207344
0.274303853512
0.273877441883
0.273403972387
0.272959202528
0.272518724203
0.272044122219
0.271626293659
0.27117151022
0.270714133978
0.270271420479
0.2698790133
0.26941177249
0.268990933895
0.268540889025
0.268110662699
0.26767796278
0.267237901688
0.266806960106
0.266373097897
0.265941351652
0.265531927347
0.265165239573
0.264768749475
0.264314770699
0.263967335224
0.263445824385
0.263110786676
0.262636065483
0.262233555317
0.261824816465
0.261381089687
0.260967433453
0.26053622365
0.260125666857
0.259709715843
0.259297341108
0.258876860142
0.258461475372
0.258039325476
0.257649511099
0.257274657488
0.256838828325
0.256507009268
0.256072670221
0.255664438009
0.255244076252
0.254824340343
0.254422307014
0.254021197557
0.253641039133
0.253211587667
0.252821803093
0.252411186695
0.252025187016
0.251594364643
0.25122076273
0.250938296318
0.250567167997
0.250048428774
0.249958336353
0.249344393611
0.249142616987
0.248729929328
0.248170211911
0.24781909585
0.247487023473
0.246953725815
0.246640905738
0.246249467134
0.245811909437
0.245523765683
0.245037078857
0.244679614902
0.244275704026
0.243917793036
0.243470579386
0.243120133877
0.242709830403
0.242445155978
0.242019817233
0.241679534316
0.241217598319
0.240927919745
0.24047370255
0.240120142698
0.239717155695
0.239335164428
0.238972678781
0.238592937589
0.238222330809
0.237872853875
0.237471416593
0.237130180001
0.236818030477
0.236458405852
0.236011564732
0.235792577267
0.235347226262
0.235056474805
0.234621778131
0.234230414033
0.233956724405
0.23354947567
0.233314186335
0.232915744185
0.232438325882
0.232276320457
0.23172955215
0.231459602714
0.231174573302
0.230753153563
0.230289131403
0.230190142989
0.229646414518
0.229436486959
0.229080036283
0.228593051434
0.22825589776
0.228008180857
0.22754278779
0.227387979627
0.227088853717
0.226641908288
0.226168811321
0.225906014442
0.22552447021
0.225088521838
0.2248236835
0.224478945136
0.224059700966
0.223765999079
0.223333150148
0.22301697731
0.222651928663
0.222355112433
0.221971184015
0.221635431051
0.221286296844
0.220949530602
0.220591232181
0.220262497663
0.219896331429
0.219632461667
0.219327047467
0.219038322568
0.218587592244
0.218634188175
0.218141451478
0.218056604266
0.217689841986
0.217089757323
0.216842144728
0.216547951102
0.216071262956
0.215898260474
0.21557892859
0.21516777575
0.214846730232
0.214682400227
0.214197471738
0.213929206133
0.213667228818
0.213319465518
0.212929069996
0.212639853358
0.21233561635
0.211983680725
0.211753934622
0.211408406496
0.211016505957
0.210877209902
0.210490301251
0.210284933448
0.20986109972
0.209631294012
0.209252253175
0.208995521069
0.208732351661
0.208370119333
0.208160489798
0.207774281502
0.207512378693
0.207214981318
0.20687995851
0.20672903955
0.206372484565
0.206145763397
0.205751657486
0.205637142062
0.205374613404
0.205277636647
0.204921647906
0.2045006603
0.204226344824
0.203915551305
0.203653842211
0.203421995044
0.203136235476
0.202860638499
0.202569574118
0.202277973294
0.201995462179
0.201712653041
0.201452970505
0.201209887862
0.200965195894
0.200750783086
0.200436934829
0.200279772282
0.200001418591
0.199805885553
0.199519366026
0.19923235476
0.199038699269
0.198707729578
0.198475584388
0.198210924864
0.197993397713
0.197714537382
0.197509229183
0.197271630168
0.197021231055
0.196772381663
0.196536958218
0.196303039789
0.196099877357
0.195868000388
0.195626586676
0.195397824049
0.195177048445
0.194989427924
0.194862544537
0.194610536098
0.194353684783
0.194104358554
0.193914026022
0.193681359291
0.193473577499
0.193253517151
0.193040132523
0.19285517931
0.192726537585
0.192501798272
0.192253962159
0.19202503562
0.191845685244
0.191602990031
0.191442608833
0.191274106503
0.191112458706
0.190822213888
0.190720751882
0.190477758646
0.190396934748
0.190154507756
0.189866393805
0.189892143011
0.189481943846
0.18937818706
0.189197927713
0.188919886947
0.188791394234
0.188531339169
0.1883803159
0.188197359443
0.187952771783
0.187897548079
0.187654301524
0.187538921833
0.18729878962
0.187045395374
0.186992242932
0.186775580049
0.186708763242
0.186516538262
0.18621660769
0.186032161117
0.185917258263
0.185637995601
0.185568511486
0.185396164656
0.185127466917
0.184946119785
0.184909909964
0.184644818306
0.184632703662
0.184509798884
0.184282034636
0.183970153332
0.18378148973
0.183825179935
0.18341204524
0.18329501152
0.183200448751
0.183015808463
0.182754307985
0.182548880577
0.182476863265
0.182185009122
0.182030260563
0.181901007891
0.181705832481
0.181502744555
0.181394606829
0.181344807148
0.181279748678
0.181251227856
0.181245923042
0.181241363287
0.181232824922
0.181217700243
0.181196421385
0.181170195341
0.181142523885
0.181119412184
0.181104838848
0.181092262268
0.181079789996
0.18106354773
0.181043460965
0.181023314595
0.18100348115
0.180983021855
0.180965900421
0.180951535702
0.180935814977
0.180918902159
0.180900126696
0.180880501866
0.180861130357
0.180845588446
0.180830925703
0.180810362101
0.180790796876
0.180775493383
0.180759102106
0.180741488934
0.180723056197
0.180706486106
0.180691450834
0.18067458272
0.180655300617
0.180639877915
0.180624097586
0.180606216192
0.180589050055
0.180572673678
0.180555298924
0.180538937449
0.180522084236
0.180507689714
0.180488348007
0.180472075939
0.180454730988
0.180439248681
0.180422246456
0.180406585336
0.180389910936
0.180372744799
0.18035672605
0.180339574814
0.180323705077
0.180307403207
0.18029050529
0.180274218321
0.180257856846
0.18024136126
0.180225014687
0.180208534002
0.180192396045
0.180175870657
0.180159300566
0.180143892765
0.180126696825
0.180110946298
0.18009506166
0.180079072714
0.180062025785
0.180047437549
0.180029049516
0.180013969541
0.179996773601
0.179980799556
0.179964527488
0.179947942495
0.179931849241
0.179916277528
0.179899379611
0.179883033037
0.179866924882
0.179850131273
0.179833814502
0.179819464684
0.179804161191
0.179788187146
0.179769545794
0.179755866528
0.179737776518
0.179723054171
0.179706946015
0.179690048099
0.179674193263
0.179659962654
0.179642572999
0.179631263018
0.179614812136
0.179594278336
0.179578125477
0.179563194513
0.17954544723
0.179531097412
0.17951503396
0.179496794939
0.179480776191
0.179466471076
0.179447904229
0.179434090853
0.179417178035
0.179399996996
0.179386690259
0.179367393255
0.179353877902
0.179336860776
0.179320186377
0.179308369756
0.179287642241
0.179275229573
0.179257944226
0.179239779711
0.179228022695
0.179208695889
0.179192408919
0.179178401828
0.179161250591
0.17914378643
0.179129958153
0.179111838341
0.179096147418
0.179081469774
0.179062783718
0.179051846266
0.179031774402
0.179017484188
0.178999960423
0.178985148668
0.178967788815
0.178952589631
0.178936377168
0.178920373321
0.178904205561
0.178888440132
0.178872749209
0.178857013583
0.178841009736
0.17882424593
0.178809598088
0.178792312741
0.178776115179
0.17876046896
0.178744360805
0.178728014231
0.178711846471
0.178696587682
