0.693429768085
0.692491948605
0.691877126694
0.691417396069
0.690630674362
0.690315783024
0.689686119556
0.689092099667
0.688603639603
0.688337683678
0.687698662281
0.688073635101
0.686788856983
0.687442004681
0.686931729317
0.687104463577
0.685343682766
0.685579538345
0.686200082302
0.685428023338
0.685703635216
0.684911966324
0.686012208462
0.684480965137
0.68443441391
0.684619665146
0.683108270168
0.684107363224
0.682686805725
0.685701370239
0.682187616825
0.686240613461
0.68197029829
0.685867607594
0.679174482822
0.685298204422
0.682429611683
0.680516660213
0.681129276752
0.676095068455
0.681415975094
0.6715259552
0.683900237083
0.671310544014
0.672749519348
0.671451449394
0.661581218243
0.65908241272
0.650757670403
0.652791917324
0.649064660072
0.642738580704
0.644090294838
0.631124258041
0.641261994839
0.628164768219
0.629303216934
0.633538246155
0.616923868656
0.622693181038
0.620167076588
0.620589196682
0.633918583393
0.625569283962
0.599350094795
0.587685167789
0.611876308918
0.618719160557
0.58281236887
0.5921241045
0.582615673542
0.609232366085
0.590548992157
0.576040148735
0.587537050247
0.579843938351
0.593055307865
0.589417159557
0.606477618217
0.604294538498
0.58330988884
0.594470381737
0.555246770382
0.593096196651
0.592664480209
0.551238358021
0.572018921375
0.565092384815
0.563935220242
0.557129621506
0.569166898727
0.570289969444
0.564717054367
0.559041559696
0.567379236221
0.55952000618
0.558883428574
0.537992596626
0.574114918709
0.545683264732
0.531082749367
0.540635287762
0.559609591961
0.571378111839
0.537383615971
0.565696954727
0.563779711723
0.564890623093
0.567855298519
0.533876657486
0.549476921558
0.550341725349
0.587509095669
0.546029806137
0.538779973984
0.544829487801
0.549324452877
0.536236286163
0.513861775398
0.560604512691
0.525516629219
0.56535077095
0.538989901543
0.506045103073
0.521653652191
0.528041243553
0.512343406677
0.556632578373
0.492613106966
0.550211191177
0.496722757816
0.517897844315
0.504010379314
0.525086283684
0.541755020618
0.539798498154
0.531428396702
0.538968503475
0.536316037178
0.490779519081
0.546939849854
0.517690718174
0.510299682617
0.527499914169
0.494895070791
0.552216947079
0.505821585655
0.529140770435
0.50916069746
0.494567662477
0.51053750515
0.540108680725
0.517078518867
0.534538865089
0.50092369318
0.55089533329
0.486564815044
0.515470027924
0.515750706196
0.514146327972
0.520565748215
0.489207655191
0.50145637989
0.488929182291
0.504914224148
0.512865841389
0.500743329525
0.507641434669
0.491709649563
0.516736388206
0.518474698067
0.508708536625
0.477560281754
0.526045203209
0.542622923851
0.506207287312
0.497428685427
0.499264419079
0.485778659582
0.515082299709
0.492634683847
0.51211977005
0.518068909645
0.480390518904
0.498214244843
0.500243484974
0.492532581091
0.472112745047
0.490907907486
0.502240657806
0.453973799944
0.478710830212
0.496245861053
0.457271903753
0.488446056843
0.50812703371
0.517778277397
0.46420109272
0.470320433378
0.488501280546
0.464637607336
0.517791092396
0.50502884388
0.459654659033
0.465899050236
0.447680354118
0.438236713409
0.447851479053
0.485640436411
0.510836184025
0.499662160873
0.507002353668
0.491591483355
0.440739035606
0.466108232737
0.486093759537
0.487746536732
0.470431298018
0.507952153683
0.484936326742
0.446881949902
0.486375421286
0.477749109268
0.461840897799
0.521043419838
0.438891232014
0.470862329006
0.443291783333
0.479373902082
0.496528327465
0.476157575846
0.439736932516
0.48065251112
0.493915468454
0.474230647087
0.453861355782
0.443427175283
0.490548253059
0.498262792826
0.434291154146
0.508750200272
0.455470025539
0.505918562412
0.498892813921
0.445826679468
0.486777991056
0.437894374132
0.485155165195
0.452682644129
0.452387958765
0.481175273657
0.490472227335
0.47046199441
0.482534706593
0.473499506712
0.397704273462
0.472371399403
0.490423440933
0.467890113592
0.490119069815
0.451790630817
0.475390851498
0.484864324331
0.441705107689
0.458633393049
0.458239972591
0.473095118999
0.457976490259
0.45326551795
0.483543902636
0.444484293461
0.474825829268
0.477520793676
0.493185639381
0.472266107798
0.513820052147
0.464150547981
0.42689165473
0.462506502867
0.495142161846
0.470170080662
0.466688126326
0.452664941549
0.443252414465
0.464817851782
0.413724809885
0.43828985095
0.458062589169
0.474750339985
0.502365171909
0.448280692101
0.46142116189
0.443487852812
0.459056794643
0.451450705528
0.461087107658
0.436406254768
0.450498849154
0.469159990549
0.447379648685
0.464024454355
0.42978656292
0.453020721674
0.474902331829
0.452299624681
0.428061068058
0.459218978882
0.499620676041
0.447610914707
0.475289046764
0.425145417452
0.490601301193
0.448896020651
0.496230125427
0.435760915279
0.47303417325
0.449667721987
0.436605393887
0.473305612803
0.480847388506
0.477990597486
0.440129131079
0.42703461647
0.437401533127
0.404603302479
0.451559811831
0.429475337267
0.428850054741
0.44996881485
0.439794450998
0.428866803646
0.464134335518
0.471423834562
0.442774921656
0.456348776817
0.45785343647
0.446090698242
0.413134396076
0.439323872328
0.432330697775
0.42759385705
0.432654112577
0.472913950682
0.455657154322
0.484170109034
0.433707565069
0.443520307541
0.495082587004
0.40896821022
0.425105243921
0.457127630711
0.4868940413
0.4527810812
0.405266582966
0.421539247036
0.471278131008
0.440760880709
0.457876175642
0.431603968143
0.44853463769
0.452970266342
0.428507745266
0.415608465672
0.438672482967
0.421325355768
0.477707713842
0.452128738165
0.436094939709
0.448461830616
0.448072075844
0.430932164192
0.434958249331
0.471730738878
0.441081166267
0.442424207926
0.448968350887
0.389049649239
0.465277522802
0.455895930529
0.424463421106
0.429711401463
0.413942217827
0.43294095993
0.376480162144
0.40058529377
0.381188958883
0.405020326376
0.407786369324
0.460488080978
0.432482391596
0.473186582327
0.476683855057
0.456493854523
0.430017232895
0.473479419947
0.44971960783
0.405138403177
0.397112876177
0.436806499958
0.454034209251
0.460402935743
0.446511924267
0.412726730108
0.429253429174
0.424935847521
0.463928878307
0.420093357563
0.400843262672
0.448785334826
0.476567298174
0.427705347538
0.437165796757
0.399452865124
0.411927461624
0.420173943043
0.411959022284
0.432682901621
0.366886168718
0.372626930475
0.422664612532
0.388511061668
0.408144176006
0.442454040051
0.460456818342
0.418471246958
0.44059202075
0.422870874405
0.422908991575
0.385373413563
0.414168566465
0.46199080348
0.421727329493
0.45752492547
0.434606164694
0.435018539429
0.41373449564
0.428786456585
0.446663916111
0.419724076986
0.417853504419
0.443228781223
0.465369671583
0.441442489624
0.423887759447
0.376692533493
0.429119348526
0.448999166489
0.442984372377
0.472178608179
0.453111052513
0.422629565001
0.438463538885
0.41029137373
0.40327373147
0.432047843933
0.361052215099
0.441269516945
0.446414321661
0.406460136175
0.462364345789
0.430086612701
0.418823748827
0.454234302044
0.410041838884
0.459294945002
0.38348159194
0.4076834023
0.463816761971
0.439642310143
0.435758501291
0.431778818369
0.439209938049
0.401977807283
0.407851845026
0.388050734997
0.422826260328
0.437902867794
0.379310786724
0.409137964249
0.424001395702
0.414849042892
0.397474497557
0.414428919554
0.439069807529
0.451531261206
0.394023388624
0.381546229124
0.405475080013
0.416830360889
0.431641429663
0.406140834093
0.407234966755
0.479523003101
0.396143764257
0.418076306581
0.42204105854
0.410622358322
0.441978633404
0.45189678669
0.430743783712
0.402786523104
0.419521868229
0.435156702995
0.429810613394
0.442380070686
0.381515800953
0.44435223937
0.390292048454
0.419200062752
0.410723239183
0.380613535643
0.4400575459
0.459618121386
0.396296918392
0.403482079506
0.399881750345
0.47125428915
0.412733584642
0.410467594862
0.407773882151
0.46246650815
0.402706503868
0.44152867794
0.446175098419
0.436020970345
0.457803636789
0.399113625288
0.422442615032
0.396725654602
0.41105273366
0.429670900106
0.405977725983
0.404096215963
0.439618527889
0.448382675648
0.396925985813
0.395098984241
0.40605700016
0.450162112713
0.444857865572
0.455854833126
0.488928735256
0.461839258671
0.382536500692
0.40823712945
0.467301338911
0.458074510098
0.39946103096
0.406174331903
0.440389335155
0.473520040512
0.447366416454
0.430673599243
0.391906678677
0.411651194096
0.37138402462
0.401852875948
0.38586640358
0.481941729784
0.343706965446
0.414173930883
0.417735666037
0.429468691349
0.427549421787
0.441803574562
0.454263478518
0.410424888134
0.425991982222
0.441012829542
0.434511214495
0.389497041702
0.408836364746
0.389551848173
0.421328872442
0.386959344149
0.404167145491
0.404911309481
0.44211640954
0.344813227654
0.41450676322
0.415914624929
0.397910863161
0.351562023163
0.433336496353
0.397865921259
0.399448484182
0.47467905283
0.394569426775
0.428187340498
0.436469852924
0.442477047443
0.440408915281
0.434955924749
0.36976698041
0.425371259451
0.448496937752
0.40893933177
0.407408624887
0.387481182814
0.404799461365
0.374263495207
0.400004178286
0.444527894258
0.403557687998
0.439815849066
0.447663605213
0.411625117064
0.368581324816
0.413904517889
0.426047414541
0.451021134853
0.442131906748
0.461349010468
0.42768663168
0.396453112364
0.468551188707
0.37753790617
0.460027605295
0.429881334305
0.387840241194
0.405062258244
0.414040833712
0.421268224716
0.398861795664
0.409533053637
0.397322386503
0.435994654894
0.402818590403
0.427094757557
0.406539738178
0.391790837049
0.422479510307
0.481818974018
0.425840914249
0.358940064907
0.420091420412
0.44373780489
0.375559091568
0.417970150709
0.42882758379
0.370361745358
0.36553016305
0.421662986279
0.406100541353
0.41593632102
0.426748216152
0.403678238392
0.424834012985
0.37229770422
0.448930948973
0.440276175737
0.451725512743
0.466905236244
0.405652821064
0.381111770868
0.419193834066
0.429121017456
0.417195767164
0.407694965601
0.398172467947
0.390265017748
0.411579996347
0.467534631491
0.404058158398
0.467012286186
0.413594245911
0.44405823946
0.424036085606
0.424130111933
0.380411237478
0.397567868233
0.412973165512
0.360693961382
0.420509368181
0.440247386694
0.405704528093
0.430990964174
0.367082476616
0.368434846401
0.388902306557
0.426661014557
0.424491763115
0.415559500456
0.412558048964
0.442493349314
0.352314084768
0.400286525488
0.434858828783
0.387724041939
0.407002449036
0.396354943514
0.37396645546
0.379218250513
0.409919112921
0.388683587313
0.413412541151
0.439499646425
0.403433442116
0.378378510475
0.42886903882
0.374079793692
0.425723642111
0.388595640659
0.393700867891
0.377956718206
0.379660099745
0.38459149003
0.439605712891
0.356653064489
0.391418159008
0.365045577288
0.384321630001
0.358759075403
0.394833922386
0.417579770088
0.36397254467
0.362816929817
0.431084543467
0.402223914862
0.379379630089
0.391361653805
0.409463167191
0.451041549444
0.411706984043
0.40355053544
0.383671462536
0.345875889063
0.395283848047
0.410776495934
0.453407108784
0.418712049723
0.347618818283
0.381625205278
0.385670512915
0.389152407646
0.40980052948
0.364393740892
0.377150982618
0.400090038776
0.410229891539
0.377963453531
0.427047789097
0.429675877094
0.413060933352
0.385195910931
0.390255540609
0.431702256203
0.375483959913
0.386358261108
0.378018647432
0.426684647799
0.414122134447
0.409713089466
0.354377925396
0.390264600515
0.386903941631
0.396778672934
0.394281685352
0.385980159044
0.352147251368
0.38771957159
0.38588821888
0.443280696869
0.428554207087
0.411777555943
0.415938735008
0.383389145136
0.366519898176
0.382058113813
0.352167159319
0.402734816074
0.41739821434
0.415282636881
0.397561281919
0.354538172483
0.432004868984
0.387204647064
0.415339171886
0.482328534126
0.416327863932
0.382665455341
0.414355367422
0.421589970589
0.406693607569
0.403403788805
0.442843258381
0.385430306196
0.408537268639
0.407349288464
0.37965413928
0.383323967457
0.406390368938
0.403837263584
0.441943436861
0.36765563488
0.415007531643
0.37162193656
0.357488334179
0.405338943005
0.422391653061
0.411785542965
0.369764536619
0.42419847846
0.367707103491
0.401981413364
0.427227109671
0.408005356789
0.393877267838
0.374749243259
0.42005905509
0.420812606812
0.441927731037
0.38824570179
0.41288086772
0.417962223291
0.421227425337
0.393864393234
0.403043061495
0.420085400343
0.347649544477
0.405875861645
0.439170539379
0.421159774065
0.438422739506
0.426942229271
0.436166226864
0.386817872524
0.43178036809
0.407840102911
0.429810315371
0.371758431196
0.352088212967
0.412229895592
0.403084695339
0.400538146496
0.372100412846
0.406056076288
0.376700341702
0.394563466311
0.377331912518
0.402826070786
0.379467695951
0.456970721483
0.396663635969
0.384111434221
0.361050784588
0.36523899436
0.380672037601
0.400981396437
0.415480166674
0.389346241951
0.394767016172
0.431834101677
0.423258006573
0.409413993359
0.376083880663
0.393244564533
0.39473721385
0.403140544891
0.446314811707
0.41105940938
0.390227049589
0.418203175068
0.378698408604
0.414070159197
0.397145777941
0.409782111645
0.422159701586
0.394454807043
0.358430922031
0.409008055925
0.384558260441
0.415049999952
0.402722805738
0.367395043373
0.467608422041
0.449798762798
0.372952669859
0.420188575983
0.378681451082
0.399341017008
0.418248236179
0.366466790438
0.424465715885
0.362432867289
0.413455188274
0.38089838624
0.496041238308
0.377674907446
0.406274080276
0.426987111568
0.386665761471
0.424197167158
0.421812921762
0.409373909235
0.380370795727
0.390886336565
0.408579826355
0.441246241331
0.325785279274
0.426981061697
0.411703944206
0.371233761311
0.37899300456
0.436521202326
0.387193918228
0.415152400732
0.400876373053
0.369124412537
0.330209314823
0.361279755831
0.398501366377
0.452927827835
0.470798909664
0.335911601782
0.419144719839
0.408894360065
0.457820534706
0.37989294529
0.369690388441
0.422208428383
0.390704572201
0.417384833097
0.384415626526
0.369260579348
0.374586760998
0.413711518049
0.40682014823
0.33196631074
0.377417504787
0.418369352818
0.419464766979
0.385984778404
0.37214243412
0.401287764311
0.421202719212
0.340452313423
0.393513977528
0.420194596052
0.358601868153
0.379468381405
0.398015618324
0.371236950159
0.417056918144
0.33573615551
0.396337807178
0.451924681664
0.444939732552
0.409283965826
0.411904990673
0.408802121878
0.401557743549
0.391618281603
0.440830290318
0.421720266342
0.39267206192
0.418015301228
0.379766136408
0.416010200977
0.414537757635
0.380282223225
0.426513969898
0.376124083996
0.311237215996
0.439835339785
0.407332509756
0.385295897722
0.399368941784
0.448800593615
0.393603205681
0.41002202034
0.384050399065
0.364451497793
0.404965311289
0.410173863173
0.397771686316
0.391472488642
0.381343781948
0.384934365749
0.426113069057
0.347173333168
0.393553644419
0.443774700165
0.381797164679
0.353801906109
0.364113330841
0.367859065533
0.424939662218
0.400000870228
0.405265152454
0.392725288868
0.366257756948
0.400054901838
0.381708294153
0.444252669811
0.394458591938
0.366168886423
0.439413756132
0.375357627869
0.410340279341
0.344783425331
0.377367675304
0.398633033037
0.397249311209
0.421129852533
0.407752245665
0.373746097088
0.396626889706
0.420970112085
0.439037799835
0.415509045124
0.45159086585
0.362517863512
0.360951930285
0.365939080715
0.398698121309
0.375720888376
0.373952209949
0.41359513998
0.399484425783
0.392718017101
0.404441475868
0.414502561092
0.375203430653
0.383895844221
0.388777136803
0.379431188107
0.418968915939
0.378202348948
0.3781863451
0.399336993694
0.411419540644
0.404582440853
0.371895104647
0.391740590334
0.381762951612
0.432332485914
0.380572646856
0.288188278675
0.394997119904
0.392167836428
0.405187875032
0.435591459274
0.430315196514
0.3295763731
0.376892089844
0.350799560547
0.332901656628
0.409246087074
0.374685972929
0.396363347769
0.371910810471
0.402484029531
0.393633961678
0.36676710844
0.349301218987
0.316639453173
0.411590725183
0.414616316557
0.408161789179
0.397819548845
0.383952230215
0.403612613678
0.387238204479
0.383972674608
0.434162527323
0.415473669767
0.356633633375
0.423149734735
0.296881407499
0.411452233791
0.414663910866
0.383038401604
0.366795986891
0.407424747944
0.356057584286
0.426129460335
0.376364439726
0.357224553823
0.447555094957
0.432981193066
0.36598610878
0.421817094088
0.396488904953
0.390592634678
0.376165091991
0.386816561222
0.396887272596
0.400398045778
0.461919993162
0.361542791128
0.369246065617
0.428817301989
0.364072173834
0.354475587606
0.404625535011
0.410563498735
0.406436741352
0.389240980148
0.421130359173
0.378615528345
0.366439461708
0.40771484375
0.366495937109
0.381226330996
0.385609447956
0.373117148876
0.367614001036
0.355101287365
0.421766251326
0.384310305119
0.397714167833
0.377126455307
0.334410667419
0.414494365454
0.406574159861
0.369883626699
0.369382172823
0.382563889027
0.389318466187
0.425723403692
0.408793449402
0.401214033365
0.388678848743
0.384331196547
0.36807769537
0.375166505575
0.413821041584
0.364820599556
0.433293491602
0.430716961622
0.361556500196
0.369981497526
0.353106468916
0.372693270445
0.355756819248
0.361308336258
0.396016389132
0.424481272697
0.306991010904
0.447116822004
0.371740102768
0.346610158682
0.412040144205
0.363916695118
0.376974850893
0.351563155651
0.344424575567
0.443767040968
0.358399152756
0.348896563053
0.390074014664
0.370120495558
0.402979046106
0.375300943851
0.38725733757
0.410560876131
0.315621435642
0.368982672691
0.378591388464
0.439176380634
0.38065752387
0.381093204021
0.40797495842
0.386892676353
0.387104362249
0.369752764702
0.448383837938
0.405060023069
0.434496700764
0.375161081553
0.395437389612
0.393594145775
0.365627795458
0.410562008619
0.323632508516
0.387643277645
0.397002667189
0.414079457521
0.34788608551
0.323745727539
0.366865724325
0.419590264559
0.409737437963
0.384255647659
0.37279561162
0.374037474394
0.450488567352
0.38677829504
0.405709385872
0.383495807648
0.388424307108
0.400580704212
0.410429507494
0.409195840359
0.349845021963
0.41116976738
0.335614979267
0.395493596792
0.369172483683
