0.684261202812
0.701914727688
0.70922523737
0.706773459911
0.70309305191
0.724240481853
0.700014531612
0.69596016407
0.727499365807
0.686877727509
0.71118414402
0.714620888233
0.694055020809
0.713315844536
0.707160711288
0.714671313763
0.706041872501
0.698834955692
0.710009634495
0.70044362545
0.707022309303
0.723608374596
0.710481524467
0.681233465672
0.71333438158
0.697438180447
0.669117987156
0.694399952888
0.708695709705
0.694385647774
0.691279113293
0.697205901146
0.697028040886
0.705586969852
0.687145411968
0.694206476212
0.696994662285
0.698615372181
0.674493610859
0.698218226433
0.710465013981
0.701515316963
0.696182310581
0.691966712475
0.702713668346
0.693322479725
0.68918710947
0.698543131351
0.689780056477
0.708957254887
0.69785541296
0.689229428768
0.690936267376
0.702503621578
0.69195318222
0.681301295757
0.68423473835
0.699179887772
0.698605954647
0.689143359661
0.67963373661
0.691195607185
0.680908501148
0.691569685936
0.687831223011
0.687417447567
0.694770038128
0.673982799053
0.693111717701
0.682249248028
0.694421887398
0.692256867886
0.698171615601
0.676988422871
0.677813887596
0.699285209179
0.682461619377
0.687123656273
0.677557528019
0.68911254406
0.686146140099
0.681993484497
0.689473688602
0.683442950249
0.687616348267
0.665698707104
0.685945391655
0.681759119034
0.692837774754
0.687911450863
0.683620691299
0.684830129147
0.673735380173
0.694869041443
0.701886892319
0.674991488457
0.700036168098
0.691709935665
0.667359888554
0.664045214653
0.676732897758
0.678669989109
0.67988884449
0.690055787563
0.676453053951
0.689432740211
0.677455425262
0.686945319176
0.684139072895
0.681004583836
0.673650741577
0.675217211246
0.67266356945
0.669193863869
0.671037793159
0.667622029781
0.672332763672
0.69818353653
0.696526229382
0.680684924126
0.700846135616
0.67663025856
0.686971604824
0.681691527367
0.660439014435
0.67708837986
0.682614564896
0.669578373432
0.672377705574
0.677938044071
0.672031760216
0.687795579433
0.693688571453
0.680963754654
0.66849988699
0.705718398094
0.68018335104
0.677278518677
0.668754220009
0.678043842316
0.675229847431
0.68267250061
0.682533681393
0.657691419125
0.695537447929
0.663033604622
0.685132861137
0.688911378384
0.670355319977
0.670621156693
0.679548978806
0.684180438519
0.693210482597
0.666677772999
0.671555995941
0.690298557281
0.687908768654
0.674286007881
0.685753524303
0.663908004761
0.682672917843
0.67305123806
0.670828402042
0.663422346115
0.691111505032
0.68031668663
0.661095142365
0.697029352188
0.670166373253
0.663813769817
0.663134336472
0.689100563526
0.678445279598
0.677107810974
0.674025058746
0.669428765774
0.685494422913
0.669199943542
0.678607225418
0.679492473602
0.679167509079
0.672225534916
0.648362398148
0.663874328136
0.687559127808
0.673492372036
0.678734183311
0.662978231907
0.667652130127
0.680096149445
0.666073560715
0.650649428368
0.665733873844
0.653770387173
0.680033147335
0.66083163023
0.667306900024
0.674871385098
0.653714358807
0.663697242737
0.656410634518
0.651268780231
0.674109697342
0.673656880856
0.673717677593
0.664962828159
0.668320059776
0.662025690079
0.679554462433
0.670076370239
0.664575219154
0.653170704842
0.649131000042
0.673245310783
0.672289609909
0.669061422348
0.664844632149
0.663717567921
0.680326879025
0.680240094662
0.659693300724
0.659221947193
0.674312710762
0.666820943356
0.672550678253
0.66462957859
0.648810207844
0.668568253517
0.66739231348
0.667537510395
0.667191982269
0.659397602081
0.644294261932
0.646522164345
0.662191450596
0.6619541049
0.683981239796
0.645440995693
0.682670652866
0.647832214832
0.67069464922
0.648282110691
0.66743761301
0.658072412014
0.652067899704
0.646644473076
0.652914226055
0.667172908783
0.678011417389
0.644119679928
0.67863535881
0.664397358894
0.650821805
0.638220310211
0.671391129494
0.663471400738
0.657864332199
0.651426911354
0.661471903324
0.669306337833
0.658615350723
0.656580328941
0.650882899761
0.657916724682
0.642241835594
0.657364428043
0.658581078053
0.667999505997
0.665856361389
0.66796028614
0.672891557217
0.654913187027
0.658131241798
0.664677917957
0.663645386696
0.667993843555
0.661679446697
0.654135942459
0.672627806664
0.657590925694
0.667358458042
0.672230124474
0.647340357304
0.660517156124
0.676177382469
0.648213207722
0.656345963478
0.662720918655
0.654632329941
0.651790440083
0.655439138412
0.670025467873
0.655919790268
0.639128744602
0.653017938137
0.663904190063
0.65740609169
0.667809009552
0.64792984724
0.633038341999
