0.681252896786
0.632685899734
0.556443035603
0.478223055601
0.396070122719
0.278287887573
0.253719508648
0.158257946372
0.136501967907
0.14931717515
0.0921976044774
0.103743374348
0.0496796630323
0.0488199703395
0.0509709976614
0.0183526296169
0.0734718814492
0.0529869310558
0.0122237540781
0.019144512713
0.0252060443163
0.0492972172797
0.053604979068
0.0112922675908
0.00573274260387
0.0412323363125
0.0274504758418
0.0122075676918
0.00977740436792
0.0623220130801
0.00787124037743
0.0366581566632
0.010906457901
0.0452295988798
0.0446415282786
0.0342272110283
0.0295785479248
0.0229770187289
0.0301046334207
0.00843292288482
0.0130907045677
0.0280821677297
0.0201055686921
0.0304077081382
0.0153010841459
0.00434092292562
0.0124896038324
0.00592277944088
0.0258661061525
0.0561746843159
0.0189916267991
0.0532287582755
0.017407938838
0.0694121643901
0.0177603866905
0.0438387468457
0.0215373691171
0.00183054979425
0.00594492955133
0.0271544996649
0.00942161399871
0.00475239986554
0.0413897968829
0.0028660884127
0.00751957250759
0.0147593673319
0.0107540013269
0.0166094787419
0.0236234497279
0.0236781034619
0.00677859829739
0.0376003235579
0.0217410512269
0.00365341873839
0.00625699479133
0.00601864606142
0.0594742521644
0.00829993002117
0.00941018108279
0.00964465551078
0.00549238873646
0.0130131617188
0.00322263385169
0.00188356987201
0.00402261642739
0.0104114012793
0.0224585738033
0.00880089681596
0.00504166726023
0.0011823187815
0.00393628375605
0.000783145660535
0.0266794748604
0.000482073694002
0.0031192090828
0.0121569382027
0.008474804461
0.00140769511927
0.00248287338763
0.0142753589898
0.000504094583448
0.000906920817215
0.0183987766504
0.00665289815515
0.0114823365584
0.000417309231125
0.0544214956462
0.000522905262187
0.000221577560296
0.00655987299979
0.0602495372295
0.000392938032746
0.0274731013924
0.0266476999968
0.00601122854277
0.000371013593394
0.01238413807
0.0346893183887
0.0011919165263
0.00488619413227
0.0416389368474
0.00810333155096
0.00606371462345
0.0240421406925
0.004820370581
0.00235080346465
0.00376079021953
0.0182192754
0.00873572472483
0.00583279598504
0.0162230879068
0.0027709803544
0.00867933034897
0.00417797127739
0.00640475563705
0.00881762895733
0.011384839192
0.00187763548456
0.000556516286451
0.000356445263606
0.0192564669997
0.000405225582654
0.00578403985128
0.027779346332
0.00382681074552
0.000354609102942
0.000248289172305
0.0351325124502
0.00261512026191
0.00352417281829
0.00101915001869
0.000710656517185
0.0193654168397
0.0119403237477
0.022231625393
0.0372106544673
0.0268800016493
0.00454702554271
0.00154476845637
0.00448084296659
0.00721745565534
0.00124231504742
0.00941195525229
0.0555417463183
0.0457019992173
0.0100978594273
0.000563758774661
0.00109773455188
0.00137082254514
0.00108734052628
0.00843221414834
0.0241262204945
0.00885890424252
0.00140077364631
0.0250901151448
0.00580942444503
0.0219024885446
0.0102283777669
0.00288102892227
0.0124243292958
0.0158611442894
0.00347590702586
0.00377496518195
0.00208939472213
0.000896000652574
0.00062793341931
0.00070927082561
0.00043288921006
0.000635448435787
0.00808770209551
0.0131288869306
0.00517305918038
0.000842552050017
0.000749521132093
0.0036900495179
0.00278864381835
0.00362462876365
0.0238619018346
0.0126396575943
0.000284121459117
0.000429508130765
0.0471554771066
0.000505439413246
0.0036810929887
0.000345935754012
0.00568856205791
0.000323076470522
0.00198728172109
0.000764871248975
7.8426906839e-05
0.00364323239774
0.00690860394388
0.0013146273559
0.00471932813525
0.00146831793245
0.000551356759388
0.0336800813675
6.0153681261e-05
0.000234555016505
0.000156164882355
0.0432441793382
0.000437821989181
0.00203377357684
0.0127712916583
0.00255890260451
0.000908330199309
0.00168930622749
0.00115648529027
0.000955264142249
0.00247757439502
0.00229915813543
0.000984891201369
0.00163681781851
0.00267503294162
0.00221136189066
0.00556879024953
0.00190451624803
0.0097413752228
0.00719289015979
0.00053417973686
0.00141111912671
2.30001533055e-05
0.0211600661278
0.00864400994033
6.50144356769e-05
0.000394095346564
7.52276682761e-05
0.00196264707483
0.00101295206696
0.000297321879771
0.00370915886015
0.0183521043509
0.0287692751735
0.00425408314914
0.00626840023324
0.00101537175942
0.0104038231075
0.0208427384496
0.000371809728676
0.00501186773181
0.0496864058077
0.00164716632571
0.000664489867631
0.00552704604343
0.045898668468
0.000742982665543
0.00928900856525
0.0223694685847
0.00172668718733
0.00290035945363
0.0105140460655
0.0221646912396
0.0219680573791
0.0298853106797
0.0181087311357
0.00766540784389
0.0165663119406
0.0167570970953
0.0137353660539
0.0187012515962
0.0114190587774
0.0287786647677
0.00430113729089
0.00166089332197
0.00111061357893
0.00509803928435
0.00280405697413
0.0253933425993
0.000631117261946
0.000328113004798
0.000523556489497
0.00851295609027
0.0153276538476
0.0051143351011
4.76208115288e-05
0.00659809634089
0.00133741018362
0.0134408576414
0.00758920656517
0.0205031763762
0.00781588815153
0.00766086345538
0.00180039787665
0.00186946813483
0.00371783040464
0.00245523685589
0.00273742061108
0.00301503180526
0.00297198235057
0.0237269625068
0.00776362093166
0.000210150465136
0.00194451049902
0.000357514596544
0.0021918786224
0.000324717635522
0.00228365743533
0.00011930528126
0.00214352388866
0.000556159357075
0.000788365490735
0.0013513531303
0.000621433835477
2.37781459873e-05
2.67723116849e-05
2.37471722357e-05
4.91409591632e-05
0.0161014571786
3.86683823308e-05
0.00453495560214
0.000110389992187
8.06243479019e-05
0.0303110685199
0.000244171067607
1.23082918435e-05
1.84574582818e-05
0.000537176150829
0.0100272698328
0.00261488812976
0.00231628352776
0.000471647887025
0.000314396689646
0.00499153602868
0.00552963512018
0.000678917916957
0.0271356552839
0.00555760459974
0.0112283527851
0.00147967110388
0.00475718546659
0.00204761675559
0.00131644448265
0.0222853589803
0.000823208189104
0.00031197120552
0.00384516362101
0.0082335062325
0.000170303421328
0.00017425736587
0.00446066632867
4.3561696657e-05
0.0020374909509
0.000439255061792
9.44665443967e-05
0.000477342051454
0.00111039087642
6.6117325332e-05
0.000319531740388
0.000531479017809
0.000543165951967
0.0191626101732
0.0148448618129
0.000136397866299
0.000209315883694
0.000232547157793
0.0111537547782
0.000108970794827
0.000119607313536
0.000364732113667
0.000344159663655
0.00631854031235
0.00602030241862
0.000428017490776
0.000239152082941
0.00401873979717
0.0122941508889
9.05792330741e-05
0.00163438206073
0.000949332490563
0.000320773600833
0.000579315179493
0.0131835667416
0.000703618337866
6.8758141424e-05
0.000748454302084
0.00350631540641
0.00384343694896
0.000238462089328
0.0121474955231
8.21274952614e-05
0.000315531971864
8.46570328576e-05
5.22394111613e-05
0.00308123556897
8.12023936305e-05
0.00218930770643
0.000934461830184
0.000851710035931
0.00017349497648
0.0245832819492
8.97759528016e-05
4.80273665744e-05
6.41687729512e-05
0.0381441153586
0.000329502276145
0.000130115338834
0.00463961577043
0.00660944869742
0.00045269788825
0.000145802274346
0.00835081189871
0.00121740275063
0.000972285517491
0.00306099187583
0.000409222062444
0.0388095490634
0.0240101255476
0.000943475810345
0.000941989244893
0.0146870054305
0.0012520570308
0.0014572343789
0.00145256507676
0.00133108976297
0.0027536759153
0.0230948533863
0.00295756873675
0.0171181112528
0.00423721969128
0.00236132112332
0.000702652498148
0.000904956075829
0.00100660719909
0.000408380612498
0.00287049054168
0.0030081984587
0.000660541118123
0.000479059061036
0.000276692444459
0.00154897198081
0.000752768595703
0.000198855283088
0.00114411185496
0.000129250969621
0.000105111590528
4.61287381768e-05
6.64615872665e-05
0.00546916387975
3.97981530114e-05
8.56337555888e-06
0.000419889489422
6.99889860698e-05
1.32098739414e-05
5.74028708797e-05
4.55056851933e-06
5.04260533489e-05
1.30754206111e-05
0.000139655370731
0.000275225669611
0.000353190291207
0.000500085938256
0.000102283804154
0.000142531236634
0.000486110540805
2.38857792283e-05
0.000121605480672
0.0589007697999
9.71288318397e-06
0.00108491245192
0.033946108073
0.000180289687705
0.050778105855
0.000321045634337
0.00641221785918
0.000728369457647
0.00216723443009
0.000528861128259
0.00200160732493
0.00109275837895
0.000947079912294
0.00448666419834
0.0048392182216
0.00101420574356
0.00138335418887
0.000742344011087
0.00192566344049
0.000905091641471
0.0309744104743
0.000292269221973
0.00172714702785
0.000272092234809
0.000211692851735
0.00316661852412
0.000453765678685
0.000494015577715
0.000709605868906
0.0192018337548
0.000166420912137
6.26989130978e-05
0.00532298721373
0.001392310136
0.0409103222191
0.0112427463755
0.000304694898659
0.000138189396239
0.000569998926949
0.0108412951231
0.00016755652905
0.000724228972103
0.000722672732081
0.00030820077518
0.000638317724224
0.00146279449109
0.0001308456267
0.000937828619499
0.000395210518036
0.0106571316719
0.000676079187542
0.000315929268254
0.000100154982647
3.50101363438e-05
0.000739674025681
0.00170090096071
7.34678687877e-05
8.65508118295e-05
0.00214124354534
0.00394002860412
0.000679339456838
9.30971946218e-05
0.00210766587406
0.000319595419569
0.00100538565312
0.000458484806586
0.0196403395385
0.000210191763472
3.51862618118e-05
0.00646360078827
0.0320983156562
0.0369853265584
0.00156018114649
0.012437610887
0.000294572411804
0.000424637080869
0.00133662531152
0.00352440075949
0.00798924546689
0.00317586795427
0.00106273370329
0.000706786231603
0.0160541832447
0.000600372382905
0.000466568802949
0.000404478632845
0.000138454968692
0.000680818629917
0.000149692699779
0.0151861272752
0.0056938114576
0.000276834180113
0.00277684815228
2.5360044674e-05
8.62869710545e-05
0.000116468829219
0.00022353627719
0.000265412323643
8.56404003571e-05
1.82769690582e-05
0.000122027406178
1.17570516522e-05
0.000171996085555
0.002033255063
9.88670435618e-05
1.705048453e-05
0.00587713811547
2.72437519016e-05
0.0152822239324
0.00166228134185
0.000266795075731
0.000829866039567
0.000383491598768
0.0199550185353
0.000228539676755
0.000127235907712
0.000881267886143
1.0948489944e-05
0.00634184293449
0.00140806753188
0.000559597043321
0.000280094944173
0.00496488297358
0.000421154720243
0.000511099002324
4.63794021925e-05
0.00019720151613
0.00112283101771
0.000156394016813
0.00363199692219
3.83106598747e-05
0.00100972107612
2.5374467441e-05
0.011490999721
0.017980966717
1.12867437565e-05
2.14322080865e-05
0.000571222393773
0.00060367200058
0.000685986306053
7.01778990333e-05
0.0208266228437
0.000150743144331
0.000358303048415
0.00309097371064
0.00224498636089
0.000445283600129
0.000480457936646
0.000153244909598
9.88786996459e-06
6.15094222667e-06
6.59119032207e-05
7.69730540924e-05
0.000169864404597
0.0137834092602
7.25732206774e-07
0.00345141300932
8.0947592096e-07
5.70792826693e-06
4.23932578997e-06
1.38238294767e-06
1.88804860954e-05
0.000523760856595
0.000120222604892
2.3504010187e-06
0.00360452197492
6.24907261226e-05
1.84451091627e-05
4.65981611342e-06
0.000510270358063
0.000262531451881
3.30601797032e-05
0.00148103421088
0.00011437516514
5.24559027326e-06
2.46373315349e-06
2.83547433355e-05
5.90984473092e-06
3.48907235548e-07
1.24452744785e-05
0.012304362841
1.69344855294e-06
0.00459922431037
0.000256652623648
4.98358474488e-07
1.10808866793e-06
9.44107455325e-07
0.00104709155858
2.14808983401e-06
0.0719401687384
3.02752596326e-05
2.20606270886e-05
3.78192089556e-06
8.79476647242e-05
0.000307370355586
0.0594532676041
0.00767804402858
0.0416084937751
0.00966481864452
0.00620620138943
0.0198456272483
0.0103130070493
0.00200978876092
0.00172769359779
0.0215691123158
0.000665129220579
0.00190196093172
0.00396609399468
0.000739621405955
0.0517462901771
0.00281963357702
0.000424670986831
0.000266585528152
0.000244673545239
0.000420855387347
0.000586941489018
0.000417418632424
0.000500054913573
0.000935080286581
0.00454535614699
0.00103886867873
0.000394719594624
0.00352620938793
0.000499467365444
0.00039654711145
9.10761955311e-05
0.00164897320792
0.0001634741202
8.77150669112e-05
0.000138073592097
0.000128064712044
9.07220601221e-06
8.00220950623e-05
0.000288414565148
1.85276512639e-05
5.83837561408e-07
0.0514846667647
0.000115109323815
0.000141883370816
0.000705734826624
4.87173601869e-05
8.58069834067e-05
0.000740438641515
0.000294973753626
0.00986527744681
0.000360438774806
0.00213702372275
0.000470332743134
0.000399530195864
0.000262865069089
0.000182812349522
0.000272356206551
0.00601781578735
0.000146117527038
0.000185315642739
0.00665041711181
0.0193528160453
0.000503893767018
0.0024903321173
0.00177261547651
0.00129273778293
0.000134164540214
0.000117069845146
0.000210398502531
0.00256009981968
0.000306627858663
0.000355849508196
0.00074808485806
0.00465085497126
0.000883291999344
0.00323235313408
0.000146888502059
5.27862976014e-05
6.65198604111e-05
0.0131665738299
0.0671574920416
0.000618143589236
0.000216879852815
8.34003003547e-05
7.11693428457e-05
0.000129036445287
0.000312484538881
0.00116413203068
0.00247374572791
0.00385849643499
0.000623551080935
0.000901352148503
0.00105873297434
0.00114736612886
0.000962804362644
0.000683417310938
0.00357924983837
0.000145266807522
0.00231913640164
0.000355588068487
0.00609320821241
8.19018459879e-05
4.12604458688e-05
7.91007187217e-05
0.00114988908172
3.41892482538e-05
0.000123553531012
0.0240583699197
0.000378544151317
0.000218945831875
0.000273766374448
0.00256652268581
0.00748904142529
0.000573156750761
0.000530424644239
0.00828639604151
0.0133042633533
0.000304356246488
0.00011467627337
0.00335411145352
3.36607954523e-05
4.57619098597e-05
0.000743709329981
0.000788324570749
0.000424923986429
0.000100936747913
0.00262305233628
0.000214418134419
6.06142348261e-05
0.000251925404882
0.000121785094962
0.000264578615315
0.000389908876969
6.67264321237e-05
0.000107965170173
0.00231560855173
5.1569131756e-05
0.0193447526544
0.000138778690598
0.000363624596503
4.49053950433e-05
0.000232600796153
6.7313791078e-05
0.000289294228423
0.00532387336716
0.00119062233716
0.000107259060314
0.000321938277921
0.000156828304171
0.000262240006123
3.84878767363e-05
0.000513906183187
1.89034126379e-05
2.5440214813e-05
3.66648891941e-05
9.00613886188e-05
0.0062839477323
0.000113894166134
2.01080929401e-05
0.0232166033238
3.48282665072e-05
0.0135983387008
2.94054480037e-05
1.30520666062e-05
1.16879264169e-05
3.80506298825e-06
6.79759323248e-05
0.00120266235899
0.0249915029854
0.0332611091435
0.0145594086498
4.21831937274e-05
0.000236126797972
0.000271987053566
0.00290058902465
0.00158953072969
0.000866371148732
0.00340891093947
0.000661509577185
0.0289747454226
0.000411043554777
0.000346851273207
0.00288537330925
0.00151078624185
0.000205997683224
0.000154783279868
0.000424668251071
0.000234989973251
0.000131713895826
7.38504604669e-05
0.000303184031509
0.000446248712251
0.000241917732637
5.29365097464e-05
0.000511005579028
0.0001835020812
0.000774539075792
0.000183449228643
0.000194495820324
0.000316691875923
4.44046745542e-05
0.00328829744831
0.000211466744076
0.000186243894859
0.000259955530055
1.34095234898e-05
2.49212121162e-06
0.00717109628022
4.08612868341e-06
9.55585346674e-06
1.50750774992e-05
0.00199235719629
5.68367477172e-06
9.24651394598e-05
2.73762725556e-05
6.91526802257e-05
0.0239510312676
0.000185469121789
4.81340384795e-06
0.00176897528581
0.0015871579526
0.00472586974502
5.88629118283e-05
4.77325629618e-05
5.881800098e-05
0.000488904071972
0.00082045327872
0.0469851903617
0.0013308909256
6.6078020609e-05
0.000111054818262
0.00030586819048
0.00118799670599
0.00888094585389
0.000829440134112
0.00107178546023
0.00086230027955
0.000706604856532
0.000765790173318
0.00145070266444
0.000564119720366
0.000728463113774
0.00444970699027
0.000906250090338
0.000401804456487
0.000119900520076
0.00273341615684
0.000200023350772
0.0015829881886
0.0290911085904
3.14810022246e-05
0.000131277105538
0.000119030351925
2.9253480534e-05
0.000235525789321
0.000238153414102
0.000200271228096
0.0335029512644
9.73691858235e-05
0.000156079520821
0.00056263821898
0.00258780899458
0.00036296993494
0.000204749274417
0.000372683542082
0.000441045995103
0.00107589026447
0.0636083111167
0.000758158043027
0.000407617306337
0.00170768960379
0.0056945248507
0.0100474217907
0.0012207539985
0.0140994871035
0.00372952898033
0.00040792443906
0.000354458199581
0.000265404407401
0.0026234597899
0.000154473571456
0.000297362945275
0.000352307542926
0.0049108741805
0.000137525057653
4.33963068645e-05
0.00613884907216
0.000276732520433
6.28436318948e-05
0.000256810948486
7.52386404201e-05
2.53435227933e-05
3.47858440364e-05
3.15131655952e-05
4.10296561313e-05
0.00491149583831
0.000129409920191
0.00170150934719
0.0214149542153
0.00920184608549
0.00204907357693
0.142595946789
0.00045322207734
0.000705029466189
0.0104081649333
0.00092290667817
0.000207625547773
0.000425393867772
0.000409566651797
0.00979970768094
0.00135634012986
0.00219705118798
0.0422572568059
0.0318999029696
0.0133452173322
0.00585497310385
0.0135134793818
0.0127299819142
0.0227014701813
0.0330118723214
0.00846502929926
0.0144586060196
0.0721080899239
0.00114205363207
0.00531430123374
0.0403524413705
0.00037969800178
0.00126599951182
