0.691369056702
0.691321611404
0.691275000572
0.691228568554
0.691182732582
0.691136956215
0.691091239452
0.691045939922
0.691001415253
0.690958142281
0.690916061401
0.690874218941
0.690833330154
0.690793693066
0.690754354
0.690715372562
0.690676867962
0.690638542175
0.690599739552
0.690561115742
0.690522432327
0.690483748913
0.690445005894
0.690406441689
0.690367937088
0.690329372883
0.690290927887
0.690252363682
0.690213918686
0.69017547369
0.690137028694
0.690098524094
0.690059959888
0.690021336079
0.689982712269
0.689943909645
0.689905524254
0.6898676157
0.689830005169
0.689792215824
0.689754605293
0.689717292786
0.689680278301
0.689643204212
0.689606010914
0.689568936825
0.689531564713
0.68949431181
0.689456999302
0.689419567585
0.689382195473
0.689344584942
0.689306616783
0.68926858902
0.68923074007
0.689192891121
0.689155399799
0.689117729664
0.689080238342
0.689042568207
0.689004898071
0.688967168331
0.688929438591
0.688892066479
0.688855111599
0.688818335533
0.688781619072
0.688744843006
0.68870806694
0.688671112061
0.688634216785
0.68859732151
0.688560307026
0.688522994518
0.688485920429
0.688448727131
0.6884111166
0.688373565674
0.688335895538
0.68829792738
0.688259899616
0.688256084919
0.688252210617
0.688248515129
0.688244700432
0.688240885735
0.688237130642
0.688233315945
0.688229501247
0.688225746155
0.688221871853
0.688218057156
0.688214242458
0.688210368156
0.688206613064
0.688202798367
0.688198924065
0.688195109367
0.688191354275
0.688187479973
