0.771799325943
0.716346025467
0.695274114609
0.687341332436
0.689009904861
0.688357591629
0.686978876591
0.685530364513
0.684569895267
0.683413028717
0.68130671978
0.679535925388
0.676871836185
0.672822892666
0.66997396946
0.662324249744
0.654175400734
0.646238088608
0.633821189404
0.618031084538
0.600511610508
0.583147823811
0.570537149906
0.56226670742
0.55597704649
0.536185026169
0.516334474087
0.517103672028
0.499059081078
0.474554151297
0.488139033318
0.456083297729
0.47162386775
0.433519393206
0.4414678514
0.423383563757
0.426604002714
0.416430652142
0.401181429625
0.390089303255
0.397670835257
0.358394861221
0.35436758399
0.348533987999
0.339144200087
0.357583940029
0.323576360941
0.312718421221
0.331557303667
0.307886064053
0.279501229525
0.28823235631
0.303069591522
0.330744743347
0.282958060503
0.293662399054
0.295245945454
0.255741655827
0.267529368401
0.294079840183
0.286961108446
0.268489480019
0.23352958262
0.282598406076
0.271872013807
0.267400234938
0.258900135756
0.286488354206
0.290125995874
0.274716436863
0.222739472985
0.252786546946
0.238257184625
0.287114560604
0.226348295808
0.269708484411
0.257795840502
0.28039881587
0.250196695328
0.234082221985
0.236600294709
0.237659737468
0.218868628144
0.233644247055
0.216384127736
0.258179157972
0.237981975079
0.267240524292
0.251828372478
0.23807105422
0.233704715967
0.208979189396
0.243683308363
0.221514835954
0.22202257812
0.196905493736
0.219722360373
0.205786675215
0.270798236132
0.22492402792
0.187083646655
0.240929946303
0.200924918056
0.212815135717
0.214310213923
0.253139674664
0.226498395205
0.209519699216
0.226849228144
0.175165116787
0.187206596136
0.180516287684
0.194546625018
0.18470852077
0.230747908354
0.19812425971
0.234466999769
0.195255860686
0.193857952952
0.251458376646
0.219094574451
0.183977618814
0.207217335701
0.216904371977
0.174186676741
0.195712894201
0.172873616219
0.197903111577
0.187264338136
0.188748463988
0.204509586096
0.170776233077
0.184181898832
0.175687536597
0.207771748304
0.198926955462
0.192937597632
0.171471685171
0.137522488832
0.152200818062
0.171084150672
0.157513514161
0.174110040069
0.153906837106
0.147422030568
0.193381428719
0.185552164912
0.191843673587
0.223403722048
0.155814245343
0.204754456878
0.226140186191
0.128883212805
0.199097529054
0.148659855127
0.160327896476
0.155277147889
0.206263273954
0.155551046133
0.164951995015
0.15530975163
0.141860708594
0.166484966874
0.13465154171
0.166751101613
0.143101155758
0.10839818418
0.149994432926
0.117824472487
0.113227494061
0.123806968331
0.14562882483
0.187851801515
0.150094032288
0.236483857036
0.26159119606
0.172373890877
0.12495663017
0.143099918962
0.19063693285
0.232392311096
0.117578193545
0.121726900339
0.240248590708
0.204100802541
0.217900946736
0.178373515606
0.151190057397
0.108502365649
0.178688421845
0.158344194293
0.134871512651
0.122002072632
0.13716083765
0.144676417112
0.135566338897
0.142986655235
0.158134073019
0.119543366134
0.128997042775
0.136206492782
0.18001049757
0.109096966684
0.13237093389
0.156183674932
0.113412365317
0.153426975012
0.0887980759144
0.10236800462
0.114463530481
0.101012259722
0.134832128882
0.102721564472
0.0966916531324
0.0915388837457
0.100213594735
0.0997911244631
0.101621851325
0.117794051766
0.100601732731
0.132019653916
0.125966861844
0.10324088484
0.116376928985
0.104618832469
0.124429993331
0.118466921151
0.10287617892
0.0999369993806
0.119029089808
0.094056211412
0.135734900832
0.123764462769
0.124544590712
0.0840278938413
0.0894021391869
0.0917648524046
0.0822502151132
0.0839888304472
0.0779466032982
0.0836454331875
0.0955596491694
0.0759355574846
0.0489444918931
0.0550748407841
0.0643196627498
0.125265955925
0.0817570537329
0.0873493030667
0.128929510713
0.0722791627049
0.0820396766067
0.0738060101867
0.0861150696874
0.0760368928313
0.0794797763228
0.119054369628
0.0873469784856
0.0873088315129
0.0546244829893
0.0951093733311
0.0622389949858
0.0483228042722
0.0571299530566
0.0975520834327
0.169791519642
0.0708542019129
0.0959204733372
0.121654085815
0.0495885238051
0.0550864376128
0.097928725183
0.0934672579169
0.0729152038693
0.0886222347617
0.113029643893
0.0716286823153
0.0377340205014
0.0418263226748
0.124476775527
0.0778611376882
0.0798606052995
0.0725819468498
0.0603537075222
0.0748640820384
0.189939409494
0.142474964261
0.10801140964
0.0448835529387
0.0884554684162
0.0650885254145
0.0511458218098
0.0544497705996
0.0588603056967
0.04987295717
0.0920992717147
0.0579337365925
0.0737448036671
0.0531988479197
0.0674895867705
