0.693144142628
0.690901756287
0.688512265682
0.685672044754
0.681534945965
0.676477074623
0.666790187359
0.652462303638
0.629927575588
0.593441903591
0.555086731911
0.49934387207
0.445105850697
0.400829493999
0.353708565235
0.324843734503
0.309029370546
0.305743604898
0.301813662052
0.299114346504
0.297128081322
0.296870946884
0.291832715273
0.28946480155
0.28709769249
0.284731566906
0.282370656729
0.284848809242
0.277674525976
0.275343984365
0.273028820753
0.270728439093
0.272261321545
0.266184478998
0.263949662447
0.265647977591
0.259549856186
0.257336169481
0.259826004505
0.253040879965
0.250947237015
0.248830601573
0.250889927149
0.244709014893
0.251036852598
0.242547258735
0.242934852839
0.238651409745
0.239097222686
0.241579860449
0.231008052826
0.237905681133
0.23846167326
0.229967460036
0.223642393947
0.221856117249
0.220087304711
0.225300803781
0.287271052599
0.21499620378
0.213177412748
0.211492702365
0.209880366921
0.209968864918
0.209681585431
0.211858049035
0.20339974761
0.206640139222
0.207025364041
0.198671773076
0.197148993611
0.195641160011
0.194148182869
0.212105855346
0.191269993782
0.189753130078
0.193455129862
0.186899617314
0.186029821634
0.184570387006
0.1832986027
0.181405708194
0.192472964525
0.183787032962
0.177363067865
0.192373976111
0.191084101796
0.175185084343
0.18323096633
0.17150619626
0.169785767794
0.168619558215
0.173259973526
0.171020746231
0.170366555452
0.166669338942
0.162780985236
0.161520168185
0.160369053483
0.194144815207
0.196541577578
0.162863135338
0.156030938029
0.17600916326
0.177404016256
0.189000725746
0.177003741264
0.159302383661
0.171895518899
0.153781980276
0.147767782211
0.181457221508
0.145717024803
0.145018696785
0.14489762485
0.152158722281
0.141884848475
0.203737467527
0.142220720649
0.146754488349
0.146576359868
0.137634664774
0.143851920962
0.145264878869
0.134794294834
0.140304818749
0.140372350812
0.132229954004
0.152917057276
0.130659013987
0.129870906472
0.129185095429
0.128890350461
0.134235322475
0.126471474767
0.162178575993
0.127243638039
0.127131387591
0.129882574081
0.123929560184
0.124881885946
0.12891882658
0.120647080243
0.122410081327
0.11876039952
0.131665125489
0.136134177446
0.1171650365
0.119998402894
0.114813178778
0.114152081311
0.11369331181
0.113166473806
0.121131770313
0.113959766924
0.113455682993
0.120032392442
0.11774212122
0.115423977375
0.109702140093
0.112284377217
0.109610870481
0.116379201412
0.106512323022
0.104936555028
0.104239784181
0.109313443303
0.148767203093
0.118393853307
0.103744879365
0.10186073184
0.102137684822
0.103071086109
0.118247002363
0.115865081549
0.123626738787
0.106434494257
0.105245187879
0.107971452177
0.1018108055
0.0960776656866
0.095050804317
0.0945417135954
0.0968543812633
0.0934600383043
0.0930161625147
0.0926571711898
0.0938736721873
0.116216875613
0.093888707459
0.0904118046165
0.0899030566216
0.0894205495715
0.0889173895121
0.0884421542287
0.0904878973961
0.088811956346
0.0873308256269
0.0961350426078
0.0860567167401
0.093292273581
0.0858612880111
0.0928366780281
0.084237895906
0.084544532001
0.0833219885826
0.0828753486276
0.082460783422
0.0820019245148
0.0822535008192
0.0811586529016
0.0809690505266
0.0875356942415
0.0798673853278
0.0914320871234
0.0792928114533
0.078684411943
0.0788527727127
0.0820819735527
0.0781763419509
0.0772283896804
0.0797831341624
0.0762192979455
0.0759433507919
0.0758281350136
0.0751164332032
0.0891952812672
0.0925774723291
0.0823732614517
0.0735992491245
0.073266223073
0.072846069932
0.0725118815899
0.0721203908324
0.0718616694212
0.0714133903384
0.0710634216666
0.0707161873579
0.0985380038619
0.0700223073363
0.0697279125452
0.0696709826589
0.0696225985885
0.0695848017931
0.0713017433882
0.0788321867585
0.0700079277158
0.0696752890944
0.0743429288268
0.0791234150529
0.069535240531
0.0694357156754
0.0787383839488
0.0700499638915
0.0692152455449
0.0702862665057
0.0691502839327
0.0691259205341
0.0690798386931
0.0690455809236
0.0690153464675
0.0691189467907
0.0689505636692
0.0689126104116
0.0688935220242
0.0688469335437
0.0965593680739
0.0735838040709
0.0688436478376
0.0687540024519
0.0686764195561
0.0868562012911
0.0691770538688
0.0720097869635
0.0685603395104
0.072101213038
0.0684898346663
0.0684447959065
0.0684124827385
0.0683786869049
0.0690336450934
0.068307608366
0.06830252707
0.0682398602366
0.0682718381286
0.0681765004992
0.0805069804192
0.0681613609195
0.0680700391531
0.0698286890984
0.0794691890478
0.0681586563587
0.0681738257408
0.0679310485721
0.0725140795112
0.0681217685342
0.0678030848503
0.0699082016945
0.0677330866456
0.0676968842745
