0.695281565189
0.694204032421
0.693305909634
0.692423522472
0.691708922386
0.691137194633
0.690605580807
0.69009244442
0.689506649971
0.688836812973
0.688131213188
0.687425792217
0.68671810627
0.685981094837
0.685210168362
0.684427678585
0.683618783951
0.682814955711
0.68197786808
0.681078970432
0.68017578125
0.679145932198
0.678029000759
0.676856219769
0.67551612854
0.673993289471
0.672444999218
0.670888185501
0.669179797173
0.667370140553
0.665395021439
0.663251340389
0.660969436169
0.658643901348
0.656256556511
0.653713345528
0.651154279709
0.648438692093
0.64568734169
0.642908751965
0.640109777451
0.637276530266
0.63449215889
0.631739318371
0.629139244556
0.626647055149
0.624144673347
0.621657907963
0.619190096855
0.616767466068
0.614347279072
0.611904323101
0.609436750412
0.606975376606
0.604540467262
0.602129101753
0.599721908569
0.597488045692
0.595333874226
0.593209862709
0.59100228548
0.58874309063
0.586420357227
0.584167897701
0.582030832767
0.579995751381
0.578151345253
0.576319992542
0.574412226677
0.572438955307
0.570442557335
0.568484544754
0.566539049149
0.564589381218
0.562633395195
0.560679614544
0.558712482452
0.556719839573
0.554731369019
0.55279302597
0.550949513912
0.549070358276
0.547169029713
0.545288980007
0.54333782196
0.541385054588
0.539409041405
0.537397265434
0.535533130169
0.53365957737
0.531710803509
0.529837429523
0.527956843376
0.526053607464
0.524184823036
0.52235019207
0.520482361317
0.518610298634
0.516799211502
0.514977574348
0.513146460056
0.511369347572
0.509570598602
0.507834851742
0.505989313126
0.504197359085
0.502393782139
0.500706553459
0.498946338892
0.497110366821
0.495388358831
0.493604570627
0.491828501225
0.490073442459
0.488291293383
0.486420273781
0.484544694424
0.482666015625
0.480786889791
0.478907734156
0.477028220892
0.475119054317
0.473196089268
0.471267908812
0.469404876232
0.46759814024
0.46575525403
0.463820248842
0.461917817593
0.460087180138
0.45821082592
0.456314980984
0.454397648573
0.452417999506
0.45052754879
0.448638558388
0.446717649698
0.444848001003
0.442964464426
0.441135048866
0.439316540956
0.437445938587
0.43555238843
0.433825016022
0.432082563639
0.430283337831
0.428640156984
0.42699855566
0.425261855125
0.423543781042
0.421711176634
0.420205771923
0.41858959198
0.416967898607
0.415203779936
0.413535147905
0.411936014891
0.410243958235
0.40860041976
0.406920284033
0.405274093151
0.403640151024
0.402046084404
0.400540500879
0.39899328351
0.397442877293
0.395977944136
0.394294559956
0.392838418484
0.391315370798
0.389801383018
0.388273954391
0.386853635311
0.38540750742
0.383904129267
0.382429391146
0.380981713533
0.379642993212
0.378246575594
0.376863718033
0.375585198402
0.374229550362
0.37293407321
0.371569752693
0.370241940022
0.368934452534
0.367635279894
0.366267293692
0.365014433861
0.363770335913
0.362532556057
0.361368924379
0.360055416822
0.358863860369
0.35762655735
0.356447160244
0.355364978313
0.35423129797
0.353072762489
0.352073937654
0.350822865963
0.349890261889
0.348842948675
0.347835153341
0.346658885479
0.345554769039
0.344439029694
0.343499153852
0.342436999083
0.341455042362
0.340422272682
0.339457035065
0.338582247496
0.337599903345
0.336721211672
0.335776984692
0.334951549768
0.333995103836
0.333191126585
0.332371681929
0.331543117762
0.330706775188
0.329859167337
0.329114735126
0.328379780054
0.327500164509
0.326784074306
0.32598939538
0.325183212757
0.324635505676
0.323777288198
0.322951227427
0.322178542614
0.321453422308
0.320672690868
0.319932669401
0.31916436553
0.318381220102
0.317800194025
0.317089259624
0.316398501396
0.315780073404
0.315148562193
0.314473360777
0.313905268908
0.313403815031
0.312802791595
0.312178105116
0.31152510643
0.310961216688
0.310400724411
0.309899419546
0.309399276972
0.308900535107
0.308397620916
0.30801153183
0.307454288006
0.307043731213
0.306633204222
0.306250959635
0.305825203657
0.305411785841
0.305051803589
0.304661899805
0.304332792759
0.303973555565
0.303636342287
0.303363025188
0.30295971036
0.302587389946
0.302143275738
0.301722824574
0.301353722811
0.300983816385
0.300547808409
0.300113230944
0.299828469753
0.299620568752
0.299279481173
0.299060255289
0.298843026161
0.298629015684
0.298403263092
0.29814106226
0.297920674086
0.297584474087
0.297200679779
0.296873539686
0.296733647585
0.29704272747
0.296256065369
0.296052277088
0.295842349529
0.295722335577
0.295482367277
0.29532212019
0.295150190592
0.295010507107
0.294761449099
0.29448145628
0.29427203536
0.294060260057
0.293841391802
0.293728232384
0.293512254953
0.29332575202
0.293103665113
0.292941063643
0.292741805315
0.292542904615
0.292364418507
0.292168468237
0.291997313499
0.291789203882
0.29167470336
0.291423976421
0.291266143322
0.291131794453
0.291003912687
0.290889173746
0.29076269269
0.29063642025
0.290526598692
0.29039722681
0.290278881788
0.290235966444
0.290060043335
0.289960354567
0.289849698544
0.28976225853
0.289658248425
0.289537906647
0.289457410574
0.28934559226
0.289252370596
0.289160132408
0.289099037647
0.289005160332
0.288943082094
0.288877338171
0.288804918528
0.288748055696
0.288659989834
0.288586288691
0.288532018661
0.288456767797
0.288387775421
0.288357406855
0.28827932477
0.288235425949
0.288178116083
0.288149178028
0.287999302149
0.287940472364
0.287881165743
0.287869662046
0.287817507982
0.287811100483
0.287717431784
0.287687689066
0.287662744522
0.287629693747
0.287587493658
0.287535816431
0.287484675646
0.28743109107
0.287388205528
0.287328630686
0.287297636271
0.287248700857
0.287199705839
0.287166178226
0.287126511335
0.287085682154
0.287113308907
0.287041068077
0.287001669407
0.2869810462
0.286965966225
0.28694459796
0.286916106939
0.286881268024
0.286861598492
0.286817520857
0.286786228418
0.286820054054
0.286875277758
0.287020534277
0.287018895149
0.286924302578
0.28679355979
0.286661058664
0.286654561758
0.286610066891
0.286603868008
0.286570519209
0.286558538675
0.286579310894
0.286539554596
0.286526143551
0.286524921656
0.286496222019
0.286491662264
0.286466449499
0.286488831043
0.286441326141
0.286427766085
0.286416530609
0.286436736584
0.286394774914
0.28638318181
0.28636470437
0.286340326071
0.286328673363
0.286289423704
0.286264896393
0.286240965128
0.28621506691
0.28620749712
0.286198347807
0.286150157452
0.286138564348
0.286140978336
0.286115854979
0.28611856699
0.286117523909
0.286111712456
0.286100834608
0.2860853374
0.2860660851
0.286062330008
0.28602835536
0.286008358002
0.285989195108
0.28599730134
0.285962611437
0.28595495224
0.285947591066
0.285969555378
0.285935521126
0.285929322243
0.285918533802
0.285903900862
0.285886079073
0.285870373249
0.285864681005
0.285857647657
0.285841047764
0.285845637321
0.285835057497
0.285828888416
0.285819500685
0.285807311535
0.285793483257
0.285779297352
0.285782814026
0.285761237144
0.285755723715
0.285748064518
0.285738289356
0.285730063915
0.285714477301
0.285701155663
0.285697758198
0.285683631897
0.28566133976
0.285656899214
0.285641789436
0.285635441542
0.285628944635
0.285619080067
0.285610198975
0.285612523556
0.285655707121
0.285629481077
0.285628020763
0.285628795624
0.285635739565
0.285639941692
0.285641312599
0.285639166832
0.285633504391
0.28565171361
0.285622864962
0.285617560148
0.285609781742
0.285599678755
0.285587579012
0.285574167967
0.285559743643
0.285545527935
0.285530388355
0.285541653633
0.285544753075
0.285513311625
0.285517692566
0.285526007414
0.285520941019
0.285519421101
0.285515725613
0.28550991416
0.285510480404
0.285494953394
0.285485893488
0.285475283861
0.28546333313
0.28545153141
0.285437375307
0.285423845053
0.285409867764
0.285401761532
0.285402625799
0.285383671522
0.285379558802
0.285372555256
0.285374045372
0.28536054492
0.285403817892
0.285358220339
0.285361140966
0.285362422466
0.28536272049
0.28536143899
0.285358667374
0.285375952721
0.285353451967
0.285351753235
0.285348653793
0.28534668684
0.285340726376
0.285333067179
0.285326391459
0.285317093134
0.285307198763
0.285296320915
0.285285025835
0.28528007865
0.285263091326
0.285252094269
0.285278737545
0.285236597061
0.285240530968
0.285229057074
0.285225480795
0.285221040249
0.285221070051
0.285215258598
0.28520873189
0.285205751657
0.285201817751
0.28519693017
0.285191237926
0.285184860229
0.285177886486
0.285170346498
0.285162419081
0.285164564848
0.285185724497
0.285154640675
0.285157650709
0.285159617662
0.285160154104
0.285159260035
0.285157948732
0.285154342651
0.285150229931
0.285144716501
0.2851382792
0.285131275654
0.28512391448
0.285122126341
0.285113304853
0.285109549761
0.285104990005
0.285117149353
0.285098493099
0.285126596689
0.285099178553
0.285101354122
0.285102635622
0.285102814436
0.285102277994
0.285100728273
0.28510633111
0.285095572472
0.285095691681
0.285088211298
0.285083442926
0.285085916519
0.285072594881
0.285066634417
0.28506025672
0.285053580999
0.285046637058
0.285039424896
0.285032063723
0.285024493933
0.285016894341
0.285057634115
0.285019665956
0.285010188818
0.285015016794
0.285019159317
0.2850227952
0.285042732954
0.285030215979
0.285031020641
0.285030186176
0.2850292027
0.285028070211
0.285025149584
0.285018503666
0.285012543201
0.28501355648
0.28500315547
0.284999489784
0.284999728203
0.284995406866
0.284986943007
0.284982740879
0.284978121519
0.284973084927
0.284967511892
0.284961640835
0.284955739975
0.284952014685
0.284950941801
0.284942865372
0.2849419415
0.284940570593
0.284938722849
0.284939229488
0.284943431616
0.28495195508
0.284935414791
0.28493770957
0.284938782454
0.284938782454
0.284937798977
0.284935951233
0.284933328629
0.284933030605
0.284932613373
0.284932136536
0.284931659698
0.284931063652
0.284930467606
0.284929811954
0.284929126501
0.284928381443
0.284927636385
0.284926861525
0.284926056862
0.284925252199
0.284924417734
0.284923583269
0.284922719002
0.284921824932
0.284920960665
0.284920066595
0.284919202328
0.284918278456
0.284917414188
0.284916490316
0.284915596247
0.284914702177
0.284913778305
0.284912884235
0.284912765026
0.284911304712
0.284910589457
0.284909844398
0.284909129143
0.284908354282
0.284907609224
0.284906834364
0.284906029701
0.284905254841
0.284904420376
0.284903615713
0.28490281105
0.284901976585
0.284901171923
0.284900337458
0.284899502993
0.28489869833
0.284897863865
0.2848970294
0.284896194935
0.28489536047
0.284894555807
0.284893721342
0.284892916679
0.284892082214
0.284891277552
0.284890413284
0.284890204668
0.284888863564
0.284888118505
0.284887343645
0.284886568785
0.284885793924
0.284885048866
0.284884303808
0.284883528948
0.284882754087
0.284881979227
0.284881234169
0.284880489111
0.284879684448
0.28487893939
0.284880071878
0.28487765789
0.284877091646
0.2848764956
0.284875899553
0.284875273705
0.284874647856
0.284874022007
0.284873694181
0.284872800112
0.284872204065
0.284871548414
0.284872204065
0.284870803356
0.284870654345
0.284873604774
0.284870535135
0.284870505333
0.284870505333
0.284870386124
0.28487020731
0.284869968891
0.284869670868
0.284869343042
0.284868985415
0.284868597984
0.284868150949
0.284867674112
0.284867167473
0.284866660833
0.284866124392
0.284865558147
0.284864991903
0.284864395857
0.284864068031
0.284863233566
0.284862667322
0.284862101078
0.284861505032
0.284863442183
0.284860789776
0.284860640764
0.284860402346
0.284860163927
0.284859865904
0.284859508276
0.284859120846
0.284858733416
0.284858256578
0.284857779741
0.284857302904
0.284856796265
0.284856617451
0.284855782986
0.284855306149
0.284854799509
0.284855246544
0.284853935242
0.284853607416
0.284853190184
0.284852772951
0.284852325916
0.284851849079
0.284852534533
0.284851044416
0.284850716591
0.284850299358
0.28484994173
0.284850180149
0.284849375486
0.28484916687
0.284848958254
0.284848660231
0.284848332405
0.2848482728
0.284848123789
0.284848213196
0.284848123789
0.284848034382
0.284847915173
0.284847736359
0.284847468138
0.284847170115
0.284846812487
0.284846454859
0.284846037626
0.284845650196
0.284845143557
0.284844696522
