0.791926324368
0.738905131817
0.726406514645
0.699111044407
0.687701106071
0.658012866974
0.654616057873
0.642346918583
0.625508725643
0.610856711864
0.610913217068
0.610410392284
0.579422652721
0.588178217411
0.571965873241
0.549474895
0.545510292053
0.539856791496
0.528200030327
0.523972451687
0.514083445072
0.502054750919
0.493134737015
0.49092912674
0.480208039284
0.472535818815
0.464124202728
0.447385311127
0.452107340097
0.438802570105
0.455154687166
0.419785052538
0.420421779156
0.403396904469
0.393630921841
0.389995962381
0.376038253307
0.380837708712
0.380244255066
0.37305611372
0.340940386057
0.36061578989
0.35528999567
0.339853674173
0.335436105728
0.33779489994
0.328433662653
0.303356558084
0.314163058996
0.296530485153
0.303989499807
0.294755935669
0.276226788759
0.273973017931
0.264358520508
0.290569961071
0.267977327108
0.261798679829
0.271448135376
0.243707835674
0.222173720598
0.239998236299
0.237182930112
0.228082835674
0.232983991504
0.209602877498
0.20918020606
0.214422434568
0.199392437935
0.21104170382
0.186367049813
0.195799946785
0.159374386072
0.179183363914
0.189796388149
0.176513567567
0.164462596178
0.143244564533
0.152722433209
0.14344266057
0.146767169237
0.180217012763
0.136884868145
0.122744843364
0.138060897589
0.161103665829
0.150041744113
0.144325479865
0.12686227262
0.136143833399
0.129987999797
0.136985912919
0.128413647413
0.104607194662
0.13426785171
0.123408712447
0.132719874382
0.14887201786
0.108861148357
0.100828386843
0.108677782118
0.0910229757428
0.083021722734
0.135058701038
0.112663902342
0.109135009348
0.098000369966
0.0905563384295
0.097859993577
0.102573141456
0.0772515684366
0.0889920145273
0.102762639523
0.0897742137313
0.0678889229894
0.0810111090541
0.0664684250951
0.0609070025384
0.106445491314
0.0703553631902
0.0729898437858
0.0893001630902
0.073185287416
0.0990354567766
0.0915522351861
0.0655341669917
0.0573374293745
0.0612699277699
0.0644263774157
0.0639974400401
0.0886540561914
0.0472043566406
0.0540920644999
0.0590247288346
0.0576945319772
0.0592304728925
0.0551699958742
0.0745312795043
0.0634690746665
0.0669708624482
0.0471981056035
0.058983579278
0.0765252709389
0.0508391670883
0.0514762215316
0.049912173301
0.0580113567412
0.0583267919719
0.03848528862
0.0673821642995
0.0424746163189
0.0397051200271
0.065528742969
0.0409031733871
0.0378599576652
0.0460474900901
0.0504927001894
0.0494269132614
0.0384043902159
0.0605695806444
0.0434301905334
0.0410444848239
0.0308576021343
0.0516107194126
0.0394409075379
0.0589992068708
0.0415780693293
0.0304796211421
0.0473716445267
0.049805957824
0.063725464046
0.0322902500629
0.0395720861852
0.0443638637662
0.0591999329627
0.0457475930452
0.0402805693448
0.0454142205417
0.0463452674448
0.0506461262703
0.0369431562722
0.0436806790531
0.0370115973055
0.0425511747599
0.0454392582178
0.0265219788998
0.0408261269331
0.065288990736
0.0491152144969
0.0327008441091
0.0424159057438
0.0797427296638
0.0302941501141
0.0195125378668
0.0460779182613
0.034902010113
0.0515208505094
0.0505473874509
0.0518350824714
0.0450661554933
0.0255749486387
0.0454310849309
0.0446355082095
0.039671137929
0.039686832577
0.0328802019358
0.0346890762448
0.0358321852982
0.0238430760801
0.0330537036061
0.0319548621774
0.0467945560813
0.0568227916956
0.0407053939998
0.01934017241
0.044310875237
0.0267823915929
0.0427536554635
0.05371838063
0.0328799635172
0.0339956283569
0.0379145666957
0.0234362632036
0.0418605841696
0.0339725464582
0.0181019101292
0.0276205465198
0.0290031023324
0.0607150942087
0.0421490259469
0.026408335194
0.0312528200448
0.0346427746117
0.0273077338934
0.0440647415817
0.0315647274256
0.0450063347816
0.0299512986094
0.0332601778209
0.0332808606327
0.0191246178001
0.0456366613507
0.0378648675978
0.0429564416409
0.0213291309774
0.0431364327669
0.0198204219341
0.0262101776898
0.0337326787412
0.018242770806
0.0255736894906
0.0540345683694
0.057514756918
0.0236774962395
0.0336720198393
0.0332228690386
0.0309991762042
0.0284916013479
0.0299024712294
0.0584189891815
0.0339629240334
0.028910998255
0.041123740375
0.0388641916215
0.030148845166
0.0593013204634
0.0267689544708
0.0291264932603
0.0270865112543
0.0178945176303
0.10487972945
0.033277399838
0.0315625034273
0.0415819995105
0.020658230409
0.0221736822277
0.023215290159
0.0555863231421
0.0251062177122
0.0286168586463
0.0380138903856
0.0197105910629
0.0267755072564
0.0201450865716
0.0379830226302
0.0266707167029
0.0211655180901
0.0570713542402
0.0336999557912
0.0390993133187
0.0174876712263
0.0171889979392
0.0281777847558
0.0197259709239
0.012091527693
0.0243599582464
0.0198547448963
0.014074858278
0.0282882917672
0.0536213479936
0.0199990067631
0.0206666961312
0.0195090156049
0.0167450979352
0.0340349040926
0.0290444865823
0.0312130060047
0.0437344051898
0.03054109402
0.0202931053936
0.0152916908264
0.0184152703732
0.036137919873
0.019736867398
0.0130346678197
0.0489457771182
0.0381513051689
0.0268315207213
0.0360694415867
0.0123094152659
0.0193030498922
0.0243535004556
0.0353919640183
0.0184572562575
0.0338331758976
0.044865321368
0.0148605844006
0.0159290637821
0.0189279541373
0.0208100490272
0.038180295378
0.0268215034157
0.0282707344741
0.0196969173849
0.0278492625803
0.0284348931164
0.0221991501749
0.0219542346895
0.0207893308252
0.0346034020185
0.0122200977057
0.0379057265818
0.0139879053459
0.0148083092645
0.0135147245601
0.0175370573997
0.023913314566
0.0121907284483
0.0339875556529
0.0174371805042
0.0369790047407
0.0211552176625
0.0157857108861
0.0263830851763
0.0206931438297
0.0129640391096
0.0168152265251
0.0254650805146
0.0169077832252
0.0218555592
0.0151030914858
0.0382246375084
0.0487643368542
0.0111790299416
0.0141440294683
0.0146858217195
0.00924032926559
0.0440726876259
0.0157347489148
0.0202811583877
0.00953258760273
0.0199964027852
0.0138645749539
0.0295084789395
0.0201094411314
0.0333761572838
0.0125549109653
0.0313520208001
0.0301186144352
0.0264845583588
0.0167196188122
0.0330500341952
0.0131115037948
0.0412352904677
0.0301500204951
0.022526986897
0.0351556427777
0.0193412899971
0.0193930957466
0.0123502705246
0.0295940823853
0.0129390554503
0.0253215767443
0.0118958558887
0.0364960320294
0.0141582079232
0.030780788511
0.0172313340008
0.0159251466393
0.0145708778873
0.023799944669
0.0332528911531
0.0110362665728
0.0140877719969
0.013694585301
0.0372780375183
0.0373915918171
0.0201171226799
0.041508410126
0.0233453568071
0.0311018154025
0.0205374322832
0.0127701247111
0.0160731356591
0.0206746049225
0.0214317329228
0.0189576633275
0.0384155884385
0.0134432399645
0.0148258320987
0.0273998957127
0.0120110698044
0.0249620135874
0.0202997457236
0.0242485925555
0.0272195208818
0.0205997265875
0.0165143124759
0.0132390977815
0.0289030466229
0.024841543287
0.019503287971
0.0188960433006
0.0400008969009
0.0120234144852
0.0116632785648
0.0429749004543
0.012564198114
0.0110518131405
0.0131998211145
0.0127970697358
0.031915102154
0.0365479551256
0.0290222484618
0.0212683938444
0.0111052980646
0.0108841322362
0.0198203716427
0.0377397760749
0.0319723933935
0.0228327773511
0.0348998680711
0.0119696641341
0.0195830315351
0.0288747400045
0.011073037982
0.0133539540693
0.0157251190394
0.0401495024562
0.0275301020592
0.0163759514689
0.0084118777886
0.0220848284662
0.0131221618503
0.0165919531137
0.0206533893943
0.0132781257853
0.0132110370323
0.0111415404826
0.0364028029144
0.0189496893436
0.0244653634727
0.00959403254092
0.0257201418281
0.00889523979276
0.00701573630795
0.0112842842937
0.00773858046159
0.00987932179123
0.0180892460048
0.0203193966299
0.0154732493684
0.024459771812
0.011865134351
0.00666193570942
0.0113857574761
0.00611520698294
0.0131501369178
0.0328596644104
0.0201776921749
0.0140149649233
0.0100665418431
0.020834967494
0.0107482690364
0.00749454740435
0.0138205830008
0.00732738152146
0.0111261690035
0.00997036974877
0.0139508340508
0.0159404166043
0.00844378676265
0.0059096859768
0.0127003137022
0.0159167051315
0.0307794548571
0.00826376583427
0.0116710178554
0.00984768010676
0.0161449108273
0.00755592342466
0.0231264494359
0.0225766953081
0.0157261863351
0.0113643249497
0.00576786650345
0.0098096895963
0.0320074893534
0.0117487469688
0.00777190597728
0.041584905237
0.00603711651638
0.0270795952529
0.00747404666618
0.010789418593
0.0386878214777
0.00747099891305
0.0270752944052
0.0155773814768
0.0084452200681
0.00841210968792
0.0110759343952
0.0131928650662
0.0254803355783
0.0152323944494
0.018350109458
0.0126641886309
0.0315385460854
0.0166326593608
0.0234503671527
0.0059965015389
0.009207486175
0.0486624166369
0.0109460353851
0.00610212329775
0.0101708509028
0.00614291103557
0.0134683260694
0.0148042840883
0.038634493947
0.0152276903391
0.0123217022046
0.0246953591704
0.0229713972658
0.0353537760675
0.0151830269024
0.00746126426384
0.00684130005538
0.022835591808
0.019074305892
0.0184178818017
0.0248682107776
0.0156495627016
0.0199081599712
0.0246205814183
0.0122706033289
0.0121772335842
0.0255092233419
0.0149280074984
0.0166007708758
0.0249675121158
0.0144905103371
0.00640052463859
0.0104525592178
0.0136878108606
0.0391305536032
0.0161355696619
0.0171885378659
0.0177273210138
0.0209289994091
0.0106669282541
0.0214427020401
0.00655856123194
0.0164300706238
0.00608168821782
0.016802424565
0.0205637030303
0.0270204078406
0.00810974556953
0.00659334426746
0.00978457741439
0.0120331496
0.0238325484097
0.00737848179415
0.00900791492313
0.00973868183792
0.00958793517202
0.00669246306643
0.0070960232988
0.0116461869329
0.00853510014713
0.00676626479253
0.00797282438725
0.0114783011377
0.0196240674704
0.00541304750368
0.00643205316737
0.0141939651221
0.0145676368847
0.0289163198322
0.0169744305313
0.0142056327313
0.00820499379188
0.0135137764737
0.00668219011277
0.0068645789288
0.0116297230124
0.00709129637107
0.00856672972441
0.0287744291127
0.00426894845441
0.00856697000563
0.00738652609289
0.0158071778715
0.014443940483
0.00656872382388
0.00900291558355
0.00508905248716
0.0162568129599
0.0125740421936
0.00841762591153
0.0200844183564
0.00717994198203
0.00686946278438
0.00666480604559
0.00892695505172
0.00696115009487
0.0140368323773
0.0122653888538
0.0230614133179
0.0171789973974
0.00702596176416
0.00909745134413
0.00648306589574
0.0291632264853
0.00788796134293
0.0120388288051
0.0135861812159
0.0155603429303
0.0140195693821
0.0221996903419
0.0215457379818
0.00690985936671
0.015471435152
0.00987723004073
0.00660977931693
0.00550494296476
0.00511773582548
0.00591992819682
0.00482857320458
0.0153160942718
0.0145353786647
0.0182172618806
0.00424950243905
0.00713105360046
0.0332858413458
0.00762644736096
0.00517115648836
0.00699612731114
0.0131082581356
0.00590969249606
0.0170701891184
0.00549847679213
0.0111911641434
0.0220057759434
0.0108097167686
0.0107476226985
0.0320955999196
0.0190554820001
0.00945484824479
0.0199668854475
0.0337825901806
0.00934014096856
0.0161540489644
0.012374419719
0.0330002866685
0.0504841506481
0.0114238448441
0.00481137400493
0.0125531088561
0.0141098080203
0.0231938250363
0.0150530226529
0.00860441848636
0.00804862380028
0.00644806167111
0.00766582973301
0.00634734611958
0.00822371710092
0.0197861082852
0.0165613237768
0.00485697668046
0.0126736871898
0.00757816107944
0.00444790488109
0.00566468201578
0.013517701067
0.0124539006501
0.00610616104677
0.0372341275215
0.00312188011594
0.0161222536117
0.00456086127087
0.0230626221746
0.0849569737911
0.0105807865039
0.0169186424464
0.00741770211607
0.0148219857365
0.00546579249203
0.00487631978467
0.00800136383623
0.0149437179789
0.00453122984618
0.0115896966308
0.0114640677348
0.033030115068
0.00979427713901
0.00831007584929
0.013509628363
0.0154153844342
0.0179910119623
0.0101450625807
0.00913435872644
0.015202880837
0.0221073143184
0.00733307376504
0.00744920456782
0.00621767668054
0.00309463310987
0.01063859649
0.0112602598965
0.0067642936483
0.00752191059291
0.00913211796433
0.0201746616513
0.0117550883442
0.0126317376271
0.0168151073158
0.00373343308456
0.00393455708399
0.0102185765281
0.0421626009047
0.00551987206563
0.0172976944596
0.0168512295932
0.00493256468326
0.0150805823505
0.0196170806885
0.027997020632
0.0130653325468
0.00303887855262
0.00425605662167
0.00467727473006
0.0114895403385
0.00892839208245
0.00824662297964
0.00677991937846
0.00342720886692
0.0221584290266
0.0142051996663
0.00598004972562
0.00581956794485
0.00510331941769
0.00390532822348
0.01704136841
0.00435224501416
0.00326684839092
0.00339511712082
0.00411395076662
0.00709330942482
0.0107096554711
0.0289215072989
0.0116130150855
0.00775062525645
0.0242631305009
0.00493386387825
0.0214167311788
0.00378913898021
0.012834765017
0.0222706962377
0.0122397420928
0.0218996983021
0.0105744702742
0.00884041097015
0.006754163187
0.0083176959306
0.0164368655533
0.00479836994782
0.00534715224057
0.0045884703286
0.00729341292754
0.023858288303
0.00826102402061
0.0138373933733
0.00587404100224
0.00351961585693
0.0119834057987
0.00475580058992
0.0199357029051
0.00781967211515
0.00525806983933
0.0112283984199
0.00663837976754
0.0111760618165
0.0118897287175
0.0108106611297
0.00563450017944
0.0471964105964
0.00695518404245
0.00554202590138
0.00359818991274
0.00685574114323
0.0105860754848
0.00381174497306
0.005549791269
0.00359764299355
0.00763811543584
0.0280572604388
0.0130930738524
0.00463303551078
0.00303983851336
0.0114127080888
0.0047682961449
0.00928046088666
0.0105337072164
0.00365364155732
0.0351962372661
0.00898942258209
0.0111171500757
0.00757830776274
0.00536626204848
0.00436410401016
0.0239171702415
0.0123629672453
0.00657828850672
0.00721278693527
0.00714995060116
0.00602360628545
0.00489687686786
0.0312572903931
0.00970190670341
0.00504346843809
0.0154209053144
0.00942567829043
0.00691998517141
0.00571839231998
0.00624975329265
0.00486256321892
0.0214620325714
0.0109496638179
0.0354765020311
0.0119700236246
0.00861612614244
0.00582002336159
0.0331051237881
0.0123672848567
0.00525122135878
0.0048282709904
0.00543245207518
0.00802464503795
0.0145325800404
0.00341014331207
0.0157435629517
0.0221377424896
0.00620879651979
0.00531636504456
0.00342874228954
0.00315961637534
0.00671966793016
0.0045894831419
0.0128478622064
0.0253690294921
0.00538964755833
0.00617726705968
0.0221301931888
0.00617168284953
0.0125871300697
0.0127931358293
0.00405468884856
0.00689828814939
0.00556504167616
0.0543624609709
0.00764163816348
0.0081659546122
0.00339528755285
0.0123689472675
0.0165193676949
0.00736771663651
0.0121287163347
0.00323678692803
0.00931675359607
0.00442818645388
0.0132754500955
0.00832779891789
0.00318612181582
0.0125250956044
0.0111719565466
0.0033302011434
0.00891432259232
0.0149833671749
0.00570823717862
0.00702951382846
0.00576174817979
0.00576123362407
0.00459304545075
0.00547743635252
0.00928646977991
0.0105907060206
0.00884372461587
0.0220520254225
0.0041619236581
0.0090931430459
0.0040060649626
0.0153912948444
0.00778643134981
0.00508250016719
0.0108935218304
0.00633798446506
0.00569804012775
0.00295370118693
0.0118571072817
0.0112589467317
0.00410153763369
0.00651552574709
0.00857464037836
0.0178218409419
0.00420396728441
0.00513288937509
0.00437026796862
0.00493758078665
0.00869761127979
0.044806342572
0.0154987582937
0.0169408209622
0.00584348244593
0.00375976413488
0.00459474651143
0.0075332117267
0.00681519275531
0.00900576449931
0.00460914243013
0.00479783071205
0.00320584885776
0.00350733380765
0.00556179275736
0.00406849151477
0.00798997282982
0.00834536924958
0.00509049464017
0.0162464696914
0.0088579421863
0.00462250504643
0.00605061743408
0.00374241475947
0.0055819535628
0.00347579037771
0.00693144556135
0.00780801940709
0.00423004990444
0.00586549611762
0.00383665389381
0.0038600191474
0.0208612121642
0.00337369460613
0.00484076235443
0.00563445547596
0.023983662948
0.00287744309753
0.0078351944685
0.0102156735957
0.00456733163446
0.00624764664099
0.00385285378434
0.0060834819451
0.00506052235141
0.005328503903
0.00542306434363
0.0029168673791
0.0232500359416
0.00440264167264
0.00566714815795
0.0272312331945
0.0311534181237
0.00536069367081
0.00430052354932
0.00393738225102
0.00753921084106
0.00689871609211
0.0208341777325
