0.686470866203
0.685234308243
0.681426882744
0.683453917503
0.678544938564
0.679531812668
0.673457324505
0.677371442318
0.673858940601
0.674706280231
0.677038431168
0.665346026421
0.670137226582
0.663603127003
0.666858971119
0.658513009548
0.670708954334
0.6583532691
0.653860926628
0.649075031281
0.654144823551
0.651670455933
0.650260686874
0.646442830563
0.650307178497
0.639930903912
0.63362622261
0.635023474693
0.627648711205
0.634562551975
0.631815671921
0.637384474277
0.646594524384
0.619571208954
0.63103222847
0.6067917943
0.6226734519
0.622355997562
0.612014353275
0.62559479475
0.613239586353
0.618795752525
0.602977752686
0.618428170681
0.608131825924
0.609930038452
0.599649548531
0.604116201401
0.61147749424
0.59935593605
0.583559751511
0.596115291119
0.615365982056
0.591543674469
0.614628493786
0.605302214622
0.589908957481
0.592908978462
0.591515600681
0.575136899948
0.553404390812
0.587419509888
0.600706994534
0.588973104954
0.583262085915
0.565321564674
0.572654902935
0.592399477959
0.572678625584
0.567705154419
0.575393915176
0.581745624542
0.581286907196
0.557241499424
0.572088420391
0.560063064098
0.562183082104
0.547949552536
0.561254024506
0.570831537247
0.587189435959
0.555672764778
0.516830205917
0.560706734657
0.544146776199
0.551489531994
0.572742879391
0.54088807106
0.54163557291
0.544407725334
0.573041498661
0.557798683643
0.53857666254
0.577183365822
0.552115082741
0.537702262402
0.525891244411
0.508511662483
0.531182348728
0.525092840195
0.53451114893
0.542889714241
0.575607478619
0.561301231384
0.536045730114
0.543620944023
0.561679244041
0.516182303429
0.52066463232
0.52980864048
0.51935082674
0.516074895859
0.55070412159
0.523433983326
0.501331746578
0.528548538685
0.506719827652
0.5238057971
0.564637839794
0.527215003967
0.514513909817
0.510522544384
0.516625761986
0.54755872488
0.518888771534
0.541970908642
0.482226461172
0.498003900051
0.487950384617
0.503531873226
0.495912879705
0.492938905954
0.501813769341
0.480441868305
0.506908297539
0.476892769337
0.498600810766
0.458496361971
0.485361874104
0.479856848717
0.504587113857
0.586369276047
0.530528903008
0.499492108822
0.442871451378
0.483287155628
0.536758959293
0.519466102123
0.500596821308
0.515012443066
0.503537237644
0.503549993038
0.498304873705
0.479092478752
0.489857882261
0.519523561001
0.491684019566
0.495879173279
0.472881555557
0.490843325853
0.525626420975
0.504291534424
0.492822110653
0.479965984821
0.507216572762
0.498971253633
0.521505951881
0.492422044277
0.484348058701
0.465579599142
0.504870593548
0.487760215998
0.46431183815
0.493238300085
0.486500620842
0.479791969061
0.478029191494
0.48128297925
0.456142455339
0.439419418573
0.424162179232
0.470960587263
0.479037702084
0.504527568817
0.468516290188
0.485321670771
0.470735698938
0.500559866428
0.470656245947
0.463758468628
0.486777931452
0.443866819143
0.473501354456
0.400060653687
0.451174616814
0.481495559216
0.496611684561
0.46311751008
0.429511427879
0.456056088209
0.442240953445
0.407254874706
0.496962249279
0.421179771423
0.411490231752
0.454860031605
0.448482006788
0.498254030943
0.458610057831
0.482196241617
0.503237068653
0.440254926682
0.499151468277
0.451540291309
0.434850990772
0.44347730279
0.497070103884
0.464655399323
0.469627052546
0.448598504066
0.441448539495
0.461687624454
0.478044390678
0.46784260869
0.472250074148
0.438592165709
0.48818552494
0.464463979006
0.446919739246
0.429945498705
0.479104936123
0.461531937122
0.45140209794
0.445793330669
0.453421533108
0.446405351162
0.476082623005
0.505167543888
0.444722980261
0.439861238003
0.47071659565
0.442959010601
0.442864537239
0.442748516798
0.443417966366
0.442342877388
0.411590367556
0.411594629288
0.468948334455
0.429800331593
0.483635514975
0.522145330906
0.469306468964
0.399536937475
0.459156274796
0.437728583813
0.440133213997
0.409093767405
0.452859520912
0.429099321365
0.417403846979
0.483662754297
0.440367847681
0.46534204483
0.453398942947
0.420445472002
0.438965350389
0.433461546898
0.369399607182
0.455467253923
0.458945900202
0.413348317146
0.410347551107
0.402659207582
0.410731613636
0.408475697041
0.40578904748
0.432379961014
0.395835906267
0.408119797707
0.3761459589
0.417998462915
0.410064220428
0.414478957653
0.368510186672
0.412016659975
0.452757447958
0.419075638056
0.434281498194
0.426004171371
0.409114271402
0.448078691959
0.438738077879
0.415722757578
0.409815818071
0.429291516542
0.461940199137
0.417566508055
0.40096372366
0.41515570879
0.367560863495
0.426023989916
0.44716155529
0.39805662632
0.449516564608
0.417102634907
0.40530064702
0.469134002924
0.375477701426
0.381901651621
0.393705278635
0.376212656498
0.411050200462
0.43307569623
0.397998303175
0.444505035877
0.386856436729
0.36887794733
0.373252749443
0.461154431105
0.402527958155
0.337977260351
0.37665694952
0.424687594175
0.390847563744
0.415442109108
0.393899083138
0.401016384363
0.398512452841
0.462741166353
0.358287245035
0.43887206912
0.421823650599
0.395998746157
0.424884706736
0.419974923134
0.413291424513
0.379345953465
0.414600640535
0.413573741913
0.360852211714
0.391701340675
0.372517883778
0.390254735947
0.375325620174
0.406228721142
0.347264587879
0.347485363483
0.465327203274
0.39153945446
0.351217538118
0.340426921844
0.348628163338
0.374594897032
0.402946829796
0.416536808014
0.362703174353
0.387557476759
0.348008751869
0.380964845419
0.388173520565
0.344067126513
0.34405079484
0.39230543375
0.341711729765
0.392101973295
0.369010448456
0.343837022781
0.384032994509
0.403950899839
0.409730702639
0.413522869349
0.369359821081
0.408920347691
0.37852203846
0.412983804941
0.348250925541
0.402401506901
0.345115333796
0.354963302612
0.433530181646
0.397759199142
0.355937898159
0.387710154057
0.40567201376
0.399411261082
0.414322853088
0.336663305759
0.397982180119
0.365918874741
0.437321513891
0.351169645786
0.368812888861
0.379099786282
0.338191628456
0.397911995649
0.425835549831
0.427253752947
0.419552922249
0.381332337856
0.383518844843
0.409546613693
0.37712007761
0.35515114665
0.39638209343
0.388845741749
0.385487765074
0.325520843267
0.342757463455
0.357320278883
0.34646821022
0.317925959826
0.359084755182
0.382122546434
0.423580348492
0.369111597538
0.353898882866
0.410510659218
0.417731583118
0.345267027617
0.338341414928
0.353383868933
0.302273571491
0.335033506155
0.316435426474
0.349260985851
0.345734089613
0.369921416044
0.397023648024
0.418438494205
0.320718765259
0.337392807007
0.323395878077
0.375943392515
0.352170467377
0.318150818348
0.348506420851
0.377912580967
0.370060741901
0.300571292639
0.324728816748
0.335594773293
0.290359556675
0.340511709452
0.366930544376
0.353389084339
0.344480574131
0.396276384592
0.375982820988
0.366660714149
0.360982298851
0.377249181271
0.310329407454
0.398487061262
0.333598524332
0.341078013182
0.356982350349
0.365549743176
0.343670964241
0.34816417098
0.376091748476
0.373459756374
0.334465354681
0.340565413237
0.363717138767
0.399653375149
0.354099959135
0.389803439379
0.351860612631
0.315258294344
0.371637791395
0.295645564795
0.312734156847
0.357404649258
0.372692793608
0.324062377214
0.321644544601
0.349132478237
0.31843355298
0.387017935514
0.335550099611
0.320740699768
0.387204647064
0.382064014673
0.358207374811
0.329782545567
0.269646584988
0.31744235754
0.265278398991
0.291178375483
0.354271292686
0.344201505184
0.310770690441
0.315047740936
0.343501985073
0.326338529587
0.357920140028
0.325450837612
0.272503584623
0.284283936024
0.390884399414
0.276399165392
0.299677819014
0.375244110823
0.342815816402
0.391090869904
0.315986037254
0.360548377037
0.27376255393
0.323482304811
0.338153779507
0.320630639791
0.330277740955
0.363940685987
0.298085838556
0.298348337412
0.363532990217
0.299651831388
0.325015336275
0.282104611397
0.345848858356
0.35521247983
0.32950592041
0.283937513828
0.329209148884
0.276058554649
0.329807549715
0.34374293685
0.325313061476
0.347662240267
0.324862897396
0.306628018618
0.33819809556
0.295939832926
0.3221103549
0.289544969797
0.33469581604
0.292031824589
0.337701261044
0.351696521044
0.340684682131
0.306102871895
0.359560102224
0.349900245667
0.310127794743
0.373856604099
0.268252670765
0.2757409513
0.274200797081
0.309644639492
0.349718719721
0.322593182325
0.325670987368
0.329304903746
0.294234216213
0.298253178596
0.342084735632
0.30901107192
0.317384511232
0.283855706453
0.323689192533
0.271192014217
0.319084048271
0.315487682819
0.272564202547
0.30770739913
0.302192509174
0.268659055233
0.325273126364
0.358368515968
0.306581348181
0.341111421585
0.266112327576
0.31290692091
0.31101500988
0.30857360363
0.303924709558
0.301438391209
0.266307294369
0.356089860201
0.331985920668
0.289000630379
0.252882987261
0.293672859669
0.296688705683
0.316343814135
0.318690031767
0.320852696896
0.315110176802
0.296371489763
0.370807677507
0.30929350853
0.271728396416
0.378536611795
0.339538246393
0.342620581388
0.321027129889
0.28437525034
0.233735993505
0.277245789766
0.307547003031
0.288470357656
0.407573789358
0.282651424408
0.302407026291
0.317478239536
0.307422012091
0.288698792458
0.277735233307
0.286508589983
0.304011821747
0.324076920748
0.290695160627
0.295492678881
0.269126951694
0.310971617699
0.238536730409
0.334143579006
0.27829760313
0.322488129139
0.301238894463
0.310985684395
0.306615918875
0.325646013021
0.311401486397
0.346105575562
0.302226990461
0.236517041922
0.283355653286
0.241058975458
0.286741405725
0.302391499281
0.297467648983
0.271151721478
0.275427997112
0.330660790205
0.284979730844
0.239828020334
0.268379360437
0.267455875874
0.250337809324
0.311620473862
0.287674129009
0.28694447875
0.269573628902
0.392983406782
0.280954152346
0.304231673479
0.251785904169
0.32382234931
0.305714160204
0.286505639553
0.297382563353
0.272268265486
0.291940301657
0.269204139709
0.292207568884
0.252016663551
0.215531140566
0.274880498648
0.301085174084
0.248423323035
0.312868893147
0.275792866945
0.274292707443
0.268703401089
0.192413046956
0.264369308949
0.291883319616
0.298561394215
0.243815988302
0.293663829565
0.303190380335
0.392121165991
0.301883041859
0.304973721504
0.301126927137
0.259895801544
0.274152815342
0.254659801722
0.30458176136
0.262943357229
0.299936980009
0.29528683424
0.288857370615
0.275110334158
0.273102670908
0.362530738115
0.272071778774
0.285515338182
0.283151239157
0.266713142395
0.249415695667
0.293345838785
0.309003531933
0.327544569969
0.285817593336
0.224328681827
0.306821912527
0.272757709026
0.317419409752
0.276788949966
0.269485652447
0.284399241209
0.28696963191
0.262473642826
0.263061523438
0.27169495821
0.306021779776
0.270377635956
0.303400993347
0.302618980408
0.272105962038
0.230188623071
0.3435100317
0.245978906751
0.277057021856
0.315055578947
0.280360668898
0.230033963919
0.344118952751
0.280034869909
0.2894359231
0.307258635759
0.32079783082
0.324861556292
0.364649325609
0.267763078213
0.2494097054
0.272139400244
0.271737039089
0.309843242168
0.250293105841
0.258345156908
0.284472644329
0.298457086086
0.302114754915
0.25906714797
0.271490693092
0.277768284082
0.308804869652
0.314793795347
0.275577157736
0.289637446404
0.300899088383
0.299821913242
0.34069609642
0.295265883207
0.285569012165
0.288334965706
0.272196918726
0.201933518052
0.279846459627
0.240928813815
0.305411100388
0.298859059811
0.237877994776
0.253516197205
0.285750389099
0.287191689014
0.274371892214
0.331948816776
0.219826206565
0.306458711624
0.291780948639
0.300065428019
0.261887907982
0.303412377834
0.253806650639
0.272155255079
0.321767359972
0.268812984228
0.253372520208
0.324506372213
0.251445114613
0.233331665397
0.239441812038
0.277921438217
0.255273222923
0.20652641356
0.252675294876
0.324683517218
0.233096823096
0.274079680443
0.241549983621
0.264639884233
0.268972843885
0.313868969679
0.287082880735
0.297209441662
0.238164708018
0.318734139204
0.301470994949
0.31381291151
0.259092867374
0.28614449501
0.283599644899
0.280319005251
0.2518209517
0.298471957445
