0.69313710928
0.692559242249
0.691877782345
0.69112020731
0.690324723721
0.689456820488
0.688317894936
0.68716365099
0.685982167721
0.684747040272
0.683033406734
0.681660711765
0.680123984814
0.677794396877
0.675791323185
0.673773169518
0.671448349953
0.668429613113
0.665153741837
0.661926269531
0.658870577812
0.654669761658
0.651189982891
0.645903646946
0.641309916973
0.635263800621
0.629182338715
0.624793946743
0.617259800434
0.608610868454
0.599881827831
0.592202007771
0.583318352699
0.57341337204
0.560821712017
0.553997635841
0.540672659874
0.52599388361
0.515884816647
0.500027239323
0.489655852318
0.471721827984
0.453279674053
0.441788673401
0.427381575108
0.41005641222
0.393940985203
0.379830628633
0.363870322704
0.354383766651
0.349228829145
0.333217948675
0.318672388792
0.309350609779
0.303189814091
0.297628164291
0.289780497551
0.277809351683
0.276711851358
0.267710149288
0.260864585638
0.254809468985
0.249854043126
0.23787599802
0.232966840267
0.231658115983
0.220622360706
0.216004610062
0.210103198886
0.205943778157
0.195851802826
0.192203268409
0.184054195881
0.17721799016
0.172558382154
0.166273072362
0.15816603601
0.152950912714
0.143922522664
0.138612538576
0.13198786974
0.125835880637
0.119039900601
0.111851029098
0.105160236359
0.0992173925042
0.0933664292097
0.0860730111599
0.0803426802158
0.0751814991236
0.0685720965266
0.0610654465854
0.0564848408103
0.0500533916056
0.046050388366
0.0422470681369
0.036108918488
0.0328565351665
0.0289257150143
0.028223907575
0.0228140391409
0.0191260818392
0.0168869141489
0.0151754142717
0.0127481808886
0.0118268178776
0.00957577768713
0.00937801413238
0.00737981451675
0.00675687659532
0.008355027996
0.00614969665185
0.00493447761983
0.00433498481289
0.00382832763717
0.00563187524676
0.00437886174768
0.00275800540112
0.00408951286227
0.00224149366841
0.0025121695362
0.00276543968357
0.00214198627509
0.0018718681531
0.0018226376269
0.00149453582708
0.00183408206794
0.00139047775883
0.00124685512856
0.00168588920496
0.00140410778113
0.00135233602487
0.0012854335364
0.00115941220429
0.00121624476742
0.00322418962605
0.000957113923505
0.000821560621262
0.000864156405441
0.00133318896405
0.00304732797667
0.00138100783806
0.000840171880554
0.00115621928126
0.000860935833771
0.000809150922578
0.000922628445551
0.000707939616404
0.00107551517431
0.000621174171101
0.00077610759763
0.00050614081556
0.000514626910444
0.000961100624409
0.000850082025863
0.00246925186366
0.000564144575037
0.000578335311729
0.000606920802966
0.000623980478849
0.00065754231764
0.000541022920515
0.000899631530046
0.000440139963757
0.000531217374373
0.000538105145097
0.000472347979667
0.000718392548151
0.000401592609705
0.000403409008868
0.000382204249036
0.000464459822979
0.000458627386251
0.000560973014217
0.000409000960644
0.00182697281707
0.000297347432934
0.000470389873954
0.000221166599658
0.000367330765584
0.000260660948697
0.000313409167575
0.000224414819968
0.000271514145425
0.00030224796501
0.000546688039321
0.000317164842272
0.000205199350603
0.000200622758712
0.000169793624082
0.000151874774019
0.000454605557024
0.000255530525465
0.000115455339255
0.000139406503877
0.000178881091415
0.000163272226928
0.000367751781596
0.000278694031294
9.79346805252e-05
0.000112752313726
0.000168477577972
0.000120319928101
0.000285000365693
0.00011301318591
0.00012593192514
0.000143302546348
0.000457586342236
0.000215791384107
0.000269640848273
0.000194199208636
0.000207515971852
0.000125136662973
0.000100354831375
4.4295364205e-05
0.00010188001761
0.00013552774908
0.000225565498113
0.000311610725475
0.000160407624207
5.9874910221e-05
4.64827789983e-05
5.94887787884e-05
6.18503618171e-05
9.72729249042e-05
0.000150806823513
5.25154609932e-05
9.3469498097e-05
4.98653680552e-05
4.30560648965e-05
0.000104884747998
5.51472840016e-05
6.17363111814e-05
9.15712880669e-05
6.31624207017e-05
0.000433935434557
6.07408655924e-05
5.7257595472e-05
6.54549949104e-05
5.71244927414e-05
6.29303322057e-05
0.000102189420431
3.41423692589e-05
0.00011389591964
2.9042326787e-05
2.61332224909e-05
3.35197109962e-05
4.83891890326e-05
4.65082157461e-05
4.15480171796e-05
0.000200362308533
5.59545696888e-05
4.354367411e-05
9.34323761612e-05
3.67055290553e-05
0.00193193007726
4.31066728197e-05
2.49589702435e-05
4.22754710598e-05
3.33702046191e-05
4.01576944569e-05
5.41061199328e-05
7.14429988875e-05
0.00193719938397
4.06080980611e-05
9.60329416557e-05
0.000100732991996
2.16059070226e-05
2.37058684434e-05
0.000840966356918
6.92938410793e-05
3.18836209772e-05
6.28011694062e-05
0.000151407919475
6.52606977383e-05
0.000101169353002
2.90616317216e-05
3.24651446135e-05
3.19600258081e-05
1.9160366719e-05
2.9879345675e-05
2.04262705665e-05
5.20110916113e-05
2.30082077906e-05
6.21741564828e-05
8.52460361784e-05
5.34193459316e-05
8.50424621603e-05
7.99827030278e-05
3.29744834744e-05
0.000199255824555
2.72153720289e-05
2.51911224041e-05
1.8653110601e-05
3.19625287375e-05
2.51767705777e-05
4.80581220472e-05
3.12024203595e-05
0.0265823360533
2.97300375678e-05
1.78030877578e-05
3.54246367351e-05
4.33734276157e-05
4.44788165623e-05
7.54935899749e-05
0.000174661137862
0.000214642117498
5.57837884116e-05
0.0126925269142
2.49890654231e-05
7.80176342232e-05
2.89718591375e-05
5.75457961531e-05
3.52855604433e-05
3.38586396538e-05
5.65796217415e-05
4.28385392297e-05
2.91902433673e-05
2.36532105191e-05
3.07307564071e-05
0.00013254438818
6.31554721622e-05
5.66910239286e-05
0.000187810859643
0.00406318949535
8.86745910975e-05
6.20070131845e-05
0.000577237165999
4.55463159597e-05
2.42704209086e-05
0.00103180133738
4.14062524214e-05
1.89327929547e-05
3.08627313643e-05
0.000134937014082
2.4352399123e-05
3.97613257519e-05
3.04979021166e-05
0.000294588651741
3.14079188684e-05
3.48844369e-05
4.49353465228e-05
2.77415128949e-05
0.000219203298911
0.000283321249299
5.48213683942e-05
0.000108863139758
2.28687167692e-05
0.00702048232779
0.00166519079357
2.13434304897e-05
4.03457670473e-05
9.62733465713e-05
5.36759762326e-05
2.36810137721e-05
4.23506899097e-05
4.14998648921e-05
8.63581153681e-05
0.00017557090905
0.0355621688068
0.000252277852269
6.4476778789e-05
0.000121304365166
6.05256864219e-05
7.89894183981e-05
0.000102264486486
0.00111293978989
0.000122802157421
8.51271834108e-05
0.000177015856025
5.92081632931e-05
4.86017743242e-05
0.00796379614621
4.21068434662e-05
5.60509870411e-05
3.93319023715e-05
5.30452125531e-05
0.000114066897368
0.00902417395264
8.87221976882e-05
0.00011629195069
6.78299911669e-05
0.000115800306958
5.19389213878e-05
0.000337685341947
0.00297974445857
4.45806035714e-05
7.23257471691e-05
2.45406408794e-05
2.77283070318e-05
4.70377599413e-05
3.94449198211e-05
8.39869026095e-05
4.60227274743e-05
0.000319868733641
3.76374227926e-05
3.22528794641e-05
5.526015957e-05
2.79045161733e-05
2.86542999675e-05
2.62456833298e-05
5.0424830988e-05
3.16351251968e-05
6.79440854583e-05
4.10097673011e-05
6.72212190693e-05
5.61643973924e-05
6.35296673863e-05
0.000272104458418
0.000463956152089
3.81566387659e-05
0.000116922630696
0.000103207094071
4.98043955304e-05
7.11891552783e-05
3.45780390489e-05
4.30082800449e-05
3.29619397235e-05
6.1927959905e-05
0.000122663768707
4.50475563412e-05
5.45957555005e-05
7.52721243771e-05
7.25444333511e-05
2.70420459856e-05
2.41510970227e-05
5.92962642258e-05
9.40232130233e-05
3.7403551687e-05
0.000693878100719
5.55580445507e-05
0.000116181865451
3.70750858565e-05
6.13504817011e-05
3.87618893001e-05
5.43306778127e-05
4.3371324864e-05
0.000110528126243
3.3907515899e-05
0.000187844052562
2.6958025046e-05
4.0672995965e-05
5.98525766691e-05
0.0374800227582
2.16424305108e-05
3.67180618923e-05
3.38990867021e-05
4.50051375083e-05
6.50877191219e-05
9.45652791415e-05
0.000399105862016
4.66859637527e-05
0.00014516725787
4.23284764111e-05
5.58737265237e-05
5.90209638176e-05
0.000139044495882
3.93339651055e-05
7.05211714376e-05
0.00156286463607
3.87490690628e-05
4.01371398766e-05
0.000177717171027
2.4788425435e-05
4.56474444945e-05
0.000701714947354
0.000165256526088
0.0020230601076
3.65814375982e-05
4.36465561506e-05
2.19470202865e-05
2.17859706027e-05
3.98786141886e-05
5.2337138186e-05
6.29143105471e-05
0.000102871803392
3.66778185708e-05
4.62747739221e-05
2.94060246233e-05
7.32923435862e-05
3.64387997251e-05
4.797834481e-05
3.26943481923e-05
5.67181050428e-05
3.50566879206e-05
6.56965785311e-05
8.38952037157e-05
4.65975135739e-05
3.06317997456e-05
2.81839675154e-05
4.15470494772e-05
6.64277613396e-05
3.73494440282e-05
0.000105488092231
6.004055831e-05
5.25474679307e-05
2.95743684546e-05
3.57032949978e-05
6.47996421321e-05
3.44349282386e-05
3.14301105391e-05
0.00093456520699
3.76840034733e-05
7.94724255684e-05
5.93412587477e-05
3.07552109007e-05
2.90693224088e-05
0.000467100238893
4.21238983108e-05
7.7246055298e-05
0.000244604831096
0.000130003420054
3.98807133024e-05
4.45190235041e-05
1.95592638192e-05
3.17379017361e-05
0.00162856129464
3.9814356569e-05
5.34297869308e-05
4.04128586524e-05
9.51743277255e-05
3.74348164769e-05
3.63157923857e-05
2.15700074477e-05
0.000107712010504
2.78239640465e-05
1.88344347407e-05
2.51146484516e-05
3.67456777894e-05
2.66165134235e-05
3.11974508804e-05
2.2730377168e-05
8.0748948676e-05
1.88350149983e-05
3.76327298e-05
2.1697513148e-05
3.63370781997e-05
3.60275589628e-05
0.000180393442861
5.43634560017e-05
3.55351803591e-05
4.9135505833e-05
2.06516378967e-05
8.05791933089e-05
4.26159822382e-05
2.04614862014e-05
2.55050272244e-05
6.724135892e-05
0.000170059211086
2.17553861148e-05
2.61305485765e-05
2.61718905676e-05
0.000431666907389
0.00014838721836
8.59025240061e-05
2.74823687505e-05
3.5726778151e-05
3.63773979188e-05
0.000788432487752
8.52106022649e-05
3.6074558011e-05
3.16009354719e-05
0.00541014503688
1.64786488313e-05
3.38351928804e-05
6.00108178332e-05
2.12388931686e-05
1.8579645257e-05
5.87795657339e-05
0.000356296513928
2.48441519943e-05
6.02524632995e-05
9.02737083379e-05
2.71550870821e-05
4.09006352129e-05
7.52439736971e-05
4.13629240938e-05
7.32106418582e-05
0.000140473348438
3.45399967046e-05
9.11899114726e-05
4.17621668021e-05
3.35873592121e-05
1.94111835299e-05
6.76770141581e-05
2.24453415285e-05
1.65219662449e-05
4.30351683463e-05
0.000255427177763
7.5035080954e-05
5.73713150516e-05
3.18670572597e-05
5.55161641387e-05
2.77309700323e-05
2.55985269177e-05
5.12428414368e-05
0.000337672885507
0.000118013987958
7.50928447815e-05
2.40401259362e-05
1.63403237821e-05
0.000911533483304
6.28896814305e-05
3.59940968337e-05
2.44244893111e-05
2.58533145825e-05
2.9024984542e-05
1.68025399034e-05
2.79903088085e-05
5.66658090975e-05
5.19162640558e-05
2.8936934541e-05
1.45847598105e-05
3.95835340896e-05
1.43265124279e-05
1.60541312653e-05
3.91861503886e-05
2.60580927716e-05
9.59109675023e-05
0.000154966037371
2.18426248466e-05
2.28354201681e-05
2.04275293072e-05
2.20966703637e-05
8.45939393912e-06
1.98774541786e-05
3.45496555383e-05
5.33140009793e-05
1.59821611305e-05
0.000462049560156
2.22257640417e-05
4.10229113186e-05
2.30455298151e-05
4.52860840596e-05
5.49797405256e-05
0.000240513923927
0.0019662687555
5.24948009115e-05
9.58363743848e-05
2.4224518711e-05
2.17187171074e-05
1.48493136294e-05
2.85409314529e-05
0.000818048836663
0.000204200914595
3.80923338525e-05
2.74039739452e-05
1.6433376004e-05
4.24143909186e-05
3.14257631544e-05
1.45894973684e-05
2.28369699471e-05
1.6513022274e-05
3.65329906344e-05
1.69160957739e-05
1.70603616425e-05
1.92945481103e-05
4.41862903244e-05
2.71914723271e-05
4.02343030146e-05
2.70220880338e-05
3.94022645196e-05
1.78784957825e-05
1.03301299532e-05
2.3171214707e-05
3.85594757972e-05
0.000100327080872
1.8414682927e-05
3.46479937434e-05
1.34638958116e-05
1.97013778234e-05
4.76986206195e-05
1.35387235787e-05
2.72383185802e-05
2.65095732175e-05
2.07048087759e-05
1.88691956282e-05
0.000113101901661
3.90124223486e-05
1.0593155821e-05
0.000271216704277
1.33606108648e-05
1.37207207445e-05
2.45020437433e-05
3.83605329262e-05
1.23289255498e-05
1.31122405946e-05
3.06270485453e-05
2.67307823378e-05
3.75216768589e-05
1.97693643713e-05
0.000113267880806
4.79655755043e-05
0.000141137905302
3.54237090505e-05
0.0108702136204
2.0355804736e-05
0.00266143959016
5.23418020748e-05
2.06941331271e-05
2.91329015454e-05
1.5418861949e-05
1.58905695571e-05
1.51553977048e-05
2.82156943285e-05
2.03991403396e-05
4.04694219469e-05
4.17554147134e-05
2.77946019196e-05
3.20346698572e-05
3.13586970151e-05
1.65337824001e-05
4.82592331537e-05
1.61443513207e-05
1.48670314957e-05
0.00086699653184
2.08823148569e-05
0.0121074942872
2.27141790674e-05
3.02457810903e-05
1.76119538082e-05
1.38540171974e-05
1.42203825817e-05
2.38308584812e-05
2.66516617557e-05
3.23705535266e-05
2.78405586869e-05
0.000190617531189
8.21811045171e-05
4.84036863782e-05
3.27404886775e-05
1.62791875482e-05
0.0134857110679
1.68351180037e-05
2.45634237217e-05
2.32706915995e-05
1.70797375176e-05
8.77873826539e-05
1.19304031614e-05
3.97059520765e-05
1.28609017338e-05
0.000113137641165
4.49073850177e-05
3.30453731294e-05
1.58812053996e-05
0.000309481663862
3.58497964044e-05
2.39257697103e-05
3.14710268867e-05
8.01681089797e-05
1.14018002932e-05
1.8386177544e-05
4.37975395471e-05
1.73954467755e-05
1.98293928406e-05
5.30730612809e-05
5.3218944231e-05
2.12931226997e-05
7.68212994444e-05
3.77552350983e-05
0.0318031907082
2.43829272222e-05
9.68004242168e-05
1.68322276295e-05
6.12775911577e-05
2.54738824879e-05
1.76954581548e-05
1.99969417736e-05
2.49437580351e-05
2.85300720861e-05
6.40709331492e-05
2.15982017835e-05
2.49529530265e-05
1.32321401907e-05
1.84981272469e-05
2.1454776288e-05
1.77174824785e-05
2.25258263526e-05
2.57110332313e-05
0.000100858705991
9.14685151656e-05
3.03325941786e-05
1.96159635379e-05
1.76316516445e-05
3.67191605619e-05
0.000125430626213
5.18528431712e-05
0.000178333575604
1.77338988578e-05
0.000152209671796
2.15155305341e-05
1.4569056475e-05
0.000274283607723
2.94689434668e-05
2.23400802497e-05
0.000284774811007
5.66946036997e-05
5.10969512106e-05
6.41946826363e-05
3.88190237572e-05
