0.859338104725
1.01354789734
0.629166066647
0.466602236032
0.393903404474
0.354584008455
0.295449256897
0.281169563532
0.273033946753
0.219313055277
0.157201871276
0.148849785328
0.132662057877
0.138043090701
0.122473329306
0.102247543633
0.0908262208104
0.0987601429224
0.0813870429993
0.0754860639572
0.0742025151849
0.0612571202219
0.055760089308
0.064486771822
0.0624669231474
0.0551290698349
0.0586157739162
0.0578129179776
0.0477091819048
0.0484512522817
0.0548238158226
0.0413128733635
0.0458536483347
0.0380641929805
0.0417316220701
0.0416494458914
0.0379198901355
0.037732064724
0.0367029234767
0.0424249470234
0.0341900810599
0.0325517319143
0.0334553383291
0.0362459719181
0.0334648117423
0.0323229804635
0.0319293662906
0.0297820307314
0.0347281172872
0.029762795195
0.0303466543555
0.0282397940755
0.0309547074139
0.0282017849386
0.0302164126188
0.0295276362449
0.0255962014198
0.0261178128421
0.0264135375619
0.0259923394769
0.0252989307046
0.0243256315589
0.0241239126772
0.0255529619753
0.0253153946251
0.0231689531356
0.0241460148245
0.0286742821336
0.0221960004419
0.0227934420109
0.0221517942846
0.0265095159411
0.0218306835741
0.0239555630833
0.0241760332137
0.0229189563543
0.0247987322509
0.0222615096718
0.022313259542
0.0216380599886
0.0216553974897
0.0384543165565
0.0223141089082
0.0210297051817
0.0221082959324
0.0237249881029
0.021319584921
0.0254239179194
0.0216347817332
0.0222666747868
0.0219302922487
0.0231334585696
0.0221962109208
0.0228348430246
0.0296133570373
0.0421220138669
0.0230239070952
0.0217897072434
0.0200442168862
0.0268228370696
0.0247721076012
0.0216116867959
0.0198960769922
0.0256737526506
0.0203760303557
0.0259953662753
0.0202890262008
0.0259383991361
0.0208817012608
0.0200853645802
0.0217279903591
0.0203039962798
0.0198967345059
0.021101186052
0.0297361202538
0.019975701347
0.0208156146109
0.0203147418797
0.0222758669406
0.0231263842434
0.0253759920597
0.0197517387569
0.0237853080034
0.0209973454475
0.0201418921351
0.0203810874373
0.0195149648935
0.0195958390832
0.021218419075
0.027816157788
0.0198265407234
0.0216887202114
0.0285931453109
0.0196553878486
0.0204708129168
0.0196054968983
0.0207654256374
0.0210465360433
0.0203646756709
0.0300710704178
0.0196176581085
0.0197127368301
0.0199327096343
0.0218143630773
0.0202562958002
0.0195159446448
0.0201872754842
0.0193948820233
0.0190841052681
0.0201132260263
0.019366370514
0.0175005849451
0.0205729734153
0.01946759969
0.015756726265
0.015901774168
0.0153138265014
0.0175343714654
0.0162041112781
0.0161780770868
0.0155814569443
0.0213691126555
0.0168149005622
0.0188484527171
0.0310890376568
0.0151364980265
0.0154906315729
0.0164145100862
0.0190745908767
0.0201466884464
0.0153851304203
0.0158614814281
0.0185358263552
0.0176364164799
0.0156448390335
0.0154690034688
0.0165473222733
0.0174549911171
0.0153204118833
0.0157869551331
0.0155878169462
0.0214644819498
0.0149215757847
0.0151481265202
0.0276938695461
0.0147502375767
0.0148685220629
0.0156760495156
0.0280113425106
0.0153427813202
0.0420981273055
0.0315941311419
0.0166132505983
0.0182697642595
0.0151344882324
0.0156326368451
0.0181536767632
0.0492826960981
0.0156343672425
0.0187032744288
0.0170541536063
0.0166724063456
0.0219666231424
0.0165322571993
0.0152590079233
0.0170341338962
0.0256848149002
0.0153066031635
0.0243770368397
0.0149936117232
0.0137672554702
0.0241574198008
0.0172866024077
0.0362790673971
0.0210373643786
0.012777688913
0.0135119631886
0.0529888942838
0.0344212614
0.0136303724721
0.0207680277526
0.0134825473651
0.0133641762659
0.0320308320224
0.0122357252985
0.0142782283947
0.0121849616989
0.0193725433201
0.0184464138001
0.0175101980567
0.0439105145633
0.0147088384256
0.0137915713713
0.0220218617469
0.0122137619182
0.039441075176
0.0160967353731
0.0179301258177
0.0217029638588
0.0133792404085
0.013088976033
0.0165192708373
0.0284801181406
0.0208710245788
0.0189698375762
0.0194207839668
0.0142997764051
0.0184039250016
0.0121742058545
0.0175592955202
0.0351591147482
0.0134633257985
0.0140243507922
0.0378194116056
0.0116644939408
0.012589099817
0.0139932837337
0.0138272680342
0.0206908620894
0.020747911185
0.0147368898615
0.0217381753027
0.012804354541
0.0127526074648
0.0109068732709
0.0115672331303
0.0111095514148
0.012731378898
0.0195839386433
0.0247957129031
0.0110727166757
0.0127533478662
0.0152910398319
0.014320589602
0.0138639798388
0.0110756233335
0.0129210371524
0.023246742785
0.0109905973077
0.010710622184
0.0112344780937
0.0132267633453
0.0368432365358
0.0257106740028
0.0120389088988
0.0122953532264
0.0194909088314
0.0107878893614
0.0116669246927
0.0164329856634
0.0119461016729
0.0104546016082
0.0107208034024
0.013241105713
0.0106634441763
0.0101805701852
0.0241097193211
0.0185776725411
0.0128185516223
0.0252480339259
0.0100890016183
0.010033827275
0.00999661162496
0.0110086230561
0.010114043951
0.0101416409016
0.0100692193955
0.0189581569284
0.0148422252387
0.0101793650538
0.0107089402154
0.0161034334451
0.0107384203002
0.0101476665586
0.0100686727092
0.0126406829804
0.00991088803858
0.0112530793995
0.0493234433234
0.0135191092268
0.0103506995365
0.0216581318527
0.0185854509473
0.0263540353626
0.0104627953842
0.0102508692071
0.0221654772758
0.0292294360697
0.0169664267451
0.0352071225643
0.0433864071965
0.0302430354059
0.0139408642426
0.0284736640751
0.0156983807683
0.0519360490143
0.029035622254
0.0281748119742
0.0211969185621
0.0842441990972
0.0174323599786
0.0180118475109
0.0500137470663
0.119789585471
0.0202131811529
0.0150636313483
0.02465967834
0.0198610126972
0.0339310839772
0.0334804579616
0.0173465441912
0.073091134429
0.0123603353277
0.0166563540697
0.0131392870098
0.0246742125601
0.0105730611831
0.0156637150794
0.0405190549791
0.0154643654823
0.0320088528097
0.0160848274827
0.0178810860962
0.0269039962441
0.0102548170835
0.0361881889403
0.0243496205658
0.0109953936189
0.0121783930808
0.0126412287354
0.0163683425635
0.0289436671883
0.0981045663357
0.023270778358
0.0110711725429
0.100777320564
0.0163270849735
0.0102778058499
0.0154537856579
0.05211353302
0.0201614256948
0.0175399705768
0.0432208776474
0.0393268205225
0.0146499844268
0.0107444226742
0.0184649899602
0.032500166446
0.0100201731548
0.0278541687876
0.0452842712402
0.0201089065522
0.0100707486272
0.00975364074111
0.0156388841569
0.013004893437
0.0281722284853
0.0229687374085
0.0172336697578
0.0145604657009
0.010469917208
0.0107128145173
0.0100128324702
0.0144909638911
0.0107225589454
0.0198546331376
0.0144502101466
0.01840377599
0.0194378420711
0.0243929605931
0.0144558148459
0.0100821601227
0.0108351530507
0.0138356583193
0.0158028770238
0.00979425478727
0.0096892863512
0.0135998968035
0.0170017890632
0.00961438752711
0.00978331360966
0.0217713750899
0.00969333853573
0.0426820553839
0.00967455748469
0.0359366387129
0.010123308748
0.010552925989
0.0095907850191
0.0266342461109
0.0124414563179
0.0374060943723
0.0110458685085
0.0102584064007
0.0109808156267
0.0507546029985
0.00973145384341
0.00954045727849
0.00990268122405
0.0109975393862
0.00716985762119
0.0566082336009
0.0159817636013
0.0208019241691
0.010538210161
0.0103570194915
0.0110664758831
0.00956290215254
0.00986867025495
0.0108947204426
0.00952860619873
0.00995604973286
0.00951226335019
0.00951200909913
0.00962352845818
0.0151681900024
0.00956057198346
0.0098039181903
0.00955201033503
0.00987727940083
0.0113158700988
0.0114111518487
0.0119569385424
0.00947962421924
0.0111555159092
0.00953912269324
0.00950356945395
0.00943931099027
0.00946535449475
0.00954388268292
0.0268612820655
0.011242011562
0.0112298130989
0.00949978455901
0.0094693955034
0.0252856519073
0.00985092390329
0.0113075608388
0.0214445758611
0.0256606675684
0.0143786091357
0.00946313329041
0.00944830477238
0.00997609086335
0.00945504475385
0.00950607191771
0.0130112981424
0.0138264736161
0.0105132590979
0.00969078857452
0.0117355966941
0.0170657150447
0.00959706492722
0.0350079089403
0.00946899037808
0.0299895107746
0.0111635988578
0.0160560049117
0.0096059627831
0.0101779960096
0.010698851198
0.0104715069756
0.0115061337128
0.0166122559458
0.00940416008234
0.0129223326221
0.0128512512892
0.0109858531505
0.00940395519137
0.0401504561305
0.0223676431924
0.0104483757168
0.0104250339791
0.00956739857793
0.00960227102041
0.0104612754658
0.00995633006096
0.0183042511344
0.00951712112874
0.0142897712067
0.0095549011603
0.00941097177565
0.0103375446051
0.0109299356118
0.00946219172329
0.0318748652935
0.00993309635669
0.0124057708308
0.00945862475783
0.00972620304674
0.00937108509243
0.00969065632671
0.0135459713638
0.0897577926517
0.00972406007349
0.00998862553388
0.0121263852343
0.0249415505677
0.0345627702773
0.0327159166336
0.00972758233547
0.00992615614086
0.0189986806363
0.010584725067
0.0098781902343
0.00979110877961
0.025633206591
0.0112601947039
0.0100838560611
0.0161075852811
0.0116270566359
0.0109801227227
0.0898123830557
0.0261608045548
0.00953824259341
0.0680820718408
0.0151716722175
0.0423642322421
0.00990059319884
0.0208779703826
0.0215275231749
0.0252977479249
0.0138582866639
0.00968170724809
0.00985767319798
0.0100614279509
0.0114012565464
0.0157398749143
0.00950448960066
0.0115892477334
0.0167425721884
0.0432296022773
0.0207737591118
0.00934925395995
0.0116796921939
0.0093971695751
0.00968284998089
0.0132158091292
0.00990013033152
0.00973929278553
0.00939288921654
0.010316493921
0.0131878303364
0.0212308466434
0.0118934214115
0.0215657074004
0.00970945414156
0.0119201056659
0.0471526347101
0.00941943470389
0.00938977580518
0.0102038448676
0.0273172240704
0.0182386506349
0.0195652749389
0.0635790973902
0.0130997886881
0.00940644927323
0.00983912777156
0.00966127309948
0.0248665641993
0.0115749603137
0.0153460679576
0.0181430298835
0.0371615439653
0.0129333892837
0.0180237684399
0.0270948335528
0.00938147120178
0.00957035459578
0.00934229232371
0.011627132073
0.00934909936041
0.00937910750508
0.00939036533237
0.00945626106113
0.00941776670516
0.0399337485433
0.009406642057
0.00958948675543
0.0124912066385
0.0379204303026
0.00962550379336
0.00941942352802
0.0415364429355
0.0156723447144
0.00938715413213
0.00937706138939
0.00937863159925
0.00935946125537
0.0182786863297
0.00981732737273
0.0166981108487
0.0105428183451
0.00948994420469
0.012610678561
0.00934132933617
0.00948937702924
0.00940132793039
0.00943802017719
0.00941690895706
0.0098182419315
0.00934073980898
0.0225726757199
0.00941500533372
0.0199057441205
0.0110121490434
0.00963299907744
0.0102960793301
0.0117765925825
0.00958057120442
0.0442663468421
0.0313461944461
0.00994864013046
0.0125976307318
0.00934807676822
0.00936852116138
0.0101349763572
0.017720060423
0.0153803983703
0.00985621102154
0.0138721372932
0.0725590661168
0.0149118658155
0.0128575488925
0.021256627515
0.0181467812508
0.0215512197465
0.0093852346763
0.0121825216338
0.0385665073991
0.0133442161605
0.00940900389105
0.00943624041975
0.00944078341126
0.00944685935974
0.00968331564218
0.0213942043483
0.0718237757683
0.0124608241022
0.0278731491417
0.0349676422775
0.020774487406
0.00961164012551
0.00935813970864
0.0112225916237
0.00971179455519
0.01112994086
0.0238945744932
0.00982012040913
0.0243214536458
0.00941442884505
0.00990125536919
0.00945474486798
0.0574201904237
0.0191916655749
0.0447476282716
0.00944910757244
0.00982788577676
0.00941857509315
0.0107670817524
0.00966846290976
0.0193791799247
0.0122897243127
0.028949258849
0.0463986359537
0.0232928339392
0.0106158647686
0.0260736439377
0.0477062352002
0.0165863893926
0.0134492814541
0.00964829698205
0.0104992799461
0.0338049568236
0.00980115123093
0.0178105477244
0.0233651734889
0.0625108331442
0.0153831876814
0.0114381685853
0.0172940585762
0.0126499654725
0.0154121639207
0.0429520830512
0.00935555994511
0.022116092965
0.00971937552094
0.00977295916528
0.0101942671463
0.0161901898682
0.0427550300956
0.00956353824586
0.0253006592393
0.00936337932944
0.0104033201933
0.0117493253201
0.0109414402395
0.0219232589006
0.0135212512687
0.0097068734467
0.00933974888176
0.0110755544156
0.0171055011451
0.00934828072786
0.0207045152783
0.00957393739372
0.00950051192194
0.0137178376317
0.00934542808682
0.00936832651496
0.00941939651966
0.00946363341063
0.0093617849052
0.00938210356981
0.0108914421871
0.0162245538086
0.00942049920559
0.0102967927232
0.0238620284945
0.04726684466
0.0198729708791
0.0099889812991
0.00965046696365
0.00934089813381
0.00948594510555
0.0125466091558
0.00934135075659
0.00933231506497
0.00933383591473
0.00933767668903
0.00938563328236
0.0107279438525
0.00935084745288
0.0188730675727
0.00933529715985
0.00940292142332
0.00934570003301
0.0136140557006
0.0177782718092
0.0101811988279
0.0191042739898
0.00933594908565
0.00933786574751
0.00933391507715
0.00932872854173
0.00993230752647
0.00933764129877
0.00967176537961
0.00936560705304
0.0201930627227
0.0093271555379
0.0114803379402
0.00933755747974
0.0277105290443
0.0093709891662
0.00948814768344
0.0093249771744
0.0093543920666
0.024491019547
