0.693137943745
0.692721247673
0.692144632339
0.691544473171
0.690918207169
0.690290808678
0.689658641815
0.689000189304
0.688356816769
0.687816739082
0.687181353569
0.686716616154
0.686296641827
0.6857868433
0.685020029545
0.685074687004
0.684294223785
0.68377405405
0.683664321899
0.682896256447
0.68179500103
0.68142670393
0.68075299263
0.679400205612
0.678115844727
0.676426708698
0.674105167389
0.672267794609
0.667323172092
0.667507588863
0.660304009914
0.659033477306
0.657886624336
0.651681065559
0.643491744995
0.642983794212
0.634904205799
0.621431410313
0.616172850132
0.607787072659
0.593336999416
0.591782927513
0.573390185833
0.572065651417
0.558764576912
0.551437556744
0.536876380444
0.524681329727
0.519144654274
0.531312942505
0.522329092026
0.459211498499
0.46445992589
0.518310964108
0.474538266659
0.464338004589
0.451180964708
0.47327157855
0.49267116189
0.453048586845
0.499905437231
0.462970167398
0.459978014231
0.470877408981
0.520764172077
0.43650534749
0.476962506771
0.459125608206
0.46607837081
0.469812452793
0.52420848608
0.479749023914
0.454493969679
0.441393226385
0.43111717701
0.551445841789
0.443033009768
0.519959807396
0.453676581383
0.462920218706
0.478764057159
0.479614913464
0.468183577061
0.445795744658
0.439770877361
0.431554198265
0.497144043446
0.441972434521
0.430237829685
0.429075062275
0.437798053026
0.432635992765
0.426512569189
0.449846804142
0.424101382494
0.500583469868
0.419315904379
0.453861713409
0.429738342762
0.411314159632
0.439884662628
0.441762775183
0.443758696318
0.445429891348
0.451140612364
0.433789461851
0.438752681017
0.411350816488
0.413792729378
0.41503661871
0.400890171528
0.395336031914
0.424286991358
0.390911877155
0.404949307442
0.416523516178
0.442795991898
0.432718932629
0.415860027075
0.419661521912
0.405195593834
0.412793070078
0.400755882263
0.415607571602
0.40410888195
0.440799176693
0.389021575451
0.385626256466
0.417535841465
0.392060548067
0.425505101681
0.393082231283
0.402983099222
0.399729549885
0.384396851063
0.394676536322
0.414557904005
0.399875283241
0.406482040882
0.401972442865
0.434828847647
0.376871198416
0.395282864571
0.41413000226
0.414365470409
0.429372131824
0.407823354006
0.411468029022
0.372273474932
0.390516519547
0.451236367226
0.381897479296
0.450220406055
0.367383748293
0.432180345058
0.401152461767
0.401232391596
0.386485785246
0.406293392181
0.368030279875
0.374954551458
0.422051995993
0.371116012335
0.377008676529
0.405216991901
0.365217506886
0.440407961607
0.399886578321
0.392729043961
0.4111790061
0.411790460348
0.387286961079
0.394488632679
0.389720439911
0.373112499714
0.386904239655
0.367933034897
0.373641252518
0.458768218756
0.378351807594
0.417234241962
0.368827968836
0.395987987518
0.400769561529
0.389912337065
0.423016399145
0.379104822874
0.380979537964
0.380054950714
0.416949152946
0.374664247036
0.372358888388
0.351743519306
0.366155385971
0.353057265282
0.377094507217
0.366500854492
0.40928542614
0.396025836468
0.370843052864
0.417614787817
0.390209257603
0.397955238819
0.430312335491
0.414277344942
0.396086573601
0.424768984318
0.371371418238
0.366651087999
0.363957107067
0.325616896152
0.413731694221
0.350518971682
0.397950828075
0.383019566536
0.366876512766
0.338301688433
0.403431713581
0.389444559813
0.369895368814
0.367908716202
0.34279769659
0.375740617514
0.373197317123
0.407272934914
0.375596284866
0.340552061796
0.368870586157
0.400195270777
0.382607609034
0.359993547201
0.363697975874
0.396236211061
0.344849705696
0.366861283779
0.360211670399
0.336181074381
0.378976285458
0.381516218185
0.385918259621
0.384550660849
0.377980828285
0.37220081687
0.41211476922
0.399680674076
0.315074712038
0.369238585234
0.35645237565
0.37839999795
0.32113841176
0.344790607691
0.350511789322
0.356634587049
0.388214230537
0.331523388624
0.338441461325
0.344911307096
0.341291576624
0.376455157995
0.372355341911
0.335960328579
0.428518891335
0.331757158041
0.345804512501
0.361020058393
0.337975263596
0.344698995352
0.326366484165
0.395701378584
0.333131283522
0.354772478342
0.344313979149
0.369214624166
0.403399586678
0.294007509947
0.380414515734
0.359316706657
0.339683026075
0.362595617771
0.359829306602
0.370819509029
0.34266602993
0.360467344522
0.307732701302
0.390372335911
0.357838958502
0.376829832792
0.352774560452
0.343253910542
0.355225235224
0.330099493265
0.361666500568
0.341436058283
0.370146661997
0.366317093372
0.344672888517
0.324726969004
0.333889394999
0.342260330915
0.302669942379
0.339966237545
0.32548686862
0.382259190083
0.306073516607
0.344216614962
0.344194620848
0.315469503403
0.385458499193
0.345845848322
0.341814130545
0.351411700249
0.320045799017
0.351958453655
0.345466256142
0.303284168243
0.352731406689
0.322288393974
0.317141532898
0.321147143841
0.340926855803
0.337360948324
0.320295333862
0.310283720493
0.318850457668
0.307190567255
0.322657525539
0.338824391365
0.280172437429
0.317804247141
0.311118930578
0.332559913397
0.351590156555
0.298342168331
0.330132484436
0.36850965023
0.362086385489
0.34519225359
0.289192408323
0.309643596411
0.295077979565
0.303625077009
0.297251105309
0.296791344881
0.322411924601
0.314140588045
0.296322435141
0.339253097773
0.29182857275
0.341210365295
0.35385492444
0.302847445011
0.299982070923
0.358025103807
0.339039117098
0.350978046656
0.337610155344
0.324437886477
0.304044723511
0.294044554234
0.300414085388
0.316986739635
0.337976962328
0.300582170486
0.316196471453
0.355273365974
0.298803091049
0.339749246836
0.291486740112
0.30223056674
0.318425029516
0.323997348547
0.286356627941
0.331666707993
0.313397288322
0.31327944994
0.28942668438
0.296392947435
0.290378779173
0.341778606176
0.263258039951
0.293562471867
0.285732597113
0.319716393948
0.305008083582
0.266396194696
0.327165037394
0.330940961838
0.33080431819
0.347519338131
0.323927015066
0.322488129139
0.338914901018
0.297600150108
0.31264641881
0.277038604021
0.3403005898
0.276868283749
0.314939856529
0.305626243353
0.280483454466
0.284247666597
0.292902171612
0.31353956461
0.252249777317
0.32968968153
0.266934722662
0.332496970892
0.320347040892
0.351364582777
0.302128463984
0.297238647938
0.359557986259
0.326687693596
0.328597396612
0.310212790966
0.331690788269
0.28016680479
0.33773958683
0.320016622543
0.335783243179
0.306145071983
0.308749198914
0.28383821249
0.306858807802
0.333567321301
0.307730853558
0.2715036273
0.316447734833
0.280994832516
0.291464924812
0.330170422792
0.273555696011
0.341596126556
0.309038281441
0.302151739597
0.285161525011
0.296521037817
0.331216454506
0.271519362926
0.264233201742
0.30423989892
0.302005171776
0.295816123486
0.302660256624
0.329939156771
0.31569391489
0.33716121316
0.323153972626
0.269788384438
0.273300647736
0.322406053543
0.288819372654
0.299997478724
0.339683681726
0.277192264795
0.296025693417
0.260836660862
0.31159773469
0.317929834127
0.262833684683
0.292767733335
0.349965751171
0.295065701008
0.288007885218
0.294841438532
0.290010213852
0.32689806819
0.278560608625
0.271980911493
0.301381856203
0.280282557011
0.364176779985
0.289060682058
0.315709024668
0.331461787224
0.265146464109
0.286763459444
0.335390239954
0.298528790474
0.287902325392
0.306600093842
0.267731785774
0.302777081728
0.333045512438
0.282708674669
0.327768921852
0.320558100939
0.266810446978
0.263993352652
0.26508051157
0.276865005493
0.288614064455
0.297073513269
0.290331572294
0.271749138832
0.268668919802
0.291260182858
0.266195654869
0.318044632673
0.309190660715
