0.693147242069
0.691691935062
0.690204322338
0.689010381699
0.687639355659
0.686208188534
0.685093581676
0.683666527271
0.682517290115
0.681146621704
0.680070996284
0.678162634373
0.676868021488
0.674860358238
0.673447012901
0.669685184956
0.667006313801
0.664159953594
0.660586893559
0.656048893929
0.651043713093
0.644801735878
0.63760304451
0.633418977261
0.624114274979
0.615200042725
0.608915328979
0.600223183632
0.582836568356
0.575063765049
0.561678469181
0.547639727592
0.537222206593
0.521800518036
0.502701044083
0.492904186249
0.480094492435
0.471804589033
0.457703828812
0.439150482416
0.421735733747
0.420291125774
0.405646413565
0.409807085991
0.380849182606
0.386463731527
0.363919883966
0.362901121378
0.376327365637
0.357155025005
0.366307914257
0.363196730614
0.348089784384
0.380179017782
0.35005491972
0.337159574032
0.330178916454
0.335978448391
0.319774419069
0.310955524445
0.321197092533
0.316927313805
0.313130736351
0.290348440409
0.324234634638
0.301844447851
0.296264559031
0.323919683695
0.287901759148
0.288741141558
0.282559752464
0.309033125639
0.310919880867
0.276056796312
0.307265907526
0.324797779322
0.300479829311
0.287127912045
0.286587893963
0.26745891571
0.268456786871
0.252324283123
0.287082344294
0.270261704922
0.269977867603
0.285794317722
0.273037970066
0.263574391603
0.258278042078
0.269793719053
0.241502895951
0.271290004253
0.240509107709
0.256802618504
0.23150998354
0.230068221688
0.257395982742
0.236737042665
0.251360297203
0.231313839555
0.238350212574
0.262534976006
0.232415065169
0.241777911782
0.212808340788
0.228159353137
0.260678619146
0.259841293097
0.232955262065
0.239637121558
0.259564071894
0.235807746649
0.23011213541
0.215213865042
0.210152715445
0.219412192702
0.205819219351
0.204689979553
0.211847111583
0.225475296378
0.23346477747
0.214915171266
0.232106983662
0.203287601471
0.211911007762
0.225879088044
0.22354093194
0.216083496809
0.221106186509
0.250054806471
0.234584450722
0.214318692684
0.21198707819
0.224676147103
0.195612236857
0.202033087611
0.233049064875
0.193414121866
0.250341325998
0.215794414282
0.187456980348
0.185757949948
0.216514661908
0.237584143877
0.202606350183
0.201204806566
0.186444729567
0.206272184849
0.198455959558
0.206636250019
0.181428447366
0.198635086417
0.187609001994
0.211926728487
0.196600496769
0.188120901585
0.199956566095
0.182028800249
0.196171790361
0.182405039668
0.17293985188
0.216386005282
0.179797321558
0.18883664906
0.193563565612
0.17176887393
0.177975460887
0.193772912025
0.196125715971
0.193300977349
0.177800104022
0.199019059539
0.176862731576
0.178781747818
0.183509752154
0.158035650849
0.189260348678
0.189773023129
0.173216804862
0.194330275059
0.205330818892
0.159218147397
0.166438996792
0.215152576566
0.179452717304
0.169865563512
0.173602476716
0.192586541176
0.187673389912
0.191858932376
0.174223124981
0.156569689512
0.163546159863
0.159842908382
0.185163632035
0.158099010587
0.138729900122
0.183663263917
0.161712408066
0.16974952817
0.15243011713
0.159040912986
0.178607657552
0.173016503453
0.147930875421
0.17732398212
0.161252245307
0.141168281436
0.156490936875
0.164462864399
0.149693250656
0.180640593171
0.201037809253
0.133886158466
0.152573302388
0.165575459599
0.156823173165
0.142343059182
0.159103527665
0.161041110754
0.152118086815
0.188334673643
0.207271799445
0.163502648473
0.143145635724
0.174595624208
0.177249148488
0.169921204448
0.130420774221
0.153156071901
0.209604069591
0.176463350654
0.134035289288
0.124150067568
0.142891213298
0.137454882264
0.140458762646
0.125296458602
0.133614942431
0.113490819931
0.108901679516
0.165168136358
0.191120505333
0.117496669292
0.13214379549
0.130261987448
0.128924190998
0.117323100567
0.150149896741
0.164068177342
0.17283667624
0.131788447499
0.11523091048
0.114042624831
0.12967582047
0.134478896856
0.135038405657
0.172756418586
0.133656546474
0.100976713002
0.159591287374
0.110081277788
0.111401066184
0.129862487316
0.135595083237
0.0915804505348
0.146934732795
0.125540688634
0.1251758039
0.0959435030818
0.119586981833
0.130865678191
0.11037491262
0.0935465544462
0.148253306746
0.121319875121
0.0923074781895
0.0959748402238
0.108716808259
0.125305205584
0.1416490376
0.12202321738
0.119699247181
0.125483989716
0.114698708057
0.0997177287936
0.111591897905
0.0961634740233
0.165190130472
0.114588975906
0.110499426723
0.0935615748167
0.127807080746
0.116859234869
0.1201056391
0.0809376612306
0.109494194388
0.198186248541
0.114264965057
0.107203662395
0.106551036239
0.109267838299
0.130404219031
0.09709277004
0.105367690325
0.110806301236
0.125441804528
0.0904552638531
0.10786575079
0.118474543095
0.0923423618078
0.115241333842
0.0798778608441
0.0950775444508
0.0752705484629
0.136053562164
0.099741101265
0.0803901106119
0.146801382303
0.106461241841
0.114804126322
0.10579226166
0.101377740502
0.106068141758
0.102266840637
0.115874499083
0.11483053863
0.0851848125458
0.119645357132
0.0998297408223
0.150992482901
0.114310905337
0.127303123474
0.112874634564
0.123187310994
0.106952100992
0.0948750078678
0.0761598795652
0.135717526078
0.18508733809
0.100347191095
0.103675857186
0.0824649184942
0.107938870788
0.102827191353
0.114823669195
0.113656058908
0.0980990305543
0.0804790332913
0.0981812477112
0.139284744859
0.0990463346243
0.104093812406
0.10461410135
0.115551367402
0.0783224180341
0.129392653704
0.088613435626
0.123468987644
0.147649079561
0.100638881326
0.0790248289704
0.0933210402727
0.125344589353
0.0800795555115
0.135218754411
0.0873119607568
0.109833315015
0.0896361395717
0.144300401211
0.0971350669861
0.0854673534632
0.0831040516496
0.137318924069
0.112070262432
0.102426446974
0.106131568551
0.0991031378508
0.0989577695727
0.0998143479228
0.100214034319
0.0882993936539
0.0737295225263
0.0994980037212
0.0836090072989
0.0799521207809
0.0959395989776
0.128730788827
0.0982134714723
0.0869111195207
0.139394327998
0.0880414173007
0.0962034761906
0.0631751194596
0.0815168246627
0.0926377028227
0.0866995826364
0.119378149509
0.0945086851716
0.116256974638
0.117812365294
0.0859873145819
0.0644086822867
0.0822902321815
0.0994294136763
0.0802866965532
0.0899345204234
0.114595331252
0.0997188165784
0.0811437442899
0.0848207175732
0.0776381343603
0.062620036304
0.0638159587979
0.0970606729388
0.0793714001775
0.10965077579
0.0700007528067
0.0813125818968
0.0671579316258
0.0730007663369
0.0888664796948
0.0648338422179
0.106786578894
0.102226905525
0.0668448954821
0.0971706137061
0.133396804333
0.0802062824368
0.0849421024323
0.0789733678102
0.0745637267828
0.082228384912
0.0700040087104
0.0773558244109
0.0758540853858
0.0669694840908
0.114271506667
0.0885325074196
0.0900256857276
0.112271785736
0.0753031671047
0.0674666687846
0.0798505991697
0.0757822394371
0.085631288588
0.0699256807566
0.0785743743181
0.0657185986638
0.0648457333446
0.0732030421495
0.0793394595385
0.077300362289
0.104056552052
0.076679289341
0.0760377570987
0.0631198137999
0.0695792064071
0.106852613389
0.0571616292
0.0903125032783
0.074600033462
0.0661923736334
0.0717923715711
0.106411911547
0.0951074585319
0.055905982852
0.107034534216
0.131261542439
0.12170048058
0.105608932674
0.0635126680136
0.108904488385
0.104548588395
0.0955220684409
0.0639176592231
0.0781202763319
0.129543915391
0.0983938351274
0.138777688146
0.0665159076452
0.0962102487683
0.102723561227
0.0882214456797
0.0895085781813
0.0802823379636
0.0984046757221
0.102997235954
0.109777346253
0.0752676874399
0.123027913272
0.0637651309371
0.079027146101
0.0962020009756
0.0622263588011
0.0575207769871
0.0820719152689
0.0985918566585
0.0696307420731
0.0706625208259
0.0690079405904
0.0643651634455
0.110145919025
0.0860956832767
0.074956946075
0.0793097019196
0.0784152969718
0.078612908721
0.0934056192636
0.0761368051171
0.0748443454504
0.0600743554533
0.0991317853332
0.0693338140845
0.0837670862675
0.0920525491238
0.08911216259
0.0657630339265
0.0809468701482
0.0725316926837
0.0791854560375
0.0951558202505
0.0864508673549
0.0768547430634
0.0919365882874
0.0983059480786
0.0706515163183
0.0620050244033
0.0691131204367
0.0565280355513
0.0818580836058
0.0506735108793
0.0718706697226
0.10182261467
0.0878036692739
0.135165497661
0.0959660112858
0.0932530537248
0.0942362546921
0.133804187179
0.0697579085827
0.0895905345678
0.0728199258447
0.0689694881439
0.088100284338
0.111646950245
0.0708073377609
0.0727979764342
0.0933172479272
0.0828635022044
0.0886472761631
0.0671393722296
0.0788044407964
0.0677243694663
0.0606602840126
0.0539659298956
0.0518236905336
0.0774150267243
0.0843274220824
0.0504109673202
0.080446280539
0.0957906022668
0.0922531113029
0.0646257698536
0.0488444268703
0.0645598098636
0.117344550788
0.0593248270452
0.0538130700588
0.0703675150871
0.0850652456284
0.0469010658562
0.117698065937
0.0767459496856
0.0574635639787
0.0886745005846
0.0527444407344
0.0789916738868
0.0603720359504
0.0729082375765
0.0584699958563
0.0714628696442
0.103305883706
0.065350830555
0.0753834545612
0.0929626747966
0.0723583847284
0.066774867475
0.0767396241426
0.0828297138214
0.0576765015721
0.047428175807
0.0773601159453
0.0868944525719
0.0696273073554
0.0673191174865
0.0553586222231
0.0622431859374
0.0545365251601
0.0766560286283
0.048937279731
0.0500630959868
0.0911820605397
0.0681961029768
0.0592350289226
0.131763696671
0.0628435760736
0.0802187472582
0.084620423615
0.0908765867352
0.0663103833795
0.0542287454009
0.0481744036078
0.0794382914901
0.0764081850648
0.0465665385127
0.0870551690459
0.0518701784313
0.0912347733974
0.0509921051562
0.0706707090139
0.0809494927526
0.0821790024638
0.051196474582
0.0685275271535
0.0499640479684
0.0862735807896
0.0830259621143
0.0467014051974
0.0883619710803
0.0600199364126
0.0870295390487
0.0654712542892
0.0504805408418
0.0470792986453
0.0961809381843
0.0792543366551
0.0552885197103
0.0620673149824
0.0543332323432
0.0545215047896
0.110449515283
0.0645699575543
0.0931510552764
0.0632677301764
0.0741595029831
0.0512711592019
0.0700732693076
0.08887347579
0.0533381663263
0.0677753165364
0.0536400787532
0.0549339018762
0.0660196840763
0.0439895540476
0.069044277072
0.0545221753418
0.0672900602221
0.0459398776293
0.0879839360714
0.0598239004612
0.0749718621373
0.0495785102248
0.0731714367867
0.0465838462114
0.0656812787056
0.0554728917778
0.049796462059
0.0645083263516
0.0666037872434
0.0542217902839
0.0643545389175
0.0537575036287
0.0586306415498
0.0541885085404
0.0643383041024
0.0633839741349
0.0654303431511
0.0808098241687
0.0671681240201
0.0468758158386
0.0457796789706
0.0577131398022
0.0560937710106
0.0500479899347
0.0766586512327
0.0699395090342
0.0467061474919
0.0448206365108
0.0435835383832
0.073811724782
0.0473381429911
0.0444755963981
0.0640211850405
0.0619774460793
0.0761552602053
0.0545203834772
0.0423059314489
0.0641044676304
0.06113839522
0.0702539458871
0.0830205231905
0.104081466794
0.0654351189733
0.0439554639161
0.0495615713298
0.0629499405622
0.0504811368883
0.0680705681443
0.042986959219
0.0492433644831
0.0606412552297
0.0433646962047
0.0620704554021
0.044408492744
0.0762744247913
0.0470210313797
0.0440745651722
0.0532583929598
0.0742568895221
0.0713594034314
0.0495603755116
0.0896631479263
0.0479588769376
0.0685195401311
0.0706753581762
0.0435164012015
0.0649774819613
0.0565728619695
0.0428096689284
0.0620665326715
0.0665061920881
0.0435627400875
0.0659169703722
0.0413846410811
0.0773090720177
0.0470436252654
0.0675509348512
0.0501382872462
0.0453225113451
0.0761199370027
0.0569898635149
0.061723716557
0.0466585755348
0.0714242607355
0.101925194263
0.0686844959855
0.076277717948
0.0411974415183
0.0455722548068
0.0600179024041
0.0518421307206
0.0505292564631
0.0429388545454
0.0581188835204
0.0449761971831
0.0655762255192
0.0538705214858
0.0704673305154
0.042459320277
0.0620022751391
0.0847175419331
0.07564458251
0.0421831049025
0.0649068430066
0.0421663895249
0.0403438210487
0.0668590888381
0.046564321965
0.0488826222718
0.0809180289507
0.0594410598278
0.0491743721068
0.0427588261664
0.0464784577489
0.0599503591657
0.080439068377
0.0423882827163
0.0921439602971
0.0461137071252
0.0661887153983
0.0685928910971
0.0458902157843
0.0406596064568
0.0562228225172
0.101131103933
0.104640722275
0.0472701266408
0.0449508577585
0.0499755106866
0.0532788522542
0.0468515716493
0.0635332763195
0.0438899584115
0.0475817248225
0.0585445724428
0.08142016083
0.082544580102
0.0670748054981
0.0400365330279
0.045806709677
0.0493504032493
0.0861469432712
0.0398348458111
0.054925493896
0.068892724812
0.042290572077
0.0541726276278
0.0676077231765
0.0467465147376
0.0789363607764
0.07665040344
0.0634012073278
0.0397447347641
0.0739189088345
0.0925796404481
0.040205527097
0.0907847434282
0.0881216675043
0.0461563020945
0.0456879213452
0.0482135228813
0.0960541963577
0.0745005831122
0.0638465955853
0.0842078998685
0.0423371754587
0.0657118484378
0.0399289578199
0.0885190889239
0.0478191636503
0.0407147705555
0.0601572394371
0.0608707927167
0.0394709780812
0.042182713747
0.06676543504
0.0571133419871
0.0637494847178
0.0489145591855
0.0850967243314
0.0705012604594
0.0517805628479
0.0418100394309
0.0740405917168
0.0503227040172
0.0501821562648
0.042789876461
0.0600221306086
0.049287583679
0.06777638942
0.0407334305346
0.105171076953
0.0387923158705
0.0546817928553
0.0616596862674
0.0874223634601
0.0766715928912
0.0668360367417
0.08995795995
0.0618912167847
0.0742029324174
0.0522223412991
0.0771054178476
0.0475905053318
0.0414422228932
0.0575262121856
0.0691024661064
0.0619032680988
0.0457112304866
0.0758568570018
0.0618387050927
0.0455301329494
0.0441859923303
0.0700443908572
0.0410377345979
0.0411429293454
0.0400781482458
0.0430675782263
0.0621994100511
0.038268301636
0.0730454176664
0.0381693132222
0.0644341260195
0.0696261301637
0.0591947026551
0.0415741764009
0.0386529229581
0.041573472321
0.0449698716402
0.0405072793365
0.0531635098159
0.064959436655
0.0861526876688
0.0560717508197
0.0628077611327
0.0965155363083
0.0745057016611
0.0989037454128
0.0407070145011
0.0608294121921
0.0627314224839
0.0472977161407
0.0443554744124
0.0815452560782
0.0391993261874
0.0580572001636
0.0639499276876
0.0598441660404
0.0392655059695
0.0451583713293
0.0758702605963
0.0729536265135
0.0481371991336
0.0441948734224
0.0508123338223
0.0869853720069
0.0467587523162
0.0713082700968
0.0736733749509
0.0602463856339
0.0617253668606
0.0678765624762
0.0366540625691
0.0451936088502
0.106463596225
0.0416820533574
0.0587335675955
0.0376746281981
0.039975695312
0.0396714173257
0.0479752346873
0.0387845002115
0.0605995170772
0.0396732129157
0.0813482329249
0.0519144833088
0.0615611225367
0.0430238209665
0.0775308385491
0.0961496457458
0.0542485043406
0.0723814815283
0.0401214323938
0.0517782494426
0.0782612934709
0.0489778481424
0.0773592218757
0.0888844355941
0.0392268002033
0.0765794962645
0.138069912791
0.0490067228675
0.0650365948677
0.0802386775613
0.0536434836686
0.0584486238658
0.0869365409017
0.130714803934
0.0985862985253
0.108987540007
0.0635928809643
0.0779917165637
0.040268894285
0.083265222609
0.0402410589159
0.0408773757517
0.0694923624396
0.0455990433693
0.076312340796
0.0531497783959
0.0470175109804
0.0451589971781
0.0595896728337
0.0602618902922
0.0481543280184
0.0404879078269
0.0513904243708
0.0587994866073
0.0751963108778
0.045446112752
0.0633189752698
0.0488185957074
0.0509104840457
0.0423356257379
0.0781936496496
0.0619115903974
0.0604279153049
0.0480976849794
0.0550245456398
0.0776575952768
0.0770213156939
0.0663860812783
0.0425131805241
0.0772935599089
0.0504788942635
0.0592522211373
0.0594841577113
0.0420260094106
0.0417648404837
0.0673552155495
0.0784622579813
0.0591382794082
0.0701758861542
0.0544385500252
0.0572212040424
0.0858474448323
0.037615455687
0.0394932180643
0.0400768518448
0.037751942873
0.040909782052
0.0390957072377
0.0538563802838
0.0671018958092
0.0387122705579
0.038751360029
0.0419535748661
0.0610652752221
0.0556895434856
0.0367859005928
0.0613507330418
0.0392476059496
0.0407864190638
0.0409006662667
0.0524235963821
0.0366092771292
0.0449653342366
0.0389664545655
0.044241771102
0.0384498201311
0.0388188324869
0.0419388748705
0.0393279902637
0.0411719270051
0.0695333331823
0.0366684384644
0.116390742362
0.0858515948057
0.0886453986168
0.0835238397121
0.0771773904562
0.0669177249074
0.0378534644842
0.0548754557967
0.0369951203465
0.0765691772103
0.0424645133317
0.080061674118
0.0368138439953
0.041912458837
0.0576401203871
0.0610743761063
0.0471106655896
0.0617766417563
0.0383162051439
0.0447948537767
0.064842171967
0.100820593536
0.0648377090693
0.0862232670188
0.0622790157795
0.0392484813929
0.0401326976717
0.0404965989292
0.039755936712
0.0598405972123
0.0548615418375
0.0548147633672
0.0514942295849
0.0400638990104
0.0575125478208
0.0372740849853
0.0801779702306
0.0384489670396
0.0481765270233
0.0401583872736
0.0571812056005
0.0838459953666
0.0411231592298
0.0916364341974
0.0640625506639
0.0530816316605
0.0703628957272
0.101767040789
0.0634983554482
0.095634534955
0.0447929464281
0.044022873044
0.0572828054428
0.0421750247478
0.0433131381869
0.077964246273
0.050495557487
0.0613940618932
0.042110927403
0.0802108198404
0.0390822999179
0.0398420318961
0.0588470101357
0.040098246187
0.0748772770166
0.0754636600614
0.0820899158716
0.0888319984078
0.106271579862
0.083019785583
0.0833347961307
0.0742405578494
0.0374667942524
0.0834801569581
0.0413044802845
0.0401568338275
0.066372923553
0.0602361671627
0.0498518832028
0.0478514432907
0.0569270886481
0.0407017506659
0.0607297159731
0.0581154339015
0.0401254184544
0.0803309381008
0.04015038535
0.100690096617
0.0416578054428
0.0518015697598
0.0583656392992
0.0393380001187
0.057385224849
0.0656285509467
0.0573558881879
0.0662324428558
0.065152965486
0.0666167810559
0.0588620752096
0.058967422694
0.0386625900865
0.0825749263167
0.0781109333038
0.0538934953511
0.113896049559
0.0400394536555
0.0574529692531
0.0661137327552
0.0500808991492
0.0533078461885
0.0764590576291
0.0572387799621
0.0627073869109
0.0428383611143
0.0443952716887
0.0396533161402
0.04037643224
0.0781332179904
0.0551868565381
0.0397371090949
0.060336843133
0.0380054041743
0.0586427636445
0.0401431508362
0.0406544394791
0.0603486672044
0.0634015500546
0.0750262439251
0.0380845703185
0.0548989586532
0.0719386041164
0.0451532676816
0.0598406456411
0.0802972391248
0.0365625992417
0.0579536408186
0.0575303062797
0.0632167086005
0.0386474579573
0.0577055104077
0.0793499425054
0.0717486813664
0.0970110297203
0.0372632555664
0.0653522834182
0.0626399815083
0.0584782026708
0.0414180569351
0.0408591106534
0.0372979007661
0.0436228699982
0.0752867534757
0.0698554515839
0.103975228965
0.057602353394
0.0400917083025
0.039825771004
0.0589937306941
0.0408733785152
0.0750490650535
0.0653141960502
0.0584528148174
0.0486357957125
