0.507317066193
0.575609743595
0.536585390568
0.600000023842
0.629268288612
0.673170745373
0.692682921886
0.717073142529
0.702439010143
0.756097555161
0.775609731674
0.775609731674
0.765853643417
0.785365879536
0.790243923664
0.824390232563
0.814634144306
0.839024364948
0.819512188435
0.84878051281
0.868292689323
0.84878051281
0.84878051281
0.873170733452
0.868292689323
0.87804877758
0.87804877758
0.897560954094
0.892682909966
0.897560954094
0.887804865837
0.882926821709
0.902438998222
0.897560954094
0.936585366726
0.917073190212
0.931707322598
0.907317101955
0.917073190212
0.941463410854
0.95609754324
0.936585366726
0.946341454983
0.951219499111
0.936585366726
0.95609754324
0.936585366726
0.95609754324
0.95609754324
0.960975587368
0.941463410854
0.960975587368
0.95609754324
0.946341454983
0.946341454983
0.95609754324
0.946341454983
0.975609779358
0.975609779358
0.970731735229
0.960975587368
0.975609779358
0.965853631496
0.965853631496
0.970731735229
0.965853631496
0.960975587368
0.970731735229
0.980487823486
0.975609779358
0.975609779358
0.975609779358
0.985365867615
0.980487823486
0.975609779358
0.975609779358
0.975609779358
0.980487823486
0.975609779358
0.985365867615
0.980487823486
0.980487823486
0.975609779358
0.985365867615
0.980487823486
0.980487823486
0.975609779358
0.970731735229
0.975609779358
0.980487823486
0.980487823486
0.980487823486
0.985365867615
0.975609779358
0.980487823486
0.980487823486
0.985365867615
0.985365867615
0.980487823486
0.985365867615
