0.698118567467
0.698171079159
0.697698354721
0.696839094162
0.698320508003
0.697465896606
0.698966622353
0.695589065552
0.695393979549
0.695503413677
0.698378622532
0.695739805698
0.695843935013
0.695359289646
0.696977138519
0.696462392807
0.695608079433
0.696406245232
0.694858253002
0.696516096592
0.695621967316
0.693805873394
0.693388104439
0.695120453835
0.69719171524
0.692835569382
0.693577766418
0.693862378597
0.695562899113
0.692744851112
0.695472657681
0.69590139389
0.69346177578
0.69430321455
0.694529592991
0.694483101368
0.69362694025
0.693320870399
0.691894173622
0.693189322948
0.692479729652
0.694706320763
0.692139208317
0.692145645618
0.692379891872
0.691219806671
0.691068232059
0.690801203251
0.690975308418
0.689333498478
0.691068410873
0.690713882446
0.692883431911
0.690030753613
0.689405918121
0.688583016396
0.689695417881
0.691358268261
0.689331769943
0.689217746258
0.693557977676
0.690802872181
0.688666880131
0.689148247242
0.688167095184
0.689190626144
0.690353691578
0.687495231628
0.687569022179
0.688579797745
0.687059402466
0.687146902084
0.688555181026
0.688942611217
0.686490476131
0.685470700264
0.68723410368
0.686612665653
0.688125967979
0.686346054077
0.68655282259
0.685202538967
0.685322999954
0.686397731304
0.686949849129
0.686818361282
0.683918476105
0.687627136707
0.683334052563
0.687272131443
0.6850014925
0.683565378189
0.683042287827
0.683679103851
0.685244381428
0.680862367153
0.681195735931
0.683506309986
0.685439407825
0.685071051121
0.682630896568
0.683984518051
0.680738031864
0.682144403458
0.683976233006
0.681878149509
0.683068037033
0.683072030544
0.681114315987
0.680407166481
0.682578623295
0.680828511715
0.681297242641
0.68264913559
0.681545495987
0.681226730347
0.681088030338
0.680648565292
0.682055056095
0.678745090961
0.683018505573
0.679307162762
0.682192325592
0.679031074047
0.678908586502
0.678222894669
0.678195238113
0.681583583355
0.677867293358
0.679794669151
0.679107546806
0.678597569466
0.678684592247
0.67733335495
0.679436564445
0.678272128105
0.6787956357
0.678550064564
0.679452955723
0.674458861351
0.676591515541
0.676016747952
0.676166057587
0.676579833031
0.675975680351
0.674275994301
0.676315248013
0.675775825977
0.675308465958
0.675552308559
0.674159228802
0.674757480621
0.677681326866
0.674496471882
0.676293730736
0.673904955387
0.674050688744
0.675275802612
0.674637854099
0.673897504807
0.676719129086
0.671131789684
0.673541009426
0.675630509853
0.672325849533
0.67791390419
0.673605561256
0.671903073788
0.670397520065
0.671932816505
0.671615302563
0.672475814819
0.673256337643
0.673853576183
0.67299246788
0.670489430428
0.667923986912
0.668974280357
0.672299802303
0.672015249729
0.669154167175
0.669960677624
0.669177114964
0.668727099895
0.669746339321
0.668386340141
0.666976034641
0.669350683689
0.668353796005
0.671724438667
0.66808962822
0.664313793182
0.660896241665
0.668551802635
0.66741168499
0.667981624603
0.667964935303
0.665330171585
0.666528701782
0.665634810925
0.669019520283
0.667103409767
0.665467500687
0.666279911995
0.668339371681
0.665703892708
0.665376245975
0.666245698929
0.662028253078
0.663479924202
0.663882791996
0.661061048508
0.663778483868
0.667823135853
0.662639141083
0.662052452564
0.659154772758
0.664098680019
0.661929011345
0.665180027485
0.659831702709
0.661087572575
0.662953078747
0.657933831215
0.662226438522
0.663818359375
0.657685220242
0.661907732487
0.66120660305
0.663511097431
0.659632086754
0.659986019135
0.659402370453
0.661848843098
0.661150753498
0.655521154404
0.661512434483
0.659510374069
0.659940183163
0.653450548649
0.65616953373
0.659197688103
0.656207799911
0.656955301762
0.656463027
0.659181892872
0.656959176064
0.660190463066
0.654192090034
0.65510737896
0.653904259205
0.65653693676
0.654583454132
0.652766823769
0.654847741127
0.651560664177
0.655987501144
0.654001772404
0.649680376053
0.65227407217
0.652578234673
0.653602957726
0.651936233044
0.655533492565
0.653629720211
0.652268111706
0.658647656441
0.647457420826
0.649224936962
0.646376311779
0.651340246201
0.648671805859
0.648409724236
0.648763120174
0.648256838322
0.651279509068
0.649634182453
0.646495699883
0.650817036629
0.651133596897
0.642552733421
0.646691143513
0.646733105183
0.652069747448
0.645698368549
0.651978433132
0.647178709507
0.64727461338
0.6444247365
0.646684169769
0.646364152431
0.646518170834
0.646130383015
0.647996604443
0.642391681671
0.646374344826
0.63945966959
0.644859671593
0.647750973701
0.643160939217
0.641278624535
0.63456183672
0.642186403275
0.645934402943
0.635214328766
0.639316320419
0.637244522572
0.647466599941
0.637145876884
0.639497995377
0.646431922913
0.635509133339
0.637777507305
0.637305557728
0.6406711936
0.637541770935
0.637827813625
0.641710460186
0.637988507748
0.639112532139
0.636633992195
0.643107950687
0.632610321045
0.638222575188
0.635212540627
0.640134930611
0.639705359936
0.630739033222
0.635376572609
0.634984135628
0.637496829033
0.63913166523
0.635697126389
0.636518537998
0.636305868626
0.636511147022
0.637972593307
0.63503330946
0.631107509136
0.632045328617
0.637157022953
0.63219666481
0.634433865547
0.632617473602
0.633706748486
0.640102863312
0.630321085453
0.635885775089
0.633063435555
0.624661266804
0.631166398525
0.627567768097
0.630117714405
0.634315609932
0.627739131451
0.625699222088
0.629589319229
0.632549583912
0.627097129822
0.622634828091
0.628801941872
0.625129342079
0.618953883648
0.623817205429
0.629031717777
0.624261796474
0.626157045364
0.620407640934
0.623076856136
0.626896679401
0.629706561565
0.628668129444
0.623788654804
0.624668300152
0.619215250015
0.620137512684
0.631782591343
0.6155590415
0.622846603394
0.627664327621
0.618872225285
0.620201230049
0.620440006256
0.623055100441
0.62190335989
0.615937650204
0.616419732571
0.618144035339
0.617066085339
0.620856225491
0.614465475082
0.614895939827
0.618849098682
0.617946147919
0.616311311722
0.627432346344
0.608613967896
0.62316173315
0.619741678238
0.607795715332
0.621578752995
0.617053985596
0.614164710045
0.61629229784
0.61912214756
0.619388878345
0.612155497074
0.620277762413
0.609173536301
0.612833499908
0.608294844627
0.612358808517
0.613002479076
0.616539537907
0.611292004585
0.619248092175
0.613667607307
0.617642223835
0.60986083746
0.609776139259
0.610207915306
0.606290698051
0.605972707272
0.607209086418
0.616514980793
0.610707998276
0.610552847385
0.599456071854
0.608819186687
0.612487494946
0.603842318058
0.608152151108
0.605697929859
0.605844974518
0.607832372189
0.605735838413
0.604255497456
0.597095787525
0.605904281139
0.609299898148
0.600465297699
0.599629282951
0.605237424374
0.610015153885
0.599556624889
0.606150925159
0.606763422489
0.599854052067
0.597601234913
0.600481808186
0.60322111845
0.600292742252
0.601355850697
0.593487679958
0.597027719021
0.599947810173
0.600613474846
0.60024869442
0.601218283176
0.596903324127
0.593768775463
0.606215715408
0.603365659714
0.590615987778
0.607382118702
0.591490864754
0.585643827915
0.596816956997
0.595317840576
0.593891918659
0.59487760067
0.602731466293
0.594682335854
0.596605300903
0.590457856655
0.593737781048
0.590261995792
0.596147656441
0.59522908926
0.597124993801
0.588360369205
0.590733647346
0.5926207304
0.595634520054
0.585588693619
0.591456532478
0.591067671776
0.596108675003
0.581508219242
0.594817817211
0.589662373066
0.584770798683
0.603200614452
0.58632338047
0.586879611015
0.590857088566
0.602115154266
0.59245544672
0.594581067562
0.585170447826
