0.911267697811
0.873786091805
0.862648248672
0.858960211277
0.81259572506
0.78505730629
0.792614519596
0.759434819221
0.771234869957
0.728352308273
0.708576083183
0.724297702312
0.704422295094
0.664574742317
0.675550758839
0.676246702671
0.648012280464
0.650762200356
0.637259721756
0.64937210083
0.621225237846
0.616369724274
0.622823894024
0.611299753189
0.602452635765
0.610838532448
0.604872226715
0.593707382679
0.588579714298
0.592884480953
0.595405995846
0.584762990475
0.580260038376
0.577016830444
0.577245116234
0.567869246006
0.558894336224
0.57999920845
0.55809789896
0.558986008167
0.550554156303
0.559029877186
0.550429701805
0.544730842113
0.548330247402
0.533942043781
0.541157245636
0.549696981907
0.544825494289
0.534962117672
0.547389984131
0.534673929214
0.519182682037
0.536713480949
0.508305370808
0.523491561413
0.517741322517
0.519240915775
0.511774480343
0.510492622852
0.505440115929
0.488135278225
0.496000796556
0.510146021843
0.500592589378
0.490047246218
0.501034080982
0.489906638861
0.482599258423
0.499180793762
0.480375051498
0.488460302353
0.478683620691
0.468788206577
0.470237106085
0.4681199193
0.464769005775
0.471874654293
0.465917289257
0.466771572828
0.4669470191
0.460922956467
0.460859715939
0.468159139156
0.447725832462
0.443610817194
0.444373756647
0.446777641773
0.436071366072
0.435296922922
0.438732355833
0.428082764149
0.430421322584
0.432523041964
0.437941431999
0.426000714302
0.419461905956
0.441170305014
0.426542580128
0.41388592124
0.410492897034
0.422092497349
0.413998872042
0.418634265661
0.4243093431
0.407334625721
0.418631434441
0.418367892504
0.407120555639
0.401834994555
0.402560800314
0.396093279123
0.391375333071
0.399823665619
0.399453818798
0.390233695507
0.375721156597
0.380046486855
0.41197270155
0.387586981058
0.398152410984
0.398550122976
0.37241217494
0.370296984911
0.376640886068
0.370690464973
0.381193250418
0.374676078558
0.383906841278
0.365670263767
0.362080931664
0.351139038801
0.375207662582
0.3568367064
0.367785185575
0.364897012711
0.359333872795
0.350753843784
0.341059952974
0.366687595844
0.341033279896
0.340185403824
0.343606412411
0.345337659121
0.349062591791
0.348834216595
0.348505526781
0.334191918373
0.344420045614
0.349249482155
0.340122193098
0.324738264084
0.33297803998
0.329533427954
0.30982029438
0.316875189543
0.319461196661
0.331863969564
0.317579239607
0.315885692835
0.333934396505
0.316747635603
0.328454226255
0.328097641468
0.317091226578
0.311348825693
0.304793149233
0.313520550728
0.301715373993
0.288717657328
0.306620419025
0.30091047287
0.300567597151
0.29910364747
0.308436393738
0.304099321365
0.301023304462
0.315933078527
0.302621752024
0.297728329897
0.306084722281
0.267802476883
0.273631483316
0.27985304594
0.287900418043
0.281992614269
0.273533284664
0.28404635191
0.271871775389
0.297181546688
0.282047599554
0.278661668301
0.271935164928
0.278307646513
0.263258516788
0.270550042391
0.280891686678
0.277863323689
0.256853282452
0.271004974842
0.264960795641
0.256206303835
0.268305569887
0.249925643206
0.258921474218
0.259389787912
0.249302446842
0.251770108938
0.232578605413
0.253914356232
0.240458190441
0.254318207502
0.246221706271
0.259104430676
0.245477810502
0.236582666636
0.264086097479
0.239041998982
0.24686910212
0.245741650462
0.228767171502
0.228486910462
0.219530299306
0.238576263189
0.253182798624
0.224992513657
0.240961417556
0.232182905078
0.225162416697
0.229711696506
0.220436602831
0.215107396245
0.224130302668
0.200565636158
0.222150102258
0.224771678448
0.225614801049
0.238372802734
0.213761597872
0.191360846162
0.207896798849
0.201037093997
0.196972891688
0.206214725971
0.20111322403
0.221805885434
0.188426315784
0.208607405424
0.198941081762
0.209543406963
0.199132069945
0.191947415471
0.204339370131
0.205385386944
0.188005164266
0.195872053504
0.185471713543
0.209631159902
0.180813491344
0.219700619578
0.195650011301
0.182955563068
0.200381174684
0.184250190854
0.179579421878
0.210721209645
0.173546165228
0.171148017049
0.193944379687
0.170536011457
0.196130782366
0.177763789892
0.182096496224
0.163647726178
0.179600074887
0.168851569295
0.176326215267
0.161264151335
0.157887995243
0.175611242652
0.169415488839
0.166905805469
0.188156813383
0.168592333794
0.147163763642
0.155886992812
0.161547362804
0.153918787837
0.16662478447
0.170970737934
0.160317227244
0.151811614633
0.146422460675
0.155190184712
0.152905419469
0.155007585883
0.134629964828
0.155450701714
0.155391439795
0.162967771292
0.170106098056
0.143418833613
0.140204399824
0.142692580819
0.137624010444
0.148880422115
0.142786368728
0.140883550048
0.137340158224
0.143351048231
0.158664107323
0.125752925873
0.136355757713
0.154174879193
0.147467568517
0.135551586747
0.133992016315
0.134312987328
0.133463338017
0.137126013637
0.129046320915
0.122559413314
0.128906264901
0.140629142523
0.114204846323
0.148933663964
0.130023002625
0.126969441772
0.123682208359
0.126999750733
0.116561882198
0.133530139923
0.102059721947
0.132350593805
0.119219228625
0.102926559746
0.118672013283
0.112496390939
0.111828923225
0.118963010609
0.135026827455
0.109998881817
0.113206848502
0.129540339112
0.109189011157
0.112454108894
0.120152272284
0.12349756062
0.117186971009
0.116108328104
0.0950780287385
0.0981689020991
0.11083714664
0.112128950655
0.104244709015
0.118684180081
0.137423291802
0.119989685714
0.115854270756
0.111857384443
0.120412103832
0.113489665091
0.098700992763
0.106894463301
0.115671373904
0.103339247406
0.102000802755
0.0967746451497
0.0911308825016
0.110270299017
0.0967708155513
0.105804622173
0.100307092071
0.0902498215437
0.100546337664
0.0816137716174
0.0950264781713
0.0871044248343
0.100495092571
0.0803848803043
0.0873123332858
0.0978138968349
0.0970101952553
0.0847501084208
0.112318888307
0.0815420672297
0.0957175642252
0.0995850563049
0.0952123254538
0.103243142366
0.123613461852
0.105673335493
0.0997670963407
0.102666340768
0.0902398079634
0.0739370808005
0.0805399790406
0.0941289141774
0.0984955653548
0.0932526066899
0.080169685185
0.0995285436511
0.0967184081674
0.0903000310063
0.0880832970142
0.0963059589267
0.0944316461682
0.0855046734214
0.0913996249437
0.0805191770196
0.0830339938402
0.085292071104
0.0957791432738
0.0936786755919
0.0845759660006
0.0771450400352
0.0864631384611
0.0683027431369
0.0820253714919
0.0725874304771
0.0987031683326
0.0831444784999
0.081376157701
0.0824111476541
0.0999818220735
0.077550150454
0.0878028348088
0.090553432703
0.0786117091775
0.0768879055977
0.0822937190533
0.0826664045453
0.0827825590968
0.0660563409328
0.0632337704301
0.0646768584847
0.0696460008621
0.0878610163927
0.0569956973195
0.0779871940613
0.0832712575793
0.0917203575373
0.0637135878205
0.0868725851178
0.0584335066378
0.0647801309824
0.0632684975863
0.0688094645739
0.0613441728055
0.0788551643491
0.074801273644
0.0738389566541
0.077090293169
0.0742967128754
0.0708685219288
0.0636016130447
0.0676213055849
0.0700358599424
0.0816121846437
0.0578121095896
0.0654358863831
0.0602638274431
0.0845373943448
0.0487596094608
0.0691669583321
0.0560293719172
0.0537189766765
0.0573476925492
0.0572249516845
0.0616824813187
0.0674450397491
0.0724512264132
0.0933994725347
0.0730061456561
0.0833677276969
0.0616483092308
0.05692923069
0.0751725658774
0.0848556160927
0.0580016076565
0.0572904534638
0.0446383543313
0.0480330660939
0.0575270205736
0.0690107643604
0.0586751624942
0.0470592863858
0.0691383853555
0.0676145106554
0.0485022552311
0.0627313554287
0.0472348742187
0.0594432726502
0.050577737391
0.0507855936885
0.056704159826
0.0552723482251
0.0524275898933
0.0562429949641
0.052754022181
0.0614038780332
0.0623090714216
0.0556708350778
0.0807137340307
0.056460943073
0.0562441572547
0.0533746294677
0.0379611514509
0.0515887103975
0.0808112174273
0.0549746640027
0.0703710392118
0.0605588033795
0.0524310879409
0.0411471240222
0.0522208698094
0.0530106462538
0.0543981641531
0.0600636005402
0.0607077069581
0.0373817868531
0.0586321242154
0.0750982612371
0.0482614040375
0.0425205864012
0.0844174996018
0.073784776032
0.072164490819
0.0499030426145
0.0416184253991
0.0645266398787
0.0518290549517
0.073847040534
0.0596932284534
0.0593585781753
0.0839120447636
0.0619763620198
0.0653987303376
0.0514091104269
0.0559897311032
0.0756246224046
0.0583868958056
0.077741228044
0.047790389508
0.0651129186153
0.0606837049127
0.0496250241995
0.0604244619608
0.057954762131
0.0789764523506
0.0482806228101
0.0530712120235
0.0468521080911
0.0630569308996
0.0647709667683
0.0334272310138
0.0578609295189
0.0617690980434
0.0399281494319
0.0553169175982
0.0527671128511
0.0506645217538
0.0477878600359
0.0513353608549
0.0454505905509
0.0659112259746
0.0601959489286
0.0549347773194
0.0570321902633
0.0508455708623
0.0586610250175
0.0468154549599
0.0513415187597
0.0430926568806
0.0486072264612
0.0496233142912
0.0621600300074
0.0405830666423
0.0425275973976
0.0563108213246
0.0276473946869
0.0604604110122
0.048189766705
0.0794653147459
0.056968126446
0.0394033156335
0.0472478047013
0.0581793263555
0.051112499088
0.0402098223567
0.0317541584373
0.0477232970297
0.0537887513638
0.0587198846042
0.056497503072
0.0497096925974
0.050438772887
0.0380447767675
0.0456607043743
0.0396935306489
0.040791656822
0.0506399534643
0.0322293899953
0.023909624666
0.0448386669159
0.0515364482999
0.0547482408583
0.0408835150301
0.0382618643343
0.0328616313636
0.0509230792522
0.0515652522445
0.0350694060326
0.038610085845
0.0408026240766
0.0465448349714
0.0373238697648
0.045182492584
0.0407812893391
0.052464839071
0.0414774529636
0.0329839587212
0.0357252247632
0.0460806600749
0.0348446331918
0.0402684435248
0.0401861183345
0.0556123778224
0.0319207087159
0.0502486377954
0.0544563941658
0.0458229631186
0.0424261055887
0.0413663573563
0.048218332231
0.036542981863
0.0372388549149
0.0354956500232
0.041158542037
0.050737362355
0.0431364327669
0.0401146411896
0.0435789637268
0.035666488111
0.0481410101056
0.0327269025147
0.031463637948
0.0482007004321
0.0582187660038
0.0379240699112
0.0290878433734
0.031073095277
0.0410881228745
0.0428085513413
0.0326982997358
0.0274565909058
0.0418610349298
0.0421336479485
0.0315185151994
0.045533772558
0.0325018167496
0.0420125387609
0.0605740100145
0.04451052472
0.0267921164632
0.0348800458014
0.0484565831721
0.0444173067808
0.0295400694013
0.0385309867561
0.0456709042192
0.0384496673942
0.0257385447621
0.0424918793142
0.0411932505667
0.0423599332571
0.0343066453934
0.0488324686885
0.0716294795275
0.0391211844981
0.0482326596975
0.0311107803136
0.0311729665846
0.0285777393728
0.0236160419881
0.031752705574
0.0454602949321
0.0371027104557
0.0239407103509
0.0431559570134
0.0394834764302
0.0356700569391
0.0292775575072
0.0406920090318
0.033364623785
0.0259402152151
0.0412604399025
0.077857144177
0.0301606431603
0.0267376415431
0.047477722168
0.0542403012514
0.0312297493219
0.0418217182159
0.0221093893051
0.031217938289
0.0299919247627
0.0259020086378
0.0279257707298
0.022746860981
0.0281191840768
0.0324230641127
0.0440052933991
0.0316696092486
0.0421690046787
0.0283333733678
0.0405295267701
0.024750649929
0.0247806757689
0.0273628700525
0.0420808978379
0.0307700503618
0.0311737805605
0.0370908454061
0.0488762743771
0.0252052266151
0.0417898446321
0.0360437221825
0.0256040226668
0.0332577526569
0.0316511169076
0.0505131408572
0.036862436682
0.0191027522087
0.0345872566104
0.0238591916859
0.0325668118894
0.0288390740752
0.023071706295
0.0337875112891
0.0300768464804
0.0280444491655
0.0220801569521
0.0283689908683
0.0300887171179
0.0359793975949
0.023418834433
0.0245378185064
0.0157301202416
0.0254187006503
0.0468043275177
0.033234577626
0.0312123969197
0.0265380237252
0.0308439023793
0.0386041253805
0.0427278093994
0.0288252998143
0.0307507812977
0.0309009272605
0.0420361161232
0.0384770855308
0.0250618699938
0.030749861151
0.0396468564868
0.0413012355566
0.0443836078048
0.0267679579556
0.0243846848607
0.028778264299
0.0690409243107
0.016370864585
0.0300975013524
0.0222380235791
0.0289404988289
0.03315378353
0.018241122365
0.029899597168
0.0299300774932
0.0334142930806
0.0336438193917
0.0338038802147
0.0249377321452
0.0319046080112
0.021042060107
0.0335039570928
0.0264710336924
0.0384891889989
0.0287579987198
0.0278040096164
0.0367475003004
0.0312644951046
0.0302556883544
0.020879695192
0.0519837774336
0.0205739736557
0.0367230400443
0.0161698870361
0.0263653956354
0.0374749414623
0.0168898943812
0.0243379101157
0.0351208113134
0.0358222573996
0.0316245146096
0.0137667544186
0.0266545340419
0.0276582464576
0.034465868026
0.0272832009941
0.0304869748652
0.0384151786566
0.0233924072236
0.030022021383
0.0210707429796
0.0500940941274
0.0274929162115
0.0269208122045
0.0292588304728
0.0331002548337
0.0283840373158
0.0359123572707
0.0274117253721
0.0356746800244
0.0274809580296
0.0155326584354
0.0189417824149
0.0206806454808
0.0239773336798
0.0429075062275
0.0194512549788
0.0211128182709
0.0214948728681
0.0323993712664
0.0382977314293
0.0208431724459
0.0272154770792
0.0253345761448
0.0711433067918
0.0334049165249
0.033962264657
0.0371011830866
0.0222610235214
0.0274876989424
0.0623473189771
0.0335314162076
0.0298969689757
0.039970703423
0.0274584926665
0.0186750944704
0.0401816293597
0.0261921491474
0.0308588407934
0.0137142799795
0.0211128145456
0.0242915879935
0.0170708168298
0.0328698642552
0.0178868267685
0.0198662299663
0.0204075798392
0.0489885620773
0.0197736080736
0.0236209910363
0.0188923813403
0.0210672616959
0.0208489913493
0.0355522483587
0.0134499762207
0.0214286614209
0.0304048322141
0.0347203575075
0.0314546898007
0.0115951793268
0.0225359387696
0.0256931651384
0.0169234313071
0.0374241657555
0.0317865461111
0.0196887031198
0.0327718220651
0.0209547970444
0.0231090877205
0.0206609964371
0.0293071232736
0.0231854561716
0.0286931954324
0.0197186022997
0.0305631738156
0.0118249179795
0.0338702276349
0.0189209599048
0.0203116070479
0.0340561717749
0.0377329327166
0.0270450506359
0.0183376632631
0.0233474615961
0.0206232834607
0.0278397183865
0.0213383194059
0.0163777507842
0.0236552078277
0.0203324984759
0.0123994033784
0.0171381905675
0.0282446797937
0.0198816098273
0.0190904289484
0.0182452406734
0.0218871925026
0.0245674066246
0.0165087580681
0.0136079629883
0.0211850535125
0.0214970652014
0.0232064835727
0.0393454544246
0.0141349220648
0.0365349166095
0.0236038714647
0.0149954380468
0.0215655248612
0.0272608082741
0.0147879747674
0.0180624723434
0.0236041322351
0.0430374704301
0.045857001096
0.0328311510384
0.0276418477297
0.0155468638986
0.0134571352974
0.0142073407769
0.0588869825006
0.0218734778464
0.00768021075055
0.0202376116067
0.0354887321591
0.0294553544372
0.0249363780022
0.0287916623056
0.0155578190461
0.0388763397932
0.0182813126594
0.0313414148986
0.0152498083189
0.0292435996234
0.0236822590232
0.0246486123651
0.0154972122982
0.019848279655
0.023919608444
0.0138423219323
0.0195234268904
0.0338798053563
0.0130276074633
0.0144987581298
0.031445864588
0.00962009467185
0.0368449687958
0.0228485614061
0.0162469632924
0.0331817418337
0.0206799283624
0.0188663396984
0.0226884204894
0.0332242883742
0.0165107026696
0.016990205273
0.0293867737055
0.0203072112054
0.0551528297365
0.0309959668666
0.0261825025082
0.023300871253
0.0253614075482
0.0242975987494
0.0152502758428
0.0254425462335
0.0450422652066
0.0148673709482
0.0139816151932
0.0342679657042
0.0265562329441
0.0262710843235
0.0180023387074
0.0125804459676
0.017579337582
0.0435751117766
0.0098830005154
0.0145463664085
0.0336515046656
0.0168179348111
0.0256229676306
0.0136333899572
0.0295732170343
0.0154909277335
0.0147856930271
0.0167613532394
0.0179201830178
0.0161137133837
0.018979197368
0.0281989127398
0.0233766306192
0.0220261681825
0.0176958497614
0.0252347663045
0.0106934094802
0.0216209925711
0.0188983622938
0.044278524816
0.0128646800295
0.0231447201222
0.0250266008079
0.0122041841969
0.0169407073408
0.0303538739681
0.02325819619
0.017439622432
0.0169186834246
0.0279480405152
0.0296170134097
0.0152162341401
0.0271135419607
0.0236959960312
0.0153147270903
0.0104606868699
0.0129834664986
0.0161227975041
0.0171541888267
0.0218122322112
0.0155465165153
0.0172408856452
0.00759851746261
0.0182824879885
0.0132347419858
0.0210982952267
0.0214613564312
0.0298881623894
0.0121627729386
0.0211954992265
0.017066301778
0.0234082266688
0.0113679068163
0.0115561550483
0.0181570742279
0.02498549968
0.0253400038928
0.0191492065787
0.0447414368391
0.0202736314386
0.0514113903046
0.0272560212761
0.021826479584
0.0211412552744
0.0509241372347
0.0144588239491
0.0129605187103
0.0173596478999
0.0182083789259
0.00822016876191
0.0163453891873
0.0167792476714
0.0437500588596
0.0120207089931
0.0236296262592
0.0151866218075
0.0260609146208
0.0180550739169
0.0226973071694
0.0158193502575
0.0100759146735
0.0295174457133
0.0229358077049
0.0149120939896
0.0221455637366
0.018242476508
0.0180172678083
0.0175432991236
0.0122964372858
0.0265306364745
0.0515210218728
0.01567860879
0.0191388409585
0.0198539122939
0.0174176730216
0.015937872231
0.0173039473593
0.0182176455855
0.0231889951974
0.0146791646257
0.0276480577886
0.0249991603196
0.0138289090246
0.012566473335
0.022966440767
0.0328935235739
0.0174791403115
0.0155464941636
0.0177768524736
0.0100892018527
0.023886827752
0.0127972932532
0.0123497284949
0.021840211004
0.0225347466767
0.0156206646934
0.0121738445014
0.0147610362619
0.0305876247585
0.0293904114515
0.0335516035557
0.0284390840679
0.0162639413029
0.0163134802133
0.00944679509848
0.0269446466118
0.0100421719253
0.0162220541388
0.0217655003071
0.0242373067886
0.0192132219672
0.0198841188103
0.0173278339207
0.0177958458662
0.0099031124264
0.0170022174716
0.0140355983749
0.0168039407581
0.0133725414053
0.0272386241704
0.0122984405607
0.0224579330534
0.0246302783489
0.0178760644048
0.0374169051647
0.0284532438964
0.0120874755085
0.0199276693165
0.0435076206923
0.0219573099166
0.0110006006435
0.0315072648227
0.0309438575059
0.0299904607236
0.0159957632422
0.0205815564841
0.0232126098126
0.0194215532392
0.0191999394447
0.0283379666507
0.0258573237807
0.0125748328865
0.0194830540568
0.020475383848
0.0177559256554
0.0282274857163
0.0223531797528
0.0175647698343
0.0192098133266
0.00867578480393
0.0442544333637
0.019207732752
0.0182031374425
0.0228229034692
0.0158278066665
0.017067572102
0.0165552534163
0.0399291664362
0.00862126611173
0.014739013277
0.0208931714296
0.0407531037927
0.0112289804965
0.0340300165117
0.018659196794
0.0160039886832
0.0281005576253
0.0187669582665
0.0168222896755
0.0136592481285
0.0183056872338
0.050883680582
0.0208483804017
0.0231819227338
0.0362128578126
0.0214033089578
0.0174010954797
0.0194945894182
0.0226637031883
0.0191319324076
0.0102095408365
0.0168682746589
0.0290368366987
0.0132939200848
0.0212618857622
0.034489672631
0.0205316580832
0.0158681571484
