0.693710565567
0.691205561161
0.689918339252
0.684617936611
0.680742263794
0.677976369858
0.674603939056
0.667199015617
0.665698885918
0.656211435795
0.647817611694
0.64296233654
0.640604674816
0.620655655861
0.63537800312
0.625658869743
0.615358173847
0.598221838474
0.587043523788
0.564377963543
0.577512800694
0.549251377583
0.559618830681
0.56637185812
0.518038928509
0.53236156702
0.509131133556
0.485090464354
0.499029695988
0.461673855782
0.448147684336
0.418438225985
0.469400554895
0.411593317986
0.41609749198
0.428674280643
0.424901425838
0.402620494366
0.404696881771
0.421663165092
0.451329082251
0.448746800423
0.432053983212
0.373329639435
0.457561612129
0.399784594774
0.384933531284
0.425743848085
0.401772290468
0.413444370031
0.409634590149
0.390905588865
0.388240873814
0.368625313044
0.471976935863
0.451558172703
0.436986684799
0.409086942673
0.445848554373
0.400239795446
0.403636753559
0.410671621561
0.449252307415
0.404832273722
0.392494618893
0.378275692463
0.438868761063
0.386323779821
0.422670155764
0.457999765873
0.435021817684
0.425214231014
0.375938981771
0.406415343285
0.448025316
0.43199428916
0.392239242792
0.445477664471
0.351360946894
0.42700201273
0.404646903276
0.417198061943
0.385912626982
0.356882423162
0.446569144726
0.408875882626
0.423337876797
0.400057762861
0.400790244341
0.382903575897
0.40462782979
0.395543456078
0.388192236423
0.449791431427
0.389429777861
0.382919639349
0.357447773218
0.359478771687
0.443276107311
0.488288104534
0.390584498644
0.37096953392
0.477729976177
0.405343860388
0.471758395433
0.435174703598
0.455897212029
0.400570482016
0.406743913889
0.434550851583
0.43996065855
0.421167075634
0.431247323751
0.403363227844
0.362841635942
0.431134104729
0.407877027988
0.4182279706
0.428726792336
0.422076374292
0.459888100624
0.426652640104
0.36973118782
0.347228646278
0.39767563343
0.423977911472
0.395413845778
0.44789993763
0.410368561745
0.399571031332
0.399631530046
0.378422707319
0.440070837736
0.41866889596
0.387321919203
0.404078125954
0.451696455479
0.398641645908
0.379439592361
0.441678345203
0.419169068336
0.413353979588
0.416239887476
0.433092147112
0.343462765217
0.399427205324
0.418090641499
0.423685848713
0.378206014633
0.390856087208
0.382413029671
0.456557869911
0.457722425461
0.393539309502
0.501528382301
0.411375105381
0.395901381969
0.403708934784
0.4340711236
0.44638594985
0.420115470886
0.443335086107
0.444443047047
0.435719639063
0.416248500347
0.363945931196
0.383498042822
0.388794988394
0.422911733389
0.439118504524
0.428214281797
0.31508859992
0.374458491802
0.365696191788
0.407907783985
0.338102728128
0.388435035944
0.419340699911
0.399970561266
0.415802329779
0.438355952501
0.423946946859
0.393168449402
0.405002117157
0.38714620471
0.361821055412
0.344054847956
0.384661078453
0.339977502823
0.410321205854
0.446208000183
0.376919716597
0.385280430317
0.402391910553
0.458838105202
0.375115901232
0.398924142122
0.422470897436
0.394301265478
0.423854291439
0.426357448101
0.398714542389
0.374874800444
0.424107402563
0.46748098731
0.43441337347
0.393087387085
0.375924259424
0.430710911751
0.419382750988
0.391476035118
0.380599111319
0.412582755089
0.448311716318
0.399478286505
0.413729995489
0.423395961523
0.367937624454
0.405196875334
0.422020822763
0.36826813221
0.40545552969
0.357378482819
0.362141430378
0.408653527498
0.388054847717
0.328953713179
0.451504588127
0.450222671032
0.350106805563
0.366483807564
0.427542448044
0.391180455685
0.388826727867
0.424282938242
0.378429830074
0.391671985388
0.413192898035
0.430823922157
0.439983278513
0.419315159321
0.382614463568
0.39169883728
0.43686580658
0.379829227924
0.470880001783
0.423485964537
0.452666789293
0.392212539911
0.4230209589
0.388874709606
0.381436765194
0.403139799833
0.359772831202
0.356919378042
0.374474525452
0.427032917738
0.369403064251
0.40084373951
0.425504177809
0.393384695053
0.40278455615
0.409891575575
0.445310413837
0.411012083292
0.422434180975
0.399296224117
0.448201298714
0.401126980782
0.36799043417
0.378227502108
0.422956973314
0.462942570448
0.440882086754
0.420156985521
0.352927058935
0.38156670332
0.318002909422
0.429954260588
0.407830297947
0.386564850807
0.43047362566
0.41040545702
0.376268088818
0.438679695129
0.402928054333
0.421669453382
0.39061537385
0.332518339157
0.418601721525
0.414569765329
0.337325006723
0.376484423876
0.386212110519
0.393121421337
0.381770819426
0.412181764841
0.39535266161
0.370629400015
0.338824659586
0.36801725626
0.382925540209
0.394864410162
0.401097476482
0.398836344481
0.38717982173
0.438584089279
0.40608856082
0.354109853506
0.379678219557
0.455610871315
0.375276476145
0.425022631884
0.369621247053
0.366610646248
0.389456242323
0.334586620331
0.402985274792
0.411298453808
0.37576597929
0.373517304659
0.326146423817
0.369202107191
0.410171031952
0.420951336622
0.353160172701
0.458126932383
0.413879364729
0.389572441578
0.398934006691
0.41552644968
0.39707171917
0.355507940054
0.40415802598
0.371424198151
0.376885980368
0.389643788338
0.369806826115
0.407220244408
0.36954164505
0.414533376694
0.46477791667
0.432443827391
0.420122355223
0.410244375467
0.436030268669
0.379080116749
0.387077331543
0.348036676645
0.331218361855
0.375662714243
0.356600403786
0.385738611221
0.351637303829
0.376386791468
0.386513352394
0.404128432274
0.441825002432
0.394579738379
0.423360437155
0.381468862295
0.452795982361
0.400658220053
0.365559637547
0.412082016468
0.444753110409
0.38108921051
0.374321132898
0.403189539909
0.416539847851
0.395578593016
0.409508347511
0.409484565258
0.343474835157
0.343018770218
0.353136897087
0.368005603552
0.315926969051
0.38060131669
0.369635373354
0.381493121386
0.391342610121
0.36539170146
0.407493561506
0.39891821146
0.46646386385
0.394441843033
0.366138964891
0.388119220734
0.399583995342
0.367598563433
0.431294053793
0.390040814877
0.420950144529
0.398697197437
0.38874065876
0.366756230593
0.385361880064
0.399342864752
0.379536479712
0.402277439833
0.344453811646
0.408434122801
0.361386626959
0.361030697823
0.459869235754
0.42568898201
0.431529432535
0.405201613903
0.367638856173
0.414464056492
0.420633107424
0.460402280092
0.431649923325
0.431235671043
0.385286778212
0.409463763237
0.401331186295
0.361566931009
0.408773124218
0.367075294256
0.340758115053
0.435101181269
0.433490991592
0.372380405664
0.377418935299
0.462268024683
0.400542408228
0.43302205205
0.378728479147
0.460983395576
0.386154025793
0.375400006771
0.431587040424
0.362523555756
0.410780638456
0.397882699966
0.360972553492
0.385939747095
0.408310264349
0.424387425184
0.381162554026
0.467992007732
0.364926606417
0.401384592056
0.401797533035
0.389523267746
0.417219460011
0.414164870977
0.409886687994
0.361285448074
0.400901585817
0.368983149529
0.397851735353
0.39672267437
0.370489537716
0.33846950531
0.379927575588
0.409559637308
0.362540483475
0.410323679447
0.3507566154
0.409783273935
0.397105753422
0.385121971369
0.37604624033
0.468850672245
0.404729217291
0.404239296913
0.394094586372
0.387828916311
0.393515914679
0.377297312021
0.393195658922
0.433748006821
0.383797049522
0.360986799002
0.400686085224
0.419711440802
0.401628285646
0.357684522867
0.415009588003
0.386692434549
0.351042538881
0.385989308357
0.346456944942
0.379431724548
0.436600029469
0.449338555336
0.419389873743
0.422900289297
0.392150431871
0.37777608633
0.402816444635
0.390691459179
0.408030599356
0.370911300182
0.393162578344
0.354860156775
0.417047560215
0.370112240314
0.349809348583
0.37410992384
0.386114865541
0.436655640602
0.381480693817
0.421558469534
0.425995349884
0.357333928347
0.43925383687
0.42946818471
0.335508197546
0.408647119999
0.416523098946
0.416814267635
0.407678812742
0.401394665241
0.401201397181
0.369048178196
0.439770430326
0.344144284725
0.407744765282
0.365845680237
0.428793668747
0.33141413331
0.386053204536
0.393259882927
0.37197175622
0.3749538064
0.382912844419
0.42322063446
0.393210470676
0.372280150652
0.368175715208
0.393781602383
0.420037388802
0.372691422701
0.391553580761
0.449530661106
0.377670705318
0.378700762987
0.43655359745
0.377414941788
0.460109621286
0.35920381546
0.359768241644
0.347402721643
0.384090065956
0.41049733758
0.314378023148
0.437380164862
0.502516388893
0.425305992365
0.418033838272
0.348086625338
0.393652945757
0.392436861992
0.355317264795
0.407230764627
0.376611411572
0.365009844303
0.412069737911
0.387660712004
0.410022199154
0.401352971792
0.371538370848
0.375007420778
0.348471999168
0.361659377813
0.346163570881
0.349309325218
0.373384863138
0.397040516138
0.428303092718
0.353117257357
0.378145903349
0.369804680347
0.455234766006
0.342604130507
0.422684133053
0.361838966608
0.362315297127
0.406682133675
0.399986296892
0.375967621803
0.38261950016
0.338070303202
0.4060947299
0.385326862335
0.416391432285
0.416571378708
0.398374676704
0.352595031261
0.396686464548
0.355315119028
0.420227646828
0.388367503881
0.441304862499
0.455794394016
0.345828950405
0.445999920368
0.35110026598
0.400456756353
0.420865237713
0.356418639421
0.392294794321
0.361692517996
0.373721003532
0.381609618664
0.418681621552
0.393118411303
0.400413811207
0.37397763133
0.419827610254
0.422144293785
0.383895844221
0.377427995205
0.394683092833
0.430364310741
0.489852011204
0.378889024258
0.395091027021
0.368538856506
0.417032152414
0.387832462788
0.480319350958
0.389143556356
0.375278234482
0.437759906054
0.385483235121
0.384075701237
0.385195404291
0.449813395739
0.412235587835
0.366215527058
0.389117240906
0.341771841049
0.409226685762
0.327941536903
0.363756924868
0.358712106943
0.426428705454
0.408838808537
0.366777569056
0.366505593061
0.499886959791
0.336975425482
0.423991650343
0.411849707365
0.362432569265
0.420247793198
0.374410778284
0.390449345112
0.337674111128
0.329919070005
0.380205243826
0.33964329958
0.394588142633
0.416898876429
0.403291642666
0.408231347799
0.388266265392
0.353703647852
0.388544112444
0.344069480896
0.411973416805
0.363848924637
0.383314967155
0.438039988279
0.374260962009
0.381446540356
0.374381959438
0.418700695038
0.393033772707
0.419139623642
0.354109525681
0.369689881802
0.373207420111
0.353264510632
0.362486541271
0.355753391981
0.36647105217
0.431299000978
0.387441694736
0.414140731096
0.36557585001
0.368954479694
0.392695456743
0.41784504056
0.394186019897
0.339566111565
0.404385298491
0.382952570915
0.338272571564
0.344438254833
0.388886123896
0.390594065189
0.411916404963
0.382842391729
0.397993028164
0.41036593914
0.393321663141
0.355234235525
0.36431774497
0.419321507215
0.413284242153
0.409828007221
0.445413827896
0.404405087233
0.444097518921
0.396916002035
0.397822648287
0.347291231155
0.37526267767
0.347046911716
0.430486440659
0.420783221722
0.380506932735
0.372224658728
0.353809863329
0.356250286102
0.340960234404
0.337356001139
0.351930201054
0.382804900408
0.380885869265
0.387979567051
0.368184536695
0.408761620522
0.433651000261
0.394010066986
0.356311142445
0.359126240015
0.393398016691
0.396749556065
0.388898491859
0.363674104214
0.441008031368
0.366107672453
0.338050574064
0.413514524698
0.408098161221
0.373725891113
0.373571306467
0.367921113968
0.361810237169
0.417788386345
0.390743494034
0.423717617989
0.412115335464
0.356651574373
0.406546205282
0.439207941294
0.411062955856
0.332095086575
0.412762671709
0.381446123123
0.361898392439
0.398871034384
0.341976255178
0.377848654985
0.357395708561
0.403136849403
0.346067845821
0.389316171408
0.453890323639
0.343899339437
0.378568440676
0.378342717886
0.397445708513
0.404056042433
0.392522573471
0.416301518679
0.374560892582
0.357891798019
0.392432510853
0.409098595381
0.346643388271
0.377480715513
0.410611301661
0.357682645321
0.428093463182
0.416492342949
0.379414081573
0.407363563776
0.382869064808
0.380732864141
0.389434337616
0.388235002756
0.416053801775
0.36004191637
0.362704664469
0.318210840225
0.393445938826
0.415554821491
0.403936654329
0.397913277149
0.350209146738
0.439666926861
0.418883174658
0.404065400362
0.403770238161
0.398142039776
0.373090803623
0.396612077951
0.324032396078
0.334239274263
0.371813267469
0.369687587023
0.397125899792
0.392086982727
0.357738733292
0.340562105179
0.382396966219
0.382510662079
0.465112239122
0.392595589161
0.439239948988
0.394567549229
0.33171287179
0.414634078741
0.351483464241
0.346291512251
0.350417464972
0.393044739962
0.359108299017
0.40259885788
0.370863109827
0.448240548372
0.385923236609
0.393967986107
0.335616648197
0.361772328615
0.364397823811
0.347406119108
0.374698728323
0.402457982302
0.387355774641
0.34558057785
0.380092948675
0.367160320282
0.378007233143
0.402787327766
0.440915316343
0.37252959609
0.44092670083
0.362446635962
0.371542483568
0.379292309284
0.392222970724
0.36527377367
0.416463196278
0.392488270998
0.360524594784
0.391762435436
0.394850492477
0.410432904959
0.410524815321
0.372022539377
0.395008146763
0.372225940228
0.347213804722
0.395390838385
0.378223180771
0.367074996233
0.320336729288
0.382095962763
0.388755500317
0.376956760883
0.393662154675
0.38206332922
0.389655441046
0.386631816626
0.335918664932
0.396881848574
0.409245848656
0.419607430696
0.390951961279
0.372562944889
0.380151063204
0.361141979694
0.374850422144
0.398931205273
0.404100626707
0.380592852831
0.396209895611
0.35347405076
0.41262203455
0.425428330898
0.417411535978
0.38683539629
0.397928237915
0.348656028509
0.308796882629
0.386361479759
0.38004091382
0.376989632845
0.417350918055
0.405899226665
0.436216145754
0.384415864944
0.417138040066
0.410393625498
0.349105089903
0.39884608984
0.41155987978
0.371801644564
0.400957465172
0.395614206791
0.4120400846
0.36818292737
0.410824805498
0.404238283634
0.406014382839
0.421700388193
0.420878589153
0.368181914091
0.391566097736
0.401477396488
0.363586992025
0.391848862171
0.340030789375
0.443961679935
0.402025252581
0.357743263245
0.38506436348
0.35801500082
0.359567582607
0.366063833237
0.358084261417
0.372234076262
0.40788808465
0.428642392159
0.370635390282
0.430885970592
0.348014652729
0.365880489349
0.392298847437
0.334618061781
0.397185862064
0.366834193468
0.378762811422
0.380029290915
0.414897680283
0.34988322854
0.33998042345
0.377977013588
0.383692622185
0.350108742714
0.423826783895
0.370961785316
0.375547707081
0.40880677104
0.405330866575
0.398790121078
0.395113140345
0.42195174098
0.334768265486
0.413722783327
0.38110229373
0.364706844091
0.392378151417
0.385341376066
0.351855427027
0.465122550726
0.356558710337
0.35606238246
0.431463509798
0.429986089468
0.365155369043
0.34554874897
0.330008268356
0.397251456976
0.376706898212
0.388707429171
0.405488967896
0.377066344023
0.362369805574
0.362789511681
0.386295884848
0.428563028574
0.314144313335
0.362525880337
0.404069960117
0.33184915781
0.389543861151
0.339461505413
0.342064619064
0.402968287468
0.354185640812
0.374775111675
0.371973395348
0.394333958626
0.337727427483
0.406002908945
0.33707806468
0.378188669682
0.355838239193
0.408164799213
0.375635921955
