0.693149030209
0.692965388298
0.692785918713
0.692608714104
0.692433893681
0.692261695862
0.692091703415
0.691924333572
0.691759586334
0.691597223282
0.691437423229
0.691280305386
0.691125690937
0.690973818302
0.690824627876
0.69067800045
0.690534055233
0.690392792225
0.69025427103
0.690118432045
0.689985156059
0.689854741096
0.689727067947
0.689601898193
0.689479470253
0.689359784126
0.689242601395
0.689128398895
0.689016520977
0.688907206059
0.688800692558
0.688696742058
0.688595235348
0.688496232033
0.688399732113
0.688305795193
0.688214361668
0.688125252724
0.688038468361
0.687954127789
0.687871873379
0.687792122364
0.687714636326
0.687639415264
0.68756622076
0.687495231628
0.687426328659
0.687359631062
0.687294840813
0.687231957912
0.687171161175
0.687112212181
0.687055170536
0.68700003624
0.686946690083
0.686894953251
0.686845064163
0.686796784401
0.686750173569
0.686705231667
0.68666189909
0.686619877815
0.686579465866
0.686540544033
0.686502993107
0.686466693878
0.686431884766
0.686398565769
0.686366260052
0.686335146427
0.686305403709
0.686276614666
0.68624907732
0.686222672462
0.686197280884
0.686173021793
0.686149656773
0.686127126217
0.686105728149
0.686085164547
0.686065554619
0.686046600342
0.686028599739
0.686011433601
0.685994982719
0.685979187489
0.685964167118
0.685949683189
0.685936152935
0.685923039913
0.685910582542
0.685898721218
0.685887336731
0.6858766675
0.685866355896
0.685856640339
0.685847461224
0.685838520527
0.685830175877
0.685822248459
0.685814678669
0.685807526112
0.685800790787
0.68579429388
0.685788214207
0.685782432556
0.685776948929
0.685771822929
0.685766875744
0.685762286186
0.685757994652
0.685753881931
0.685749948025
0.685746252537
0.685742914677
0.685739517212
0.68573653698
0.685733616352
0.685730874538
0.685728251934
0.685725986958
0.685723662376
0.685721516609
0.685719549656
0.685717761517
0.685715973377
0.685714304447
0.685712814331
0.68571138382
0.685710012913
0.685708701611
0.685707509518
0.685706615448
0.685705423355
0.685704469681
0.685703635216
0.685702800751
0.685701966286
0.68570125103
0.685700654984
0.685699999332
0.685699403286
0.685698866844
0.685698449612
0.685697972775
0.685697555542
0.685697078705
0.685696721077
0.685696423054
0.685696065426
0.685695767403
0.685695469379
0.685695290565
0.685694992542
0.685694873333
0.685694694519
0.6856944561
0.685694277287
0.685694158077
0.685693979263
0.685693979263
0.685693740845
0.68569368124
0.685693502426
0.685693442822
0.685693383217
0.685693383217
0.685693264008
0.685693085194
0.685693144798
0.685693085194
0.685692965984
0.685692965984
0.68569290638
0.68569290638
0.68569290638
0.68569290638
0.68569278717
0.685692846775
0.68569278717
0.68569278717
0.68569278717
0.68569278717
0.685692667961
0.685692608356
0.685692667961
0.685692608356
0.685692608356
0.685692667961
0.685692608356
0.685692608356
0.685692667961
0.685692608356
0.685692608356
0.685692608356
0.685692608356
0.685692608356
0.685692608356
0.685692608356
0.685692608356
0.685692608356
0.685692608356
0.685692608356
0.685692608356
0.685692548752
0.685692608356
0.685692548752
0.685692608356
0.685692608356
0.685692548752
0.685692608356
0.685692548752
0.685692608356
0.685692548752
0.685692608356
0.685692608356
0.685692608356
0.685692548752
0.685692608356
0.685692608356
0.685692608356
0.685692548752
0.685692608356
0.685692608356
0.685692548752
0.685692608356
0.685692608356
0.685692608356
0.685692608356
0.685692608356
0.685692608356
0.685692608356
0.685692608356
0.685692608356
0.685692608356
0.685692608356
0.685692608356
0.685692608356
0.685692548752
0.685692548752
0.685692608356
0.685692608356
0.685692608356
0.685692548752
0.685692608356
0.685692608356
0.685692608356
0.685692608356
0.685692548752
0.685692548752
0.685692608356
0.685692608356
0.685692608356
0.685692608356
0.685692608356
0.685692548752
0.685692608356
0.685692608356
0.685692548752
0.685692608356
0.685692608356
0.685692608356
0.685692608356
0.685692608356
0.685692548752
0.685692608356
0.685692608356
0.685692608356
0.685692608356
0.685692608356
0.685692608356
0.685692489147
0.685692608356
0.685692548752
0.685692548752
0.685692608356
0.685692608356
0.685692608356
0.685692548752
0.685692608356
0.685692608356
0.685692608356
0.685692608356
0.685692608356
0.685692608356
0.685692608356
0.685692608356
0.685692608356
0.685692548752
0.685692608356
0.685692608356
0.685692608356
0.685692608356
0.685692608356
0.685692608356
0.685692608356
0.685692608356
0.685692548752
0.685692608356
0.685692608356
0.685692548752
0.685692608356
0.685692608356
0.685692608356
0.685692608356
0.685692548752
0.685692548752
0.685692608356
0.685692608356
0.685692608356
0.685692608356
0.685692608356
0.685692608356
0.685692608356
0.685692608356
0.685692608356
0.685692608356
0.685692608356
0.685692608356
0.685692608356
0.685692608356
0.685692608356
0.685692608356
0.685692608356
0.685692608356
0.685692667961
0.685692608356
0.685692608356
0.685692608356
0.685692608356
0.685692608356
0.685692608356
0.685692608356
0.685692608356
0.685692608356
0.685692608356
0.685692608356
0.685692608356
0.685692608356
0.685692608356
0.685692608356
0.685692667961
0.685692608356
0.685692608356
0.685692608356
0.685692608356
0.685692608356
0.685692608356
0.685692608356
0.685692608356
0.685692608356
0.685692608356
0.685692608356
0.685692608356
0.685692608356
0.685692608356
0.685692608356
0.685692667961
0.685692608356
0.685692608356
0.685692608356
0.685692608356
0.685692608356
0.685692608356
0.685692608356
0.685692608356
0.685692608356
0.685692608356
0.685692608356
0.685692608356
0.685692608356
0.685692608356
0.685692608356
0.685692608356
0.685692548752
0.685692548752
0.685692608356
0.685692608356
0.685692608356
0.685692608356
0.685692608356
0.685692608356
0.685692548752
0.685692608356
0.685692608356
0.685692608356
0.685692608356
0.685692548752
0.685692548752
0.685692608356
0.685692608356
0.685692608356
0.685692608356
0.685692608356
0.685692608356
0.685692608356
0.685692608356
0.685692608356
0.685692608356
0.685692608356
0.685692608356
0.685692608356
0.685692608356
0.685692608356
0.685692608356
0.685692608356
0.685692608356
0.685692608356
0.685692608356
0.685692608356
0.685692608356
0.685692608356
0.685692608356
0.685692608356
0.685692548752
0.685692548752
0.685692608356
0.685692608356
0.685692608356
0.685692608356
0.685692548752
0.685692608356
0.685692608356
0.685692548752
0.685692608356
0.685692608356
0.685692608356
0.685692608356
0.685692608356
0.685692608356
0.685692608356
0.685692548752
0.685692548752
0.685692608356
0.685692608356
0.685692608356
0.685692608356
0.685692608356
0.685692608356
0.685692608356
0.685692608356
0.685692608356
0.685692667961
0.685692608356
0.685692608356
0.685692608356
0.685692608356
0.685692608356
0.685692608356
0.685692608356
0.685692608356
0.685692548752
0.685692608356
0.685692548752
0.685692608356
0.685692548752
0.685692608356
0.685692608356
0.685692608356
0.685692548752
0.685692608356
0.685692548752
0.685692608356
0.685692608356
0.685692608356
0.685692608356
0.685692608356
0.685692608356
0.685692548752
0.685692608356
0.685692608356
0.685689806938
0.685734212399
0.685674726963
0.685692608356
0.685705065727
0.685692608356
0.685692608356
0.685692548752
0.685685157776
0.685672223568
0.685692608356
0.685691356659
0.685690402985
0.685692608356
0.685667514801
0.685657560825
0.685687720776
0.685664474964
0.685668289661
0.68569880724
0.685669004917
0.685678303242
0.68560063839
0.685568034649
0.685628533363
0.685606479645
0.68555021286
0.685447275639
0.685597062111
0.685864686966
0.685691297054
0.685050845146
0.685450494289
0.685219526291
0.685807287693
0.685042202473
0.685308754444
0.684935927391
0.685138106346
0.685269117355
0.685195326805
0.684831857681
0.684089720249
0.6856097579
0.685283660889
0.684910535812
0.684989094734
0.685001790524
0.684722065926
0.685835063457
0.685530304909
0.685930967331
0.684018671513
0.685642004013
0.683766007423
0.685533940792
0.684941649437
0.684161663055
0.6843303442
0.684021294117
0.685140907764
0.684417784214
0.684132814407
0.684572219849
0.683496832848
0.683501005173
0.683962643147
0.681692898273
0.683022558689
0.682052373886
0.683974862099
0.683217942715
0.684147238731
0.682370245457
0.68247872591
0.682574748993
0.683091700077
0.681290030479
0.683253228664
0.682295322418
0.680714607239
0.681099593639
0.678966343403
0.681429207325
0.679677665234
0.6788828969
0.680348157883
0.679944694042
0.678696215153
0.677068591118
0.679863512516
0.681398689747
0.681505799294
0.677854597569
0.683226585388
0.682907760143
0.676769137383
0.682864010334
0.679068088531
0.67822599411
0.676631450653
0.677491247654
0.678519487381
0.679097533226
0.676108777523
0.680516958237
0.681089997292
0.676979720592
0.678235769272
0.67392116785
0.676392912865
0.679231524467
0.675463736057
0.676686406136
0.676386535168
0.679263234138
0.673853754997
0.677974224091
0.673412621021
0.674341440201
0.679803907871
0.672187924385
0.679349303246
0.674605488777
0.669764518738
0.670608103275
0.676823973656
0.674528419971
0.674799799919
