1.28811383247
1.19654083252
1.12595438957
1.10877692699
1.19801831245
1.1355329752
1.20356380939
1.24117612839
1.28273916245
1.21960306168
1.24473071098
1.04084527493
1.30122041702
1.10917043686
0.99660795927
1.08236634731
1.17416465282
1.21904361248
1.10033297539
1.16663193703
1.11698210239
1.15563464165
1.19481480122
1.22746610641
1.14373004436
1.05677247047
1.17890250683
1.12044680119
1.15843820572
1.16356027126
1.19073629379
1.0975151062
1.01754426956
1.20056700706
1.13594198227
1.07036495209
1.10222446918
1.21911323071
0.964581310749
1.12483525276
1.06795251369
1.12715816498
1.07990586758
1.18806624413
1.13157939911
1.25932586193
1.25846934319
1.10346484184
1.21081972122
1.18508481979
0.982476949692
1.07323694229
0.965298295021
0.930207550526
1.09203243256
1.0443713665
1.03980207443
1.2392758131
1.01177835464
1.12908291817
1.01801741123
1.13070082664
1.0833363533
1.07839035988
1.01799750328
1.05315744877
1.09033584595
1.11183273792
1.12998378277
1.00836515427
0.968552827835
1.24003458023
1.04461205006
0.92828220129
1.09023249149
1.18155288696
1.07000923157
1.01294672489
1.13036155701
1.04319751263
1.04989314079
1.06865942478
0.991627335548
1.13054895401
0.986349880695
1.22558045387
1.08856403828
0.962975800037
0.975941121578
0.974614858627
1.10632872581
1.07549619675
1.0269972086
1.0470495224
1.06090903282
1.06814205647
0.983210027218
1.06663072109
0.955117106438
1.04832553864
