0.675499916077
0.650762796402
0.632191777229
0.619748592377
0.609573304653
0.60042488575
0.592341601849
0.584708929062
0.576286017895
0.568275213242
0.560375034809
0.552430927753
0.544173717499
0.534986674786
0.525218248367
0.514918267727
0.504795372486
0.495248287916
0.485975533724
0.476692676544
0.467977970839
0.459650486708
0.450667917728
0.441761523485
0.431532263756
0.420435458422
0.409182280302
0.397333502769
0.386232018471
0.374680519104
0.363496869802
0.352967232466
0.342418283224
0.330783367157
0.318916529417
0.307042330503
0.296254813671
0.286261618137
0.275986015797
0.266006737947
0.255846917629
0.246333479881
0.237243369222
0.228058412671
0.217604607344
0.207690194249
0.197753846645
0.189077869058
0.181033417583
0.171958819032
0.163061976433
0.153822004795
0.143235892057
0.13267365098
0.125330537558
0.118903152645
0.110770940781
0.104941166937
0.0966264605522
0.0872935727239
0.0800461918116
0.0749044716358
0.0720552429557
0.069561123848
0.0668302923441
0.064539693296
0.0620247125626
0.0589883998036
0.0527488365769
0.0494169928133
0.0471984408796
0.0454139299691
0.0438638702035
0.0422539934516
0.0404853895307
0.0384575687349
0.0362984836102
0.0343468077481
0.0326806381345
0.0311013646424
0.0294597353786
0.0279475450516
0.0262809004635
0.0194878317416
0.0168714653701
0.015972616151
0.0137407267466
0.0120691079646
0.0109507935122
0.0100484685972
0.00928088091314
0.00859082862735
0.00796716101468
0.00752792833373
0.0070933192037
0.00666188076138
0.00624736538157
0.00585975544527
0.00550982775167
0.00520134298131
0.0049299984239
0.00468794815242
0.00447071297094
0.00427265884355
0.00408377172425
0.00390804512426
0.00374547019601
0.00359887233935
0.00345857255161
0.00333394692279
0.00322087109089
0.00311767426319
0.00301766674966
0.00292548141442
0.00283408141695
0.00274244020693
0.00266350642778
0.00259606773034
0.00252939783968
0.00246396637522
0.00239928159863
0.00233741221018
0.00228086439893
0.00222627865151
0.00217954861
0.00212996569462
0.00207857391797
0.00203432631679
0.00199155625887
0.00195028900634
0.0019107327098
0.00187221064698
0.0018346196739
0.00180151953828
0.00176678842399
0.0017306683585
0.00169860047754
0.0016671003541
0.00163634493947
0.00160712713841
0.0015790166799
0.00155017990619
0.00152352883015
0.00149775738828
0.00147263717372
0.00144824490417
0.00142418232281
0.00140053627547
0.00137834635098
0.00135962071363
0.00133671378717
0.00131549919024
0.00129627296701
0.00127719901502
0.00125831284095
0.00123960210476
0.00122105202172
0.00120364839677
0.00118665455375
0.00116916839033
0.00115264358465
0.00113693065941
0.0011212505633
0.00110561866313
0.00109010527376
0.00107482960448
0.00105976511259
0.00104534579441
0.00103146594483
0.00101723789703
0.00100390589796
0.000990801607259
0.000979520496912
0.000966197112575
0.000953206326813
0.000941195816267
0.000929308065679
0.000917976954952
0.000906474830117
0.000895313860383
0.00088445370784
0.000873470969964
0.000862924498506
0.000852586410474
0.000842270208523
0.000832070829347
0.00082191923866
0.00081249314826
0.000802849943284
0.000793199113104
0.000783960276749
0.000775242748205
0.000767161371186
0.000757667061407
0.000748782069422
0.000740209128708
0.000732278393116
0.000724292243831
0.000716194568668
0.000708026112989
0.000700050324667
0.000692463654559
0.000684860278852
0.000677240605
0.000669662258588
0.000662736711092
0.000656158546917
0.000648647139315
0.000641579390503
0.000634930853266
0.000628353271168
0.000621763116214
0.000615215394646
0.000608987349551
0.000602804648224
0.000596609839704
0.000590419978835
0.000584423250984
0.000578544219024
0.000572721823119
0.000567024748307
0.000561165332329
0.000555690785404
0.000550259370357
0.000544809852727
0.000539492059033
0.000534269784112
0.000529027194716
0.000523801427335
0.000518833228853
0.000513847160619
0.000508850498591
0.000504310824908
0.00049929675879
0.000494669133332
0.000490165431984
0.000485657626996
0.00048113844241
0.000476635585073
0.000472341576824
0.000468073645607
0.000463802629383
0.000459531758679
0.000455275381682
0.000451047904789
0.00044699726277
0.000442947406555
0.000439120369265
0.000435253750766
0.00043140060734
0.000427595950896
0.000423968245741
0.000420387630584
0.000416796829086
0.000413201923948
0.000409625965403
0.000406162027502
0.000402982870582
0.000399302487494
0.000396002986236
0.00039270563866
0.000389531254768
0.000386264699046
0.000383114005672
0.000380064157071
0.000377011077944
0.000373964634491
0.000370965135517
0.00036799616646
0.000365058105672
0.000362143502571
0.000359236000804
0.000356467528036
0.000353551527951
0.000350776739651
0.000348151574144
0.000345381791703
0.000342698331224
0.000340077182045
0.000337489065714
0.000334906479111
0.000332361320034
0.000329832255375
0.000327306741383
0.000324825261487
0.000322448584484
0.000319975573802
0.000317595433444
0.00031526183011
0.000312925258186
0.000310621602694
0.000308357004542
0.000306115165586
0.000303895940306
0.000301704363665
0.000299536914099
0.000297370774206
0.000295239267871
0.000293144024909
0.000291045900667
0.00028897068114
0.000286954484181
0.000284938403638
0.000282935041469
0.000280933396425
0.000278973369859
0.00027705859975
0.000275143858744
0.000273236306384
0.000271361786872
0.000269660784397
0.000267728115432
0.000265934184426
0.000264133355813
0.000262339861365
0.000260582281044
0.000258902291534
0.00025715836091
0.000255439081229
0.000253761594649
0.0002521132119
0.000250476237852
0.000248834316153
0.000247195013799
0.00024556266726
0.000243970265728
0.000242378067924
0.000240784924245
0.000239298140514
0.000237782223849
0.00023623323068
0.000234746490605
0.000233256781939
0.000231780140894
0.000230330231716
0.000228880890063
0.000227437223657
0.000225997297093
0.000224594026804
0.000223209877731
0.000221850743401
0.000220441885176
0.000219079549424
0.000217724664253
0.000216399421333
0.000215076157474
0.000213758277823
0.000212456026929
0.00021116064454
0.000209893725696
0.000208670884604
0.0002074004733
0.000206170065212
0.000204964599106
0.000203762494493
0.000202550392714
0.000201360846404
0.000200173773919
0.000199008383788
0.00019784666074
0.00019670605252
0.000195545726456
0.000194420223124
0.000193291096366
0.000192173756659
0.000191063547391
0.000189991580555
0.000188881720533
0.000187800513231
0.000186735313036
0.000185674594832
0.000184623640962
0.000183581549209
0.000182543299161
0.000181518596946
0.000180500981514
0.000179484952241
0.000178485643119
0.00017749190738
0.000176506757271
0.000175528693944
0.000174563552719
0.000173599095433
0.000172631509486
0.000171688196133
0.000170746425283
0.000169840277522
0.000168908372871
0.000167992708157
0.00016708302428
0.000166192141478
0.000165320496308
0.000164425058756
0.000163550692378
0.000162683107192
0.000161820251378
0.000160959796631
0.000160106719704
0.000159257819178
0.000158417402417
0.000157589034643
0.000156761874678
0.000155945570441
0.000155137866386
0.000154341920279
0.000153549539391
0.000152765976964
0.000151998188812
0.000151224623551
0.000150463063619
0.000149703337229
0.000148944251123
0.000148204126162
0.000147459999425
0.000146723803482
0.000145984435221
0.000145255064126
0.000144551348058
0.000143825542182
0.000143124852912
0.000142407865496
0.000141710494063
0.000141022755997
0.000140332733281
0.000139641328133
0.000138955176226
0.000138311632327
0.000137606082717
0.000136948074214
0.000136284259497
0.000135619324283
0.000134975693072
0.000134331829031
0.000133685098263
0.000133042180096
0.000132409215439
0.00013177076471
0.00013114255853
0.000130527769215
0.000129901382024
0.000129309279146
0.000128687141114
0.000128087383928
0.000127485589474
0.000126890838146
0.000126298167743
0.000125706981635
0.000125116741401
0.000124550686451
0.000123972742585
0.000123399426229
0.000122837533127
0.000122274184832
0.000121720222523
0.000121163095173
0.000120607743156
0.000120055927255
0.000119505893963
0.000118968702736
0.000118431809824
0.000117900497571
0.000117375304399
0.000116850154882
0.000116324750707
0.000115803464723
0.000115288014058
0.000114774928079
0.000114266229502
0.000113752030302
0.000113251844596
0.000112754009024
0.000112257352157
0.000111760455184
0.000111269699119
0.000110787681479
0.000110295215563
0.000109814725874
0.000109333072032
0.000108863110654
0.000108388499939
0.00010793554975
0.000107461477455
0.00010700205894
0.000106542975118
0.000106089450128
0.000105637387605
0.000105189421447
0.000104742357507
0.000104296195786
0.000103855585621
0.000103416445199
0.000102978498035
0.000102542901004
0.000102111116576
0.000101683704997
0.000101257777715
0.000100828961877
0.000100405406556
9.99879848678e-05
9.95763766696e-05
9.91733322735e-05
9.87453968264e-05
9.83434656519e-05
9.79412652669e-05
9.75382135948e-05
9.7142154118e-05
9.67368105194e-05
9.63396232692e-05
9.59497410804e-05
9.55683135544e-05
9.51813635766e-05
9.47854132392e-05
9.4406073913e-05
9.40273239394e-05
9.36497672228e-05
9.32736729737e-05
9.28976005525e-05
9.25229833229e-05
9.21449172893e-05
9.17764482438e-05
9.14065603865e-05
9.10486778594e-05
9.06787463464e-05
9.03205145732e-05
8.99634906091e-05
8.96053097676e-05
8.92509124242e-05
8.89038201421e-05
8.85503250174e-05
8.8202097686e-05
8.78594000824e-05
8.75193436514e-05
8.71758093126e-05
8.68369315867e-05
8.64966277732e-05
8.6158659542e-05
8.58236089698e-05
8.55008038343e-05
8.51698569022e-05
8.48377603688e-05
8.45094473334e-05
8.41878500069e-05
8.38826526888e-05
8.35476021166e-05
8.32277801237e-05
8.29114724183e-05
8.25908136903e-05
8.2276565081e-05
8.1964652054e-05
8.16568281152e-05
8.13490114524e-05
8.10359561001e-05
8.07325413916e-05
8.04311421234e-05
8.01283313194e-05
7.98220207798e-05
7.9533769167e-05
7.9228055256e-05
7.89305122453e-05
7.86385062383e-05
7.83435971243e-05
7.80530608608e-05
7.7766024333e-05
7.74804793764e-05
7.71954801166e-05
7.69105172367e-05
7.66290395404e-05
7.63502030168e-05
7.60699258535e-05
7.5792275311e-05
7.55181099521e-05
7.52407722757e-05
7.49648825149e-05
7.46933728806e-05
7.44221615605e-05
7.41529947845e-05
7.388152153e-05
7.36132424208e-05
7.33487613616e-05
7.30866086087e-05
7.28200975573e-05
7.25608842913e-05
7.23019547877e-05
7.20450843801e-05
7.17943476047e-05
7.15336645953e-05
7.12846667739e-05
7.10330568836e-05
7.07805666025e-05
7.05301426933e-05
7.02823381289e-05
7.00287200743e-05
6.97844152455e-05
6.95398339303e-05
6.92917674314e-05
6.90483575454e-05
6.88067011652e-05
6.85668055667e-05
6.8324879976e-05
6.80852754158e-05
6.78477299516e-05
6.76110503264e-05
6.73738031765e-05
6.71400557621e-05
6.69077489874e-05
6.66772175464e-05
6.6452244937e-05
6.62173188175e-05
6.59888391965e-05
6.57597774989e-05
6.55394469504e-05
6.53226306895e-05
6.50871807011e-05
6.48697823635e-05
6.46494809189e-05
6.44283136353e-05
6.42086015432e-05
6.39891877654e-05
6.37753037154e-05
6.35596952634e-05
6.33420349914e-05
6.31290531601e-05
6.29151909379e-05
6.27022091066e-05
6.24909807811e-05
6.22812149231e-05
6.20717328275e-05
6.18681078777e-05
6.16592078586e-05
6.14558666712e-05
6.12472867942e-05
6.10512215644e-05
6.08455557085e-05
6.06433932262e-05
6.04429806117e-05
6.0244314227e-05
6.00482671871e-05
5.98472870479e-05
5.96524187131e-05
5.94558187004e-05
5.92621217947e-05
5.9070163843e-05
5.88785260334e-05
5.86868736718e-05
5.84946574236e-05
5.83001128689e-05
5.81105159654e-05
5.79238403589e-05
5.77365753998e-05
5.75475714868e-05
5.73652650928e-05
5.71797536395e-05
5.69954245293e-05
5.68186551391e-05
5.66317139601e-05
5.6452339777e-05
5.62703462492e-05
5.60941771255e-05
5.5915388657e-05
5.57366111025e-05
5.5560736655e-05
5.53816753381e-05
5.52084384253e-05
5.50340409973e-05
5.48576026631e-05
5.46843730262e-05
5.45128896192e-05
5.43460919289e-05
5.41705267096e-05
5.40005057701e-05
5.38307795068e-05
5.36636798643e-05
5.34960017831e-05
5.33324018761e-05
5.31647310709e-05
5.29967655893e-05
5.283288192e-05
5.26701696799e-05
5.25089017174e-05
5.23467788298e-05
5.21846486663e-05
5.20242792845e-05
5.18656452186e-05
5.17038206453e-05
5.15446154168e-05
5.13877384947e-05
5.12276710651e-05
5.10710888193e-05
5.09177116328e-05
5.07614422531e-05
5.06083597429e-05
5.04506315337e-05
5.02978436998e-05
5.01473914483e-05
4.99954912812e-05
4.98450463056e-05
4.96957618452e-05
4.95444546686e-05
4.93954685226e-05
4.92467843287e-05
4.90998427267e-05
4.89534795634e-05
4.88053810841e-05
4.86593235109e-05
4.85129712615e-05
4.83660442114e-05
4.82237737742e-05
4.80826638523e-05
4.79386544612e-05
4.77984212921e-05
4.76582026749e-05
4.75159358757e-05
4.73765867355e-05
4.72369538329e-05
4.70961495012e-05
4.69568112749e-05
4.68209618703e-05
4.66839483124e-05
4.65481025458e-05
4.64096519863e-05
4.62746866106e-05
4.61414638266e-05
4.60041774204e-05
4.58715439891e-05
4.57371716038e-05
4.56054112874e-05
4.54725013697e-05
4.53424836451e-05
4.52124804724e-05
4.50784100394e-05
4.49513136118e-05
4.48210194008e-05
4.4692766096e-05
4.45633595518e-05
4.44359866378e-05
4.43118115072e-05
4.41809534095e-05
4.40570765932e-05
4.3931453547e-05
4.38046663476e-05
4.36790505773e-05
4.35548899986e-05
4.34310204582e-05
4.33077366324e-05
4.31861990364e-05
4.30632062489e-05
4.29384781455e-05
4.28204220952e-05
4.27000632044e-05
4.25785328844e-05
4.24564241257e-05
4.23398414569e-05
4.22203556809e-05
4.210377665e-05
4.19848765887e-05
4.18691743107e-05
4.17540541093e-05
4.16366128775e-05
4.15206231992e-05
4.14040587202e-05
4.1290109948e-05
4.11741239077e-05
4.10613429267e-05
4.09456588386e-05
4.08331688959e-05
4.07198131143e-05
4.06090803153e-05
4.04957172577e-05
4.03855592594e-05
4.02751138608e-05
4.0167287807e-05
4.0053651901e-05
3.99469936383e-05
3.98388801841e-05
3.97287403757e-05
3.96185932914e-05
3.9509319322e-05
3.94035450881e-05
3.9298345655e-05
3.91893736378e-05
3.90850545955e-05
3.89798624383e-05
3.88720545743e-05
3.87668696931e-05
3.86631327274e-05
3.85605708288e-05
3.84513114113e-05
3.83502010664e-05
3.82485086448e-05
3.81421668862e-05
3.8043675886e-05
3.79440207325e-05
3.78434924642e-05
3.77415199182e-05
3.76398347726e-05
3.75381569029e-05
3.74385053874e-05
3.73423536075e-05
3.72406757378e-05
3.71416135749e-05
3.70434318029e-05
3.70343914255e-05
3.70230336557e-05
3.70142952306e-05
3.70032212231e-05
3.6994482798e-05
3.6985737097e-05
3.69752524421e-05
3.69638946722e-05
3.69554400095e-05
3.69464069081e-05
3.69359186152e-05
3.69277586287e-05
3.69190165657e-05
3.6909692426e-05
3.68992041331e-05
3.68898763554e-05
3.68793917005e-05
3.68680339307e-05
3.6858709791e-05
3.68485125364e-05
3.68391920347e-05
3.68292858184e-05
3.68188011635e-05
3.6807727156e-05
3.67998582078e-05
3.6788500438e-05
3.67794636986e-05
3.67704342352e-05
3.67593638657e-05
3.67482971342e-05
3.6737517803e-05
3.67302272934e-05
3.67203247151e-05
3.67115826521e-05
3.67022585124e-05
3.66929380107e-05
3.66809908883e-05
3.66725398635e-05
3.66626336472e-05
3.66527274309e-05
3.66442800441e-05
3.66343738278e-05
3.66224303434e-05
3.66119420505e-05
3.66017484339e-05
3.65924242942e-05
3.65822270396e-05
3.65734886145e-05
3.65627056453e-05
3.65525083907e-05
3.6543187889e-05
3.65335727111e-05
3.65236701327e-05
3.65134728781e-05
3.65038577002e-05
3.64942425222e-05
3.64852094208e-05
3.64753032045e-05
3.64645238733e-05
3.64554907719e-05
3.64464576705e-05
3.64362640539e-05
3.64260667993e-05
3.64173174603e-05
3.64085826732e-05
3.63983854186e-05
3.63896433555e-05
3.63797371392e-05
3.63695398846e-05
3.63596336683e-05
3.63508916053e-05
3.63395301974e-05
3.63299186574e-05
3.63200124411e-05
3.63101062248e-05
3.62987411791e-05
3.62897117157e-05
3.62777718692e-05
3.62678620149e-05
3.62591199519e-05
3.62497994502e-05
3.62384416803e-05
3.62308601325e-05
3.62203754776e-05
3.62104656233e-05
3.62020182365e-05
3.6190944229e-05
3.61819111276e-05
3.61734601029e-05
3.61635575246e-05
3.61527745554e-05
3.61428719771e-05
3.61323873221e-05
3.61201527994e-05
3.61117017746e-05
3.6102377635e-05
3.60904341505e-05
3.60805279342e-05
3.60717895092e-05
3.60633421224e-05
3.60519770766e-05
3.60420708603e-05
3.60336198355e-05
3.60219673894e-05
3.60114827345e-05
3.60012854799e-05
3.59899240721e-05
3.5981185647e-05
3.59724399459e-05
3.59622426913e-05
3.59520490747e-05
3.59418518201e-05
3.59307850886e-05
3.59202931577e-05
3.59106816177e-05
3.590135384e-05
3.58920333383e-05
3.58818360837e-05
3.58707657142e-05
3.58611541742e-05
3.58509605576e-05
3.5840756027e-05
3.5831144487e-05
3.58200741175e-05
3.58101715392e-05
3.58002653229e-05
3.57886128768e-05
3.57798708137e-05
3.57702556357e-05
3.57591852662e-05
3.57504468411e-05
3.57376338798e-05
3.57277276635e-05
3.57178214472e-05
3.57076169166e-05
3.56980090146e-05
3.56883938366e-05
3.56764503522e-05
3.56688760803e-05
3.56578057108e-05
3.56487762474e-05
3.56388663931e-05
3.56289565389e-05
3.56181881216e-05
3.56076961907e-05
3.55986594514e-05
3.55875927198e-05
3.55765259883e-05
3.55669108103e-05
3.55567135557e-05
3.55459342245e-05
3.55371921614e-05
3.55278680217e-05
3.55173833668e-05
3.55074735126e-05
3.54987314495e-05
3.54870826413e-05
3.54768853867e-05
3.54672702088e-05
3.54556177626e-05
3.54468793375e-05
3.54349358531e-05
3.54267758667e-05
3.54157018592e-05
3.54052172042e-05
3.53956056642e-05
3.53854120476e-05
3.53760879079e-05
3.53644318238e-05
3.53551113221e-05
3.53449104296e-05
3.53344221367e-05
3.53233554051e-05
3.531461698e-05
3.53038340108e-05
3.52950955858e-05
3.52846036549e-05
3.52744064003e-05
3.52650858986e-05
3.52534334525e-05
3.52438219124e-05
3.52324605046e-05
3.52248825948e-05
3.52138122253e-05
3.52036149707e-05
3.51931266778e-05
3.51826420228e-05
3.51730268449e-05
3.51631206286e-05
3.51523449353e-05
3.51421476807e-05
3.51307862729e-05
3.51200069417e-05
3.51098133251e-05
3.51007802237e-05
3.50899972545e-05
3.50809677911e-05
3.50687332684e-05
3.50585396518e-05
