0.693141162395
0.692081749439
0.690686941147
0.689077556133
0.687139391899
0.684701681137
0.681411206722
0.677199602127
0.672232925892
0.665911138058
0.657606720924
0.647614657879
0.635923087597
0.621239721775
0.603075742722
0.581023335457
0.55598628521
0.528861284256
0.494772791862
0.460127830505
0.425711870193
0.397731840611
0.370223045349
0.351477652788
0.335727661848
0.325714856386
0.319446831942
0.316055238247
0.311051130295
0.307517409325
0.304754972458
0.303768187761
0.30230268836
0.301452547312
0.300598680973
0.299738973379
0.298883199692
0.298065304756
0.297250032425
0.296436697245
0.295626044273
0.294817984104
0.294013261795
0.293211787939
0.292414069176
0.291620254517
0.290830284357
0.290044486523
0.289262861013
0.288485407829
0.287712216377
0.286943376064
0.286178857088
0.285418599844
0.284662634134
0.283910989761
0.283163577318
0.2824203372
0.281681329012
0.280946463346
0.280215650797
0.279488891363
0.278766155243
0.278047382832
0.277332335711
0.276500225067
0.27563816309
0.274729609489
0.27377897501
0.272791534662
0.2717692554
0.270716369152
0.269638419151
0.268529236317
0.267386376858
0.266215145588
0.265012413263
0.263772517443
0.262494653463
0.26117631793
0.259850472212
0.258855938911
0.257314741611
0.256063789129
0.254744291306
0.253354758024
0.251906365156
0.250414550304
0.248937502503
0.247366189957
0.245692878962
0.243888691068
0.242002978921
0.240195408463
0.238141059875
0.236059531569
0.233734101057
0.23113232851
0.228744655848
0.225657045841
0.222691759467
0.219510853291
0.215795084834
0.21074333787
0.203198447824
0.193786799908
0.181997984648
0.167533397675
0.150337919593
0.130005687475
0.107371307909
0.0830151289701
0.0587570928037
0.0369622148573
0.0204138662666
0.00946007017046
0.00387253379449
0.00150144530926
0.0122242150828
0.000442786345957
7.36850925023e-05
1.96930013772e-05
7.68646532379e-06
3.16807427225e-06
1.34008973873e-06
6.44893759727e-07
3.64024629107e-07
2.08180196637e-07
1.52355326577e-07
1.33165514171e-07
1.29676465122e-07
1.7038223632e-07
1.41306642831e-07
1.26768924247e-07
1.22698352811e-07
1.44214197917e-07
1.41306657042e-07
1.33165514171e-07
1.41888179428e-07
4.55330621207e-07
1.36654591643e-07
2.02947006755e-07
2.11088504898e-07
1.25605907897e-07
1.84920025958e-07
9.40772879403e-05
1.28513448772e-07
1.22698352811e-07
1.20372320112e-07
1.72126831899e-07
1.23279875197e-07
1.19209303762e-07
3.56470252427e-07
1.19209303762e-07
1.71545352146e-07
2.75211914413e-06
1.30257973296e-07
1.22698352811e-07
1.30257973296e-07
1.19209303762e-07
1.19209303762e-07
1.25024399722e-07
1.19209303762e-07
1.19209303762e-07
1.19209303762e-07
1.19209303762e-07
1.19209303762e-07
1.23861383372e-07
0.000296378857456
1.19209303762e-07
1.20953828286e-07
1.19209303762e-07
1.19209303762e-07
1.19209303762e-07
1.19209303762e-07
1.19209303762e-07
1.19209303762e-07
1.19209303762e-07
1.19209303762e-07
1.19209303762e-07
1.19209303762e-07
1.19209303762e-07
1.19209303762e-07
1.19209303762e-07
1.19209303762e-07
1.24733645634e-07
1.19209303762e-07
1.19209303762e-07
1.19209303762e-07
1.19209303762e-07
1.19500057849e-07
1.19209303762e-07
1.19209303762e-07
1.19209303762e-07
1.19209303762e-07
1.19790811937e-07
1.19209303762e-07
1.19209303762e-07
1.19209303762e-07
1.19209303762e-07
1.19209303762e-07
1.20663074199e-07
1.20663074199e-07
1.19209303762e-07
1.19209303762e-07
1.19209303762e-07
1.19209303762e-07
1.19209303762e-07
1.19209303762e-07
1.19209303762e-07
1.19500057849e-07
1.19209303762e-07
1.19209303762e-07
1.19209303762e-07
1.19209303762e-07
1.19209303762e-07
1.19209303762e-07
1.19209303762e-07
1.19209303762e-07
2.18648310124e-07
1.19209303762e-07
1.20372320112e-07
1.19790811937e-07
1.21244582374e-07
1.19209303762e-07
1.19209303762e-07
1.19209303762e-07
1.19209303762e-07
1.19209303762e-07
1.19209303762e-07
1.19209303762e-07
1.19209303762e-07
1.21535336461e-07
1.19209303762e-07
1.19209303762e-07
1.19209303762e-07
1.19209303762e-07
1.21826090549e-07
1.19209303762e-07
1.19209303762e-07
1.19209303762e-07
1.26478170159e-07
1.19209303762e-07
1.19209303762e-07
1.20663074199e-07
1.19209303762e-07
1.19209303762e-07
1.19209303762e-07
1.19209303762e-07
1.19209303762e-07
1.19209303762e-07
1.19209303762e-07
1.19209303762e-07
1.19209303762e-07
1.19209303762e-07
1.19209303762e-07
1.19209303762e-07
1.19209303762e-07
1.19209303762e-07
1.19209303762e-07
1.19209303762e-07
1.19209303762e-07
1.20081566024e-07
1.19209303762e-07
1.19209303762e-07
1.19209303762e-07
1.19500057849e-07
1.19790811937e-07
1.19209303762e-07
1.19209303762e-07
1.19500057849e-07
1.19209303762e-07
1.21826090549e-07
1.19209303762e-07
1.19209303762e-07
1.19209303762e-07
1.19209303762e-07
1.19209303762e-07
1.19209303762e-07
1.19209303762e-07
1.19209303762e-07
1.19209303762e-07
1.19209303762e-07
1.19209303762e-07
1.19209303762e-07
1.19209303762e-07
1.19209303762e-07
1.19209303762e-07
1.19209303762e-07
1.19209303762e-07
1.19209303762e-07
1.19209303762e-07
1.19209303762e-07
1.19209303762e-07
1.19209303762e-07
1.19209303762e-07
1.19209303762e-07
1.19209303762e-07
1.19209303762e-07
1.19209303762e-07
1.19209303762e-07
1.19209303762e-07
1.19209303762e-07
1.19209303762e-07
1.19209303762e-07
1.19790811937e-07
1.19209303762e-07
1.19209303762e-07
1.19500057849e-07
1.19209303762e-07
1.19209303762e-07
1.19209303762e-07
1.19209303762e-07
1.19500057849e-07
1.19209303762e-07
1.19209303762e-07
1.19790811937e-07
1.19209303762e-07
1.19209303762e-07
1.19209303762e-07
1.19209303762e-07
1.19209303762e-07
1.19209303762e-07
1.19209303762e-07
1.19209303762e-07
1.20081566024e-07
1.19209303762e-07
1.19209303762e-07
1.19209303762e-07
1.19209303762e-07
1.19209303762e-07
1.19209303762e-07
1.19209303762e-07
1.19209303762e-07
1.23279875197e-07
1.19209303762e-07
1.19209303762e-07
1.19209303762e-07
1.19209303762e-07
1.19209303762e-07
1.19209303762e-07
1.19209303762e-07
1.19209303762e-07
1.19209303762e-07
1.20953828286e-07
1.19209303762e-07
1.19500057849e-07
1.19209303762e-07
1.19209303762e-07
1.19209303762e-07
1.19209303762e-07
1.19209303762e-07
1.19209303762e-07
1.19209303762e-07
1.19209303762e-07
1.19209303762e-07
1.19209303762e-07
1.19790811937e-07
1.19209303762e-07
1.19209303762e-07
1.19209303762e-07
1.19500057849e-07
1.19209303762e-07
1.19209303762e-07
1.19209303762e-07
1.20372320112e-07
1.19209303762e-07
1.19209303762e-07
1.19209303762e-07
1.21535336461e-07
1.19209303762e-07
1.19209303762e-07
1.20081566024e-07
1.19209303762e-07
1.19209303762e-07
1.19209303762e-07
1.19209303762e-07
1.19209303762e-07
1.19209303762e-07
1.19209303762e-07
1.20372320112e-07
1.19209303762e-07
1.19209303762e-07
1.19209303762e-07
1.19500057849e-07
1.19209303762e-07
1.19209303762e-07
1.19209303762e-07
1.19209303762e-07
1.19209303762e-07
1.19209303762e-07
1.19209303762e-07
1.19209303762e-07
1.19209303762e-07
1.19209303762e-07
1.20081566024e-07
1.19500057849e-07
1.19209303762e-07
1.19209303762e-07
1.19209303762e-07
1.19209303762e-07
1.19209303762e-07
1.19209303762e-07
1.19209303762e-07
1.19209303762e-07
1.19209303762e-07
1.19209303762e-07
1.19209303762e-07
1.19209303762e-07
1.19209303762e-07
1.19209303762e-07
1.19209303762e-07
1.19209303762e-07
1.19209303762e-07
1.19209303762e-07
1.19500057849e-07
1.19209303762e-07
1.19790811937e-07
1.19790811937e-07
1.19209303762e-07
1.40434408991e-07
1.20081566024e-07
1.19209303762e-07
1.19209303762e-07
1.19209303762e-07
1.19209303762e-07
1.19209303762e-07
1.19209303762e-07
1.19209303762e-07
1.19209303762e-07
1.19209303762e-07
1.19209303762e-07
1.19209303762e-07
1.20081566024e-07
1.19209303762e-07
1.19209303762e-07
1.19209303762e-07
1.19209303762e-07
1.19209303762e-07
1.19209303762e-07
1.21535336461e-07
1.19209303762e-07
1.19209303762e-07
1.19209303762e-07
1.19209303762e-07
1.19209303762e-07
1.19209303762e-07
1.19209303762e-07
1.19209303762e-07
1.19209303762e-07
1.19209303762e-07
1.19209303762e-07
1.19209303762e-07
1.19209303762e-07
1.19209303762e-07
1.19209303762e-07
1.19209303762e-07
1.19209303762e-07
1.19209303762e-07
1.19209303762e-07
1.19500057849e-07
1.19209303762e-07
1.19500057849e-07
1.19209303762e-07
1.19209303762e-07
1.19500057849e-07
1.19209303762e-07
1.20081566024e-07
1.19209303762e-07
1.19209303762e-07
1.19209303762e-07
1.19209303762e-07
1.19209303762e-07
1.19209303762e-07
1.20953828286e-07
1.19209303762e-07
1.19209303762e-07
1.19209303762e-07
1.19209303762e-07
1.19209303762e-07
1.19209303762e-07
1.19209303762e-07
1.20663074199e-07
1.19209303762e-07
1.19209303762e-07
1.19500057849e-07
1.19209303762e-07
1.19500057849e-07
1.19209303762e-07
1.19209303762e-07
1.21826090549e-07
1.19209303762e-07
1.20663074199e-07
1.19209303762e-07
1.19209303762e-07
1.19209303762e-07
1.19209303762e-07
1.19500057849e-07
1.19209303762e-07
1.19209303762e-07
1.19209303762e-07
1.19209303762e-07
1.19209303762e-07
1.19209303762e-07
1.19209303762e-07
1.19209303762e-07
1.19209303762e-07
1.19209303762e-07
1.19209303762e-07
1.19500057849e-07
1.19209303762e-07
1.19209303762e-07
1.19209303762e-07
1.19209303762e-07
1.19500057849e-07
1.19209303762e-07
1.19209303762e-07
1.19209303762e-07
1.19209303762e-07
1.19209303762e-07
1.19209303762e-07
1.19209303762e-07
1.19500057849e-07
1.19500057849e-07
1.19209303762e-07
1.20372320112e-07
1.19209303762e-07
1.19209303762e-07
1.19209303762e-07
1.21535336461e-07
1.19209303762e-07
1.19209303762e-07
1.19209303762e-07
1.19209303762e-07
1.19209303762e-07
1.19209303762e-07
1.19209303762e-07
1.19209303762e-07
1.19209303762e-07
1.19209303762e-07
1.19209303762e-07
1.19209303762e-07
1.19500057849e-07
1.19209303762e-07
1.19209303762e-07
1.19209303762e-07
1.19209303762e-07
1.19209303762e-07
1.19209303762e-07
1.19209303762e-07
1.19209303762e-07
1.19209303762e-07
1.19209303762e-07
1.27059678334e-07
1.19209303762e-07
1.19209303762e-07
1.19209303762e-07
1.19209303762e-07
1.19209303762e-07
1.19209303762e-07
1.19209303762e-07
1.2298912111e-07
1.19209303762e-07
1.19209303762e-07
1.19209303762e-07
1.19209303762e-07
1.22116844636e-07
1.19209303762e-07
1.19209303762e-07
1.19209303762e-07
1.19209303762e-07
1.19209303762e-07
1.19209303762e-07
1.19209303762e-07
1.19209303762e-07
1.19209303762e-07
1.19209303762e-07
1.20953828286e-07
1.19209303762e-07
1.19209303762e-07
1.19209303762e-07
1.19500057849e-07
1.19209303762e-07
1.19209303762e-07
1.19209303762e-07
1.19209303762e-07
1.28804202859e-07
1.19209303762e-07
1.19209303762e-07
1.19209303762e-07
1.19209303762e-07
1.19209303762e-07
1.19209303762e-07
1.19500057849e-07
1.19209303762e-07
1.19209303762e-07
1.19209303762e-07
1.38980638553e-07
1.19209303762e-07
1.19209303762e-07
1.19209303762e-07
1.19209303762e-07
1.19209303762e-07
1.19209303762e-07
1.19209303762e-07
1.19209303762e-07
1.19209303762e-07
1.19209303762e-07
1.19209303762e-07
1.19209303762e-07
1.19209303762e-07
1.19209303762e-07
1.23279875197e-07
1.19209303762e-07
1.30548727384e-07
1.19209303762e-07
1.19209303762e-07
1.19209303762e-07
1.19500057849e-07
1.19209303762e-07
1.19209303762e-07
1.19209303762e-07
1.19209303762e-07
1.19209303762e-07
1.20081566024e-07
1.19209303762e-07
1.19209303762e-07
1.19209303762e-07
1.19209303762e-07
1.19209303762e-07
1.19209303762e-07
1.19209303762e-07
1.19209303762e-07
1.19209303762e-07
1.20953828286e-07
1.19209303762e-07
1.19209303762e-07
1.19209303762e-07
1.19209303762e-07
1.19209303762e-07
1.19209303762e-07
1.19209303762e-07
1.19209303762e-07
1.19209303762e-07
1.19209303762e-07
1.19209303762e-07
1.19209303762e-07
1.19209303762e-07
1.20372320112e-07
1.19209303762e-07
1.19500057849e-07
1.19209303762e-07
1.20081566024e-07
1.19209303762e-07
1.19209303762e-07
1.19209303762e-07
1.19209303762e-07
1.19209303762e-07
1.19209303762e-07
1.19790811937e-07
1.19209303762e-07
1.19500057849e-07
1.19209303762e-07
1.19209303762e-07
1.19209303762e-07
1.19209303762e-07
1.22116844636e-07
1.19209303762e-07
1.19790811937e-07
1.19209303762e-07
1.19209303762e-07
1.22407598724e-07
1.19209303762e-07
1.19209303762e-07
1.19209303762e-07
1.19209303762e-07
1.19209303762e-07
1.19209303762e-07
1.19209303762e-07
1.20081566024e-07
1.19209303762e-07
1.19209303762e-07
1.19209303762e-07
1.21244582374e-07
1.19209303762e-07
1.19209303762e-07
1.19209303762e-07
1.20372320112e-07
1.19209303762e-07
1.19209303762e-07
1.19209303762e-07
1.19209303762e-07
1.19209303762e-07
1.19209303762e-07
1.19209303762e-07
1.19209303762e-07
1.19209303762e-07
1.19209303762e-07
1.19209303762e-07
1.19209303762e-07
1.19209303762e-07
1.19209303762e-07
1.19209303762e-07
1.19209303762e-07
1.25605907897e-07
1.19209303762e-07
1.19209303762e-07
1.19209303762e-07
1.19209303762e-07
1.19209303762e-07
1.19209303762e-07
1.23861383372e-07
1.19500057849e-07
1.19209303762e-07
1.19209303762e-07
1.19790811937e-07
1.19209303762e-07
1.19209303762e-07
1.19209303762e-07
1.19209303762e-07
1.22407598724e-07
1.19209303762e-07
1.19500057849e-07
1.19209303762e-07
1.19500057849e-07
1.19209303762e-07
1.19209303762e-07
1.20663074199e-07
1.19209303762e-07
1.19209303762e-07
1.19209303762e-07
1.19209303762e-07
1.19209303762e-07
1.19209303762e-07
1.19209303762e-07
1.19790811937e-07
1.19209303762e-07
1.19209303762e-07
1.20081566024e-07
1.20081566024e-07
1.19209303762e-07
1.19209303762e-07
1.19209303762e-07
1.20953828286e-07
1.19209303762e-07
1.19209303762e-07
1.19209303762e-07
1.19209303762e-07
1.19209303762e-07
1.19209303762e-07
1.22407598724e-07
1.19209303762e-07
1.19209303762e-07
1.19209303762e-07
1.67474766499e-07
1.19209303762e-07
1.19209303762e-07
1.19209303762e-07
1.19500057849e-07
1.19790811937e-07
1.19209303762e-07
1.19500057849e-07
1.19209303762e-07
1.20663074199e-07
1.19209303762e-07
1.28513448772e-07
1.21826090549e-07
1.19209303762e-07
1.19209303762e-07
1.19209303762e-07
1.19209303762e-07
1.19209303762e-07
1.20372320112e-07
1.19500057849e-07
1.19209303762e-07
1.19209303762e-07
1.19209303762e-07
1.20081566024e-07
1.19209303762e-07
1.19209303762e-07
1.19209303762e-07
1.19209303762e-07
1.19209303762e-07
1.19209303762e-07
1.19209303762e-07
1.19209303762e-07
1.19209303762e-07
1.19500057849e-07
1.19209303762e-07
1.19209303762e-07
1.19209303762e-07
1.19209303762e-07
1.19209303762e-07
1.19209303762e-07
1.19209303762e-07
1.19209303762e-07
1.25315153809e-07
1.19209303762e-07
1.19209303762e-07
1.19500057849e-07
1.19209303762e-07
1.19209303762e-07
1.19209303762e-07
1.19209303762e-07
1.19209303762e-07
1.19209303762e-07
1.19209303762e-07
1.19209303762e-07
1.19209303762e-07
1.19209303762e-07
1.20372320112e-07
1.19209303762e-07
1.23279875197e-07
1.19209303762e-07
1.19209303762e-07
1.21826090549e-07
1.19209303762e-07
1.19209303762e-07
1.21244582374e-07
1.19209303762e-07
1.19209303762e-07
1.19209303762e-07
1.19209303762e-07
1.21535336461e-07
1.19209303762e-07
1.19209303762e-07
1.19209303762e-07
1.19209303762e-07
1.19209303762e-07
1.19209303762e-07
1.19209303762e-07
1.19209303762e-07
1.19209303762e-07
1.19209303762e-07
1.19209303762e-07
1.19209303762e-07
1.19209303762e-07
1.19209303762e-07
1.19209303762e-07
1.19209303762e-07
1.19209303762e-07
1.19209303762e-07
1.19209303762e-07
1.19209303762e-07
1.3113024977e-07
1.19209303762e-07
1.19209303762e-07
1.19209303762e-07
1.19209303762e-07
1.19209303762e-07
1.19209303762e-07
1.19209303762e-07
1.19209303762e-07
1.19209303762e-07
1.20953828286e-07
1.19209303762e-07
1.19209303762e-07
1.19209303762e-07
1.19209303762e-07
1.19209303762e-07
1.19209303762e-07
1.19209303762e-07
1.19209303762e-07
1.19209303762e-07
1.19209303762e-07
1.19209303762e-07
1.19209303762e-07
1.19209303762e-07
1.19209303762e-07
1.19209303762e-07
1.19209303762e-07
1.19209303762e-07
1.19209303762e-07
1.19209303762e-07
1.19209303762e-07
1.20081566024e-07
1.19209303762e-07
1.19209303762e-07
1.19209303762e-07
1.19209303762e-07
1.19790811937e-07
1.19209303762e-07
1.19209303762e-07
1.19209303762e-07
1.19209303762e-07
1.19209303762e-07
1.19209303762e-07
1.19209303762e-07
1.19209303762e-07
1.19209303762e-07
1.19209303762e-07
1.19209303762e-07
1.19209303762e-07
1.19209303762e-07
1.19209303762e-07
1.19209303762e-07
1.19209303762e-07
1.19209303762e-07
1.19209303762e-07
1.19209303762e-07
1.19209303762e-07
1.19209303762e-07
1.19209303762e-07
1.20081566024e-07
1.19209303762e-07
1.19209303762e-07
1.19209303762e-07
1.19209303762e-07
1.19209303762e-07
1.19209303762e-07
1.19209303762e-07
1.19500057849e-07
1.19209303762e-07
1.19209303762e-07
1.19209303762e-07
1.19209303762e-07
1.19209303762e-07
1.19209303762e-07
1.19790811937e-07
1.19209303762e-07
1.19209303762e-07
1.21826090549e-07
1.19209303762e-07
1.19209303762e-07
1.19209303762e-07
1.19209303762e-07
1.19209303762e-07
1.19209303762e-07
1.19790811937e-07
1.19209303762e-07
1.19790811937e-07
1.19209303762e-07
1.20663074199e-07
1.19209303762e-07
1.19209303762e-07
1.19209303762e-07
1.19209303762e-07
1.19209303762e-07
1.19209303762e-07
1.19209303762e-07
1.19209303762e-07
1.19209303762e-07
1.19209303762e-07
1.19209303762e-07
1.2298912111e-07
1.25896661984e-07
1.19209303762e-07
1.19209303762e-07
1.19209303762e-07
1.19500057849e-07
1.19209303762e-07
1.20081566024e-07
1.19209303762e-07
1.19500057849e-07
1.19209303762e-07
1.19209303762e-07
1.19209303762e-07
1.19209303762e-07
1.19209303762e-07
1.19209303762e-07
1.19209303762e-07
1.19209303762e-07
1.19790811937e-07
1.19209303762e-07
1.19209303762e-07
1.19209303762e-07
1.22116844636e-07
1.19790811937e-07
1.19209303762e-07
1.19209303762e-07
1.19209303762e-07
1.19209303762e-07
1.19209303762e-07
1.19209303762e-07
1.19209303762e-07
1.19500057849e-07
1.19209303762e-07
1.19209303762e-07
1.19209303762e-07
1.19209303762e-07
1.19209303762e-07
1.19790811937e-07
1.19500057849e-07
1.19209303762e-07
1.19790811937e-07
1.19209303762e-07
1.19209303762e-07
1.19209303762e-07
1.19209303762e-07
1.19209303762e-07
1.19209303762e-07
1.19209303762e-07
1.19790811937e-07
1.19209303762e-07
1.19209303762e-07
1.19209303762e-07
1.19209303762e-07
1.19209303762e-07
1.19209303762e-07
1.19209303762e-07
