0.700716793537
0.688732266426
0.678362727165
0.667002439499
0.664955079556
0.646296441555
0.645953953266
0.638559639454
0.624295890331
0.61765640974
0.612654209137
0.603604853153
0.594632208347
0.580255568027
0.589803278446
0.577846229076
0.56301766634
0.555124878883
0.551459729671
0.546657145023
0.543689548969
0.537590444088
0.527543067932
0.531039893627
0.53450512886
0.524195551872
0.508077919483
0.510848879814
0.512611448765
0.493013292551
0.49008077383
0.483081400394
0.483437806368
0.478005349636
0.471041053534
0.466047346592
0.472086757421
0.460031688213
0.459380239248
0.452192217112
0.43974339962
0.443335711956
0.443180590868
0.441360920668
0.434041291475
0.432420283556
0.425050526857
0.418704897165
0.417686283588
0.423420727253
0.413412898779
0.40249723196
0.407010197639
0.411110252142
0.398927271366
0.395647376776
0.4024964571
0.392857223749
0.415476441383
0.387959688902
0.398184984922
0.385744273663
0.380564033985
0.392375528812
0.375315099955
0.366998851299
0.377413928509
0.36297878623
0.376698046923
0.371288627386
0.364894628525
0.366365969181
0.364584177732
0.371374994516
0.35485330224
0.353291779757
0.373056203127
0.369387060404
0.34829261899
0.347974151373
0.347066342831
0.357402443886
0.351885169744
0.365590065718
0.370440870523
0.344052314758
0.342769265175
0.347941875458
0.342119216919
0.336203366518
0.342684715986
0.349090725183
0.331058263779
0.326358020306
0.333778679371
0.33160379529
0.332601189613
0.326773434877
0.326440125704
0.328007608652
0.322717964649
0.323503226042
0.326091378927
0.322344005108
0.314518511295
0.315164804459
0.323861271143
0.331647634506
0.309155464172
0.323540687561
0.328783988953
0.308644145727
0.31559959054
0.318117767572
0.315317183733
0.311686784029
0.311023950577
0.326559275389
0.319710046053
0.302108824253
0.304053068161
0.307198524475
0.31161776185
0.305655419827
0.30252379179
0.304797649384
0.307301729918
0.297851592302
0.300228178501
0.29644832015
0.294611245394
0.297333925962
0.298727303743
0.289534449577
0.296279877424
0.294164508581
0.29219058156
0.301083683968
0.285412937403
0.287156820297
0.291422098875
0.292722314596
0.282791763544
0.300053745508
0.289702892303
0.288519352674
0.318137049675
0.283612072468
0.284239798784
0.280458837748
0.277556121349
0.280573815107
0.278565973043
0.29490557313
0.280879616737
0.278821647167
0.281767785549
0.273927301168
0.288334548473
0.283554047346
0.282164275646
0.278782248497
0.279448062181
0.277952343225
0.284181773663
0.272544980049
0.265893191099
0.265591979027
0.268702059984
0.271865099669
0.272489786148
0.283732444048
0.261134177446
0.26022157073
0.262055635452
0.270516961813
0.28972440958
0.264073699713
0.265347242355
0.264718800783
0.264994174242
0.259231090546
0.268077284098
0.258595645428
0.257946193218
0.262401938438
0.262589216232
0.26332461834
0.251836180687
0.26200518012
0.252937197685
0.251309603453
0.251653671265
0.254458844662
0.264046043158
0.261308938265
0.256357878447
0.259961843491
0.247572287917
0.245568066835
0.247934252024
0.251965552568
0.247546866536
0.254496246576
0.253482103348
0.244576796889
0.255360722542
0.243058994412
0.241794794798
0.265532016754
0.242170497775
0.247940838337
0.240218892694
0.23658645153
0.24493637681
0.240714132786
0.24040825665
0.25603595376
0.237657517195
0.246079713106
0.249159619212
0.253836601973
0.241782441735
0.237675964832
0.233669891953
0.238954231143
0.23689982295
0.239845201373
0.242326080799
0.238726615906
0.230408787727
0.231263011694
0.234962642193
0.238914847374
0.234643101692
0.23638817668
0.231931820512
0.229640007019
0.235829606652
0.237073481083
0.230492264032
0.261119008064
0.227706089616
0.243834555149
0.231388300657
0.233039170504
0.229299113154
0.231250017881
0.234451666474
0.22485679388
0.226144626737
0.227564185858
0.231210246682
0.235612735152
0.231693938375
0.224380895495
0.223320752382
0.224068656564
0.224483281374
0.231156289577
0.232128351927
0.224518448114
0.226026654243
0.221533089876
0.221984431148
0.222460210323
0.225559398532
0.221307486296
0.222746506333
0.221729889512
0.220767065883
0.260770022869
0.23255994916
0.219220682979
0.231352806091
0.221265807748
0.222774580121
0.223505213857
0.230914890766
0.220435127616
0.222206741571
0.21595723927
0.22224907577
0.227382078767
0.215058267117
0.230559825897
0.219219267368
0.217044740915
0.222851932049
0.214309871197
0.218770578504
0.213995218277
0.217476293445
0.214946016669
0.214492440224
0.219630911946
0.218460008502
0.219504505396
0.215343311429
0.215475276113
0.221887499094
0.252095282078
0.218116626143
0.21544572711
0.214820310473
0.216289579868
0.211221218109
0.217437297106
0.215381085873
0.220141753554
0.211394891143
0.22830915451
0.214468494058
0.209139302373
0.219114348292
0.233116075397
0.217865392566
0.207883268595
0.217646926641
0.216005980968
0.207613617182
0.210100263357
0.215891316533
0.21990609169
0.205921620131
0.207429796457
0.206692278385
0.21202005446
0.210036084056
0.207266569138
0.206142932177
0.241988688707
0.206793114543
0.205996990204
0.206497192383
0.207742035389
0.203442454338
0.203582242131
0.209607496858
0.207734525204
0.208211839199
0.204668551683
0.217883437872
0.213397324085
0.215778067708
0.202057093382
0.203132227063
0.206126332283
0.209023490548
0.202319025993
0.204633176327
0.200978308916
0.20898462832
0.200537636876
0.201550334692
0.20331902802
0.201899081469
0.199522256851
0.202194139361
0.200249612331
0.207781374454
0.211602762341
0.212768480182
0.198680967093
0.199873387814
0.204138308764
0.203260019422
0.215446993709
0.200984865427
0.205826848745
0.201986640692
0.210736900568
0.211479589343
0.199332013726
0.201619043946
0.197839871049
0.222928196192
0.207101926208
0.202839180827
0.197236776352
0.199246451259
0.197604820132
0.209425985813
0.200541496277
0.196409717202
0.205642476678
0.194722101092
0.200384110212
0.196769177914
0.195171654224
0.208780601621
0.206471741199
0.201385572553
0.200023412704
0.193944424391
0.194599702954
0.194078505039
0.193733900785
0.198844328523
0.194851279259
0.198006182909
0.201617285609
0.202551364899
0.191835060716
0.197797343135
0.192224308848
0.192384183407
0.192573323846
0.192222312093
0.200204193592
0.192521557212
0.191314995289
0.19313301146
0.194952651858
0.196338742971
0.190792247653
0.191081419587
0.19102615118
0.19321732223
0.190705940127
0.190402954817
0.1903603971
0.20803745091
0.192378640175
0.189163357019
0.189571380615
0.197290971875
0.193106278777
0.192345410585
0.196936801076
0.205633401871
0.195988595486
0.189446762204
0.196858853102
0.196946233511
0.194719299674
0.202032491565
0.199010714889
0.196939781308
0.211435213685
0.188002049923
0.194816216826
0.19771297276
0.190411493182
0.212920546532
0.188838198781
0.203071445227
0.186723738909
0.197616264224
0.194137319922
0.192118868232
0.196911290288
0.188239902258
0.185610815883
0.184088438749
0.18397153914
0.205856531858
0.180016994476
0.186565548182
0.179605573416
0.187765598297
0.184294596314
0.183710977435
0.17858402431
0.191393837333
0.17804402113
0.178220465779
0.177814468741
0.177550956607
0.179451242089
0.188038229942
0.176943823695
0.187549754977
0.215692356229
0.183400020003
0.191035762429
0.18359747529
0.181955292821
0.180397555232
0.183319747448
0.175713405013
0.193025901914
0.185581058264
0.191860854626
0.185985550284
0.180585056543
0.184638753533
0.183915376663
0.18645901978
0.195160880685
0.186823055148
0.18201635778
0.176317244768
0.173762157559
0.174925997853
0.17957380414
0.18534912169
0.174338236451
0.173798635602
0.180435284972
0.173394173384
0.173435583711
0.177834182978
0.172622427344
0.175251111388
0.178543239832
0.176085203886
0.183697551489
0.17847391963
0.180365249515
0.191498845816
0.180081829429
0.174120366573
0.175873950124
0.176235809922
0.182594120502
0.173894777894
0.17943175137
0.167769938707
0.165629297495
0.181290671229
0.168025493622
0.183564662933
0.214447945356
0.182093068957
0.173925369978
0.188394531608
0.16255068779
0.169365510345
0.171146780252
0.175739645958
0.163982629776
0.168826177716
0.162547752261
0.177728533745
0.173972710967
0.166359126568
0.187902614474
0.16999258101
0.169338166714
0.17834815383
0.192231073976
0.173093661666
0.16176456213
0.165104568005
0.168492138386
0.174998059869
0.156563207507
0.178919240832
0.167288690805
0.188292488456
0.19126047194
0.181128785014
0.196511059999
0.173727318645
0.14416615665
0.154153123498
0.160213857889
0.148082122207
0.162096425891
0.145636260509
0.148090273142
0.175773218274
0.141416579485
0.145525962114
0.16859062016
0.1609582901
0.144341528416
0.149862155318
0.140799075365
0.148618504405
0.153046250343
0.138261318207
0.136858418584
0.142094686627
0.146828219295
0.133232280612
0.137177124619
0.168162941933
0.156286209822
0.143719181418
0.13804922998
0.134142622352
0.13733881712
0.136121094227
0.126109331846
0.128260210156
0.142125725746
0.142851114273
0.135649055243
0.139794200659
0.141281664371
0.137689724565
0.127688854933
0.14303471148
0.124524794519
0.126877143979
0.123778522015
0.129334241152
0.128463089466
0.123052626848
0.125909909606
0.135987102985
0.140513032675
0.125587329268
0.167939528823
0.127487689257
0.123156227171
0.133335709572
0.131968423724
0.126132711768
0.153665304184
0.124794751406
0.123876899481
0.129456102848
0.129334375262
0.145744428039
0.121481128037
0.126611977816
0.127512067556
0.123836629093
0.119768321514
0.12214089185
0.144626438618
0.130294933915
0.122683607042
0.12067361176
0.131607323885
0.131557434797
0.126688703895
0.118579916656
0.119484484196
0.125133886933
0.117885634303
0.120267860591
0.128433063626
0.118969112635
0.120700992644
0.120101630688
0.122466363013
0.124038212001
0.136833906174
0.139994040132
0.119438186288
0.127723366022
0.118676811457
0.131998375058
0.117561228573
0.120120890439
0.120949141681
0.120575770736
0.12176464498
0.132284998894
0.120063111186
0.115415409207
0.118203997612
0.153483211994
0.125809714198
0.129064291716
0.122454181314
0.114932216704
0.120813004673
0.129306539893
0.136935591698
0.116333708167
0.116955541074
0.124991700053
0.11499094218
0.12686727941
0.116529084742
0.12905523181
0.123462751508
0.113899283111
0.113782569766
0.115241058171
0.113763704896
0.116202898324
0.114487491548
0.12568475306
0.115857370198
0.113936521113
0.112954668701
0.126395046711
0.114487707615
0.115495368838
0.113221369684
0.111790314317
0.12561661005
0.118854291737
0.120203614235
0.113061316311
0.11453692615
0.111477531493
0.11229364574
0.129924193025
0.112318426371
0.13281519711
0.11302061379
0.110583543777
0.11079890281
0.112479180098
0.111549712718
0.134204640985
0.111340753734
0.134183853865
0.11168961972
0.114055357873
0.111641414464
0.112009383738
0.114270687103
0.112836010754
0.110030442476
0.111037895083
0.110360361636
0.112786158919
0.109746746719
0.10994040221
0.112162835896
0.126792669296
0.118090867996
0.11777663976
0.122569277883
0.110529989004
0.113084934652
0.117445409298
0.108395218849
0.109351508319
0.110072277486
0.11911842227
0.109327159822
0.111724376678
0.108957730234
0.114903084934
0.11084280163
0.10845323652
0.113771960139
0.107740730047
0.123595170677
0.10839856416
0.11405672878
0.155583456159
0.126197636127
0.107221260667
0.107391119003
0.118458606303
0.112997345626
0.10771010071
0.106682650745
0.108294866979
0.111144222319
0.106551520526
0.115639358759
0.121830239892
0.159028097987
0.11236333102
0.106851734221
0.127560988069
0.114871606231
0.105511754751
0.11847178638
0.134652704
0.11682279408
0.12819737196
0.135598212481
0.10695642978
0.108496747911
0.116036906838
0.107486777008
0.113466642797
0.109623119235
0.10662765801
0.10500074178
0.114466078579
0.114618554711
0.111530832946
0.11484798044
0.105957247317
0.113056309521
0.106201522052
0.104608826339
0.107634775341
0.125784784555
0.10870295018
0.125386863947
0.103943131864
0.115916036069
0.105787500739
0.103539377451
0.106916904449
0.111013419926
0.141352459788
0.107624202967
0.103896632791
0.110632643104
0.124456077814
0.121347531676
0.109243161976
0.105398990214
0.106422007084
0.104741960764
0.102621786296
0.111223958433
0.104186750948
0.134103506804
0.102830298245
0.112633101642
0.103438161314
0.105448007584
0.114707164466
0.117100931704
0.16374206543
0.118803203106
0.10714250803
0.11307503283
0.103579454124
0.103264719248
0.111506506801
0.111958481371
0.104681022465
0.10319044441
0.109574921429
0.10595613718
0.108105003834
0.102378919721
0.105729907751
0.106961429119
0.101835727692
0.105581007898
0.102678850293
0.102730542421
0.114347040653
0.102129049599
0.112471975386
0.108117766678
0.10142454505
0.102042853832
0.100242741406
0.10097297281
0.10020045191
0.114778377116
0.101419121027
0.0999087840319
0.106501795352
0.102840073407
0.101053841412
0.109928667545
0.099831327796
0.103097215295
0.110972985625
0.0996348112822
0.112288095057
0.101164318621
0.100406497717
0.116110377014
0.099795371294
0.100026972592
0.0996987298131
0.103129141033
0.0990754961967
0.100527137518
0.112877689302
0.100852876902
0.110862381756
0.101187288761
0.0991012379527
0.120133802295
0.0994747653604
0.0985261127353
0.100700892508
0.0995098054409
0.0985680371523
0.100475661457
0.101336337626
0.099394634366
0.105581007898
0.102617174387
0.0989457219839
0.0991332903504
0.0980679988861
0.0985790267587
0.0987000912428
0.107305601239
0.0977853015065
0.0998601838946
0.113257013261
0.0978904739022
0.0988022014499
0.0988659486175
0.0989390835166
0.0988155081868
0.107393801212
0.0973779037595
0.0975089296699
0.0985032990575
0.0973662659526
0.101798012853
0.107386335731
0.102608062327
0.0970113649964
0.0976457372308
0.0976670980453
0.107303991914
0.0973252356052
0.102488838136
0.0972911566496
0.0968091636896
0.107003346086
0.0967675745487
0.0974949225783
0.0978416055441
0.0964078307152
0.0965051203966
0.103098146617
0.0981492400169
0.0970551818609
0.0964619591832
0.0966366454959
0.0981492400169
0.0959116965532
0.0977303236723
0.103504821658
0.0983292832971
0.0972532257438
0.0960493385792
0.0993615686893
0.105819031596
0.0974963083863
0.0979094356298
0.106552273035
0.0985714122653
0.0956478044391
0.0954764187336
0.0979941934347
0.095877058804
0.105971127748
0.0988378450274
0.0954457744956
0.0960267037153
0.0970289856195
0.0956935957074
0.0994618758559
0.0978641211987
0.0992915555835
0.0985590294003
0.0965097770095
0.0947733446956
0.098354190588
0.110110588372
0.0965438783169
0.095320686698
0.0960402116179
0.0950401499867
0.108727067709
0.0958272069693
0.0955911055207
0.100712940097
0.0959166437387
0.0962319150567
0.0946792438626
0.0947714447975
0.0965102091432
0.0946846008301
0.0944736376405
0.094519212842
0.0974030941725
0.0946008786559
0.0975001379848
0.0956479385495
0.0941845774651
0.0956279113889
0.0965201929212
0.0946521610022
0.0942787602544
0.0942148938775
0.0973205566406
0.0961695984006
0.0986645370722
0.0967864990234
0.0963652804494
0.0940687060356
0.0941368862987
0.0989205539227
0.103840351105
0.101110115647
0.0944203138351
0.103369928896
0.0941289365292
0.0962834060192
0.102804459631
0.0942138880491
0.102967061102
0.0974302366376
0.0956370383501
0.0939853414893
0.0943187773228
0.100513257086
0.094310849905
0.094487965107
0.103292532265
0.0941281095147
0.0984128713608
0.0944031104445
0.0942035838962
0.0973627716303
0.098202727735
0.0946366637945
0.0944162532687
0.0952229127288
0.104829981923
0.100016534328
0.104780569673
0.0970036685467
0.0944305583835
0.0975881516933
0.0940912216902
0.0940940380096
0.0956374853849
0.0953203365207
0.0940371081233
0.093986839056
0.0939994826913
0.0942204073071
0.09447581321
0.0944843962789
0.0969146639109
0.0949546694756
0.0938827767968
0.0939740687609
0.104967258871
0.093967884779
0.0946345180273
0.0954526364803
0.0938011333346
0.0979381129146
0.0939907804132
0.0947739034891
0.095228523016
0.0938230007887
0.0939418897033
0.0951887890697
0.0943578779697
0.0943477004766
0.0939331501722
0.0963306948543
0.0938742384315
0.0940466448665
0.094309642911
0.094016738236
0.0959163755178
0.094054363668
0.0940831452608
0.0945189893246
0.0953796878457
0.0939790830016
0.0943288654089
0.0937606096268
0.0939021334052
0.104582086205
0.0940386131406
0.0937779843807
0.0956622362137
0.100360617042
0.0950967893004
0.0979245603085
0.0941704884171
0.0970071181655
0.104651682079
0.0972792729735
0.104376912117
0.0950953066349
0.0939389020205
0.0937323048711
0.0938305705786
0.101550146937
0.0986483693123
0.0937898010015
0.0949785560369
0.0940029248595
0.0983661338687
0.0937760993838
0.0957481786609
0.0961301326752
0.0939739122987
0.0939204692841
0.097549714148
0.0965309590101
0.0948961228132
0.0936012789607
0.0936345532537
0.0937401726842
0.0940426588058
0.0935993120074
0.0946863293648
0.0956294536591
0.0942968428135
0.0945056974888
0.0956041440368
0.0936325788498
0.0947184711695
0.0984988808632
0.0940290242434
0.0938153713942
0.0941479206085
0.101946555078
0.0937196463346
0.0935352221131
0.104377798736
0.0936284139752
0.0937850549817
0.098486058414
0.0935130119324
0.0963282063603
0.0944663286209
0.111118778586
0.0943693593144
0.093506321311
0.0935099497437
0.0983286574483
0.0935271382332
0.104452960193
0.0935860052705
0.093554072082
0.09389231354
0.0939807444811
0.0942887440324
0.093459226191
0.0934558957815
0.0935431569815
0.0944640934467
0.0965445414186
0.0935761928558
0.0963346734643
0.0965016037226
0.0934650301933
0.0935416519642
0.0951142832637
0.0950878337026
0.0935427770019
0.0959429219365
0.0934377834201
0.0934486091137
0.0934284478426
0.0939242690802
0.0938537418842
0.0965219140053
0.0934359878302
0.0958337187767
0.093716070056
0.0936054512858
0.0954707339406
0.0948224067688
0.0933357253671
0.0935792326927
0.0942698195577
0.0961979553103
0.0935412123799
0.0945224761963
0.0933561548591
0.0947571992874
0.104430437088
0.0936116874218
0.0961178317666
0.0963276028633
0.0940021127462
0.0952695682645
0.0970319584012
0.0933084264398
0.0937111899257
0.0939370468259
0.0933351367712
0.0969458445907
0.098050929606
0.0949126109481
0.09341545403
0.0932784825563
0.0932203829288
0.095906727016
0.105283856392
0.111835755408
0.0932769924402
0.0946870222688
0.0936027169228
0.0932311192155
0.0990755334496
0.093495734036
0.0932011008263
0.094220995903
0.0935603603721
0.0947738662362
0.100744917989
0.1048373878
0.0932871177793
0.0974953472614
0.0931782573462
0.0952060446143
0.0953621268272
0.0953345522285
0.111953295767
0.0938841477036
0.0940063595772
