0.702682256699
0.694494485855
0.680438697338
0.661449432373
0.651246011257
0.644274055958
0.638790011406
0.621898233891
0.625277400017
0.611937463284
0.609818935394
0.611049354076
0.586135149002
0.589951455593
0.59125494957
0.570718646049
0.570320248604
0.580844640732
0.565943360329
0.572343766689
0.553555190563
0.539715886116
0.537157356739
0.537256240845
0.526999771595
0.525001049042
0.524884641171
0.509479701519
0.512295484543
0.504262924194
0.50105291605
0.507718145847
0.49343419075
0.482570290565
0.487888157368
0.48019322753
0.474295973778
0.463251650333
0.46991866827
0.465318381786
0.462220847607
0.466427415609
0.437595576048
0.448225528002
0.452118426561
0.433114647865
0.443973362446
0.434125512838
0.434415131807
0.410671263933
0.415855139494
0.408984512091
0.425005197525
0.377789378166
0.412167906761
0.404267668724
0.406992912292
0.390038132668
0.387156277895
0.357278972864
0.367320358753
0.348225623369
0.34665325284
0.375846922398
0.352971404791
0.336853653193
0.379789948463
0.365523189306
0.341759622097
0.358197689056
0.389912068844
0.335285574198
0.344231456518
0.326881974936
0.336327791214
0.322969526052
0.299327164888
0.336775779724
0.293946594
0.29834190011
0.27847597003
0.335840165615
0.278764277697
0.297128915787
0.276367932558
0.296490699053
0.315316468477
0.23837980628
0.274342179298
0.270911812782
0.252652317286
0.263493150473
0.249517858028
0.249571532011
0.24952109158
0.239310637116
0.224101662636
0.213584348559
0.224246233702
0.232955753803
0.202029287815
0.213622525334
0.22183662653
0.212513431907
0.22966824472
0.214097097516
0.207307472825
0.214130565524
0.190248921514
0.207928538322
0.198427066207
0.199615299702
0.20249132812
0.223591282964
0.194004863501
0.21670524776
0.191331595182
0.181463584304
0.230438753963
0.203770339489
0.172338366508
0.209013924003
0.168087482452
0.187137961388
0.163630217314
0.182844787836
0.169120922685
0.228215456009
0.174322962761
0.159152671695
0.169402182102
0.16706520319
0.160043522716
0.186944052577
0.163492679596
0.159328833222
0.174325630069
0.139319449663
0.1405030936
0.156313821673
0.166165873408
0.13236425817
0.157186791301
0.217935398221
0.139573067427
0.154762178659
0.142237618566
0.178379714489
0.139316678047
0.168583825231
0.157667472959
0.134635701776
0.127480253577
0.127197355032
0.138853043318
0.149753972888
0.179703891277
0.146197125316
0.149137094617
0.134096831083
0.136605963111
0.133620887995
0.140579745173
0.134974524379
0.153617575765
0.151259541512
0.116640649736
0.127240374684
0.128646329045
0.155502647161
0.117082230747
0.141224175692
0.1140011549
0.1156450212
0.133613198996
0.10735078156
0.146030336618
0.113677494228
0.131457731128
0.10905162245
0.127033486962
0.123536422849
0.121664039791
0.119399279356
0.0969558879733
0.115016043186
0.109666310251
0.140072226524
0.115310750902
0.0990700945258
0.107708118856
0.141589328647
0.0798922106624
0.147520720959
0.111849658191
0.148163616657
0.095273219049
0.133932888508
0.158340975642
0.105898790061
0.126160055399
0.12039539963
0.104893922806
0.113453544676
0.0828872025013
0.0839841365814
0.0963567942381
0.0937798395753
0.0807898342609
0.104192316532
0.126476943493
0.138118594885
0.0804387703538
0.120886072516
0.0913963168859
0.125438824296
0.105093151331
0.130553841591
0.0788746401668
0.0971179902554
0.0841039866209
0.0582022145391
0.0683945342898
0.102450214326
0.0959542095661
0.0606540367007
0.0788381323218
0.0767075195909
0.103291273117
0.0704704076052
0.0871656537056
0.104307740927
0.079051785171
0.0819954946637
0.111809723079
0.0751940384507
0.0919958353043
0.0956222563982
0.119032397866
0.0704344063997
0.0974938720465
0.0608778595924
0.0948571935296
0.0791397094727
0.0775662213564
0.0740741789341
0.0765373706818
0.0673009380698
0.0583163239062
0.100668333471
0.0849395915866
0.0802532732487
0.0808106511831
0.0690357536077
0.0788961052895
0.101596444845
0.0615147203207
0.0597897209227
0.128358453512
0.110706329346
0.0555672608316
0.111207708716
0.0758508369327
0.0670930296183
0.0918672829866
0.0742815136909
0.0814223214984
0.101946748793
0.0720028355718
0.0828583538532
0.106021732092
0.0906140804291
0.0870953425765
0.0839565768838
0.0953570231795
0.037106949836
0.0759815871716
0.1129129529
0.0814002901316
0.0720182061195
0.103384844959
0.0658042281866
0.110924392939
0.0574566833675
0.0573181584477
0.0815207958221
0.0817853957415
0.0675080046058
0.0530713051558
0.0651798099279
0.0468612536788
0.0503649264574
0.0877061337233
0.0591747276485
0.0988859906793
0.0978730022907
0.0785942450166
0.101950734854
0.0548512637615
0.0562247224152
