0.693147242069
0.691700577736
0.689937770367
0.688609480858
0.687527537346
0.686688542366
0.686105549335
0.685779929161
0.685693740845
0.685802459717
0.686028182507
0.686273694038
0.686460196972
0.686549067497
0.68653768301
0.686446011066
0.686304152012
0.686142802238
0.685988128185
0.68585896492
0.685765862465
0.685711622238
0.68569278717
0.685702085495
0.685729861259
0.685766160488
0.68580198288
0.685830771923
0.685848414898
0.685852706432
0.685844659805
0.685826301575
0.685800969601
0.685772836208
0.685745477676
0.685722112656
0.685705244541
0.685695290565
0.685692608356
0.685695648193
0.685702562332
0.685711145401
0.685719132423
0.685724794865
0.68572717905
0.685725986958
0.685721933842
0.685715913773
0.685709059238
0.685702562332
0.685697376728
0.685694098473
0.685692608356
0.68569290638
0.6856944561
0.685696542263
0.685698568821
0.685700118542
0.685700774193
0.685700654984
0.685699760914
0.685698211193
0.685696482658
0.685694873333
0.685693562031
0.68569278717
0.685692608356
0.68569278717
0.685693204403
0.685693800449
0.685694396496
0.685694694519
0.685694694519
0.68569457531
0.685694158077
0.68569368124
0.685693264008
0.685692846775
0.685692608356
0.685692608356
0.685692608356
0.685692846775
0.685692965984
0.685693085194
0.685693204403
0.685693144798
0.685693144798
0.685693085194
0.685692846775
0.685692667961
0.685692608356
0.685692608356
0.685692608356
0.685692608356
0.68569278717
0.685692667961
0.685692608356
0.68569278717
0.68569278717
0.685692667961
0.685692667961
0.685692667961
0.685692548752
0.685692608356
0.685692608356
0.685692608356
0.685692608356
0.685692667961
0.685692608356
0.685692667961
0.685692608356
0.685692608356
0.685692548752
0.685692608356
0.685692608356
0.685692548752
0.685692608356
0.685692608356
0.685692608356
0.685692608356
0.685692608356
0.685692608356
0.685692608356
0.685692608356
0.685692608356
0.685692548752
0.685692548752
0.685692608356
0.685692608356
0.685692608356
0.685692548752
0.685692608356
0.685692608356
0.685692608356
0.685692667961
0.685692489147
0.685692608356
0.685692608356
0.685692608356
0.685692608356
0.685692548752
0.685692608356
0.685692548752
0.685692608356
0.685692608356
0.685692608356
0.685692548752
0.685692608356
0.685692608356
0.685692608356
0.685692608356
0.685692548752
0.685692608356
0.685692608356
0.685692608356
0.685692608356
0.685692608356
0.685692608356
0.685692667961
0.685692548752
0.685692608356
0.685692608356
0.685692548752
0.685692608356
0.685692548752
0.685692548752
0.685692608356
0.685692548752
0.685692608356
0.685692608356
0.685692608356
0.685692608356
0.685692608356
0.685692608356
0.685692608356
0.685692608356
0.685692548752
0.685692608356
0.685692548752
0.685692608356
0.685692608356
0.685692548752
0.685692608356
0.685692548752
0.685692608356
0.685692548752
0.685692608356
0.685692608356
0.685692608356
0.685692608356
0.685692548752
0.685692548752
0.685692608356
0.685692608356
0.685692608356
0.685692608356
0.685692608356
0.685692608356
0.685692608356
0.685692548752
0.685692608356
0.685692608356
0.685692608356
0.685692548752
0.685692608356
0.685692608356
0.685692489147
0.685692608356
0.685692548752
0.685692608356
0.685692608356
0.685692548752
0.685692548752
0.685692608356
0.685692608356
0.685692548752
0.685692608356
0.685692608356
0.685692548752
0.685692608356
0.685692608356
0.685692608356
0.685692608356
0.685692608356
0.685692548752
0.685692608356
0.685692548752
0.685692548752
0.685692608356
0.685692608356
0.685692667961
0.685692548752
0.685692608356
0.685692608356
0.685692548752
0.685692608356
0.685692548752
0.685692608356
0.685692608356
0.685692608356
0.685692608356
0.685692608356
0.685692548752
0.685692548752
0.685692608356
0.685692608356
0.685692608356
0.685692608356
0.685692608356
0.685692608356
0.685692608356
0.685692548752
0.685692608356
0.685692608356
0.685692608356
0.685692608356
0.685692608356
0.685692608356
0.685692608356
0.685692608356
0.685692608356
0.685692608356
0.685692608356
0.685692608356
0.685692608356
0.685692548752
0.685692608356
0.685692608356
0.685692608356
0.685692608356
0.685692608356
0.685692608356
0.685692608356
0.685692548752
0.685692608356
0.685692608356
0.685692608356
0.685692608356
0.685692608356
0.685692608356
0.685692667961
0.685692608356
0.685692548752
0.685692608356
0.685692548752
0.685692608356
0.685692608356
0.685692608356
0.685692608356
0.685692608356
0.685692548752
0.685692608356
0.685692548752
0.685692548752
0.685692608356
0.685692548752
0.685692608356
0.685692608356
0.685692608356
0.685692608356
0.685692608356
0.685692608356
0.685692548752
0.685692608356
0.685692608356
0.685692608356
0.685692608356
0.685692608356
0.685692608356
0.685692608356
0.685692548752
0.685692608356
0.685692548752
0.685692608356
0.685692608356
0.685692548752
0.685692548752
0.685692608356
0.685692667961
0.685692608356
0.685692608356
0.685692608356
0.685692608356
0.685692608356
0.685692608356
0.685692608356
0.685692608356
0.685692608356
0.685692608356
0.685692608356
0.685692608356
0.685692608356
0.685692548752
0.685692608356
0.685692608356
0.685692608356
0.685692608356
0.685692667961
0.685692608356
0.685692608356
0.685692608356
0.685692608356
0.685692608356
0.685692608356
0.685692608356
0.685692608356
0.685692548752
0.685692608356
0.685692608356
0.685692608356
0.685692548752
0.685692608356
0.685692608356
0.685692608356
0.685692548752
0.685692548752
0.685692608356
0.685692608356
0.685692548752
0.685692608356
0.685692608356
0.685692608356
0.685692608356
0.685692548752
0.685692608356
0.685692608356
0.685692608356
0.685692608356
0.685692548752
0.685692608356
0.685692608356
0.685692608356
0.685692608356
0.685692608356
0.685692548752
0.685692548752
0.685692608356
0.685692608356
0.685692608356
0.685692608356
0.685692608356
0.685692608356
0.685692608356
0.685692608356
0.685692608356
0.685692608356
0.685692608356
0.685692667961
0.685692608356
0.685692608356
0.685692608356
0.685692608356
0.685692548752
0.685692608356
0.685692608356
0.685692608356
0.685692608356
0.685692608356
0.685692608356
0.685692608356
0.685692608356
0.685692548752
0.685692608356
0.685692608356
0.685692608356
0.685692608356
0.685692608356
0.685692608356
0.685692608356
0.685692608356
0.685692548752
0.685692608356
0.685692608356
0.685692608356
0.685692608356
0.685692608356
0.685692548752
0.685692608356
0.685692608356
0.685692608356
0.685692608356
0.685692548752
0.685692608356
0.685692608356
0.685692608356
0.685692608356
0.685692608356
0.685692608356
0.685692608356
0.685692608356
0.685692608356
0.685692608356
0.685692608356
0.685692608356
0.685692608356
0.685692608356
0.685692608356
0.685692608356
0.685692608356
0.685692548752
0.685692608356
0.685692608356
0.685692608356
0.685692548752
0.685692608356
0.685692548752
0.685692608356
0.685692608356
0.685692608356
0.685692608356
0.685692608356
0.685692548752
0.685692608356
0.685692608356
0.685692608356
0.685692608356
0.685692548752
0.685692608356
0.685692608356
0.685692608356
0.685692608356
0.685692608356
0.685692548752
0.685692548752
0.685692548752
0.685692608356
0.685692608356
0.685692608356
0.685692608356
0.685692548752
0.685692608356
0.685692608356
0.685692608356
0.685692608356
0.685692608356
0.685692608356
0.685692608356
0.685692548752
0.685692608356
0.685692608356
0.685692548752
0.685692608356
0.685692608356
0.685692608356
0.685692548752
0.685692608356
0.685692608356
0.685692608356
0.685692608356
0.685692608356
0.685692608356
0.685692608356
0.685692608356
0.685692608356
0.685692608356
0.685692608356
0.685692608356
0.685692608356
0.685692548752
0.685692548752
0.685692608356
0.685692608356
0.685692548752
0.685692608356
0.685692608356
0.685692608356
0.685692608356
0.685692548752
0.685692608356
0.685692548752
0.685692608356
0.685692608356
0.685692548752
0.685692608356
0.685692608356
0.685692608356
0.685692608356
0.685692608356
0.685692608356
0.685692608356
0.685692608356
0.685692608356
0.685692548752
0.685692608356
0.685692608356
0.685692608356
0.685692548752
0.685692608356
0.685692608356
0.685692608356
0.685692608356
0.685692608356
0.685692608356
0.685692608356
0.685692608356
0.685692608356
0.685692608356
0.685692608356
0.685692608356
0.685692608356
0.685692608356
0.685692608356
0.685692608356
0.685692608356
0.685692608356
0.685692608356
0.685692608356
0.685692608356
0.685692608356
0.685692608356
0.685692548752
0.685692608356
0.685692608356
0.685692608356
0.685692548752
0.685692608356
0.685692608356
0.685692608356
0.685692548752
0.685692608356
0.685692548752
0.685692548752
0.685692608356
0.685692608356
0.685692608356
0.685692608356
0.685692608356
0.685692608356
0.685692608356
0.685692608356
0.685692608356
0.685692608356
0.685692608356
0.685692608356
0.685692548752
0.685692548752
0.685692608356
0.685692608356
0.685692608356
0.685692548752
0.685692608356
0.685692667961
0.685692608356
0.685692608356
0.685692608356
0.685692608356
0.685692608356
0.685692608356
0.685692608356
0.685692548752
0.685692608356
0.685692608356
0.685692608356
0.685692608356
0.685692608356
0.685692608356
0.685692608356
0.685692608356
0.685692548752
0.685692608356
0.685692608356
0.685692608356
0.685692608356
0.685692608356
0.685692608356
0.685692608356
0.685692608356
0.685692608356
0.685692608356
0.685692608356
0.685692608356
0.685692608356
0.685692608356
0.685692608356
0.685692608356
0.685692608356
0.685692608356
0.685692608356
0.685692608356
0.685692608356
0.685692608356
0.685692608356
0.685692608356
0.685692608356
0.685692608356
0.685692548752
0.685692608356
0.685692608356
0.685692608356
0.685692608356
0.685692608356
0.685692608356
0.685692548752
0.685692608356
0.685692608356
0.685692608356
0.685692608356
0.685692608356
0.685692548752
0.685692608356
0.685692608356
0.685692608356
0.685692608356
0.685692608356
0.685692608356
0.685692608356
0.685692608356
0.685692608356
0.685692608356
0.685692608356
0.685692667961
0.685692608356
0.685692608356
0.685692608356
0.685692608356
0.685692608356
0.685692608356
0.685692548752
0.685692608356
0.685692608356
0.685692608356
0.685692608356
0.685692608356
0.685692548752
0.685692608356
0.685692608356
0.685692548752
0.685692608356
0.685692548752
0.685692608356
0.685692608356
0.685692667961
0.685692608356
0.685692608356
0.685692548752
0.685692608356
0.685692608356
0.685692548752
0.685692608356
0.685692667961
0.685692608356
0.685692548752
0.685692608356
0.685692608356
0.685692667961
0.685692608356
0.685692608356
0.685692608356
0.685692608356
0.685692608356
0.685692608356
0.685692608356
0.685692608356
0.685692608356
0.685692608356
0.685692608356
0.685692608356
0.685692548752
0.685692608356
0.685692608356
0.685692608356
0.685692608356
0.685692608356
0.685692608356
0.685692608356
0.685692608356
0.685692608356
0.685692608356
0.685692608356
0.685692608356
0.685692608356
0.685692608356
0.685692608356
0.685692608356
0.685692608356
0.685692608356
0.685692608356
0.685692608356
0.685692608356
0.685692608356
0.685692608356
0.685692608356
0.685692667961
0.685692608356
0.685692608356
0.685692608356
0.685692548752
0.685692608356
0.685692608356
0.685692608356
0.685692608356
0.685692608356
0.685692608356
0.685692608356
0.685692608356
0.685692608356
0.685692608356
0.685692608356
0.685692608356
0.685692608356
0.685692608356
0.685692608356
0.685692608356
0.685692608356
0.685692608356
0.685692608356
0.685692608356
0.685692608356
0.685692608356
0.685692608356
0.685692608356
0.685692608356
0.685692608356
0.685692608356
0.685692608356
0.685692608356
0.685692608356
0.685692548752
0.685692608356
0.685692608356
0.685692608356
0.685692608356
0.685692608356
0.685692608356
0.685692608356
0.685692608356
0.685692608356
0.685692608356
0.685692608356
0.685692608356
0.685692608356
0.685692548752
0.685692608356
0.685692608356
0.685692608356
0.685692608356
0.685692667961
0.685692667961
0.685692548752
0.685692608356
0.685692608356
0.685692608356
0.685692608356
0.685692608356
0.685692608356
0.685692548752
0.685692608356
0.685692608356
0.685692548752
0.685692608356
0.685692608356
0.685692608356
0.685692608356
0.685692548752
0.685692608356
0.685692608356
0.685692608356
0.685692608356
0.685692548752
0.685692608356
0.685692608356
0.685692608356
0.685692608356
0.685692608356
0.685692608356
0.685692548752
0.685692548752
0.685692608356
0.685692608356
0.685692608356
0.685692608356
0.685692608356
0.685692608356
0.685692608356
0.685692608356
0.685692608356
0.685692608356
0.685692608356
0.685692608356
0.685692548752
0.685692548752
0.685692608356
0.685692608356
0.685692608356
0.685692608356
0.685692608356
0.685692608356
0.685692608356
0.685692608356
0.685692608356
0.685692608356
0.685692608356
0.685692608356
0.685692608356
0.685692608356
0.685692608356
0.685692608356
0.685692548752
0.685692548752
0.685692608356
0.685692608356
0.685692608356
0.685692608356
0.685692548752
0.685692608356
0.685692608356
0.685692608356
0.685692608356
0.685692548752
0.685692608356
0.685692548752
0.685692608356
0.685692608356
0.685692548752
0.685692548752
0.685692608356
0.685692548752
0.685692608356
0.685692608356
0.685692608356
0.685692608356
0.685692608356
0.685692608356
0.685692608356
0.685692608356
0.685692548752
0.685692608356
0.685692608356
0.685692608356
0.685692548752
0.685692608356
0.685692608356
0.685692608356
0.685692608356
0.685692608356
0.685692548752
0.685692608356
0.685692608356
0.685692548752
0.685692608356
0.685692548752
0.685692608356
0.685692608356
0.685692608356
0.685692548752
0.685692548752
0.685692608356
0.685692608356
0.685692608356
0.685692608356
0.685692608356
0.685692667961
0.685692608356
0.685692608356
0.685692608356
0.685692548752
0.685692608356
0.685692608356
0.685692548752
0.685692548752
0.685692608356
0.685692548752
0.685692608356
0.685692548752
0.685692608356
0.685692608356
0.685692608356
0.685692608356
0.685692608356
0.685692608356
0.685692608356
0.685692608356
0.685692548752
0.685692608356
0.685692608356
0.685692608356
0.685692548752
0.685692608356
0.685692608356
0.685692548752
0.685692608356
0.685692608356
0.685692608356
0.685692548752
0.685692608356
0.685692608356
0.685692608356
0.685692608356
0.685692608356
0.685692608356
0.685692608356
0.685692608356
0.685692608356
0.685692548752
0.685692608356
0.685692548752
0.685692608356
0.685692548752
0.685692608356
0.685692548752
0.685692608356
0.685692608356
0.685692548752
0.685692608356
0.685692608356
0.685692608356
0.685692608356
0.685692608356
0.685692608356
0.685692608356
0.685692608356
0.685692548752
0.685692608356
0.685692608356
0.685692608356
0.685692548752
0.685692608356
0.685692608356
0.685692608356
0.685692608356
0.685692608356
0.685692608356
0.685692608356
0.685692548752
0.685692548752
0.685692548752
0.685692608356
0.685692608356
0.685692608356
0.685692608356
0.685692608356
0.685692548752
0.685692608356
0.685692608356
0.685692608356
0.685692608356
0.685692608356
0.685692608356
0.685692608356
0.685692548752
0.685692608356
0.685692608356
0.685692608356
0.685692608356
0.685692608356
0.685692608356
0.685692608356
0.685692608356
0.685692608356
0.685692548752
0.685692608356
0.685692608356
0.685692608356
0.685692608356
0.685692608356
0.685692608356
0.685692608356
0.685692608356
0.685692548752
0.685692608356
