0.682350039482
0.666943490505
0.659953176975
0.661170005798
0.6399487257
0.644275784492
0.636313438416
0.627877056599
0.610108315945
0.635954022408
0.626957654953
0.632469236851
0.640776872635
0.627044558525
0.612678766251
0.615406930447
0.612157523632
0.604511082172
0.60036611557
0.597191333771
0.603100895882
0.630233228207
0.56364095211
0.592172384262
0.579463601112
0.592868924141
0.601891279221
0.599358022213
0.596755802631
0.596695482731
0.575594484806
0.582989156246
0.560210764408
0.577270746231
0.584512472153
0.562749922276
0.584381937981
0.57031327486
0.56340444088
0.573991417885
0.563999474049
0.543354928493
0.555777668953
0.571814119816
0.597207963467
0.533709943295
0.545264422894
0.532933652401
0.569711625576
0.534951031208
0.57384198904
0.526305913925
0.609405577183
0.562869489193
0.549526035786
0.560075998306
0.552861273289
0.571457803249
0.576710999012
0.559239983559
0.546316742897
0.554853320122
0.530019462109
0.532437741756
0.502087473869
0.572748303413
0.548193216324
0.537847697735
0.545627593994
0.559572041035
0.561273396015
0.502058625221
0.548011302948
0.523518383503
0.582862615585
0.554593801498
0.539841353893
0.51780217886
0.561462402344
0.538139283657
0.528373062611
0.555685400963
0.543156206608
0.519002914429
0.54200977087
0.504175245762
0.504331290722
0.563020944595
0.539844810963
0.513393878937
0.526174128056
0.562254965305
0.542226850986
0.518310070038
0.541818320751
0.521485507488
0.54315507412
0.550014913082
0.536806106567
0.537009656429
0.500570654869
0.506998300552
0.529590427876
0.534651577473
0.555085718632
0.505167543888
0.533617258072
0.500200688839
0.543551206589
0.524742007256
0.527491509914
0.542842566967
0.574604570866
0.534662663937
0.491955578327
0.500166654587
0.542518556118
0.558870017529
0.552424967289
0.517353773117
0.516364336014
0.503033101559
0.516210258007
0.478966534138
0.550429463387
0.536018192768
0.538741052151
0.510565936565
0.563531816006
0.499272108078
0.551272630692
0.531650304794
0.526588022709
0.523522436619
0.512904703617
0.499109119177
0.519325613976
0.50324511528
0.489896684885
0.520795881748
0.535199701786
0.562394022942
0.51697576046
0.485968530178
0.496920436621
0.561498939991
0.501435101032
0.502695918083
0.545393943787
0.551602482796
0.516488850117
0.534282684326
0.507598221302
0.509433567524
0.496028780937
0.491941273212
0.53656744957
0.508856415749
0.471178233624
0.523403584957
0.531759917736
0.483618468046
0.519671916962
0.508092701435
0.481216579676
0.531094074249
0.471727609634
0.550703525543
0.517297506332
0.548310577869
0.484229922295
0.547365665436
0.53037750721
0.486613422632
0.528677463531
0.485311925411
0.51284468174
0.467217862606
0.490445166826
0.526911973953
0.474463552237
0.437645614147
0.436134666204
0.478398889303
0.469374090433
0.507146716118
0.509696483612
0.508248925209
0.516719102859
0.507316470146
0.438201785088
0.521906197071
0.470855742693
0.512741208076
0.460223287344
0.475588917732
0.458033055067
0.508967936039
0.47265625
0.487233012915
0.528008818626
0.476574867964
0.452582240105
0.49573251605
0.480482548475
0.549029171467
0.483516156673
0.509012460709
0.475271970034
0.514484405518
0.546778976917
0.487710654736
0.523238122463
0.482368171215
0.497783541679
0.471930652857
0.515318751335
0.555481791496
0.503432750702
0.456211566925
0.520583748817
0.459784984589
0.515519320965
0.457050681114
0.450317502022
0.502723753452
0.481457561255
0.535651981831
0.486882954836
0.517556011677
0.449122160673
0.455763816833
0.47290289402
0.50517386198
0.449019670486
0.514910161495
0.513077259064
0.462041705847
0.497114300728
0.512825787067
0.505213916302
0.460892647505
0.469274669886
0.504412412643
0.528030395508
0.532939851284
0.480249017477
0.462224900723
0.458038926125
0.413863629103
0.447350174189
0.515398740768
0.47079667449
0.448522925377
0.481044948101
0.493311703205
0.49526014924
0.460225820541
0.498063236475
0.526453018188
0.43550875783
0.455271750689
0.433688730001
0.474092930555
0.452502965927
0.480742901564
0.46453255415
0.511594116688
0.461309581995
0.456259608269
0.453137099743
0.443312257528
0.470194846392
0.434634923935
0.453168034554
0.452472448349
0.447611004114
0.47589802742
0.426107406616
0.44123005867
0.465711832047
0.448566943407
0.451229572296
0.469456851482
0.611952722073
0.513840377331
0.473249346018
0.462504088879
0.472474366426
0.455450594425
0.455718517303
0.468058884144
0.500719666481
0.501685857773
0.477609097958
0.469291567802
0.466222524643
0.44289663434
0.440833330154
0.470813661814
0.489891022444
0.443975538015
0.442769646645
0.478655666113
0.417319238186
0.478140115738
0.432265341282
0.442828953266
0.445558160543
0.436437219381
0.451493263245
0.493548810482
0.495118051767
0.512555241585
0.451060831547
0.424772411585
0.460480183363
0.457709044218
0.453354626894
0.470257043839
0.457963377237
0.462442696095
0.430079698563
0.486847221851
0.450397014618
0.551375746727
0.463355153799
0.472068071365
0.485671073198
0.455688267946
0.432062476873
0.462136089802
0.441552966833
0.485501855612
0.417523413897
0.457780539989
0.4751316607
0.45784637332
0.463812708855
0.465438902378
0.505944013596
0.457289993763
0.460845917463
0.464363515377
0.477063298225
0.456160992384
0.447525173426
0.511450946331
0.452586621046
0.469708412886
0.37776979804
0.456783473492
0.433773815632
0.412163794041
0.457395464182
0.430550396442
0.433621585369
0.4658446908
0.475742101669
0.457111150026
0.448775202036
0.478906333447
0.463374525309
0.440917521715
0.488809943199
0.407755732536
0.441268473864
0.492026656866
0.407649725676
0.447837114334
0.444843798876
0.439470529556
0.481388181448
0.435396134853
0.398910164833
0.42614030838
0.427666276693
0.444604426622
0.44335564971
0.422370135784
0.457717001438
0.457361221313
0.453470826149
0.445837765932
0.38634160161
0.44676476717
0.474775701761
0.399662286043
0.404124855995
0.456385493279
0.469504833221
0.420602411032
0.471418887377
0.467663675547
0.456229239702
0.395162194967
0.409276366234
0.392156243324
0.431015014648
0.462605148554
0.454319417477
0.482860982418
0.451357662678
0.416700124741
0.40561914444
0.483401596546
0.428303569555
0.473055064678
0.430523782969
0.469268292189
0.453037887812
0.449494302273
0.429668337107
0.465421915054
0.435833245516
0.422323614359
0.4466778934
0.439310282469
0.484056800604
0.471817046404
0.443387657404
0.44688385725
0.491528868675
0.402833342552
0.451636701822
0.419710159302
0.420682430267
0.48154348135
0.498777806759
0.395937770605
0.431271135807
0.443341374397
0.447970718145
0.435229122639
0.419091016054
0.444277495146
0.4996483922
0.407003551722
0.355534434319
0.427364915609
0.437552541494
0.42182263732
0.469291567802
0.42693182826
0.477166593075
0.466837078333
0.471674621105
0.430064529181
0.429827928543
0.440832346678
0.433910429478
0.430418848991
0.398105382919
0.403974056244
0.417376935482
0.452698767185
0.393342763186
0.465886563063
0.416840344667
0.405412912369
0.433065801859
0.431843280792
0.423859059811
0.39889845252
0.426983565092
0.428160101175
0.426250219345
0.380894839764
0.392071187496
0.385524481535
0.449009627104
0.429326057434
0.43192243576
0.410196900368
0.387887299061
0.432713866234
0.38784044981
0.382826209068
0.483960181475
0.402338922024
0.476615965366
0.44308334589
0.460404545069
0.431868880987
0.458575189114
0.403968244791
0.424875319004
0.456675499678
0.414314568043
0.404980629683
0.401746869087
0.46392801404
0.422832667828
0.389728218317
0.424765229225
0.414137870073
0.371379941702
0.436528414488
0.42335036397
0.497972279787
0.464724421501
0.4253693223
0.441316395998
0.425226569176
0.432304114103
0.393390715122
0.39173489809
0.459508240223
0.413586378098
0.391651690006
0.432491064072
0.457191169262
0.430570870638
0.388605207205
0.437850981951
0.44319793582
0.437590062618
0.421275883913
0.510838270187
0.382541626692
0.423043072224
0.458388358355
0.439209640026
0.447733074427
0.450302183628
0.431441038847
0.405602812767
0.428761392832
0.389259457588
0.402814239264
0.411026358604
0.40828448534
0.42008176446
0.414423674345
0.464051902294
0.44239577651
0.452001422644
0.420820057392
0.377305299044
0.417550057173
0.397399634123
0.443053156137
0.416128158569
0.445130199194
0.4548214674
0.380166560411
0.432147800922
0.429978787899
0.378251671791
0.401284664869
0.397387772799
0.46848359704
0.463440686464
0.385158121586
0.440641194582
0.399241149426
0.474189609289
0.388610184193
0.365779697895
0.421887874603
0.39751496911
0.443946123123
0.43285882473
0.404992640018
0.403307795525
0.408535987139
0.415088891983
0.426288723946
0.425972104073
0.408675640821
0.435412824154
0.38545396924
0.398613899946
0.451937317848
0.464761376381
0.39763122797
0.434937089682
0.421763509512
0.407615184784
0.447325468063
0.443052560091
0.390790581703
0.404066383839
0.370839685202
0.404328912497
0.470680117607
0.419072061777
0.472655147314
0.408315360546
0.395487785339
0.410503149033
0.406502574682
0.416462153196
0.379697650671
0.446611136198
0.362651765347
0.41611880064
0.414423942566
0.470223486423
0.449845373631
0.43402454257
0.398407578468
0.431913048029
0.392085969448
0.388095021248
0.449252516031
0.404363781214
0.367394685745
0.425259411335
0.381348133087
0.440868586302
0.36701592803
0.409187048674
0.390879273415
0.404537528753
0.386267572641
0.450992941856
0.418532222509
0.381198853254
0.395039260387
0.452859163284
0.407211452723
0.469499200583
0.420945554972
0.407942324877
0.392858952284
0.442215174437
0.402343690395
0.444108903408
0.449066668749
0.392865210772
0.398772150278
0.394245952368
0.46473261714
0.445278704166
0.427494257689
0.465434491634
0.388555020094
0.455223858356
0.42178222537
0.408465236425
0.396151572466
0.474405050278
0.404654890299
0.464870542288
0.374345719814
0.40502512455
0.425064235926
0.40521940589
0.386901676655
0.377107262611
0.410957038403
0.391156315804
0.375500947237
0.340402662754
0.420070588589
0.39458206296
0.423308432102
0.440778523684
0.396300077438
0.438574075699
0.396856307983
0.397868037224
0.405269801617
0.401900053024
0.41627651453
0.438473433256
0.42097568512
0.42266651988
0.412286400795
0.381944686174
0.421496868134
0.388686478138
0.371106624603
0.374446898699
0.39593654871
0.444274306297
0.388683438301
0.343735933304
0.412812829018
0.433742851019
0.416496008635
0.360471993685
0.37194147706
0.429905653
0.473657160997
0.374770492315
0.40549108386
0.402846366167
0.407936096191
0.426772326231
0.458828955889
0.42091986537
0.438303351402
0.433071374893
0.407273083925
0.423965901136
0.449089378119
0.393300414085
0.395715415478
0.429941684008
0.443825036287
0.422518581152
0.461833417416
0.363452970982
0.382977515459
0.40433087945
0.401621967554
0.359027981758
0.391020089388
0.373572081327
0.384772628546
0.381872266531
0.450274884701
0.415852755308
0.414358437061
0.461855918169
0.435414165258
0.387382298708
0.377960681915
0.436586469412
0.384929984808
0.431195884943
0.412707179785
0.406457692385
0.345292508602
0.434455394745
0.435025244951
0.435644418001
0.405273467302
0.436775922775
0.422553092241
0.361511290073
0.390949159861
0.374952673912
0.410719335079
0.375089287758
0.429135143757
0.34333601594
0.463733315468
0.402262538671
0.391061335802
0.406012415886
0.440914571285
0.392090886831
0.404953867197
0.386293321848
0.428283035755
0.376429647207
0.350197255611
0.40427261591
0.425406694412
0.321827560663
0.414378494024
0.448077082634
0.398854017258
0.410311728716
0.495122015476
0.385041058064
0.389168202877
0.394487410784
0.419480770826
0.415793806314
0.398331582546
0.37062010169
0.444124102592
0.397643238306
0.416400849819
0.353750914335
0.440395742655
0.41920492053
0.41278424859
0.367491036654
0.415926665068
0.428605616093
0.391265571117
0.34209421277
0.386315017939
0.378488898277
0.434540450573
0.394172102213
0.395934551954
0.417294025421
0.443770557642
0.375548362732
0.406002670527
0.362373828888
0.408649116755
0.410696595907
0.361639857292
0.336741417646
0.400930702686
0.436760127544
0.464224398136
0.419862896204
0.39455768466
0.438820689917
0.428748965263
0.437795907259
0.373461544514
0.381056427956
0.383059978485
0.391503095627
0.398528009653
0.395492553711
0.371246784925
0.397992253304
0.413404583931
0.466303467751
0.401330113411
0.376719772816
0.360474795103
0.326595395803
0.404703468084
0.393325388432
0.330276638269
0.459863126278
0.400350242853
0.406000226736
0.465863406658
0.457485675812
0.395214170218
0.446088790894
0.38584035635
0.422843903303
0.404353529215
0.387410759926
0.375470489264
0.393826633692
0.395959317684
0.383270740509
0.360363692045
0.375719279051
0.358059853315
0.395997345448
0.443947702646
0.342758178711
0.359917134047
0.434050768614
0.390627145767
0.368721753359
0.38794785738
0.428115904331
0.358309477568
0.410446375608
0.417771756649
0.418554246426
0.380821198225
0.35385787487
0.381307005882
0.385635852814
0.394676327705
0.369775086641
0.360725581646
0.366187572479
0.399402588606
0.350103467703
0.428423017263
0.468875944614
0.369930207729
0.419879078865
0.452241033316
0.405977576971
0.386953562498
0.367020100355
0.336996972561
0.389129340649
0.433202892542
0.438643664122
0.363357365131
0.369246870279
0.347207039595
0.45359146595
0.412249833345
0.386732369661
0.391693323851
0.437469780445
0.392865806818
0.363981187344
0.418013870716
0.443637877703
0.366582214832
0.393763870001
0.387949585915
0.36533254385
0.377819001675
0.512321293354
0.42464068532
0.441421508789
0.439305752516
0.392225235701
0.413625776768
0.465491384268
0.428982555866
0.377066910267
0.39870351553
0.407387942076
0.438507884741
0.40387955308
0.42733874917
0.423212081194
0.399081259966
0.377063810825
0.366117745638
0.403486996889
0.469439029694
0.421490579844
0.393588662148
0.409690797329
0.476219445467
0.411930412054
0.414867907763
0.396679878235
0.371827632189
0.381114602089
0.38362839818
0.386976331472
0.363505899906
0.323387265205
0.437413960695
0.370176136494
0.406833022833
0.324442356825
0.416164964437
0.393171072006
0.330351561308
0.35711440444
0.386421710253
0.414590090513
0.420931339264
0.343148946762
0.369523644447
0.398866683245
0.390697568655
0.362084597349
0.418312072754
0.405948519707
0.392703533173
0.354477673769
0.312684714794
0.440228939056
0.342344343662
0.403375208378
0.332002520561
0.429241865873
0.419249325991
0.427760452032
0.434215575457
0.375084519386
0.389549911022
0.441395521164
0.397961497307
0.401524096727
0.457906574011
0.347454100847
0.378932267427
0.395551651716
0.366871446371
0.399881511927
0.353428244591
0.373675614595
0.416689753532
0.338415682316
0.396891146898
0.389449417591
0.415075808764
0.342905431986
0.365250110626
0.385884046555
0.3924523592
0.383289545774
0.371711015701
0.419672012329
0.427628964186
0.416723102331
0.380746692419
0.412690103054
0.42566922307
0.41621696949
0.375902414322
0.383506000042
0.335729688406
0.347547054291
0.427241265774
0.398302108049
0.423320293427
0.409833580256
0.365745425224
0.440646916628
0.366067200899
0.412486493587
0.357979536057
0.358779162169
0.399336725473
0.341848909855
0.357362300158
0.440604120493
0.397002130747
0.361918389797
0.414111316204
0.332916408777
0.465400993824
0.444249004126
0.369698137045
0.404779613018
0.421101331711
0.362591445446
0.353458464146
0.315477401018
0.334823191166
0.393070787191
0.38759124279
0.339207917452
0.370747327805
0.438921064138
0.430906414986
0.393481373787
0.390917360783
0.430429399014
0.350605249405
0.339909762144
0.386691808701
0.348318636417
0.391029924154
0.344638943672
0.398695856333
0.42702704668
0.404202520847
0.337206274271
0.405475884676
0.349293082952
0.349236994982
0.357382267714
0.312503457069
0.383283138275
0.398416817188
0.404370754957
0.431338489056
0.369080483913
0.322175741196
0.374148488045
0.372263461351
0.392406046391
0.363019615412
0.410068541765
0.33212146163
0.45346519351
0.368122309446
0.370511412621
0.385848492384
0.388605594635
0.390693336725
0.403034090996
0.341900140047
0.402756214142
0.313475608826
0.337853103876
0.364342153072
0.357119828463
0.371023535728
0.37168854475
0.368409991264
0.361715316772
0.344011843204
0.344835162163
0.395514786243
0.3855022192
0.394884586334
0.34464931488
0.400723785162
0.355332523584
0.350753188133
0.409116059542
0.416642636061
0.449216455221
0.444681555033
0.35641041398
0.454437106848
0.383041650057
0.372356832027
0.334671020508
0.406284868717
0.302926629782
0.419250428677
0.430155843496
0.419047296047
0.346486419439
0.386940509081
0.361486107111
0.352711290121
0.401275187731
0.363459676504
0.355832070112
0.32460334897
0.355932176113
0.371369719505
0.411676257849
0.38975250721
0.394526571035
0.376307576895
0.337179303169
0.351405471563
0.398786067963
0.355887651443
0.345932900906
0.393371790648
0.370103985071
0.367519170046
0.387255370617
0.337438553572
0.321197479963
0.441516786814
0.412503868341
0.403000146151
0.341646552086
0.357886999846
0.384696900845
0.362058907747
0.375018745661
0.393301665783
0.360894262791
0.37069028616
0.416122376919
0.356538653374
0.304286688566
0.388356626034
0.340074181557
0.417006492615
0.432895630598
0.333411365747
0.374061107635
0.348466604948
0.371219277382
0.364217251539
0.337871283293
0.374524146318
0.397589087486
0.377021461725
0.352493464947
0.364007383585
0.375652939081
0.39553207159
0.38830909133
0.391725897789
0.342866927385
0.41217443347
0.370119184256
0.406928420067
0.394241154194
0.372772216797
0.372298598289
0.432550042868
0.343663573265
0.417579323053
0.417722344398
0.348669439554
0.337547272444
0.387237101793
0.399676352739
0.372048974037
0.407380640507
0.355885565281
0.375000178814
0.354940533638
0.362297862768
0.398786604404
0.389801084995
0.345225065947
0.393287986517
0.417785942554
0.358008444309
0.329488903284
0.393382608891
0.381427675486
0.40562966466
0.336196899414
0.38271021843
0.402870744467
0.328892707825
0.347761720419
0.395043730736
0.383280187845
0.33785328269
0.359078526497
0.347584784031
0.354229897261
0.372575104237
0.363689035177
0.398225486279
0.354151517153
0.370283514261
0.386654675007
0.368225157261
0.350661426783
0.452199578285
0.395534098148
0.344600856304
0.327887266874
0.395638287067
0.336367100477
