0.71238052845
0.715906202793
0.707481503487
0.740208625793
0.686836361885
0.680803239346
0.660597264767
0.665444374084
0.668110609055
0.699972748756
0.675544023514
0.671899318695
0.681214630604
0.675038635731
0.667002081871
0.664226233959
0.672840237617
0.65432715416
0.672623574734
0.665391147137
0.64633923769
0.656095325947
0.654982507229
0.650294601917
0.633280694485
0.642232477665
0.633802771568
0.62495726347
0.652408063412
0.634814918041
0.626024782658
0.650325775146
0.640876591206
0.606797754765
0.625736415386
0.623225867748
0.601963937283
0.621351540089
0.614495337009
0.605075597763
0.584516942501
0.614279329777
0.619740307331
0.595280706882
0.615154385567
0.597818672657
0.568838775158
0.586548149586
0.595290184021
0.562342762947
0.564422011375
0.586502969265
0.564996957779
0.5845053792
0.585110604763
0.567891359329
0.599777877331
0.586108088493
0.580523610115
0.594252467155
0.552060484886
0.565757453442
0.571738302708
0.574754655361
0.569736003876
0.556894183159
0.558887958527
0.559757113457
0.549925506115
0.540437996387
0.543449044228
0.560584783554
0.566768527031
0.539693713188
0.522941350937
0.535345554352
0.550802230835
0.531180977821
0.536058068275
0.507673442364
0.527012169361
0.54293102026
0.541933059692
0.557523190975
0.523521006107
0.497787117958
0.534328281879
0.542522549629
0.486540973186
0.507060647011
0.502631902695
0.518479049206
0.490069180727
0.506890594959
0.474573791027
0.504302144051
0.502548217773
0.492556840181
0.459194719791
0.519350290298
0.494551509619
0.489589899778
0.537591159344
0.477130353451
0.497359514236
0.481781214476
0.511564910412
0.43974134326
0.459961682558
0.473024100065
0.494048863649
0.487100839615
0.447990000248
0.477529674768
0.489586949348
0.45628669858
0.472429960966
0.452673643827
0.451164364815
0.470019221306
0.400367468596
0.455561071634
0.420348346233
0.42385327816
0.442016750574
0.391392767429
0.402907520533
0.459464222193
0.428970843554
0.413871139288
0.435033321381
0.450661569834
0.403517186642
0.415926814079
0.436466991901
0.382122665644
0.428094357252
0.45318365097
0.439313679934
0.415853649378
0.381445080042
0.386985957623
0.433521300554
0.40651974082
0.415808707476
0.38820964098
0.378199726343
0.389086067677
0.4693762362
0.39301237464
0.392341464758
0.446237176657
0.366738468409
0.379481464624
0.370729535818
0.382280498743
0.347750931978
0.404384106398
0.371658176184
0.323243439198
0.40139272809
0.329434543848
0.382364302874
0.366707861423
0.389030426741
0.362001478672
0.340295851231
0.390520274639
0.359840542078
0.359906762838
0.394596070051
0.345053762197
0.337765574455
0.330479085445
0.324575662613
0.363511770964
0.35510879755
0.325589746237
0.325495511293
0.381163954735
0.425122559071
0.302294611931
0.391519576311
0.359040111303
0.345575809479
0.32332405448
0.272260814905
0.329294353724
0.347074300051
0.289808124304
0.382325261831
0.335792809725
0.320760071278
0.310003638268
0.311059504747
0.344623178244
0.319361537695
0.358882218599
0.315549820662
0.292989641428
0.309147536755
0.311534851789
0.261101871729
0.368640124798
0.370735138655
0.355073779821
0.226451337337
0.28703007102
0.373360902071
0.251644641161
0.400434762239
0.288451552391
0.321650058031
0.32294639945
0.344140291214
0.361579596996
0.255286693573
0.338374376297
0.369283616543
0.317905783653
0.296118795872
0.290368974209
0.293099403381
0.334626406431
0.325015664101
0.302115827799
0.255224019289
0.314236313105
0.307402849197
0.319674968719
0.278505265713
0.296903967857
0.292955696583
0.312491893768
0.316306293011
0.365633755922
0.263413250446
0.285580903292
0.303483575583
0.288539469242
0.285567194223
0.29725843668
0.266616463661
0.206915512681
0.270216792822
0.266612768173
0.27660793066
0.283728063107
0.263230532408
0.300926864147
0.322467684746
0.267566174269
0.260842174292
0.277166813612
0.226139605045
0.275066941977
0.28114426136
0.279224723577
0.245014339685
0.300729632378
0.259762138128
0.292959600687
0.258318394423
0.270777136087
0.306430250406
0.275143742561
0.236986190081
0.304294764996
0.246993690729
0.254178524017
0.275648713112
0.303142905235
0.269434332848
0.273365348577
0.278996825218
0.243403866887
0.294014573097
0.26961144805
0.27507135272
0.229878529906
0.206718549132
0.273664265871
0.242149710655
0.231903329492
0.249612703919
0.330537140369
0.260369122028
0.271900326014
0.247618481517
0.25815102458
0.229989901185
0.26705750823
0.265934497118
0.340312451124
0.240759983659
0.224865242839
0.279399186373
0.223052665591
0.309256792068
0.274121761322
0.273283421993
0.265655249357
0.27798473835
0.250690042973
0.274563759565
0.212388500571
0.261786669493
0.22807520628
0.24675886333
0.219530642033
0.244614526629
0.256469458342
0.328260421753
0.226979553699
0.272888511419
0.251001983881
0.23385193944
0.238160833716
0.230811327696
0.223199799657
0.282777577639
0.235630333424
0.19875267148
0.230519711971
0.21485671401
0.246567308903
0.307265877724
0.215865686536
0.218479141593
0.271051853895
0.210966080427
0.23198710382
0.244981348515
0.24679967761
0.290361016989
0.246244296432
0.238034561276
0.278319597244
0.236717075109
0.266226768494
0.2354644835
0.246764913201
0.23815433681
0.250830292702
0.201868072152
0.213536262512
0.204143807292
0.21874114871
0.197031974792
0.176774412394
0.243534818292
0.22913493216
0.206763327122
0.220089688897
0.197019815445
0.270074903965
0.209631025791
0.195386186242
0.148804023862
0.253987193108
0.175356566906
0.201612129807
0.168431758881
0.279173344374
0.244041845202
0.253084510565
0.158455193043
0.1991674155
0.17682056129
0.208282753825
0.243301689625
0.181856065989
0.184986039996
0.213787585497
0.236004188657
0.160164788365
0.245599284768
0.185943216085
0.202283501625
0.25718125701
0.235066309571
0.231777057052
0.204045698047
0.221790030599
0.248726740479
0.207300320268
0.202469840646
0.196196988225
0.182049632072
0.228752657771
0.241177052259
0.213288098574
0.177751496434
0.289258480072
0.259631097317
0.225864320993
0.181685134768
0.205615177751
0.183619499207
0.148563578725
0.179870977998
0.19896928966
0.219176784158
0.24095582962
0.219118893147
0.255661308765
0.267339229584
0.203555852175
0.210684090853
0.221854701638
0.209410667419
0.217633277178
0.205634176731
0.185368612409
0.202093109488
0.176240235567
0.253246843815
0.240710824728
0.223864167929
0.184006288648
0.179157108068
0.229556068778
0.264678299427
0.245763674378
0.228786408901
0.207751333714
0.211365520954
0.167191699147
0.139874652028
0.208294972777
0.179547607899
0.199860230088
0.248803004622
0.181722655892
0.194095239043
0.178129211068
0.141336083412
0.17288967967
0.193134009838
0.148399859667
0.133533716202
0.153934165835
0.169879600406
0.173045873642
0.156986385584
0.192758157849
0.173933044076
0.204344958067
0.186291098595
0.268108665943
0.17484845221
0.182085469365
0.211604610085
0.215371921659
0.195013895631
0.179691761732
0.176950246096
0.228474542499
0.161003038287
0.186061546206
0.187255680561
0.207052692771
0.242421850562
0.206190004945
0.168654024601
0.184652149677
0.169388338923
0.176868572831
0.14592179656
0.181950435042
0.14736713469
0.160278081894
0.181190416217
0.220547944307
0.153770163655
0.175270974636
0.211141332984
0.147646978498
0.158836081624
0.152015686035
0.214301034808
0.128036186099
0.198075160384
0.183868810534
0.189176365733
0.206527158618
0.245414361358
0.184778273106
0.120312385261
0.181551903486
0.17626413703
0.166262969375
0.186691045761
0.140154093504
0.13410936296
0.226509720087
0.147997766733
0.155885800719
0.157009586692
0.191915050149
0.179063856602
0.179914191365
0.149552881718
0.174992933869
0.146892383695
0.138967439532
0.160727605224
0.147341504693
0.174459353089
0.203845500946
0.197052598
0.114381872118
0.160865187645
0.228028163314
0.157407209277
0.141862690449
0.1161666587
0.232950076461
0.186050519347
0.209619253874
0.214137524366
0.167232424021
0.156317591667
0.235743746161
0.234502881765
0.134909391403
0.145266965032
0.164014533162
0.180620282888
0.193932935596
0.146966665983
0.232699945569
0.151114687324
0.138762354851
0.192737132311
0.149206653237
0.185960307717
0.18708793819
0.153798356652
0.204487025738
0.148303106427
0.145233362913
0.137064412236
0.205367714167
0.141562387347
0.150899529457
0.133949637413
0.176015719771
0.222467169166
0.146244898438
0.138556718826
0.22634485364
0.204290926456
0.234059557319
0.124249897897
0.18255713582
0.165553882718
0.14545814693
0.131447091699
0.18870845437
0.135196313262
0.144859313965
0.138271301985
0.113882176578
0.178030505776
0.155657961965
0.174403682351
0.165529668331
0.1062983796
0.139500871301
0.219503000379
0.150272443891
0.151712983847
0.167578056455
0.153404742479
0.152370899916
0.221282884479
0.143855288625
0.153382390738
0.186258524656
0.141918808222
0.235974237323
0.165015250444
0.161772027612
0.153389677405
0.159801453352
0.146844133735
0.177106723189
0.150105550885
0.164306670427
0.216435611248
0.126775667071
0.237173914909
0.162873536348
0.193828895688
0.180025190115
0.179834470153
0.161930993199
0.127746492624
0.146840840578
