0.786519110203
0.741642892361
0.725364148617
0.763802409172
0.737340033054
0.747986733913
0.736214220524
0.795261502266
0.737055957317
0.762999892235
0.721698820591
0.723849117756
0.741659760475
0.802318751812
0.726478517056
0.723463058472
0.713723599911
0.738891720772
0.743092000484
0.770382761955
0.761175811291
0.732133865356
0.752827107906
0.764892995358
0.770778179169
0.744606852531
0.721866071224
0.727602183819
0.742036342621
0.721951663494
0.733115792274
0.760604262352
0.769028544426
0.774985194206
0.733931839466
0.745452582836
0.734871864319
0.727165162563
0.744533658028
0.740180194378
0.715982735157
0.725612044334
0.744030594826
0.760898053646
0.759146034718
0.76190418005
0.734535098076
0.724291086197
0.71420943737
0.730190992355
0.736533582211
0.754336774349
0.73774844408
0.705771327019
0.730861186981
0.740435779095
0.746073722839
0.789524137974
0.72132730484
0.715081930161
0.725976705551
0.73445045948
0.751427173615
0.712921440601
0.732007443905
0.777847707272
0.724563479424
0.770282566547
0.727314591408
0.691441953182
0.698577344418
0.725378811359
0.783177912235
0.730799376965
0.73192769289
0.719480514526
0.718153953552
0.724751532078
0.720088362694
0.728218019009
0.744076669216
0.71264475584
0.732511520386
0.715784430504
0.719953715801
0.706286787987
0.708846628666
0.729457557201
0.751898765564
0.71581107378
0.73518460989
0.738945960999
0.705654740334
0.726785123348
0.712437927723
0.712220788002
0.707325398922
0.725482344627
0.735096871853
0.748308122158
0.727740466595
0.754811227322
0.754843235016
0.731140971184
0.704222679138
0.687582373619
0.705931127071
0.697421550751
0.712794482708
0.696542859077
0.729967534542
0.73303848505
0.693947374821
0.71424382925
0.755688607693
0.736348807812
0.71275395155
0.759892880917
0.719129085541
0.698029100895
0.716020584106
0.726482987404
0.736911177635
0.749942243099
0.70442044735
0.723753631115
0.690266430378
0.744735956192
0.678298592567
0.703437387943
0.6980214715
0.688750863075
0.726297974586
0.702371120453
0.702781260014
0.697926461697
0.725073695183
0.742672145367
0.707807898521
0.712240457535
0.708248734474
0.711337864399
0.715802073479
0.695205271244
0.720311462879
0.717258512974
0.737103521824
0.738085985184
0.690537333488
0.718189537525
0.672653913498
0.694419026375
0.684347033501
0.750556886196
0.709488749504
0.706591665745
0.737215638161
0.703832983971
0.717888951302
0.703189313412
0.721196889877
0.718531310558
0.693828165531
0.67179787159
0.680419921875
0.691877961159
0.707460641861
0.70370310545
0.71994972229
0.68036031723
0.707749664783
0.695435881615
0.709447920322
0.717700183392
0.699102342129
0.703153014183
0.721689581871
0.693094968796
0.734765470028
0.703077495098
0.694124698639
0.693281650543
0.736238598824
0.674798727036
0.701669156551
0.689228773117
0.711233913898
0.696197807789
0.693370699883
0.682556807995
0.682416677475
0.711005747318
0.714617311954
0.694587230682
0.703478038311
0.717626929283
0.719048917294
0.708353698254
0.719558656216
0.708094894886
0.708737134933
0.659322440624
0.702539801598
0.713487267494
0.70532733202
0.692218601704
0.690929412842
0.714017570019
0.677759706974
0.714525163174
0.701328635216
0.705456495285
0.697556078434
0.690340638161
0.66339045763
0.694745898247
0.710600912571
0.693500220776
0.693262040615
0.723111987114
0.68006426096
0.708624720573
0.686150312424
0.702095150948
0.663512527943
0.715732932091
0.686071038246
0.712336838245
0.681427598
0.668114364147
0.705196917057
0.67944419384
0.692924678326
0.685898244381
0.692959725857
0.694778084755
0.687617480755
0.687509059906
0.693364739418
0.682033538818
0.7062266469
0.693457007408
0.705326080322
0.678505480289
0.691029012203
0.709726452827
0.682429492474
0.686133563519
0.708899974823
0.72330725193
0.695529103279
0.682961881161
0.694010794163
0.684134483337
0.696499109268
0.685062468052
0.686240315437
0.692440450191
0.700857520103
0.680778682232
0.685076534748
0.692437469959
0.692675173283
0.701924920082
0.672605514526
0.673044919968
0.688563644886
0.697436571121
0.706468999386
0.695500314236
0.710939586163
0.70133638382
0.68540418148
0.701734721661
0.680970549583
0.698808073997
0.682623684406
0.679241359234
0.70657736063
0.68386900425
0.705552756786
0.678855478764
0.702548384666
0.673546373844
0.699105083942
0.720592021942
0.697417914867
0.663682281971
0.674230635166
0.683064997196
0.672069251537
0.678217232227
0.676509857178
0.684650599957
0.707326471806
0.687952280045
0.693956017494
0.660845398903
0.697727382183
0.702832639217
0.686921954155
0.678949892521
0.699885845184
0.683151185513
0.6854185462
0.704170405865
0.676991701126
0.681751549244
0.702803730965
0.682958483696
0.66630923748
0.679643571377
0.680116772652
0.671546876431
0.696914315224
0.657476305962
0.680950045586
0.688902795315
0.689991116524
0.683760166168
0.692006349564
0.671075463295
0.687496125698
0.672703385353
0.670574307442
0.683205664158
0.690248787403
0.696224749088
0.684869289398
0.674362719059
0.69455653429
0.679729640484
0.700223624706
0.688899934292
0.698628365993
0.689563274384
0.680916965008
0.676710486412
0.676514804363
0.688679039478
0.678211688995
0.682129323483
0.699136853218
0.682773768902
0.676738977432
0.674369633198
0.695167005062
0.687331199646
0.680219650269
0.673371911049
0.707142591476
0.67889469862
0.690506577492
0.6689016819
0.667145192623
0.67645406723
0.667324304581
0.68808054924
0.669133007526
0.696932911873
0.680784225464
0.690858960152
0.680359005928
0.687242507935
0.682925999165
0.711121201515
0.685484886169
0.66992598772
0.67499268055
0.690632641315
0.655433177948
0.6620413661
0.687134385109
0.678596913815
0.666994988918
0.686116874218
0.677081763744
0.691412210464
0.672996878624
0.673356354237
0.670196771622
0.676028966904
0.678203165531
0.689997375011
0.649776697159
0.68811661005
0.664981245995
0.664351463318
0.686401069164
0.694973409176
0.677060186863
0.69161772728
0.661372959614
0.673236250877
0.671407878399
0.685001254082
0.666804015636
0.686398267746
0.676758766174
0.662980079651
0.684311449528
0.660565257072
0.686837077141
0.696831464767
0.672267854214
0.688314318657
0.66704249382
0.692182421684
0.669103682041
0.675060868263
0.688631653786
0.668830215931
0.672171413898
0.680370569229
0.673228442669
0.675139188766
0.666567146778
0.682459414005
0.663111269474
0.641401469707
0.680513083935
0.67232978344
0.688718676567
0.694202899933
0.695529401302
0.669472813606
0.679441511631
0.689599633217
0.693398892879
0.674161076546
0.650336742401
0.678661823273
0.675869703293
0.670468866825
0.656734466553
0.6680560112
0.689555823803
0.681098759174
0.696773052216
0.681189656258
0.648139715195
0.699372649193
0.656841576099
0.669340252876
0.672649800777
0.671932756901
0.670676648617
0.672417938709
0.687497019768
0.672260701656
0.679654598236
0.669253587723
0.677248716354
0.675384938717
0.675868093967
0.679124653339
0.68525493145
0.683829128742
0.665575325489
0.666528046131
0.665771842003
0.671060919762
0.6696434021
0.667751252651
0.662429690361
0.681275725365
0.661200404167
0.655459463596
0.670432686806
0.688616633415
0.678358852863
0.652138233185
0.679541707039
0.656062483788
0.661409378052
0.654128611088
0.690130472183
0.686297297478
0.663464725018
0.671365261078
0.667805016041
0.669108450413
0.63367754221
0.661784350872
0.679445266724
0.669099092484
0.674555063248
0.670050621033
0.657443881035
0.691141188145
0.666897833347
0.660938978195
0.641937613487
0.66885048151
0.649290680885
0.675239086151
0.654648423195
0.670778810978
0.662026762962
0.657743752003
0.687943935394
0.666806578636
0.677121520042
0.662079393864
0.659071028233
0.67641377449
0.672113835812
0.689550340176
0.66302216053
0.661713063717
0.672743856907
0.665241718292
0.657729268074
0.650106728077
0.662897467613
0.666096925735
0.669225156307
0.68651008606
0.663198530674
0.686182975769
0.663581907749
0.681600749493
0.659899890423
0.655207931995
0.685104608536
0.665826916695
0.661207616329
0.656659603119
0.679716527462
0.675368905067
0.679271876812
0.645264089108
0.663385331631
0.65877187252
0.681077480316
0.683648765087
0.669649720192
0.671437323093
0.644883036613
0.643064379692
0.672082364559
0.673820257187
0.679152011871
0.660041153431
0.666302144527
0.664019167423
0.695613384247
0.679540872574
0.675992548466
0.649700045586
0.655615389347
0.670319736004
0.656691551208
0.698443174362
0.671542942524
0.660628318787
0.658707797527
0.660803318024
0.681373715401
0.676981687546
0.660802185535
0.652660667896
0.639933049679
0.682209730148
0.654269337654
0.65949422121
0.656383514404
0.654188036919
0.669766485691
0.668454349041
0.664989769459
0.662991166115
0.681315362453
0.668743908405
0.6514518857
0.654634356499
0.672621190548
0.672008931637
0.663720548153
0.668083071709
0.662389934063
0.651002585888
0.673593044281
0.667861998081
0.673088014126
0.667132616043
0.665969729424
0.658733487129
0.676792800426
0.654119074345
0.655825674534
0.658255457878
0.659195959568
0.6736754179
0.669155061245
0.650357425213
0.647500514984
0.659940600395
0.663532614708
0.645738720894
0.645720243454
0.679226756096
0.658149838448
0.641792714596
0.644550085068
0.659155726433
0.661192417145
0.657936871052
0.668138444424
0.660761237144
0.644580900669
0.635572314262
0.649666488171
0.634672880173
0.686637341976
0.653530240059
0.66452485323
0.684334814548
0.663265049458
0.645558953285
0.683781027794
0.683238863945
0.68505769968
0.646737277508
0.672787487507
0.652245938778
0.674167513847
0.626822948456
0.670753836632
0.650227606297
0.674917697906
0.681181252003
0.661303699017
0.650335848331
0.642350494862
0.67203181982
0.6624122262
0.665886759758
0.671428382397
0.657494902611
0.666940808296
0.660265743732
0.675102770329
0.658046007156
0.662328481674
0.656428217888
0.65645891428
0.67018610239
0.677736759186
0.641494870186
0.674784898758
0.662342190742
0.651576042175
0.648394703865
0.68307185173
0.651175200939
0.656778693199
0.668076694012
0.695347905159
0.667064249516
0.63455748558
0.665137171745
0.675661981106
0.648442268372
0.655501663685
0.671568632126
0.657540678978
0.680251061916
0.664860248566
0.662934243679
0.669548809528
0.645732402802
0.656743764877
0.655394017696
0.682770490646
0.636985659599
0.647730708122
0.652681529522
0.673638224602
0.642929136753
0.660712778568
0.670194804668
0.654511094093
0.636932492256
0.671545922756
0.685788989067
0.647897720337
0.654618501663
0.639464199543
0.662849366665
0.648747742176
0.633855521679
0.65401417017
0.640779495239
0.655187547207
0.66013777256
0.667865276337
0.646948456764
0.649672150612
0.644759178162
0.64991247654
0.650099277496
0.644508481026
0.661238431931
0.652122318745
0.657279312611
0.667122244835
0.658724606037
0.666786730289
0.652099311352
0.65362817049
0.66587382555
0.65473306179
0.675466537476
0.665715038776
0.657721459866
0.654218494892
0.627123177052
0.650837063789
0.672443568707
0.658206403255
0.642572641373
0.64834934473
0.636407792568
0.62756049633
0.645017683506
0.652705967426
0.653106689453
0.655271530151
0.647756457329
0.634545326233
0.642090559006
0.655330479145
0.666621506214
0.681733369827
0.645478188992
0.673211693764
0.661603093147
0.648412942886
0.641007602215
0.651145100594
0.645951271057
0.65429097414
0.657209455967
0.632437586784
0.653148531914
0.649880290031
0.656087636948
0.674834191799
0.660423994064
0.644394874573
0.649713754654
0.634359061718
0.642871975899
0.660325527191
0.659984171391
0.666807591915
0.673548400402
0.651177823544
0.667038023472
0.651069223881
0.634999215603
0.66394340992
0.646742343903
0.668113946915
0.6395855546
0.665706753731
0.640562057495
0.659591794014
0.650938630104
0.656731903553
0.635495722294
0.653383135796
0.680341184139
0.644406735897
0.66680842638
0.64345407486
0.652454793453
0.651713311672
0.659578800201
0.64471167326
0.653425872326
0.645323216915
0.650685012341
0.650713503361
0.647612810135
0.664472937584
0.620109796524
0.645090937614
0.652347922325
0.63329321146
0.638990163803
0.641049146652
0.653090596199
0.615870535374
0.656837105751
0.65217602253
0.642224788666
0.6271494627
0.669510304928
0.641815066338
0.660216450691
0.64876550436
0.635394752026
0.643401861191
0.655965209007
0.654971003532
0.639784514904
0.654647767544
0.664265990257
0.665122568607
0.635500729084
0.658235669136
0.657440185547
0.657544612885
0.645542919636
0.636837005615
0.646028220654
0.641274809837
0.652252614498
0.634900867939
0.631359696388
0.642523944378
0.662424206734
0.652111768723
0.631395220757
0.662165224552
0.629653275013
0.651829659939
0.645739972591
0.6434289217
0.661031424999
0.656638920307
0.661958098412
0.659305632114
0.646807551384
0.629983723164
0.651686489582
0.63562554121
0.63864338398
0.633569121361
0.661384701729
0.658800661564
0.657145857811
0.637645602226
0.641371846199
0.678874671459
0.640850901604
0.63907212019
0.647613406181
0.673019170761
0.626260399818
0.640725791454
0.663463711739
0.63638240099
0.650327444077
0.667462468147
0.658485770226
0.666608572006
0.675818026066
0.683946847916
0.66436702013
0.636375844479
0.652554750443
0.648632526398
0.649040043354
0.63908469677
0.627217888832
0.656715214252
0.63485532999
0.637698829174
0.648270964622
0.650359809399
0.678449809551
0.64318805933
0.646036446095
0.627581238747
0.623032569885
0.637944042683
0.651970624924
0.636689543724
0.639301419258
0.62571901083
0.684487223625
0.652343094349
0.659869134426
0.650240361691
0.654754936695
0.642525732517
0.658289194107
0.660374641418
0.65400749445
0.657829940319
0.649516105652
0.654207110405
0.622661113739
0.629160344601
0.652742683887
0.631253302097
0.641303539276
0.621971070766
0.645252943039
0.632557272911
0.646068572998
0.649162769318
0.626289486885
0.651066482067
0.664822161198
0.660054147243
0.643864631653
0.629890680313
0.664681553841
0.660864233971
0.635513067245
0.643055677414
0.654084742069
0.6654946208
0.651506006718
0.6503688097
0.657383024693
0.661262333393
0.649262011051
0.658141195774
0.62209379673
0.636917173862
0.63158339262
0.634931862354
0.638922929764
0.663853347301
0.659632921219
0.660077035427
0.650634884834
0.636847615242
0.6304012537
0.649503827095
0.665263235569
0.642227530479
0.647033035755
0.630947649479
0.670576870441
0.648411154747
0.640181839466
0.633567750454
0.626997590065
0.663648664951
0.633355259895
0.654128432274
0.664757728577
0.64150261879
0.653205096722
0.632935583591
0.613253176212
0.657606184483
0.672820031643
0.651676893234
0.652225852013
0.646517813206
0.65524572134
0.647061407566
0.649535834789
0.644406497478
0.640742778778
0.639422297478
0.639968454838
0.648682534695
0.662625670433
0.659846007824
0.656655430794
0.628918528557
0.63803756237
0.624377131462
0.655550301075
0.637855947018
0.637957036495
0.653140723705
0.64618229866
0.637592494488
0.637239873409
0.656853735447
0.655489146709
0.634994804859
0.657240390778
0.634390413761
0.647543787956
0.648676872253
0.63342154026
0.672177970409
0.645481586456
0.639476418495
0.638854682446
0.636690616608
0.655911028385
0.629520237446
0.662739396095
0.633747756481
0.682825624943
0.655267357826
0.653624892235
0.648064494133
0.6720443964
