0.691238641739
0.692222654819
0.690820753574
0.690454721451
0.689276278019
0.689143240452
0.687406599522
0.687814414501
0.686578691006
0.686538100243
0.684622645378
0.683659076691
0.6840467453
0.681099951267
0.682626962662
0.681662797928
0.681048154831
0.679318189621
0.677605628967
0.676629364491
0.676027238369
0.673524737358
0.670986890793
0.673654258251
0.669773757458
0.666922211647
0.665842473507
0.662518382072
0.662157177925
0.661537706852
0.656295776367
0.656434416771
0.654489159584
0.655231177807
0.653555452824
0.648645162582
0.648686408997
0.643846154213
0.641761600971
0.636926412582
0.638799726963
0.632342994213
0.634621083736
0.621629953384
0.626004338264
0.625904738903
0.627594292164
0.616715490818
0.620015382767
0.612625658512
0.609491527081
0.614693641663
0.605976223946
0.616880059242
0.597982347012
0.60109847784
0.603247344494
0.603343844414
0.595333814621
0.594209730625
0.588945508003
0.587637901306
0.596095740795
0.592771351337
0.58013343811
0.582367241383
0.578511297703
0.575858712196
0.565246164799
0.576685249805
0.576082289219
0.566897988319
0.563637495041
0.570786595345
0.568210363388
0.562131166458
0.567160189152
0.550467967987
0.566288232803
0.534807920456
0.553772211075
0.548107266426
0.535650253296
0.55962228775
0.552719712257
0.544511079788
0.542501211166
0.541555583477
0.535802602768
0.537650167942
0.52976924181
0.515834331512
0.526111364365
0.531164884567
0.524648427963
0.537703156471
0.526918530464
0.508645176888
0.511122465134
0.510302186012
0.517755866051
0.51523655653
0.507815182209
0.501272857189
0.505275249481
0.519024908543
0.498918294907
0.487447082996
0.47768381238
0.505552470684
0.49149826169
0.481559872627
0.481943875551
0.473946481943
0.485514491796
0.495494067669
0.493538975716
0.524400830269
0.484868317842
0.469165563583
0.478952288628
0.476737558842
0.464716106653
0.474340647459
0.490819185972
0.489093750715
0.486836284399
0.46783426404
0.46291834116
0.465677022934
0.469811350107
0.459929257631
0.465508371592
0.485162287951
0.482007056475
0.458617389202
0.450412094593
0.458811610937
0.46896442771
0.47824588418
0.448058754206
0.456185162067
0.44870993495
0.461474299431
0.465831667185
0.469110190868
0.438598573208
0.456569254398
0.444172769785
0.439952671528
0.45528742671
0.46193960309
0.448019683361
0.433609724045
0.438838452101
0.467599064112
0.442831397057
0.460507661104
0.44900855422
0.454964846373
0.436884850264
0.42602828145
0.445602566004
0.436125159264
0.438878834248
0.423117429018
0.45967823267
0.439708203077
0.438825875521
0.447775483131
0.447598040104
0.430912494659
0.416553884745
0.40910205245
0.422533512115
0.420201867819
0.439530014992
0.450708866119
0.429881811142
0.415396779776
0.407316356897
0.4227014184
0.411778479815
0.443640291691
0.411921650171
0.42440366745
0.43215161562
0.411456376314
0.407737404108
0.391827613115
0.436102509499
0.396126568317
0.419837832451
0.419053047895
0.405634254217
0.418964773417
0.386265873909
0.41902667284
0.426623880863
0.414445608854
0.417304337025
0.408122956753
0.397348731756
0.399085432291
0.414032131433
0.428749531507
0.415765196085
0.398979783058
0.404964536428
0.385915994644
0.395570933819
0.389817625284
0.393099963665
0.414012789726
0.409896105528
0.406222820282
0.374401003122
0.411488085985
0.391654938459
0.43027356267
0.389444410801
0.402249336243
0.415147423744
0.384343892336
0.39250048995
0.385219931602
0.405392080545
0.394909888506
0.399933367968
0.372014552355
0.39251947403
0.399522185326
0.405578106642
0.367096096277
0.380863696337
0.378083974123
0.393420696259
0.387450575829
0.404040515423
0.382321119308
0.38425013423
0.411352097988
0.434412240982
0.377958446741
0.365448653698
0.384639263153
0.372782438993
0.387369066477
0.406672000885
0.380028486252
0.379297405481
0.376483857632
0.356601476669
0.379116326571
0.409511655569
0.367526352406
0.377321183681
0.388047158718
0.358402729034
0.381638765335
0.366113722324
0.361406654119
0.359699308872
0.402665823698
0.396289348602
0.361390709877
0.365129083395
0.381923317909
0.361746817827
0.374493211508
0.362633317709
0.379658102989
0.39099958539
0.37723454833
0.374439746141
0.384910702705
0.354642987251
0.374300599098
0.349266916513
0.387909412384
0.357350826263
0.35908678174
0.363172024488
0.367696583271
0.359811514616
0.375064134598
0.346089661121
0.332877486944
0.404139488935
0.37411609292
0.350829452276
0.361028462648
0.359461724758
0.402604490519
0.371261149645
0.369527220726
0.366294384003
0.368936568499
0.364671945572
0.351050466299
0.347874075174
0.360788404942
0.349981874228
0.336990147829
0.378410965204
0.347245812416
0.351161241531
0.349590539932
0.354620665312
0.368432998657
0.373718708754
0.361637175083
0.3740234375
0.367341130972
0.343116760254
0.366062819958
0.33571177721
0.361592650414
0.3861092031
0.362019896507
0.336835533381
0.354869276285
0.343913495541
0.355523169041
0.359638422728
0.331402510405
0.344332337379
0.347195625305
0.353363394737
0.356762766838
0.381100803614
0.359127283096
0.351403832436
0.367124676704
0.326049000025
0.359377533197
0.332164734602
0.381054013968
0.36218893528
0.34663978219
0.341484934092
0.345210373402
0.340016812086
0.354016304016
0.345292627811
0.343595206738
0.331495851278
0.343990087509
0.345163971186
0.322133421898
0.329536288977
0.346089810133
0.35967668891
0.347953021526
0.328589975834
0.338371455669
0.338550508022
0.34513258934
0.352878838778
0.332111597061
0.349556684494
0.319170683622
0.330598622561
0.328658759594
0.329394757748
0.348141103983
0.347272127867
0.360015153885
0.329757988453
0.351127356291
0.376088649035
0.321193218231
0.323017537594
0.337862014771
0.334386020899
0.333879858255
0.32138350606
0.347460925579
0.392229259014
0.361091405153
0.324195861816
0.341998845339
0.319839835167
0.36672732234
0.338231682777
0.350763350725
0.344799369574
0.354474663734
0.315320044756
0.357247918844
0.337416291237
0.331490933895
0.316643327475
0.320510417223
0.327672630548
0.336014688015
0.314840167761
0.334803819656
0.320152133703
0.367218226194
0.355375349522
0.335087627172
0.349204957485
0.350483864546
0.30792632699
0.355009675026
0.346501797438
0.302533715963
0.33880853653
0.308432608843
0.329523980618
0.322563290596
0.317751854658
0.311652362347
0.32738250494
0.312192559242
0.332491457462
0.339927554131
0.307231426239
0.342343956232
0.302982211113
0.31767052412
0.306972503662
0.334057033062
0.321197509766
0.303755968809
0.295629173517
0.333167463541
0.36525580287
0.309607982635
0.334874898195
0.313976168633
0.346467167139
0.318517744541
0.3414888978
0.310997962952
0.332362323999
0.318104207516
0.325428843498
0.319291502237
0.328333258629
0.315427690744
0.312249422073
0.317200362682
0.295173227787
0.324010193348
0.320987224579
0.326422125101
0.296457111835
0.341127932072
0.314069956541
0.302600383759
0.310759395361
0.311394780874
0.308572858572
0.31252092123
0.32948037982
0.301456272602
0.32535174489
0.326979249716
0.301303058863
0.314095020294
0.319586455822
0.299829423428
0.317235410213
0.316975355148
0.321790546179
0.321711570024
0.312587857246
0.294600635767
0.341399788857
0.289011597633
0.294308513403
0.291687607765
0.300494551659
0.279624015093
0.300701618195
0.308425337076
0.32332265377
0.338840723038
0.287299543619
0.337045967579
0.301263958216
0.348669797182
0.307882934809
0.301371097565
0.301702946424
0.291212320328
0.296053528786
0.286796241999
0.297682732344
0.336941838264
0.295398503542
0.322516918182
0.298328578472
0.300710737705
0.286239951849
0.292090445757
0.309542238712
0.286710977554
0.283019334078
0.308735251427
0.312078028917
0.290383577347
0.286134243011
0.299987703562
0.299124568701
0.330147951841
0.302369445562
0.291086375713
0.297110587358
0.282168835402
0.291302353144
0.301899164915
0.337050527334
0.328787505627
0.306319385767
0.282523483038
0.293152302504
0.30857783556
0.309897959232
0.306446641684
0.302909553051
0.299862831831
0.332572162151
0.315570414066
0.295891880989
0.338343024254
0.277154624462
0.295825868845
0.310708254576
0.291216284037
0.310585081577
0.341555416584
0.276217937469
0.351598232985
0.280580878258
0.329217761755
0.31741809845
0.303865939379
0.312420815229
0.269522070885
0.299170851707
0.288049697876
0.307683736086
0.284497469664
0.278449088335
0.300784796476
0.300643742085
0.271923959255
0.319819897413
0.272832870483
0.286920636892
0.274625867605
0.319098263979
0.255131453276
0.2730910182
0.28884318471
0.280336797237
0.306278765202
0.282447874546
0.33138486743
0.329325467348
0.270493716002
0.263888150454
0.267851114273
0.301005810499
0.290969222784
0.303048104048
0.316194176674
0.287666797638
0.293345540762
0.306235045195
0.29773876071
0.273004740477
0.279646635056
0.295452356339
0.276114553213
0.312205463648
0.299475103617
0.32318431139
0.285134911537
0.298181384802
0.280537307262
0.302838295698
0.287757396698
0.271354496479
0.301564872265
0.308827608824
0.304719418287
0.286711186171
0.290627241135
0.323513805866
0.286145240068
0.308838754892
0.27204015851
0.304128855467
0.279192149639
0.28258356452
0.29086202383
0.283562213182
0.271375656128
0.258709192276
0.287759274244
0.28773444891
0.254359066486
0.295043259859
0.295046985149
0.270852953196
0.284663230181
0.25272372365
0.331320255995
0.269385367632
0.287317931652
0.270272493362
0.279635131359
0.292454242706
0.297446191311
0.293656796217
0.275089800358
0.292309761047
0.270292758942
0.282476574183
0.274303883314
0.293087571859
0.281594246626
0.280174911022
0.271594196558
0.281038075686
0.244433254004
0.255870461464
0.257532149553
0.305443674326
0.2684250772
0.260724931955
0.264373004436
0.263476014137
0.272624194622
0.28302448988
0.27616840601
0.270403563976
0.246642142534
0.294510751963
0.238736122847
0.249344617128
0.268354415894
0.292486965656
0.270955145359
0.286304056644
0.29566526413
0.276847779751
0.288511246443
0.284090578556
0.267617106438
0.292092323303
0.271322399378
0.248367711902
0.256940454245
0.251078605652
0.266760319471
0.270619124174
0.25844091177
0.253888577223
0.295383304358
0.270270317793
0.261345624924
0.268986463547
0.245632186532
0.273002952337
0.248795598745
0.255573540926
0.291831493378
0.27495855093
0.283755362034
0.253138810396
0.276179134846
0.261887550354
0.262505233288
0.275595158339
0.251001685858
0.245595499873
0.26914781332
0.298572659492
0.28477576375
0.267943441868
0.287071049213
0.234440952539
0.234566256404
0.277862638235
0.262208938599
0.265171259642
0.280538767576
0.276630222797
0.27748337388
0.265948385
0.254591435194
0.264128088951
0.30228921771
0.294144302607
0.251052081585
0.279522418976
0.28071641922
0.27636641264
0.268769264221
0.261841654778
0.273387342691
0.267083615065
0.318559080362
0.270813852549
0.252076148987
0.281043440104
0.301931232214
0.265197068453
0.257874965668
0.24006652832
0.261703252792
0.24397495389
0.313733428717
0.239418178797
0.247016355395
0.26804843545
0.243248298764
0.270665436983
0.272650778294
0.277600884438
0.244323134422
0.261714339256
0.27177926898
0.279152661562
0.265772283077
0.273421287537
0.2418859303
0.249465569854
0.274063140154
0.29740935564
0.278420656919
0.246824130416
0.289558053017
0.247487068176
0.268316835165
0.267055571079
0.256964385509
0.25296780467
0.261057198048
0.280492275953
0.248910188675
0.297291576862
0.256458848715
0.283625483513
0.249227911234
0.277855008841
0.252623081207
0.266466975212
0.259676367044
0.24314647913
0.262094438076
0.248989760876
0.244268074632
0.266321122646
0.261865526438
0.265193611383
0.24674756825
0.25008097291
0.2657943964
0.26321130991
0.260698050261
0.259329110384
0.279253333807
0.255076050758
0.266886204481
0.234930276871
0.251071840525
0.24630908668
0.230256989598
0.254792422056
0.223865300417
0.226375177503
0.281589567661
0.227778285742
0.262905478477
0.272251486778
0.252365976572
0.241237670183
0.25574862957
0.224966436625
0.230455428362
0.235943883657
0.232986673713
0.242540389299
0.249260127544
0.291574835777
0.243943676353
0.284121453762
0.248198628426
0.226123601198
0.223500698805
0.250813603401
0.277885109186
0.240824326873
0.257697820663
0.264390051365
0.24983137846
0.256826400757
0.281869381666
0.247490555048
0.247188702226
0.23789960146
0.257667601109
0.301883399487
0.255586206913
0.273010998964
0.277017205954
0.271972060204
0.264254361391
0.258018523455
0.246183663607
0.247020900249
0.254890143871
0.280521512032
0.259068638086
0.237498134375
0.259538561106
0.258267760277
0.234903052449
0.232447326183
0.27275660634
0.262048512697
0.237145990133
0.247989520431
0.26189237833
0.306785315275
0.215059116483
0.238069444895
0.237969860435
0.259102582932
0.223362624645
0.243387773633
0.228430822492
0.252785503864
0.242568939924
0.258024126291
0.253002285957
0.271794080734
0.247379764915
0.279106199741
0.243467822671
0.238707393408
0.243164986372
0.253111630678
0.240286365151
0.234760820866
0.237076207995
0.235872328281
0.233668461442
0.265207052231
0.235294371843
0.213189199567
0.261988937855
0.251217246056
0.22861905396
0.255511879921
0.230152204633
0.238388538361
0.28604310751
0.253744184971
0.23598305881
0.249255433679
0.286157011986
0.242084562778
0.238117948174
0.248998582363
0.26781347394
0.264326572418
0.251018494368
0.245175659657
0.221541061997
0.247559636831
0.233942210674
0.257611304522
0.240113720298
0.234018728137
0.250139534473
0.230285048485
0.243360459805
0.244486421347
0.231772124767
0.235300019383
0.236837252975
0.223702475429
0.22523984313
0.26697704196
0.243916660547
0.211906149983
0.213080137968
0.25474640727
0.203056663275
0.227167710662
0.232931181788
0.268366247416
0.237602710724
0.233590170741
0.219629794359
0.23659171164
0.271710067987
0.232267871499
0.239498004317
0.225506931543
0.228615954518
0.231421232224
0.235199600458
0.226702585816
0.229260623455
0.229920014739
0.205440357327
0.226876825094
0.274562954903
0.251059919596
0.220275521278
0.274956345558
0.251117736101
0.211039245129
0.227940708399
0.223999559879
0.211267054081
0.238927274942
0.252385437489
0.234382852912
0.24766613543
0.226978451014
0.256013453007
0.23855958879
0.225238367915
0.287000119686
0.246115595102
0.226785540581
0.237020686269
0.243067204952
0.245854601264
0.229958504438
0.261739373207
0.221408307552
0.222215861082
0.261254817247
0.240387067199
0.211837098002
0.256561219692
0.251154154539
0.227843493223
0.221792161465
0.206840589643
0.268001675606
0.240222334862
0.229251101613
0.273141741753
0.23702776432
0.234282702208
0.240309759974
0.237168803811
0.242265239358
0.24056006968
0.247931733727
0.259044706821
0.228431224823
0.210210442543
0.229513660073
0.221247226
0.235075578094
0.230728074908
0.230673849583
0.22454816103
0.286250501871
0.237738147378
0.231777504086
0.247388154268
0.232217475772
0.230189248919
0.242618709803
0.200557172298
0.250508755445
0.245249420404
0.230567097664
0.239362806082
0.250569790602
0.236787974834
0.254620283842
0.235417440534
0.214579045773
0.241600960493
0.266393959522
0.244078546762
0.234565362334
0.229440644383
0.223384797573
0.228362590075
0.213120087981
0.259471088648
0.219407021999
0.209306448698
0.215751245618
0.230622693896
0.231064066291
0.227019220591
0.234225824475
0.249509528279
0.25301772356
0.219682559371
0.237073615193
0.20892123878
0.21645963192
0.261966556311
0.229356050491
0.222367137671
0.199026420712
0.22661408782
0.23138409853
0.225296720862
0.241499483585
0.208969950676
0.223009586334
0.252512514591
0.214391604066
0.224536076188
0.220397740602
0.253049463034
0.209882616997
0.199843525887
0.216970235109
0.218677163124
0.242378786206
0.248636290431
0.241168543696
0.242517784238
0.227884605527
0.227641895413
0.218092158437
0.222466140985
0.259082257748
0.300613969564
0.22246439755
0.229476630688
0.251202851534
0.236900404096
0.23093277216
0.230819836259
0.311695575714
0.219534158707
0.241311311722
0.21769438684
0.23139756918
0.224621266127
0.231636047363
0.222607284784
0.264599353075
0.27045917511
0.213153928518
0.270836889744
0.217156454921
0.224665939808
0.219874978065
0.222706064582
0.236076280475
0.221452623606
0.222052827477
0.255539864302
0.235583350062
0.236164227128
0.253768593073
0.211345687509
0.223995119333
0.23428080976
0.224821001291
0.279887616634
0.224108964205
0.234207004309
0.224551871419
0.217762127519
0.216817200184
0.256767570972
0.220437690616
0.23336096108
0.233271718025
0.223951876163
0.208029732108
0.218631312251
0.237827509642
0.194632038474
0.225571528077
0.238750517368
0.212526738644
0.249017819762
0.265355169773
0.232364937663
0.266072034836
0.230578422546
0.233960419893
0.224022880197
0.234123200178
0.220634013414
0.214127123356
0.203058421612
0.22744256258
0.237907409668
0.216440245509
0.236628368497
0.216524258256
0.230673864484
0.279561400414
0.227151632309
0.22199742496
0.234715387225
0.234477639198
0.264062315226
0.219816684723
0.230936154723
0.228447437286
0.22640492022
0.208572000265
0.225556090474
0.220857530832
0.212907478213
0.199345469475
0.267522901297
0.231200397015
0.230496928096
0.222756803036
0.225449502468
0.222057580948
0.236113876104
0.214505746961
0.244367778301
0.21499183774
0.244403451681
0.244787633419
0.234698444605
0.222858175635
0.220015585423
0.227052643895
0.219080597162
0.234988629818
0.250426292419
0.242671057582
0.25014141202
0.227169945836
0.255349010229
0.222477331758
0.229291811585
0.239877983928
0.203289836645
0.227517142892
0.248171284795
0.225703239441
0.199166640639
0.24746863544
0.209116384387
0.214209586382
0.210711881518
0.239961639047
0.226130381227
0.246895805001
0.204275771976
0.224751099944
0.223530516028
0.20487986505
0.258202970028
0.216930598021
0.226921468973
0.257556647062
0.253910332918
0.204551100731
0.219540402293
0.222462311387
0.224818736315
0.25975728035
0.197639793158
0.239393472672
0.221475094557
0.23628012836
0.22658200562
0.21566054225
0.252246975899
0.243464693427
0.249992549419
0.227808699012
0.280201375484
0.215916439891
0.214482262731
0.258914738894
0.215914919972
0.25359672308
0.237835288048
0.210030943155
0.209292754531
0.25412094593
0.210284560919
0.226457059383
0.256449252367
0.23259703815
0.225353494287
0.229149073362
0.226469323039
