0.707938909531
0.698978304863
0.697609066963
0.713110864162
0.691057741642
0.693277001381
0.69814646244
0.696120858192
0.689867198467
0.684980750084
0.683084905148
0.685583591461
0.685327887535
0.677697002888
0.691379606724
0.672735452652
0.678052604198
0.678938090801
0.671530723572
0.673609793186
0.675543904305
0.675673305988
0.673930823803
0.667117059231
0.666546285152
0.677221000195
0.670328557491
0.655321359634
0.674462497234
0.666078269482
0.663563132286
0.657393097878
0.665704667568
0.669086158276
0.674324452877
0.664469897747
0.659151494503
0.665262579918
0.656042337418
0.658191084862
0.655548512936
0.654514670372
0.654277324677
0.658477783203
0.661694467068
0.65029335022
0.647830545902
0.654333472252
0.643757164478
0.651114165783
0.646368265152
0.645085632801
0.632907748222
0.641663312912
0.634446144104
0.626651644707
0.647898316383
0.636807918549
0.632857561111
0.642292618752
0.639862596989
0.628545403481
0.615668237209
0.630891799927
0.626249730587
0.621512115002
0.620738446712
0.60556936264
0.627442598343
0.61608684063
0.607019841671
0.599456369877
0.60256177187
0.610987305641
0.610400855541
0.602962315083
0.619676351547
0.600623726845
0.58927321434
0.59570145607
0.574699223042
0.605737924576
0.598833322525
0.589143872261
0.593576788902
0.584605753422
0.596691846848
0.591769039631
0.574134945869
0.562302172184
0.609512865543
0.570343732834
0.560060203075
0.573352873325
0.574618577957
0.573697924614
0.564591288567
0.567374289036
0.57993388176
0.538386046886
0.554554581642
0.552140533924
0.556481361389
0.566309332848
0.561536550522
0.557777106762
0.560427844524
0.557137846947
0.542915999889
0.566194057465
0.555575311184
0.535534620285
0.55725300312
0.53300845623
0.554598450661
0.550436854362
0.538226604462
0.555752336979
0.539014399052
0.548838317394
0.536833167076
0.541803359985
0.528317034245
0.544812858105
0.515035092831
0.537575781345
0.548036515713
0.533865272999
0.557340085506
0.523481667042
0.517700374126
0.52472692728
0.524467527866
0.516454458237
0.537325322628
0.516128599644
0.523762643337
0.532882153988
0.551883459091
0.509999334812
0.512081325054
0.489128142595
0.514656126499
0.509363174438
0.542368531227
0.525760829449
0.527456283569
0.496913552284
0.538960874081
0.541022181511
0.494197636843
0.505517780781
0.529681622982
0.525581717491
0.498703479767
0.512918412685
0.479376673698
0.499444842339
0.51742374897
0.501858592033
0.521073520184
0.503046095371
0.50140184164
0.523801803589
0.507631123066
0.495392203331
0.509562730789
0.519047498703
0.496702045202
0.500764667988
0.493099480867
0.508540987968
0.515697479248
0.486632227898
0.483430206776
0.499527454376
0.48776692152
0.489506155252
0.525019586086
0.495160907507
0.518534302711
0.501352965832
0.517978429794
0.511835575104
0.491070508957
0.525613188744
0.491609454155
0.497705161572
0.49444898963
0.5057746768
0.489978283644
0.491395831108
0.481426805258
0.493132084608
0.472637832165
0.487036317587
0.483818680048
0.458493500948
0.478832453489
0.485043227673
0.495787322521
0.473882168531
0.485461622477
0.492107450962
0.48421061039
0.497918695211
0.493056207895
0.494465351105
0.50000411272
0.513334333897
0.47815567255
0.485559225082
0.501566052437
0.484885811806
0.507589697838
0.504447877407
0.498165160418
0.490952938795
0.447284668684
0.475569725037
0.4873239398
0.45903673768
0.498863101006
0.495141834021
0.472920715809
0.484814196825
0.514868378639
0.435371100903
0.463812112808
0.460956245661
0.492288678885
0.482399702072
0.472029745579
0.48398989439
0.491842359304
0.477847516537
0.497601240873
0.471699476242
0.487493038177
0.46646219492
0.492099255323
0.483402967453
0.492729127407
0.504257261753
0.50450950861
0.440929740667
0.465974211693
0.477621465921
0.458933264017
0.495847791433
0.475537270308
0.466769397259
0.474837601185
0.474379092455
0.438148975372
0.482690572739
0.482873648405
0.460854530334
0.455754935741
0.45381206274
0.449948877096
0.464889019728
0.469625711441
0.459049880505
0.458937525749
0.49764084816
0.469535320997
0.460280925035
0.460842609406
0.476233810186
0.479785442352
0.481074571609
0.468273937702
0.443047821522
0.455858409405
0.47019892931
0.465932101011
0.487014621496
0.483398079872
0.447794318199
0.456683576107
0.476871848106
0.449001729488
0.501697421074
0.473213076591
0.469591170549
0.450057864189
0.481039881706
0.452300965786
0.447277158499
0.485716432333
0.468900352716
0.449182868004
0.458534508944
0.490377962589
0.461693257093
0.46462982893
0.465468108654
0.487355113029
0.4628700912
