0.684166908264
0.658451199532
0.651203513145
0.634644448757
0.624297618866
0.616322994232
0.605175614357
0.592823505402
0.587580025196
0.581205010414
0.562187075615
0.566975414753
0.551932752132
0.548711240292
0.531580269337
0.522209823132
0.521932005882
0.507985472679
0.509494245052
0.501107156277
0.466229021549
0.477450191975
0.467464923859
0.450183987617
0.454687058926
0.462964326143
0.406317651272
0.427991688251
0.410449564457
0.41242825985
0.406621754169
0.38759046793
0.379294723272
0.37348139286
0.356360018253
0.352697223425
0.354347974062
0.359563499689
0.342066466808
0.335117727518
0.307557821274
0.319437086582
0.315077394247
0.27982121706
0.295765221119
0.29641070962
0.265306860209
0.280146509409
0.279255598783
0.260501146317
0.242933452129
0.269782245159
0.2237662673
0.261627733707
0.238374650478
0.272130310535
0.262231588364
0.222185194492
0.234306484461
0.204448923469
0.21973067522
0.236118853092
0.217870980501
0.164492607117
0.161785796285
0.242466509342
0.17254422605
0.164957821369
0.182696998119
0.164367064834
0.141635745764
0.184347122908
0.180085048079
0.153059884906
0.196649864316
0.160892993212
0.180821508169
0.177568599582
0.147451937199
0.131316587329
0.152980297804
0.108043298125
0.14247494936
0.137035131454
0.115364603698
0.122824430466
0.127154603601
0.116373881698
0.105962589383
0.116447515786
0.114971399307
0.11808115989
0.0981320366263
0.107226081192
0.119334883988
0.131077468395
0.0994601398706
0.0864516347647
0.129204839468
0.0956853926182
0.0912823006511
0.106608889997
0.0848597362638
0.0921614468098
0.0763857141137
0.0864218994975
0.0810119509697
0.0867363736033
0.0668125897646
0.0878972709179
0.105053216219
0.133306235075
0.0613329522312
0.0822817757726
0.079949952662
0.0644963309169
0.0446329526603
0.0860715806484
0.0530674345791
0.107902124524
0.06542506814
0.0759550482035
0.0851743370295
0.0868605747819
0.0756663009524
0.0697666406631
0.0507970564067
0.0385502204299
0.0722300261259
0.0705043300986
0.0795949995518
0.0413371324539
0.0858424752951
0.0876626297832
0.0918690264225
0.0662393569946
0.0830730348825
0.0564389899373
0.0835089534521
0.0477703884244
0.0480366945267
0.0518748834729
0.0525580942631
0.0622137896717
0.0645328238606
0.0823023840785
0.04301289469
0.083058424294
0.0529721006751
0.0541676580906
0.131391763687
0.0489019080997
0.05953361094
0.0397075973451
0.0441632121801
0.0481281131506
0.105578325689
0.0767553672194
0.0425266623497
0.0356690064073
0.0830933004618
0.0760704353452
0.102689102292
0.0320948772132
0.0840550214052
0.0841281339526
0.0421776995063
0.0311074759811
0.0398610122502
0.0267714671791
0.0308431182057
0.0553388558328
0.0604475215077
0.0430572703481
0.0319754071534
0.0992869585752
0.0257189758122
0.0336854532361
0.0608753487468
0.0366034731269
0.0304753426462
0.0675620138645
0.0396978743374
0.0331289023161
0.0838090106845
0.038295160979
0.0530853532255
0.04491385445
0.088789075613
0.069546289742
0.0834973677993
0.0399327762425
0.0338559187949
0.0330327861011
0.0469427444041
0.018385514617
0.0185036249459
0.0481685586274
0.0826827809215
0.072506479919
0.0331485569477
0.0546949058771
0.0323569811881
0.0203880295157
0.0338268354535
0.0501923412085
0.0223608221859
0.0265612807125
0.0312236491591
0.0552997365594
0.0303906016052
0.0408730953932
0.0494061782956
0.0263279117644
0.0416636392474
0.02372957021
0.0173600502312
0.0645559951663
0.0349095985293
0.0449289679527
0.0738717243075
0.0135923912749
0.0599773228168
0.0197731927037
0.0218805968761
0.0375964827836
0.033579364419
0.050846580416
0.044585108757
0.0748357698321
0.0262691844255
0.0450018160045
0.0269921794534
0.03654364869
0.0286041218787
0.0253111775964
0.0247685778886
0.0151207968593
0.0157821178436
0.0211673527956
0.0110032148659
0.0315639786422
0.0316445827484
0.0474644713104
0.0217281579971
0.0276488717645
0.0247632693499
0.0516360662878
0.0120451059192
0.0920169651508
0.00743674300611
0.0133001012728
0.0238251574337
0.0320773273706
0.0580617934465
0.014503874816
0.0211485400796
0.0306976102293
0.0201094821095
0.0108245154843
0.0178312305361
0.0785547941923
0.0571250282228
0.0260016005486
0.0529432483017
0.0197713859379
0.018986010924
0.017955141142
0.0571913272142
0.0273456983268
0.0262560434639
0.0311327576637
0.00902283377945
0.00949627161026
0.0203191712499
0.0267312470824
0.0186641421169
0.0165785700083
0.0106712142006
0.00890538748354
0.021182866767
0.0348762869835
0.0225565675646
0.0104412185028
0.0180828757584
0.0314307995141
0.025145476684
0.0142692411318
0.058501649648
0.00630701286718
0.0539637804031
0.0307821016759
0.021154820919
0.0209646020085
0.0201671719551
0.00910124089569
0.01549319271
0.0285820197314
0.0353660322726
0.0364559441805
0.0113099496812
0.0419629178941
0.00895904097706
0.0395603962243
0.0416802279651
0.0308753475547
0.0442381091416
0.0257277265191
0.0161808077246
0.0448526851833
0.0152882132679
0.0234154313803
0.0252847094089
0.0211079698056
0.04613539204
0.0751868709922
0.0232960283756
0.0286764837801
0.0323895104229
0.0188180524856
0.0881567075849
0.0673836022615
0.0219819694757
0.0215233881027
0.0268551427871
0.0399267934263
0.0134608140215
0.0399315617979
0.0210453104228
0.0161572508514
0.0646703839302
0.064143717289
0.0368975587189
0.00963036995381
0.00928963348269
0.0217646174133
0.0125827044249
0.0105275642127
0.0262061562389
0.00900295749307
0.0299859456718
0.0350503027439
0.0139860762283
0.0320312492549
0.0147919338197
0.0349116325378
0.0733641758561
0.0141795510426
0.0187682583928
0.0257457531989
0.00337771186605
0.00659352447838
0.00281300698407
0.0305295437574
0.0264668278396
0.0441728457808
0.100796617568
0.00311111658812
0.00728805409744
0.018597478047
0.0646376460791
0.0100979330018
0.0334172174335
0.045243602246
0.0193091649562
0.0117756165564
0.00685733417049
0.0608541108668
0.0200302675366
0.0176334455609
0.00698295980692
0.0239126458764
0.00675787869841
0.0280629955232
0.0292899589986
0.0216808151454
0.0210995879024
0.00609716959298
0.0723158866167
0.0253726728261
0.0117382304743
0.0230093952268
0.0319434963167
0.0119865862653
0.00426898803562
0.00628583785146
0.0106104537845
0.0175889208913
0.039392773062
0.00672975322232
0.0110161947086
0.00558782787994
0.0282460656017
0.00749757746235
0.0140401599929
0.0376922413707
0.0136593729258
0.0163804534823
0.00676706805825
0.0300396569073
0.00792602170259
0.00371394073591
0.014567213133
0.0474447384477
0.0582215338945
0.00442360388115
0.00325351720676
0.0171878412366
0.0033173977863
0.00975308194757
0.0492257997394
0.016110830009
0.0314181409776
0.0058273896575
0.0271163638681
0.00592661555856
0.0349622666836
0.0241583269089
0.018619235605
0.0285679530352
0.0127095701173
0.00825280603021
0.00257178256288
0.0540268719196
0.00467333430424
0.00543510867283
0.00579662388191
0.0272721145302
0.0394621454179
0.0108994925395
0.0243957359344
0.0194495916367
0.00647142063826
0.00983789749444
0.0319192819297
0.0125332949683
0.0334881693125
0.00502247642726
0.0126099102199
0.00983413867652
0.0277983378619
0.00620135432109
0.0102678481489
0.00991834700108
0.0101539092138
0.00862882006913
0.0574028007686
0.0130192982033
0.0194672942162
0.0500927865505
0.0206096004695
0.00592279713601
0.00610281853005
0.00657163467258
0.0154828708619
0.0028243237175
0.00397797906771
0.00862877629697
0.00885657966137
0.0222239196301
0.00290519162081
0.0154486447573
0.0369831770658
0.0188387092203
0.0037968957331
0.0425231978297
0.00718828989193
0.00574308959767
0.0216388292611
0.0363738946617
0.00838686153293
0.0117467101663
0.0280106086284
0.00368790910579
0.0391769446433
0.0260717459023
0.0105184344575
0.0124682392925
0.0189903378487
0.00519234826788
0.00587573181838
0.00323251378722
0.00605406658724
0.00685923919082
0.00787244178355
0.00480183074251
0.0140115376562
0.00354281603359
0.00409003719687
0.00259964726865
0.0365270860493
0.0309217199683
0.0137359621003
0.010267036967
0.00491374917328
0.00215644552372
0.00280480552465
0.00802029669285
0.00497421855107
0.0323619171977
