0.43902438879
0.443902432919
0.463414639235
0.541463434696
0.595121979713
0.60487806797
0.60487806797
0.609756112099
0.614634156227
0.614634156227
0.614634156227
0.619512200356
0.624390244484
0.624390244484
0.624390244484
0.629268288612
0.629268288612
0.639024376869
0.639024376869
0.643902420998
0.648780465126
0.653658509254
0.653658509254
0.658536612988
0.668292701244
0.678048789501
0.673170745373
0.68292683363
0.68292683363
0.68292683363
0.68292683363
0.678048789501
0.678048789501
0.697560966015
0.702439010143
0.707317054272
0.7121950984
0.721951246262
0.72682929039
0.731707334518
0.741463422775
0.746341466904
0.751219511032
0.775609731674
0.780487775803
0.785365879536
0.795121967793
0.809756100178
0.814634144306
0.814634144306
0.814634144306
0.824390232563
0.824390232563
0.839024364948
0.853658556938
0.853658556938
0.858536601067
0.853658556938
0.863414645195
0.87804877758
0.882926821709
0.897560954094
0.897560954094
0.902438998222
0.902438998222
0.902438998222
0.907317101955
0.917073190212
0.926829278469
0.926829278469
0.926829278469
0.931707322598
0.936585366726
0.951219499111
0.951219499111
0.951219499111
0.951219499111
0.951219499111
0.946341454983
0.951219499111
0.95609754324
0.960975587368
0.960975587368
0.960975587368
0.965853631496
0.965853631496
0.965853631496
0.965853631496
0.965853631496
0.965853631496
0.965853631496
0.965853631496
0.965853631496
0.965853631496
0.965853631496
0.965853631496
0.965853631496
0.965853631496
0.965853631496
0.965853631496
0.965853631496
0.965853631496
0.965853631496
0.965853631496
0.965853631496
0.965853631496
0.965853631496
0.965853631496
0.965853631496
0.965853631496
0.965853631496
0.970731735229
0.970731735229
0.970731735229
0.970731735229
0.970731735229
0.970731735229
0.970731735229
0.970731735229
0.970731735229
0.970731735229
0.970731735229
0.970731735229
0.970731735229
0.975609779358
0.975609779358
0.975609779358
0.975609779358
0.975609779358
0.975609779358
0.975609779358
0.975609779358
0.975609779358
0.975609779358
0.975609779358
0.975609779358
0.975609779358
0.975609779358
0.975609779358
0.975609779358
0.975609779358
0.975609779358
0.980487823486
0.980487823486
0.980487823486
0.980487823486
0.980487823486
0.980487823486
0.980487823486
0.980487823486
0.980487823486
0.980487823486
0.980487823486
0.980487823486
0.980487823486
0.980487823486
0.980487823486
0.980487823486
1.0
1.0
1.0
1.0
1.0
1.0
1.0
1.0
1.0
1.0
1.0
1.0
1.0
1.0
1.0
1.0
1.0
1.0
1.0
1.0
1.0
1.0
1.0
1.0
1.0
1.0
1.0
1.0
1.0
1.0
1.0
1.0
1.0
1.0
1.0
1.0
1.0
1.0
1.0
1.0
1.0
1.0
1.0
1.0
1.0
1.0
1.0
1.0
1.0
1.0
1.0
1.0
1.0
1.0
1.0
1.0
1.0
1.0
1.0
1.0
1.0
1.0
1.0
1.0
1.0
1.0
1.0
1.0
1.0
1.0
1.0
1.0
1.0
1.0
1.0
1.0
1.0
1.0
1.0
1.0
1.0
1.0
1.0
1.0
1.0
1.0
1.0
1.0
1.0
1.0
1.0
1.0
1.0
1.0
1.0
1.0
1.0
1.0
1.0
1.0
1.0
1.0
1.0
1.0
1.0
1.0
1.0
1.0
1.0
1.0
1.0
1.0
1.0
1.0
1.0
1.0
1.0
1.0
1.0
1.0
1.0
1.0
1.0
1.0
1.0
1.0
1.0
1.0
1.0
1.0
1.0
1.0
1.0
1.0
1.0
1.0
1.0
1.0
1.0
1.0
1.0
1.0
