0.690287947655
0.68838340044
0.686666786671
0.684680819511
0.682638406754
0.680527985096
0.678186833858
0.675571739674
0.672756135464
0.669723629951
0.666499316692
0.663030087948
0.659299135208
0.655291438103
0.65099209547
0.646401762962
0.641477167606
0.636179029942
0.630515873432
0.624555170536
0.618256151676
0.611629664898
0.604688048363
0.597385585308
0.589702188969
0.581687510014
0.573340415955
0.564669489861
0.555673420429
0.546346724033
0.536731660366
0.526807904243
0.516642153263
0.506251215935
0.495634317398
0.484804779291
0.473807513714
0.462675780058
0.451442211866
0.440122663975
0.428736567497
0.417333751917
0.405954957008
0.394634604454
0.383389443159
0.372256070375
0.361257255077
0.350391209126
0.33967474103
0.329163372517
0.318843722343
0.308728992939
0.29884916544
0.289201378822
0.279803365469
0.270668536425
0.261800557375
0.253214329481
0.244906842709
0.236888960004
0.229105547071
0.22159551084
0.214395016432
0.207469716668
0.200821235776
0.194448307157
0.188330113888
0.182447180152
0.176809519529
0.171411707997
0.166241809726
0.161292940378
0.156568661332
0.152054026723
0.147747695446
0.143606618047
0.139592245221
0.135740101337
0.132000625134
0.1284314394
0.124989800155
0.121678121388
0.118507549167
0.115433007479
0.112423695624
0.109550468624
0.106729820371
0.104080118239
0.101550601423
0.0991613045335
0.0968510359526
0.0945996642113
0.0923731848598
0.0901905074716
0.0880930796266
0.0860551521182
0.0840837135911
0.0822071805596
0.0803638026118
0.0786019265652
0.0768705531955
0.0751796066761
0.0735318809748
0.0719093903899
0.0703581124544
0.0688562989235
0.067382723093
0.0659618601203
0.0645855143666
0.0632420480251
0.0619429983199
0.0606816634536
0.0594599880278
0.0582834109664
0.0571339502931
0.0560238435864
0.0549416616559
0.0538945607841
0.0528860427439
0.0519114173949
0.0509780272841
0.0500770807266
0.0492019988596
0.0483553409576
0.0475305728614
0.0467326529324
0.0459662266076
0.0452266819775
0.0444946140051
0.0437922142446
0.0431091599166
0.0424395240843
0.0417906753719
0.041165240109
0.0405608862638
0.0399673096836
0.0393954142928
0.038827445358
0.0382783487439
0.0377376079559
0.0372194834054
0.0367211289704
0.0362346470356
0.0357462875545
0.0352829955518
0.0348208546638
0.0343781262636
0.0339491553605
0.033515445888
0.033097974956
0.0326860062778
0.0322934761643
0.0318962708116
0.0315094850957
0.031131785363
0.0307657737285
0.0303936172277
0.030033942312
0.0296820066869
0.0293303038925
0.0289242379367
0.0284116324037
0.0278230365366
0.0272145494819
0.0265545453876
0.0258607007563
0.0251693632454
0.0244637094438
0.0237853229046
0.0231064166874
0.0223974045366
0.0216942187399
0.0210125185549
0.0203332547098
0.0196876712143
0.0190859362483
0.018491435796
0.0178991127759
0.0172605682164
0.0166423339397
0.016071902588
0.0155631229281
0.015108300373
0.0146357323974
0.0141707034782
0.0137225026265
0.0133177479729
0.012948313728
0.0125725744292
0.012203944847
0.0118567235768
0.0115137612447
0.0111939264461
0.0109041687101
0.0106149697676
0.0103390151635
0.0100662251934
0.0097989924252
0.00956285558641
0.00931792985648
0.00909104850143
0.00887269247323
0.00865605194122
0.00844752416015
0.00825018435717
0.0080616120249
0.00787026621401
0.00769047671929
0.00751983933151
0.00735072325915
0.00718441186473
0.00702656898648
0.00687475316226
0.00672657275572
0.00658471835777
0.00644770823419
0.00631090207025
0.0061790952459
0.00605945428833
0.00593310967088
0.00581620074809
0.00570215051994
0.00559178739786
0.00548297446221
0.00538003863767
0.00527550280094
0.00517856376246
0.00508242007345
0.00498759979382
0.00489877164364
0.00480847945437
0.00472290907055
0.00464138528332
0.00455810362473
0.00447951862589
0.00440278230235
0.00432811677456
0.0042549809441
0.00418318482116
0.00411438895389
0.00404649460688
0.00398126011714
0.00391698163003
0.00385465892032
0.00379413389601
0.0037354612723
0.00367627572268
0.00362352631055
0.00356764043681
0.00351201184094
0.00346084684134
0.00340951303951
0.00335746095516
0.00331080984324
0.00326308631338
0.00321470410563
0.00316941109486
0.00312498747371
0.00307995360345
0.00303727341816
0.00299575133249
0.00295352446847
0.00291433162056
0.00287479371764
0.00283610378392
0.00279878708534
0.00276184896939
0.0027253520675
0.00269041233696
0.00265579367988
0.00262147397734
0.00258901785128
0.00255611119792
0.00252397893928
0.00249330326915
0.00246187252924
0.00243243575096
0.00240272679366
0.00237326719798
0.00234530633315
0.00231728586368
0.00228966237046
0.00226312782615
0.00223669107072
0.0022105386015
0.00218558032066
0.00216054171324
0.00213652080856
0.00211281701922
0.00208830507472
0.00206619384699
0.00204370100982
0.00202108314261
0.00199840730056
0.00197697989643
0.00195627915673
0.00193459948059
0.00191400223412
0.00189406110439
0.00187367713079
0.00185453065205
0.00183535576798
0.00181632360909
0.00179785478394
0.00177958142012
0.00176141550764
0.00174327625427
0.00172642653342
0.00170933105983
0.00169193453621
0.00167503696866
0.00165895209648
0.00164243264589
0.00162691657897
0.00161128956825
0.00159537768923
0.00158040737733
0.00156524579506
0.0015505120391
0.00153615896124
0.00152167316992
0.00150727003347
0.00149349309504
0.00147949240636
0.00146622525062
0.00145278195851
0.00143946195021
0.00142651109491
0.00141381414142
0.00140119704884
0.00138872233219
0.00137640803587
0.00136444263626
0.00135245407
0.00134078552946
0.00132915156428
0.00131759990472
0.00130628759507
0.00129518425092
0.00128419848625
0.00127334112767
0.00126281264238
0.00125225342344
0.00124187313486
0.00123147387058
0.00122148834635
0.00121119490359
0.00120149296708
0.00119169068057
0.00118203065358
0.00117254198994
0.00116309861187
0.00115352368448
0.00114452827256
0.00113536021672
0.00112634815741
0.0011175024556
0.00110869773198
0.00110018951818
0.00109150400385
0.00108326412737
0.00107485719491
0.0010665365262
0.00105848861858
0.00105025118683
0.00104249536525
0.00103454419877
0.00102680036798
0.00101923209149
0.00101149990223
0.00100418378133
0.000996728660539
0.000989302876405
0.000982064753771
0.000975075701717
0.000967734493315
0.000960919249337
0.00095397408586
0.000947079854086
0.000940114026889
0.000933722301852
0.000926859152969
0.000920370104723
0.000914046016987
0.000907561567146
0.000901128980331
0.000895006058272
0.000888677488547
0.000882586406078
0.000876615813468
0.000870554707944
0.00086455635028
0.000858498271555
0.000852809636854
0.000847021350637
0.000841192551889
0.000835656479467
0.000830034899991
0.000824401096907
0.000819045875687
0.00081349624088
0.000812938495073
0.000812391983345
0.000811863399576
0.000811342208181
0.000810809317045
0.000810274679679
0.000809733814094
0.000809211633168
0.000808702083305
0.000808169541415
0.000807633216027
0.000807123666164
0.000806608819403
0.000806087453384
0.000805555784609
0.000805027433671
0.00080451159738
0.000803996634204
0.00080346892355
0.000802954600658
0.000802430789918
0.000801921414677
0.000801399117336
0.000800874317065
0.000800352252554
0.000799847592134
0.000799328438006
0.000798809400294
0.000798291235697
0.000797774642706
0.0007972434978
0.000796736683697
0.000796220381744
0.000795690168161
0.000795187079348
0.000794671534095
0.000794149586
0.00079362327233
0.000793111394159
0.000792595383245
0.00079206796363
0.000791551545262
0.000791041762568
0.00079052237561
0.000789992918726
0.000789473240729
0.000788960896898
0.000788441451732
0.000787916709669
0.000787411001511
0.000786888529547
0.000786363263614
0.000785862677731
0.000785332580563
0.000784812029451
0.000784302130342
0.000783776224125
0.000783252180554
0.000782740535215
0.000782203220297
0.00078169448534
0.000781175796874
0.000780641508754
0.000780142901931
0.000779608963057
0.00077909725951
0.000778598594479
0.000778079323936
0.000777546723839
0.000777017325163
0.000776484259404
0.000775992521085
0.000775453285314
0.000774927786551
0.000774424173869
0.000773906009272
0.000773371488322
0.000772850995418
0.000772337487433
0.000771809078287
0.000771285209339
0.000770782469772
0.000770261394791
0.000769724370912
0.000769191712607
0.000768684665672
0.000768159341533
0.000767624354921
0.000767119170632
0.000766601995565
0.000766068173107
0.000765535107348
0.0007650401094
0.000764494761825
0.000763972522691
0.00076345942216
0.000762930605561
0.0007624157588
0.000761877396144
