0.693153202534
0.693136692047
0.693118929863
0.693105995655
0.693087100983
0.693077743053
0.693063080311
0.693045556545
0.693035244942
0.693027496338
0.693012595177
0.692997694016
0.692990541458
0.692972838879
0.692957818508
0.692952573299
0.692934572697
0.692924618721
0.692914247513
0.692898631096
0.692889094353
0.692864596844
0.692852318287
0.692846953869
0.692832231522
0.692818343639
0.692815065384
0.692793905735
0.692792773247
0.69276702404
0.692766964436
0.692747592926
0.692731082439
0.692724406719
0.692704439163
0.692689716816
0.692689776421
0.692658603191
0.692658185959
0.692634403706
0.692621290684
0.692619681358
0.692604601383
0.692575275898
0.692565262318
0.692545831203
0.692538380623
0.692522168159
0.692504346371
0.692499995232
0.692489862442
0.692460715771
0.692471265793
0.692443788052
0.692422568798
0.692409455776
0.69243490696
0.69237601757
0.69236934185
0.692330539227
0.692343831062
0.692329287529
0.692287862301
0.692314207554
0.692260682583
0.692273914814
0.692237019539
0.692237794399
0.692214667797
0.692188739777
0.692198812962
0.692191123962
0.692179858685
0.692169487476
0.692150592804
0.692122817039
0.6921402812
0.692092895508
0.69210088253
0.692073464394
0.692032575607
0.691988170147
0.69200694561
0.692012965679
0.691981077194
0.691998958588
0.691944718361
0.691948950291
0.691904366016
0.691895961761
0.691856503487
0.691870629787
0.691789746284
0.691835939884
0.691804587841
0.691805183887
0.691744983196
0.691742658615
0.691718637943
0.691705822945
0.691702842712
0.691692054272
0.691627144814
0.691716194153
0.691615045071
0.691634535789
0.691626727581
0.691607892513
0.691604971886
0.691576600075
0.691553354263
0.691540956497
0.691492378712
0.691530227661
0.691492021084
0.691399753094
0.691418766975
0.69139111042
0.691377580166
0.691349029541
0.691324472427
0.691310703754
0.691336452961
0.691270649433
0.691245496273
0.691241681576
0.691189885139
0.691123723984
0.691232919693
0.691209614277
0.69112175703
0.691125094891
0.691136419773
0.691035211086
0.691080987453
0.69100612402
0.690970897675
0.691019892693
0.690999925137
0.690981626511
0.691023945808
0.690935432911
0.690942585468
0.690872609615
0.690814733505
0.690893113613
0.6907325387
0.69081890583
0.690764963627
0.690721154213
0.690778553486
0.6906863451
0.690654456615
0.690703928471
0.69067054987
0.690646409988
0.690460562706
0.690546095371
0.690533220768
0.690532207489
0.690513074398
0.690372049809
0.690490186214
0.690497934818
0.690411508083
0.690314769745
0.69035589695
0.690325260162
0.690293610096
0.690211474895
0.690258026123
0.690280914307
0.690205693245
0.690217912197
0.690126895905
0.690139651299
0.690108895302
0.69014698267
0.690069973469
0.69000685215
0.689897954464
0.689896166325
0.689912796021
0.68988609314
0.689836800098
0.689795792103
0.68980807066
0.689846217632
0.689924716949
0.689761400223
0.689760506153
0.689594864845
0.689465045929
0.689679384232
0.68972325325
0.689549565315
0.689497411251
0.689570426941
0.689392387867
0.689383804798
0.689340293407
0.689434230328
0.689438283443
0.689322650433
0.689288496971
0.689264833927
0.689366579056
0.689271807671
0.689160168171
0.68901848793
0.689189016819
0.689089596272
0.689199388027
0.68882215023
0.688905954361
0.689083218575
0.688839673996
0.688978075981
0.68898499012
0.688937544823
0.688793182373
0.688804864883
0.688767969608
0.688837766647
0.688587605953
0.688506782055
0.688657343388
0.688554048538
0.688681602478
0.688635528088
0.688449561596
0.688382387161
0.688489496708
0.688346385956
0.688359260559
0.688194453716
0.688433885574
0.68795722723
0.688128650188
0.68810158968
0.688028633595
0.688082516193
0.688038349152
0.688064157963
0.687793195248
0.687954187393
0.688093364239
0.687798023224
0.688006877899
0.687793910503
0.687857270241
0.687518835068
0.687813162804
0.687700390816
0.687526226044
0.687486231327
0.687554061413
0.687228679657
0.687430679798
0.687390208244
0.687606096268
0.687422215939
0.687369525433
0.687246263027
0.687192738056
0.687209546566
0.687137901783
0.686982393265
0.687234699726
0.686835229397
0.687254846096
0.687060832977
0.687122106552
0.686746060848
0.686572313309
0.686847150326
0.686618566513
0.686606585979
0.686532914639
0.686661064625
0.68655192852
0.686405956745
0.686242282391
0.686177015305
0.686425924301
0.686381936073
0.686517655849
0.686133861542
0.68605273962
0.685865581036
0.685830295086
0.686228811741
0.686020851135
0.685870230198
0.686084866524
0.686101555824
0.685915529728
0.686021924019
0.685471594334
0.68561565876
0.685381948948
0.685565650463
0.685620248318
0.685420811176
0.685616374016
0.685109496117
0.685089349747
0.685241580009
0.685072600842
0.68517935276
0.685132741928
0.68465834856
0.684932947159
0.684895455837
0.685034155846
0.684853434563
0.684936404228
0.68466603756
0.684991896152
0.684615135193
0.6845703125
0.684338510036
0.684283733368
0.684475839138
0.684493601322
0.684089839458
0.684141814709
0.684174418449
0.684294641018
0.683796346188
0.684137403965
0.683938324451
0.683993458748
0.683400988579
0.683528006077
0.683424174786
0.683813035488
0.683758974075
0.683454811573
0.683237910271
0.682993173599
0.68329000473
0.683085978031
0.683318734169
0.68300396204
0.683035850525
0.683302879333
0.682634055614
0.682664811611
0.682277977467
0.682666659355
0.682975709438
0.682593822479
0.682861208916
0.682739496231
0.682159662247
0.682431578636
0.682592630386
0.682390391827
0.682365477085
0.682393670082
0.681819498539
0.682001233101
0.682168364525
0.681731820107
0.681715905666
0.681929349899
0.681254565716
0.681483745575
0.681549191475
0.681288361549
0.681561589241
0.681045234203
0.681160032749
0.681063890457
0.681484997272
0.68090826273
0.68107688427
0.680693984032
0.681249856949
0.680708408356
0.680451333523
0.680297911167
0.679830789566
0.680361866951
0.680781066418
0.679972112179
0.679811358452
0.679899930954
0.679775238037
0.679882466793
0.679563045502
0.680093407631
0.67947691679
0.679836452007
0.679499328136
0.679287731647
0.679813086987
0.679298937321
0.678903639317
0.679344832897
0.678825557232
0.678564310074
0.678597569466
0.679032385349
0.678465604782
0.678801655769
0.679495036602
0.67843657732
0.677594959736
0.678329408169
0.678546011448
0.677917122841
0.677891373634
0.678121268749
0.678083181381
0.677529990673
0.677554666996
0.677652716637
0.677242100239
0.677329599857
0.677258431911
0.676860749722
0.677108466625
0.676343679428
0.676818430424
0.676389694214
0.676667153835
0.676608562469
0.676727175713
0.676951408386
0.676622509956
0.676362037659
0.676110386848
0.676329731941
0.676239311695
0.676294744015
0.675523340702
0.676138997078
0.675807595253
0.676047921181
0.675332248211
0.675011754036
0.675047039986
0.674897432327
0.67487347126
0.673995256424
0.674572408199
0.674501597881
0.673905968666
0.673820853233
0.674604833126
0.674493610859
0.674125730991
0.674131453037
0.674042999744
0.673323392868
0.674182772636
0.673424720764
0.673385977745
0.673511862755
0.673373281956
0.673095583916
0.672744870186
0.672856628895
0.673231899738
0.672190725803
0.672722220421
0.673040151596
0.672353744507
0.673276782036
0.671538293362
0.671688914299
0.67222905159
0.671755254269
0.672058224678
0.671693384647
0.671357154846
0.671488106251
0.671953737736
0.671325922012
0.670665383339
0.671651899815
0.670768022537
0.67058879137
0.670315802097
0.670900225639
0.670470535755
0.670233905315
0.670014083385
0.671298265457
0.67012989521
0.67041438818
0.669468402863
0.669196307659
0.66931283474
0.669672012329
0.669575095177
0.669320881367
0.668991684914
0.669424653053
0.668831348419
0.668551921844
0.668141782284
0.668600976467
0.667411744595
0.668391823769
0.668652415276
0.667704880238
0.666897058487
0.667985916138
0.666282117367
0.667879879475
0.667429804802
0.666983544827
0.666996657848
0.666851639748
0.665594279766
0.667160153389
0.666362166405
0.667214274406
0.666362345219
0.666917085648
0.665995061398
0.665865719318
0.666028857231
0.665414631367
0.665850520134
0.665463030338
0.665864467621
0.665166556835
0.664923489094
0.665757358074
0.66523206234
0.664195656776
0.664590358734
0.663355886936
0.664462327957
0.664079666138
0.66540324688
0.663519203663
0.663794636726
0.664507985115
0.662860929966
0.663003444672
0.663155853748
0.662453055382
0.663262486458
0.662820637226
0.662900090218
0.662218093872
0.662019848824
0.662164330482
0.662715256214
0.661992013454
0.662627637386
0.661652505398
0.661502063274
0.660926043987
0.662054717541
0.660454750061
0.661043703556
0.660799324512
0.660208642483
0.660460829735
0.659810960293
0.660057783127
0.659583330154
0.658258974552
0.660502076149
0.660110712051
0.658043622971
0.65812087059
0.659100115299
0.658922433853
0.659178853035
0.659602820873
0.656940340996
0.658096194267
0.657043099403
0.657532989979
0.658834517002
0.657885670662
0.657730638981
0.656343996525
0.657423138618
0.656735897064
0.656424939632
0.656643152237
0.655866503716
0.655216634274
0.65558809042
0.655673265457
0.656707763672
0.655955195427
0.654874622822
0.653774082661
0.654528677464
0.653934597969
0.655574023724
0.655179202557
0.654100060463
0.654009461403
0.65367269516
0.653963208199
0.653912127018
0.652399003506
0.652603149414
0.652972102165
0.654336929321
0.653991043568
0.652552008629
0.652713477612
0.65250647068
0.653192222118
0.652718245983
0.651220917702
0.652762293816
0.651586472988
0.650908470154
0.651102304459
0.651911079884
0.650627076626
0.651290237904
0.651095867157
0.649874031544
0.650253891945
0.648725688457
0.650333464146
0.647839665413
0.649897933006
0.648141801357
0.647970795631
0.648945510387
0.648209631443
0.648263156414
0.648597300053
0.648272156715
0.648066103458
0.648438990116
0.647166728973
0.646610379219
0.64674949646
0.646424233913
0.646262049675
0.647607505322
0.646047532558
0.647029101849
0.647161185741
0.644034266472
0.645217299461
0.645126760006
0.644317507744
0.645616948605
0.646100282669
0.644880771637
0.644326865673
0.643818497658
0.644337177277
0.643516600132
0.643544793129
0.642733514309
0.642921209335
0.642307639122
0.641868412495
0.641868829727
0.64371496439
0.642913103104
0.641331315041
0.641101419926
0.641822874546
0.640831530094
0.643022835255
0.642272353172
0.64112174511
0.641576766968
0.640417397022
0.640463709831
0.639981687069
0.640037953854
0.640712916851
0.639753103256
0.638707399368
0.639101147652
0.63846296072
0.638428151608
0.64184743166
0.637721836567
0.638165593147
0.637208521366
0.638992547989
0.637014985085
0.635829865932
0.636739969254
0.636433303356
0.636911690235
0.636438906193
0.63561207056
0.634511947632
0.634911954403
0.635217368603
0.635009646416
0.636630177498
0.633230090141
0.633837759495
0.635696768761
0.633357703686
0.633751094341
0.633868694305
0.633994817734
0.632052898407
0.631370306015
0.633515119553
0.632609963417
0.633271098137
0.632026851177
0.634411096573
0.634032309055
0.63286447525
0.633517920971
0.631239652634
0.629946172237
0.630637943745
0.630620360374
0.629800319672
0.631521701813
0.628781139851
0.627766549587
0.630223035812
0.629806578159
0.62952029705
0.629721045494
0.628213703632
0.630125939846
0.627316653728
0.626625180244
0.628260970116
0.628453016281
0.627512097359
0.627956330776
0.627223312855
0.630950808525
0.626391172409
0.628321647644
0.624971866608
0.625126481056
0.625360190868
0.625155389309
0.626312673092
0.625891387463
0.623575627804
0.623403608799
0.625085055828
0.623946607113
0.623443245888
0.6254119277
0.626537740231
0.623733043671
0.624340951443
0.6232457757
0.622060954571
0.625415682793
0.621699094772
0.620322346687
0.622602939606
0.622861564159
0.618929445744
0.619946599007
0.622323811054
0.620836436749
0.619419038296
0.620908975601
0.617719650269
0.618640601635
0.618664264679
0.619619369507
0.620191633701
0.620091080666
0.619289755821
0.620860278606
0.617981493473
0.617241680622
0.619615852833
0.621193170547
0.6183142066
0.61664390564
0.618080079556
0.616129040718
0.616815924644
0.613597035408
0.617834568024
0.614449381828
0.615126848221
0.615567982197
0.617765903473
0.614383041859
0.616960346699
0.613583981991
0.614747583866
0.615971505642
0.615201950073
0.612379014492
0.61498105526
0.618925333023
0.617368996143
0.614843964577
0.615092992783
0.614590346813
0.613249778748
0.614175736904
0.612685024738
0.611015021801
0.612980365753
0.611207783222
0.610585033894
0.611111998558
0.60957056284
0.610947847366
0.610105097294
0.608204007149
0.611344218254
0.610408365726
0.611136436462
0.611828446388
0.609092831612
0.611471235752
0.610675990582
0.61007797718
0.608998954296
0.610517859459
0.609971046448
0.606093525887
0.605752825737
0.608555555344
0.609238564968
0.607269704342
0.606759488583
0.605145990849
0.606950581074
0.607010245323
0.607295095921
0.606238484383
0.602973520756
0.606142699718
0.605618417263
0.606513381004
0.606297135353
0.605250656605
0.603960752487
0.602640688419
0.602334439754
0.603986799717
0.605995774269
0.604918301105
0.605082094669
0.602793574333
0.602674782276
0.600786030293
0.601933538914
0.603764951229
0.602867662907
0.602056384087
0.600551724434
0.602852106094
0.598832249641
0.601256966591
0.600374221802
0.601272642612
0.601287484169
0.60109513998
0.600925803185
0.598463892937
0.599666714668
0.598557770252
0.598850369453
0.599224328995
0.598478257656
0.596729099751
0.598268389702
0.60116058588
0.598098993301
0.596539437771
0.598212778568
0.596206188202
0.595273137093
0.599520921707
0.597750008106
0.595208764076
0.59393030405
0.598419308662
0.600086629391
0.596110641956
0.594317257404
0.595495223999
0.594942450523
0.595152616501
0.59688782692
0.59661924839
0.595559179783
0.596004009247
0.592162787914
0.595130622387
0.594984173775
0.595667362213
0.593632817268
0.593946635723
0.593631148338
0.596316218376
0.595793545246
0.592277169228
0.596310377121
0.590354442596
0.591648340225
0.595735549927
0.592519819736
0.592030584812
0.591414809227
0.59376847744
0.59128087759
0.591092526913
0.596517562866
0.589354217052
0.592275202274
0.587808668613
0.591572880745
0.593268632889
0.59005099535
0.588326752186
0.588886857033
0.58797866106
0.589437782764
0.59036809206
0.588854074478
0.589675545692
0.584462106228
0.584813952446
0.589304506779
0.58992177248
0.589287400246
0.588573157787
0.586655199528
0.583987295628
0.589024424553
0.587226748466
0.587980210781
0.582628428936
0.585779249668
0.582777559757
0.583374261856
0.587188363075
0.589328885078
0.587051749229
0.590187966824
0.586997210979
0.583505272865
0.585689067841
0.586218059063
0.584600031376
0.587264418602
0.588918805122
0.587221503258
0.585843324661
0.58474034071
0.584594488144
0.58246576786
0.585224628448
0.580875873566
0.584363043308
0.582886755466
0.585413813591
0.580284237862
0.583597540855
0.579299807549
0.583827793598
0.585605621338
0.581832766533
0.583874821663
0.579466760159
0.578154087067
0.579799056053
0.578378200531
0.578192651272
0.578331589699
0.580989658833
0.583058536053
0.582631766796
0.580993831158
0.579180717468
0.578453123569
0.581310868263
0.579717457294
0.584062814713
0.579017579556
0.578753829002
0.580253362656
0.583591580391
0.576578974724
0.582276403904
0.578550994396
0.578472912312
