0.681867301464
0.682561218739
0.683044731617
0.683579444885
0.683729469776
0.68438154459
0.681675136089
0.684684574604
0.683485388756
0.681576550007
0.679500579834
0.685391843319
0.677097201347
0.684539914131
0.678660929203
0.677837908268
0.681199252605
0.685668289661
0.680286109447
0.678150653839
0.68357861042
0.678813517094
0.679248988628
0.678552746773
0.675853431225
0.677188158035
0.677079379559
0.677885711193
0.678091704845
0.678386092186
0.673580288887
0.675633728504
0.679655969143
0.675393283367
0.67636346817
0.679041206837
0.676660656929
0.673341870308
0.674896359444
0.680369317532
0.676318883896
0.672078669071
0.672044098377
0.678447604179
0.67388677597
0.669752299786
0.675768911839
0.673872768879
0.674543261528
0.665634989738
0.669023156166
0.673836171627
0.675440192223
0.661809980869
0.670764744282
0.669531524181
0.67147642374
0.665183782578
0.666473031044
0.669496357441
0.667606711388
0.670595467091
0.667529046535
0.668535172939
0.667428076267
0.664887607098
0.665113329887
0.667269647121
0.663337826729
0.668740928173
0.663712799549
0.66578745842
0.658307731152
0.666206181049
0.666032791138
0.660632908344
0.66418415308
0.664428830147
0.664024114609
0.662383973598
0.656279027462
0.65838944912
0.654288172722
0.655101954937
0.652852594852
0.655787706375
0.657342016697
0.663278281689
0.65794557333
0.662250518799
0.657443284988
0.65075135231
0.658385932446
0.657094240189
0.65109282732
0.656684815884
0.650142192841
0.652135193348
0.654193043709
0.653896868229
0.648194611073
0.65233618021
0.654250144958
0.652946650982
0.657379567623
0.656231045723
0.649771094322
0.645325422287
0.644812166691
0.643100619316
0.639565885067
0.65312486887
0.649568855762
0.642220258713
0.641435146332
0.644256293774
0.641819059849
0.644921123981
0.642481684685
0.642987668514
0.643560945988
0.637758553028
0.636255323887
0.638591468334
0.637858450413
0.636128127575
0.629859268665
0.636356532574
0.637803256512
0.641554534435
0.632780253887
0.641859054565
0.636001527309
0.63596534729
0.63972556591
0.637468457222
0.632574737072
0.623168170452
0.624809205532
0.630480408669
0.630132555962
0.628917396069
0.631137669086
0.625875174999
0.642995238304
0.625512123108
0.625789582729
0.629231214523
0.626452565193
0.622122108936
0.633469462395
0.618363440037
0.620572566986
0.628739535809
0.624492585659
0.620458066463
0.633960545063
0.615054905415
0.62069773674
0.625399231911
0.617446482182
0.617788672447
0.618231773376
0.619156658649
0.614382982254
0.614117205143
0.622991621494
0.62232863903
0.614063560963
0.618677735329
0.614075362682
0.616451561451
0.612990856171
0.614183247089
0.611771285534
0.610621631145
0.609877586365
0.628013253212
0.608998417854
0.611875295639
0.608422577381
0.604488968849
0.597462415695
0.61246830225
0.605450451374
0.608075976372
0.606739521027
0.606599748135
0.610983550549
0.616542518139
0.605036199093
0.594769835472
0.599987626076
0.601943552494
0.607900857925
0.605134129524
0.602158725262
0.592279374599
0.596775174141
0.605171859264
0.606825649738
0.601249277592
0.604372620583
0.614748120308
0.599829554558
0.606851220131
0.601931214333
0.604098081589
0.602429628372
0.596571087837
0.590993463993
0.597739458084
0.59463506937
0.591446757317
0.590835392475
0.583460450172
0.591122090816
0.592276573181
0.588325977325
0.583106458187
0.586048424244
0.596517920494
0.596519351006
0.606276750565
0.583199858665
0.591238379478
0.58564221859
0.586340308189
0.578743815422
0.589035987854
0.587256729603
0.578971326351
0.584161877632
0.58182144165
0.584514319897
0.585001647472
0.581374764442
0.577549219131
0.581441581249
0.580278158188
0.576257109642
0.582841336727
0.574780344963
0.572382986546
0.574604272842
0.582959532738
0.588317275047
0.584795296192
0.589585959911
0.578874409199
0.586143612862
0.58571344614
0.5871129632
0.584853351116
0.576262593269
0.574937939644
0.575640797615
0.582372248173
0.592340528965
0.565507352352
0.572041273117
0.573108315468
0.580663263798
0.581929206848
0.583900034428
0.582615613937
0.583179235458
0.582349359989
0.586286723614
0.589933156967
0.590409934521
0.570536971092
0.581133127213
0.571470558643
0.579762041569
0.577812850475
0.572564601898
0.591955661774
0.572532117367
0.583395659924
0.589174747467
0.572629034519
0.581443309784
0.583891868591
0.586856365204
0.572952568531
0.587405443192
0.583416461945
0.582304179668
0.573484897614
0.579651713371
0.590466916561
0.567497968674
0.584008216858
0.580677747726
0.580226659775
0.579572856426
0.574428498745
0.584854185581
0.57307523489
