0.693057179451
0.691358745098
0.695214688778
0.692221283913
0.692418158054
0.690871477127
0.695282876492
0.68910330534
0.689451992512
0.693433821201
0.689287900925
0.69228965044
0.687574744225
0.692945599556
0.690471351147
0.692933619022
0.688400864601
0.688481390476
0.688767910004
0.690418064594
0.694329857826
0.692638337612
0.691370844841
0.694015264511
0.692315876484
0.691846907139
0.691409230232
0.694155037403
0.692108094692
0.689135789871
0.690309107304
0.688207030296
0.690131008625
0.691671073437
0.690191626549
0.689334332943
0.691474854946
0.692458570004
0.68914347887
0.689693689346
0.690825819969
0.688415229321
0.693379819393
0.690329790115
0.687659680843
0.691737771034
0.691024541855
0.68956631422
0.6886023283
0.690579891205
