0.806201219559
0.738434135914
0.702917098999
0.661616563797
0.654704153538
0.640726029873
0.620406985283
0.620639681816
0.601303756237
0.581244111061
0.579524040222
0.576098680496
0.565246641636
0.567008316517
0.554549515247
0.53559589386
0.531680047512
0.53227442503
0.515002191067
0.524012327194
0.515503466129
0.505632698536
0.487365782261
0.501922249794
0.488204658031
0.497281134129
0.507674217224
0.4754550457
0.48097628355
0.474339038134
0.474978834391
0.475261330605
0.491160541773
0.468122750521
0.455564171076
0.480966925621
0.47364705801
0.474822819233
0.464336127043
0.430639088154
0.44276368618
0.470272988081
0.411452144384
0.438675880432
0.425219208002
0.427335560322
0.425193756819
0.447331249714
0.452433437109
0.435712009668
0.45012781024
0.419275820255
0.423815011978
0.408837556839
0.44615393877
0.410021185875
0.462394058704
0.430436968803
0.446747094393
0.412558495998
0.404109597206
0.420204669237
0.372420221567
0.414703041315
0.415987342596
0.427249580622
0.390747249126
0.41550219059
0.419248104095
0.423464626074
0.38445815444
0.395353615284
0.401972025633
0.420489162207
0.391958892345
0.361852049828
0.390522629023
0.354950726032
0.382484316826
0.37334048748
0.393150955439
0.384735882282
0.368868917227
0.368197292089
0.33221462369
0.360611885786
0.373459219933
0.404037415981
0.405987590551
0.374191015959
0.380542337894
0.414478510618
0.386004120111
0.395341217518
0.3463152349
0.382248997688
0.385258883238
0.353346824646
0.378940403461
0.363530039787
0.34925660491
0.30589517951
0.364148557186
0.366213947535
0.357393324375
0.411750853062
0.363363534212
0.347199350595
0.379671156406
0.38143736124
0.399319350719
0.392833441496
0.417691797018
0.347602635622
0.37991181016
0.383940637112
0.356210291386
0.314553499222
0.32796356082
0.360917240381
0.34548586607
0.355533182621
0.358231455088
0.362866461277
0.398534536362
0.334714353085
0.378156751394
0.336623191833
0.392721027136
0.342275857925
0.386235356331
0.30615478754
0.364400088787
0.340856820345
0.359361946583
0.366633147001
0.356606096029
0.390118598938
0.378185331821
0.329159289598
0.399937182665
0.376712620258
0.328284323215
0.325794756413
0.331879526377
0.350583672523
0.303228288889
0.350612878799
0.360194325447
0.368741929531
0.310510098934
0.307438641787
0.333184063435
0.330573529005
0.305926859379
0.368473678827
0.385315418243
0.310644209385
0.322298079729
0.357087403536
0.34660667181
0.327084302902
0.358694642782
0.364863872528
0.273656249046
0.34263792634
0.324060916901
0.329386800528
0.315857678652
0.315889239311
0.289006978273
0.329490691423
0.336150825024
0.321528702974
0.323689669371
0.332242459059
0.314576596022
0.290113478899
0.338835567236
0.299406379461
0.308622360229
0.302996724844
0.315030276775
0.296724289656
0.314117878675
0.293686687946
0.318487107754
0.364240884781
0.342855900526
0.341722935438
0.266088187695
0.304349392653
0.284301668406
0.291361659765
0.391292840242
0.302754163742
0.319210618734
0.296363115311
0.352305859327
0.304802715778
0.315871983767
0.312094628811
0.345488995314
0.296831130981
0.325252503157
0.30150654912
0.366544395685
0.351828634739
0.372678279877
0.283906280994
0.283664345741
0.366700917482
0.336743652821
0.267760366201
0.364107757807
0.295618385077
0.320117533207
0.269247442484
0.301098048687
0.276614934206
0.312364339828
0.310704737902
0.347552418709
0.307567417622
0.338405787945
0.343698948622
0.325968980789
0.309311956167
0.35667219758
0.293818771839
0.330096572638
0.263947695494
0.31949031353
0.270697981119
0.328904956579
0.336860358715
0.312984585762
0.326239228249
0.343007087708
0.33522811532
0.286064535379
0.288877040148
0.294174194336
0.265861183405
0.301209062338
0.343941748142
0.291689664125
0.307691246271
0.300184607506
0.298265755177
0.313643753529
0.364573419094
0.266361773014
0.292852014303
0.296020805836
0.281672328711
0.315265417099
0.391364693642
0.359752118587
0.347566604614
0.324829727411
0.235983103514
0.25111323595
0.318199187517
0.357166856527
0.273398637772
0.343868821859
0.278170436621
0.264370918274
0.29421582818
0.325681954622
0.261850595474
0.296352624893
0.316353499889
0.323777318001
0.294969767332
0.325654923916
0.265291124582
0.30201753974
0.299365878105
0.275933772326
0.319642663002
0.31165215373
0.310780078173
0.348807096481
0.329707115889
0.278658568859
0.274888694286
0.297421723604
0.300129711628
0.296026140451
0.324527531862
0.294147819281
0.283661603928
0.285709649324
0.335342049599
0.30003631115
0.300811141729
0.283494442701
0.294699907303
