0.693410873413
0.693070590496
0.692739546299
0.692418217659
0.692102789879
0.691789746284
0.691482305527
0.691178023815
0.690877199173
0.690587282181
0.690306663513
0.690046966076
0.689792692661
0.689542531967
0.689300537109
0.689054846764
0.688810765743
0.688554108143
0.688297629356
0.688048005104
0.687809050083
0.687566161156
0.687315702438
0.68706882
0.686813890934
0.686552703381
0.686310529709
0.686078310013
0.685851633549
0.685634016991
0.685417830944
0.685196280479
0.684970259666
0.684739291668
0.684506773949
0.684276759624
0.684042930603
0.683811485767
0.683579921722
0.68334621191
0.683104336262
0.682855248451
0.682600319386
0.682340621948
0.68207603693
0.681798696518
0.681516766548
0.681237578392
0.680953621864
0.680676102638
0.680403709412
0.680133640766
0.679863810539
0.679588794708
0.679302513599
0.679013133049
0.678718447685
0.678416192532
0.678102910519
0.677775025368
0.677443027496
0.677106916904
0.676773786545
0.676439404488
0.676094770432
0.675742387772
0.675388097763
0.675030589104
0.674663543701
0.674283206463
0.673890769482
0.673492729664
0.673084259033
0.672680437565
0.67226177454
0.671825706959
0.671376168728
0.670931339264
0.670484006405
0.670031607151
0.669579803944
0.669128417969
0.668674528599
0.668207705021
0.6677287817
0.667238950729
0.666736483574
0.666219949722
0.665690660477
0.66515058279
0.664598286152
0.66402810812
0.663445830345
0.662853717804
0.662232756615
0.661602437496
0.660967946053
0.660328626633
0.659672498703
0.6590102911
0.658337235451
0.657646536827
0.656938374043
0.656229674816
0.655501723289
0.654776096344
0.654028475285
0.653269708157
0.652486562729
0.651680707932
0.650873601437
0.650010943413
0.649087607861
0.648132622242
0.647171080112
0.646228194237
0.645317852497
0.644396364689
0.643474698067
0.642550110817
0.64162093401
0.640684723854
0.639742076397
0.638789653778
0.6378236413
0.636847615242
0.635861575603
0.634860277176
0.633851647377
0.63283187151
0.631810128689
0.630784034729
0.629754781723
0.628734707832
0.627705037594
0.626665055752
0.625606775284
0.624537348747
0.623449921608
0.622349381447
0.621237158775
0.620125472546
0.618997514248
0.617854893208
0.616698265076
0.615524351597
0.614338517189
0.61315882206
0.611959338188
0.610746085644
0.609526336193
0.608296811581
0.607056736946
0.605826199055
0.604585707188
0.603324055672
0.602053165436
0.60075032711
0.599416971207
0.59807819128
0.596726179123
0.59533315897
0.593903422356
0.592451512814
0.590977430344
0.589485406876
0.587943136692
0.586422264576
0.584924638271
0.583426594734
0.581916153431
0.580393016338
0.578833520412
0.577257990837
0.575669527054
0.574073016644
0.572476148605
0.570893168449
0.569316804409
0.567763566971
0.566198468208
0.5646443367
0.563083171844
0.561513960361
0.559945166111
0.558382868767
0.556808173656
0.555233836174
0.553663730621
0.552103877068
0.550521492958
0.548908650875
0.547283172607
0.545665442944
0.544037103653
0.542407691479
0.540772140026
0.539160430431
0.537562668324
0.535968542099
0.534393489361
0.532823801041
0.531241416931
0.529699862003
0.528150260448
0.526597678661
0.525055289268
0.523534953594
0.522013962269
0.520470917225
0.518931746483
0.517407238483
0.515864551067
0.514313578606
0.512783646584
0.511237502098
0.509697794914
0.508176505566
0.506633043289
0.505075573921
0.503518283367
0.501950204372
0.500375330448
0.498813986778
0.497238665819
0.495651394129
0.494053542614
0.49246942997
0.490868508816
0.489242851734
0.487626612186
0.486032634974
0.484450489283
0.482851088047
0.481244266033
0.479619503021
0.477991849184
0.476391047239
0.474771589041
0.473160147667
0.471553564072
0.469942033291
0.468333125114
0.466742008924
0.465167909861
0.463619291782
0.462048262358
0.460466712713
0.458889186382
0.457340210676
0.455785155296
0.454226136208
0.45267021656
0.451097816229
0.449548274279
0.447976797819
0.446394473314
0.44481626153
0.443262755871
0.441700845957
0.440117955208
0.438538193703
0.436976611614
0.435405164957
0.433818042278
0.43225261569
0.430771976709
0.429275304079
0.427778661251
0.426262825727
0.424777805805
0.423296183348
0.421802192926
0.420317083597
0.418830752373
0.417350202799
0.415861725807
0.414375126362
0.412894338369
0.411414027214
0.409956485033
0.408488243818
0.407000571489
0.405546456575
0.404099613428
0.402647286654
0.401206403971
0.399742394686
0.3982681036
0.396809011698
0.395356178284
0.393898516893
0.392449617386
0.390993177891
0.389527916908
0.388042926788
0.386583656073
0.385104954243
0.383630394936
0.382148295641
0.380672961473
0.379192262888
0.377716422081
0.376278907061
0.374846458435
0.373397052288
0.371961951256
0.37053668499
0.369106531143
0.367672294378
0.366246193647
0.364798873663
0.363343149424
0.361897319555
0.36042252183
0.358920425177
0.357422381639
0.355938434601
0.354442358017
0.352950453758
0.351456046104
0.349978625774
0.348493248224
0.347029596567
0.345567733049
0.344114214182
0.342649966478
0.341194421053
0.339734107256
0.338279157877
0.336835533381
0.335433155298
0.334003359079
0.332607954741
0.331212550402
0.32978284359
0.328353822231
0.326913684607
0.325448095798
0.323987334967
0.322533220053
0.321086078882
0.319649487734
0.318207532167
0.316769331694
0.315290957689
0.313767820597
0.312276363373
0.310788333416
0.309317827225
0.30784201622
0.306332468987
0.304886579514
0.303523004055
0.302187234163
0.300780683756
0.299382001162
0.297974348068
0.296534925699
0.29509973526
0.293681234121
0.292247146368
0.290766239166
0.289267599583
0.287770837545
0.286329180002
0.284916579723
0.283530443907
0.282155036926
0.280754357576
0.279322385788
0.277925789356
0.276527285576
0.275089889765
0.273688644171
0.272259145975
0.270866364241
0.269505918026
0.268096804619
0.266737639904
0.26539966464
0.264054507017
0.262715399265
0.26137688756
0.260033428669
0.258717536926
0.257375061512
0.256034195423
0.254662066698
0.253322660923
0.252049595118
0.250733375549
0.249435201287
0.248216047883
0.246930316091
0.24572725594
0.244504570961
0.243258655071
0.242050617933
0.240799099207
0.2395054847
0.238266766071
0.237016290426
0.235707134008
0.234437286854
0.23327986896
0.232116222382
0.230911403894
0.229701310396
0.228539407253
0.22744999826
0.226334169507
0.225128874183
0.223953336477
0.22284989059
0.221717149019
0.220587864518
0.219451576471
0.218344092369
0.217219546437
0.216087415814
0.214999645948
0.213915407658
0.212792187929
0.211736619473
0.210663735867
0.209584698081
0.20852188766
0.207483977079
0.206442221999
0.20538470149
0.204332172871
0.20327334106
0.202209860086
0.201159536839
0.200115188956
0.199091762304
0.198046416044
0.197013676167
0.196042135358
0.195014625788
0.194012746215
0.19301712513
0.192018374801
0.191036358476
0.190027818084
0.189087212086
0.188096061349
0.187127038836
0.186139583588
0.185165464878
0.184204787016
0.183240830898
0.182288125157
0.181364193559
0.180420234799
0.179449468851
0.178480640054
0.177532732487
0.176707342267
0.175704702735
0.174742206931
0.173872932792
0.172926366329
0.17204105854
0.171092972159
0.170128539205
0.16919593513
0.168268293142
0.167381465435
0.166385740042
0.165435180068
0.164508804679
0.16358114779
0.162629455328
0.161735534668
0.160830035806
0.15986160934
0.158925965428
0.157972216606
0.157008141279
0.155920565128
0.154894068837
0.153911352158
0.15289247036
0.15189255774
0.150898218155
0.149885684252
0.148867204785
0.147875666618
0.146919116378
0.146000653505
0.145100623369
0.144170999527
0.143282607198
0.142398655415
0.141455113888
0.14056506753
0.139696061611
0.138822942972
0.137967407703
0.137118756771
0.136246904731
0.135373517871
0.134549409151
0.133719295263
0.132905840874
0.132113337517
0.131345734
0.130581349134
0.12980863452
0.129033237696
0.128266498446
0.1275318712
0.12675909698
0.126006141305
0.125287950039
0.124585591257
0.123896084726
0.123183198273
0.122525788844
0.121822282672
0.121131516993
0.120436236262
0.119748592377
0.119087219238
0.118461087346
0.117781735957
0.11711345613
0.11644475162
0.115797519684
0.115136913955
0.114491008222
0.113792404532
0.113134205341
0.112508706748
0.111846968532
0.111225776374
0.110584899783
0.109940357506
0.109288007021
0.108624882996
0.107957608998
0.107366383076
0.106657519937
0.106031872332
0.10539650172
0.104737609625
0.104059331119
0.103369727731
0.102701790631
0.102086022496
0.101485349238
0.100897997618
0.100301332772
0.099734030664
0.0991372093558
0.0985002443194
0.0978144183755
0.0971310287714
0.0964430198073
0.0957095474005
0.0949813500047
0.0942592173815
0.0935273692012
0.0927845165133
0.0920216143131
0.0912499055266
0.0904622077942
0.0896671786904
0.0888671725988
0.0879246890545
0.0869579166174
0.0859886184335
0.085039332509
0.0841438099742
0.083290964365
0.0826077535748
0.0818943977356
0.0812166556716
0.08055896312
0.0799241065979
0.0792863070965
0.0786449685693
0.0780258476734
0.0774001702666
0.0768068954349
0.0762294307351
0.0756440013647
0.075047634542
0.0744637846947
0.0739025995135
0.0733327940106
0.0727870389819
0.0722421482205
0.0716925859451
0.0711873993278
0.0706287920475
0.0701113343239
0.0695860609412
0.0690853223205
0.0685746669769
0.0680783241987
0.0675734430552
0.0670703500509
0.0665778592229
0.0660828873515
0.0655926689506
0.065133407712
0.064621001482
0.0641578957438
0.0637418329716
0.0632285997272
0.0627546459436
0.0623256340623
0.061849873513
0.0613805800676
0.0609371177852
0.0604861602187
0.0600412338972
0.0595906712115
0.0591412894428
0.0587338395417
0.058298882097
0.0578548647463
0.0574430041015
0.0570279546082
0.0566334091127
0.0562180764973
0.0558196268976
0.0554038062692
0.0550126209855
0.0546268038452
0.0542399957776
0.0538531504571
0.053497236222
0.0530755966902
0.0527207069099
0.0523533895612
0.0519779659808
0.0516213849187
0.0512598492205
0.0509085766971
0.0505814440548
0.0502679497004
0.049960564822
0.0496331974864
0.0493288375437
0.0490223802626
0.0487121641636
0.0484058149159
0.048101849854
0.0478014238179
0.0474957637489
0.0471891090274
0.0468870773911
0.0465922504663
0.0462936908007
0.0460102185607
0.0457409732044
0.0454640798271
0.0451837182045
0.0449055880308
0.044639531523
0.0443640090525
0.0441065914929
0.043843254447
0.0435830838978
0.0433083586395
0.0430009141564
0.0426361374557
0.0421962924302
0.0417232327163
0.0411829985678
0.0407880358398
0.0405792742968
0.0403247475624
0.0400560423732
0.0398082695901
0.0395633280277
0.0393148995936
0.0390652604401
0.0388067141175
0.038549810648
0.0382868237793
0.0380255579948
0.0377740636468
0.0375371426344
0.0373014211655
0.0370675288141
0.0368504598737
0.0366253070533
0.0364083647728
0.0361882522702
0.0359617620707
0.0357356518507
0.0355168953538
0.0352974385023
0.03507995978
0.0348648279905
0.0346581786871
0.0344608873129
0.034261379391
0.0340666882694
0.0338683240116
0.0336689911783
0.0334747768939
0.0332804657519
0.0330855287611
0.0329021885991
0.0327147841454
0.0325299277902
0.0323476865888
0.0321706198156
0.0319896377623
0.0318108610809
0.0316401124001
0.0314663946629
0.0312958210707
0.031127108261
0.0309584643692
0.0307905040681
0.0306316055357
0.0304730013013
0.0303124599159
0.0301483571529
0.0299930348992
0.0298362430185
0.0296927616
0.0295398533344
0.0293831899762
0.0292378906161
0.0290888547897
0.0289360620081
0.028781523928
0.0286310017109
0.0284868143499
0.0283362846822
0.0281865093857
0.0280449334532
0.0279009304941
0.0277563929558
0.0276156496257
0.0274826865643
0.0273403804749
0.0271974429488
0.0270602218807
0.0269224960357
0.026786999777
0.0266466736794
0.0265133921057
0.0263823810965
0.0262527745217
0.0261229444295
0.0259912908077
0.0258682258427
0.0257379766554
0.0256113559008
0.0254849605262
0.0253612939268
0.0252368561924
0.0251148454845
0.0249960739166
0.0248750057071
0.024762256071
0.0246424563229
0.0245228074491
0.0244018230587
0.0242872741073
0.0241705272347
0.0240561272949
0.0239441785961
0.0238311868161
0.0237201917917
0.023606736213
0.0234956424683
0.0233848430216
0.0232763029635
0.0231676399708
0.0230673868209
0.02295290865
0.022842425853
0.0227376744151
0.0226313378662
0.0225247461349
0.0224173218012
0.0223123412579
0.02220823057
0.0221067331731
0.0220042224973
0.0219018235803
0.0218015164137
0.0217001084238
0.0215995796025
0.0214988663793
0.0213984139264
0.0212997384369
0.021202404052
0.021106466651
0.0210047606379
0.0209027454257
0.0208916850388
0.0208828058094
0.0208730921149
0.0208634603769
0.0208549220115
0.020846946165
0.0208388213068
0.0208302233368
0.0208212435246
0.0208119377494
0.0208023488522
0.0207926146686
0.0207844078541
0.0207749381661
0.0207651145756
0.0207560192794
0.0207471270114
0.0207378044724
0.0207294356078
0.0207213219255
0.0207134895027
0.0207050610334
0.0206961724907
0.0206870622933
0.0206786524504
0.0206701364368
0.0206612236798
0.020652923733
0.0206441897899
0.020635670051
0.0206269957125
0.0206180904061
0.0206098575145
0.0206016171724
0.0205926541239
0.0205844417214
0.0205763559788
0.0205681156367
0.0205595288426
0.020550981164
0.0205424726009
0.0205337125808
0.0205247048289
0.0205177627504
0.0205089077353
0.0205003451556
0.0204915069044
0.0204831045121
0.0204745922238
0.0204664468765
0.0204576011747
0.0204490218312
0.020441159606
0.0204327702522
0.0204236935824
0.0204160176218
0.0204082261771
0.0204002875835
0.0203923340887
0.0203841999173
0.0203760527074
0.0203683301806
0.0203599240631
0.0203517749906
0.0203437060118
0.0203356351703
0.0203278791159
0.0203191991895
0.0203112401068
0.0203032363206
0.0202952492982
0.02028689906
0.0202788021415
0.0202708821744
0.0202624946833
0.0202545635402
0.0202467292547
0.0202390253544
0.0202304553241
0.0202226769179
0.02021487616
0.0202069301158
0.0201990827918
0.0201909244061
0.0201829206198
0.0201753899455
0.0201675686985
0.0201592613012
0.0201512761414
0.0201436504722
0.0201357007027
0.0201283805072
0.0201199408621
0.0201119165868
0.0201039761305
0.0200958903879
0.0200880914927
0.020080210641
0.0200721416622
0.0200645588338
0.0200567748398
0.0200487039983
0.0200407281518
0.0200330577791
0.020025273785
0.0200177803636
0.0200100596994
0.0200018398464
0.0199940185994
0.0199860967696
0.0199779048562
0.0199703443795
0.0199624877423
0.019954379648
0.0199467875063
0.0199388228357
0.019931409508
0.0199239738286
0.0199159551412
0.0199080277234
0.019900104031
0.0198922120035
0.0198846962303
0.01987664029
0.0198685172945
0.0198610797524
0.0198533199728
0.0198455955833
0.0198385287076
0.01982989721
0.0198220554739
0.0198141187429
0.0198067761958
0.0197986140847
0.0197907891124
0.0197831429541
0.0197751689702
0.0197672583163
0.0197599045932
0.0197519510984
0.0197442173958
0.0197367444634
0.0197288841009
0.0197210349143
0.019713031128
0.0197054930031
0.0196979437023
0.0196904167533
0.019682707265
0.0196746084839
0.0196668952703
0.0196602102369
0.0196516718715
0.0196439418942
0.0196365378797
0.0196287762374
0.0196210574359
0.0196130815893
0.0196050498635
0.0195979103446
0.0195896960795
0.0195820257068
0.0195745881647
0.0195666570216
0.0195587687194
0.0195515919477
0.0195432659239
0.0195355787873
0.0195279102772
0.0195203367621
0.0195128023624
0.0195049773902
0.0194970425218
0.0194893609732
0.0194821190089
0.0194743704051
0.0194665454328
0.0194589328021
0.0194522030652
0.0194435399026
0.0194355491549
0.0194281749427
0.0194204263389
0.0194128938019
0.0194052048028
0.0193975511938
0.019389597699
0.0193822160363
0.0193746164441
0.0193673782051
0.0193597543985
0.0193515513092
0.0193441919982
0.0193367637694
0.019329007715
0.0193215180188
0.0193138644099
0.0193062555045
0.0192990098149
