0.727174162865
0.70694154501
0.697570741177
0.692077219486
0.689564824104
0.686377346516
0.6852440238
0.68475818634
0.68405777216
0.68571138382
0.683477342129
0.686066687107
0.685590922832
0.68571716547
0.676129579544
0.675959229469
0.680658340454
0.672678411007
0.662495553493
0.666161954403
0.656609535217
0.65235209465
0.651959657669
0.648408889771
0.654207527637
0.630591571331
0.636636853218
0.625646650791
0.62431460619
0.62066835165
0.594585716724
0.602390766144
0.579002678394
0.596169650555
0.571846783161
0.563081681728
0.554707288742
0.548462331295
0.552884161472
0.554549634457
0.552941501141
0.546103477478
0.55574131012
0.553672194481
0.57453584671
0.581793010235
0.529844284058
0.57028824091
0.502483725548
0.531625568867
0.523640573025
0.535847902298
0.517043530941
0.495689958334
0.505099534988
0.50864982605
0.496841728687
0.557431697845
0.529300689697
0.540939211845
0.495763987303
0.522838771343
0.495775103569
0.479430556297
0.501911878586
0.51889872551
0.493707507849
0.497398495674
0.514220535755
0.51446133852
0.452790558338
0.443582087755
0.493242204189
0.455002129078
0.469471633434
0.486210346222
0.486973673105
0.465006202459
0.444931834936
0.503768980503
0.479990899563
0.48758327961
0.44790494442
0.497953385115
0.482390552759
0.460216850042
0.449651658535
0.462808549404
0.468455463648
0.459249168634
0.470529317856
0.446815311909
0.478474766016
0.44170024991
0.426184415817
0.478123545647
0.437839329243
0.401897966862
0.45690959692
0.449782133102
0.46681278944
0.48496094346
0.428052127361
0.432008773088
0.44819945097
0.443100869656
0.437127530575
0.442237347364
0.463806509972
0.415957182646
0.445342361927
0.395353376865
0.433420926332
0.439103990793
0.454825639725
0.436338275671
0.445258677006
0.425512701273
0.458992034197
0.447478443384
0.430044621229
0.434965699911
0.442606776953
0.415251284838
0.41713654995
0.39513874054
0.419973015785
0.38293454051
0.364817768335
0.463706403971
0.421422809362
0.455118089914
0.424049705267
0.421902805567
0.409909814596
0.461450666189
0.449919700623
0.408207297325
0.43093958497
0.416716456413
0.416092514992
0.403232842684
0.409262955189
0.386965483427
0.371065914631
0.365862488747
0.45954850316
0.44346126914
0.427695572376
0.442605316639
0.334482967854
0.419785499573
0.41337198019
0.426029831171
0.432344913483
0.413627743721
0.410468041897
0.440291017294
0.443052411079
0.405898541212
0.417439669371
0.436365634203
0.415436565876
0.417646795511
0.40023252368
0.415514796972
0.398287624121
0.394743323326
0.361335873604
0.390555560589
0.389562755823
0.423491209745
0.417171210051
0.394528418779
0.37377935648
0.377444237471
0.396189630032
0.381800293922
0.34146001935
0.391900599003
0.352767437696
0.356033176184
0.353566944599
0.33315461874
0.373729616404
0.36793538928
0.333402097225
0.38529714942
0.352135926485
0.350728034973
0.365207195282
0.347594708204
0.326546579599
0.39581617713
0.353598684072
0.335569739342
0.38002666831
0.352289497852
0.353617966175
0.433854013681
0.41347655654
0.428091496229
0.337869554758
0.440997749567
0.369836747646
0.378168106079
0.39118295908
0.371796071529
0.326949179173
0.386950165033
0.346068233252
0.354298174381
0.394529759884
0.358967155218
0.339204519987
0.35136821866
0.37804043293
0.308515697718
0.435896515846
0.357243865728
0.319765776396
0.348876833916
0.337977200747
0.35035058856
0.312271416187
0.329673439264
0.400506228209
0.367565244436
0.33935174346
0.360977619886
0.347178578377
0.364928603172
0.296099752188
0.28343629837
0.354496508837
0.353002935648
0.286917090416
0.358953118324
0.340926855803
0.400585949421
0.326730042696
0.318682044744
0.340017557144
0.336613237858
0.292474329472
0.306617558002
0.301143437624
0.420192599297
0.290003508329
0.30437797308
0.343657702208
0.281196773052
0.322252213955
0.326253890991
0.292841941118
0.315770804882
0.270749330521
0.385546207428
0.357191056013
0.355022549629
0.375440508127
0.364185541868
0.376074969769
0.260219246149
0.3466322124
0.287866473198
0.312035113573
0.304740548134
0.351467102766
0.30771663785
0.323458343744
0.385504066944
0.31505420804
0.333424896002
0.287859261036
0.337267458439
0.324676513672
0.296117067337
0.278654456139
0.297403723001
0.385299503803
0.301069140434
0.360330224037
0.331666827202
0.337979525328
0.362332761288
0.239370182157
0.311578601599
0.300496518612
0.238943353295
0.308615475893
0.327123612165
0.262597948313
0.245162069798
0.320475965738
0.303556740284
0.346973776817
0.31269210577
0.321152329445
0.306415081024
0.29316931963
0.338071346283
0.277114242315
0.295621603727
0.28223118186
0.285826683044
0.292198747396
0.288627326488
0.334088593721
0.294786840677
0.269108086824
0.239269927144
0.295580297709
0.280845880508
0.303230255842
0.222012028098
0.257951289415
0.321372866631
0.306751042604
0.301869809628
0.241311043501
0.304412871599
0.319636821747
0.311510682106
0.301518589258
0.294022381306
0.243477761745
0.265720546246
0.285776793957
0.264686316252
0.295589059591
0.329563170671
0.266606897116
0.317645341158
0.308976113796
0.292862862349
0.230781152844
0.265637159348
0.335195481777
0.291090130806
0.264476329088
0.289876759052
0.237276703119
0.262125909328
0.242885902524
0.324075728655
0.297840237617
0.310761064291
0.241470187902
0.28586858511
0.252705901861
0.296631217003
0.294548004866
0.299973636866
0.276275843382
0.324521929026
0.264042526484
0.249400854111
0.28109818697
0.265419214964
0.218910545111
0.27175500989
0.251398026943
0.304991930723
0.298157542944
0.250657171011
0.242777645588
0.271785140038
0.282137066126
0.252664208412
0.278905928135
0.271766364574
0.249824851751
0.272384703159
0.223352685571
0.269904822111
0.230581820011
0.259555697441
0.24554848671
0.315513640642
0.27306702733
0.286696135998
0.286869853735
0.228435993195
0.288118898869
0.223397046328
0.25700455904
0.252757251263
0.217126309872
0.304462462664
0.240803599358
0.240001156926
0.286361932755
0.315834850073
0.284440904856
0.274002552032
0.231636077166
0.236962392926
0.273315936327
0.302241653204
0.23892018199
0.289932847023
0.251909166574
0.260801911354
0.246730819345
0.181863054633
0.220361888409
0.2338847965
0.255982518196
0.270250231028
0.216899782419
0.254904031754
0.227354764938
0.200385078788
0.214890748262
0.214500114322
0.264043062925
0.206546321511
0.179660513997
0.253371089697
0.244331374764
0.209336727858
0.234401494265
0.288626104593
0.23931004107
0.216154560447
0.230303615332
0.280245453119
0.254578232765
0.277781516314
0.243784457445
0.312463968992
0.244674131274
0.189368098974
0.243011653423
0.257620245218
0.232286289334
0.283651679754
0.201486796141
0.270497739315
0.253731250763
0.219761550426
0.234879434109
0.264313310385
0.263638913631
0.214599430561
0.284455865622
0.193669587374
0.214027956128
0.228642404079
0.157946765423
0.224301278591
0.221647381783
0.219445466995
0.211314022541
0.307702511549
0.237769976258
0.180549547076
0.192145779729
0.228639960289
0.207164406776
0.280968725681
0.225395590067
0.207604035735
0.193460807204
0.209490135312
0.215593457222
0.226027697325
0.211836919188
0.206951424479
0.183652475476
0.228013083339
0.195760086179
0.1523745507
0.177551478148
0.166108474135
0.209276899695
0.178154811263
0.268132656813
0.216085523367
0.249823302031
0.197956085205
0.274296432734
0.239471510053
0.207018136978
0.166902258992
0.259727776051
0.203730210662
0.187032565475
0.208484753966
0.2602686584
0.201492473483
0.18335609138
0.224271431565
0.127061098814
0.258725076914
0.196335241199
0.181437164545
0.192703396082
0.217223420739
0.205407813191
0.215335711837
0.226805046201
0.251244664192
0.218882247806
0.260059982538
0.241259545088
0.162591919303
0.21627394855
0.212769404054
0.225678816438
0.199017390609
0.163136035204
0.189190909266
0.199809804559
0.249373987317
0.211394354701
0.205757170916
0.254514485598
0.162162154913
0.211639434099
0.275202780962
0.209277868271
0.203611344099
0.228282257915
0.179955422878
0.199731737375
0.206710338593
0.176251500845
0.173698499799
0.171945244074
0.16079968214
0.221086114645
0.254250228405
0.212170824409
0.298573851585
0.192193523049
0.191981837153
0.131984189153
0.228846222162
0.192325949669
0.2238458395
0.215518072248
0.232854500413
0.221187159419
0.207799881697
0.190951496363
0.159492895007
0.214497730136
0.209458753467
0.145351931453
0.219050303102
0.218726441264
0.189693242311
0.197110921144
0.207488119602
0.203961759806
0.22225022316
0.218809217215
0.161554217339
0.232711717486
0.169100239873
0.187599480152
0.27521944046
0.172698438168
0.156552016735
0.197059199214
0.213709577918
0.151405736804
0.193119212985
0.20457187295
0.161075666547
0.212333455682
0.202440023422
0.150374487042
0.208786040545
0.220414504409
0.241357237101
0.174545451999
0.19221368432
0.201746717095
0.176536634564
0.252727180719
0.207958981395
0.199339747429
0.164530307055
0.209780991077
0.20413915813
0.156518355012
0.162774801254
0.232509329915
0.244275391102
0.20488768816
0.20818208158
0.156793281436
0.221115991473
0.180575862527
0.164750039577
0.23113335669
0.227926447988
0.189035534859
0.171111226082
0.159722447395
0.186326861382
0.15376278758
0.236808776855
0.196393489838
0.262554883957
0.169861450791
0.196643665433
0.203281730413
0.226058185101
0.194246545434
0.169680178165
0.145863488317
0.183402016759
0.222238138318
0.237628102303
0.225460290909
0.121718563139
0.206557631493
0.164396703243
0.204589739442
0.188191667199
0.188869193196
0.186433821917
0.150831267238
0.211546003819
0.179546371102
0.169680967927
0.188216611743
0.187451437116
0.163376301527
0.155298858881
0.137550786138
0.174186244607
0.188936695457
0.138069361448
0.221907898784
0.175835728645
0.161570832133
0.211404636502
0.149472400546
0.183126434684
0.260757863522
0.160538986325
0.131045162678
0.193308353424
0.136364117265
0.147102981806
0.161440178752
0.133041143417
0.164370462298
0.188836336136
0.142311006784
0.127920046449
0.198425322771
0.186373710632
0.146573975682
0.153538480401
0.20241189003
0.151744887233
0.208632275462
0.17755331099
0.200711995363
0.177423864603
0.184618800879
0.151260271668
0.184237629175
0.149792402983
0.141111135483
0.276099443436
0.183512806892
0.184620976448
0.222602412105
0.157364442945
0.159288421273
0.194800511003
0.172112852335
0.156916171312
0.177111297846
0.136978954077
0.166751876473
0.197756662965
0.178100690246
0.281005442142
0.204262554646
0.134151563048
0.187272444367
0.205841034651
0.175858914852
0.169367641211
0.227005213499
0.204377189279
0.179062962532
0.194896310568
0.177726268768
0.133689239621
0.150441229343
0.240205049515
0.18902811408
0.194110065699
0.14343214035
0.145350202918
0.202361777425
0.196241691709
0.149844273925
0.146657019854
0.160855814815
0.163019761443
0.144015267491
0.212592497468
0.182379826903
0.155389845371
0.219805404544
0.168681502342
0.157577186823
0.225733980536
0.223697081208
0.201893687248
0.179398491979
0.135390684009
0.212011277676
0.228681609035
0.195180550218
0.166064158082
0.180323138833
0.170413583517
0.207243606448
0.203462287784
0.14240501821
0.158947452903
0.182062536478
0.167025014758
0.168355450034
0.201908543706
0.136226639152
0.144391030073
0.140598580241
0.145520269871
0.179225340486
0.200790122151
0.191304132342
0.121457763016
0.137361526489
0.216966152191
0.151208221912
0.147356882691
0.148550182581
0.160732895136
0.195243164897
0.130750894547
0.174514994025
0.189853206277
0.200285077095
0.216676592827
0.139361932874
0.186598390341
0.179910123348
0.167271494865
0.177974194288
0.112892970443
0.140947580338
0.180274575949
0.120538838208
0.239381328225
0.172767341137
0.185979187489
0.172573328018
0.164949029684
0.187359556556
0.2362960428
0.156353622675
0.146373316646
0.113539710641
0.159181535244
0.145596161485
0.198555320501
0.122557625175
0.173793584108
0.183556675911
0.21431170404
0.110822759569
0.180002942681
0.206197530031
0.148535624146
0.166015043855
0.180805683136
0.143072262406
0.161723271012
0.212868407369
0.190997838974
0.156079664826
0.206433773041
0.233800634742
0.115220211446
0.192942768335
0.201758876443
0.181263118982
0.203599378467
