0.677800476551
0.677353858948
0.676947593689
0.676573097706
0.676202714443
0.675851941109
0.675508975983
0.675166964531
0.674822390079
0.674484670162
0.6741117239
0.67372494936
0.673319458961
0.67290532589
0.672484993935
0.672118604183
0.671766996384
0.671404421329
0.671028494835
0.670628666878
0.670258760452
0.66991341114
0.669559895992
0.669228613377
0.668911159039
0.668623268604
0.66834461689
0.668042302132
0.667735278606
0.667449355125
0.667177498341
0.666909992695
0.666609466076
0.666301012039
0.66598290205
0.66567337513
0.665404677391
0.665104389191
0.664789617062
0.664475142956
0.664181888103
0.663874924183
0.663549304008
0.663225114346
0.662897467613
0.662571132183
0.662240386009
0.661921203136
0.661567628384
0.661216616631
0.660874724388
0.660554766655
0.660229027271
0.659928202629
0.659633278847
0.659324467182
0.659020185471
0.658725321293
0.658433556557
0.658150434494
0.657876312733
0.657610952854
0.657370567322
0.657152175903
0.656940340996
0.656726896763
0.656514883041
0.656316518784
0.656105995178
0.65589684248
0.655682504177
0.655476093292
0.655267059803
0.655052542686
0.654829919338
0.654608547688
0.654402494431
0.654199957848
0.653988361359
0.653772711754
0.653557181358
0.65333789587
0.653115272522
0.652903199196
0.652692556381
0.652471482754
0.652245521545
0.652010440826
0.651780605316
0.651552975178
0.651328086853
0.651083469391
0.650833189487
0.650601446629
0.650368988514
0.650143742561
0.649911284447
0.649656176567
0.649391293526
0.649120628834
0.648847401142
0.648537695408
0.648219108582
0.647914111614
0.647632777691
0.647369086742
0.647105753422
0.646849393845
0.646615386009
0.646384775639
0.646184563637
0.645983040333
0.645778298378
0.645567715168
0.645360708237
0.645153224468
0.644949734211
0.644758939743
0.644567430019
0.644368827343
0.644173681736
0.643981337547
0.643798530102
0.643608629704
0.643411457539
0.64323091507
0.643041789532
0.642855286598
0.642667353153
0.642480313778
0.642297446728
0.642109036446
0.641916692257
0.641738057137
0.641549825668
0.641367673874
0.641187250614
0.641003072262
0.640821218491
0.640638530254
0.640455722809
0.640272319317
0.640085935593
0.639908730984
0.639726817608
0.639538049698
0.639339566231
0.639139533043
0.638934373856
0.638731658459
0.638525664806
0.638310074806
0.638100206852
0.637889206409
0.637673735619
0.637471556664
0.637267529964
0.637064099312
0.636858284473
0.636649906635
0.636442661285
0.636236548424
0.636029362679
0.635826587677
0.63561630249
0.635408878326
0.63521105051
0.635010182858
0.634813129902
0.634624481201
0.634446620941
0.634263813496
0.634071707726
0.633884489536
0.633686959743
0.633485078812
0.633291482925
0.633097350597
0.632896900177
0.632674813271
0.632453143597
0.632218360901
0.631967544556
0.63172852993
0.631494283676
0.631276965141
0.631055951118
0.630826473236
0.630594968796
0.630369365215
0.630145907402
0.62992310524
0.629691839218
0.62945997715
0.62923926115
0.629009187222
0.628772854805
0.628544807434
0.628332972527
0.628114998341
0.627900600433
0.627685546875
0.62748247385
0.627296090126
0.627116203308
0.626930117607
0.626740396023
0.626548945904
0.62636333704
0.626174867153
0.625988602638
0.62580883503
0.625619292259
0.625433862209
0.625248432159
0.625070810318
0.624887764454
0.624698698521
0.624514818192
0.624334931374
0.624153196812
0.623965620995
0.623776078224
0.623590409756
0.623408198357
0.623211622238
0.623027324677
0.622837305069
0.62264329195
0.622451364994
0.622261703014
0.622060060501
0.621865808964
0.621680796146
0.621493160725
0.621287286282
0.62109708786
0.62090575695
0.62071287632
0.620522379875
0.620340883732
0.620161831379
0.619979441166
0.619790136814
0.619603097439
0.619428217411
0.619251787663
0.619058907032
0.618875801563
0.618681073189
0.618499219418
0.618313550949
0.618126153946
0.617940723896
0.617757499218
0.617567658424
0.61738049984
0.617197155952
0.617012917995
0.616831421852
0.616646230221
0.61645334959
0.616259753704
0.616079866886
0.615895032883
0.615711212158
0.615534365177
0.615360736847
0.615185856819
0.61498516798
0.614771604538
0.614565312862
0.614392578602
0.614211678505
0.614025652409
0.613843739033
0.613661468029
0.613500773907
0.613315999508
0.61314022541
0.612967073917
0.612795710564
0.612618625164
0.612437725067
0.612263321877
0.612090051174
0.611920595169
0.611742317677
0.611572504044
0.611399888992
0.611231148243
0.611053705215
0.610872685909
0.610683917999
0.610499560833
0.61030960083
0.610125899315
0.609936714172
0.609742641449
0.609558522701
0.609363675117
0.609154164791
0.608932554722
0.608742296696
0.608584582806
0.608403027058
0.608222305775
0.608043670654
0.607865214348
0.607664227486
0.607447981834
0.607237815857
0.607050836086
0.6068764925
0.606698155403
0.606508553028
0.606308698654
0.606111705303
0.605908930302
0.60572385788
0.605516433716
0.605311751366
0.605110108852
0.604909777641
0.604707479477
0.604494392872
0.604281306267
0.604068160057
0.603857696056
0.603648781776
0.603460490704
0.60326987505
0.603091180325
0.602899491787
0.602710962296
0.602533042431
0.602352142334
0.602170109749
0.601995408535
0.601803839207
0.601624190807
0.601453483105
0.601266205311
0.601084411144
0.600902974606
0.600727558136
0.600547373295
0.600359380245
0.60017824173
0.599995136261
0.599812984467
0.599634587765
0.599447607994
0.599265515804
0.599082827568
0.598896026611
0.59872430563
0.598542392254
0.598367094994
0.598193049431
0.598025739193
0.597852170467
0.597678661346
0.597498655319
0.597323954105
0.597154736519
0.596975326538
0.59680211544
0.596646249294
0.596473872662
0.596296489239
0.596129715443
0.595946967602
0.595770955086
0.595607578754
0.595440983772
0.595274269581
0.595117092133
0.594946563244
0.594793438911
0.594624876976
0.594462096691
0.594301700592
0.59413510561
0.593974947929
0.593818902969
0.593649566174
0.59348988533
0.593339264393
0.593174040318
0.59300661087
0.592857182026
0.592696130276
0.592533230782
0.592378854752
0.592217803001
0.592061281204
0.59190928936
0.591747283936
0.591588377953
0.591431617737
0.591415286064
0.591397225857
0.591379761696
0.591361820698
0.591344833374
0.591328442097
0.591312110424
0.591295361519
0.591278374195
0.591262638569
0.591247022152
0.591230988503
0.591215252876
0.591199755669
0.591183900833
0.591167926788
0.591151475906
0.591134786606
0.591118812561
0.59110212326
0.591086506844
0.591070950031
0.591054916382
0.59103924036
0.591023087502
0.59100651741
0.590990483761
0.590974330902
0.590958297253
0.590942621231
0.590926349163
0.590909898281
0.590894639492
0.590878903866
0.590863883495
0.590847611427
0.590830683708
0.590815126896
0.590799868107
0.590784072876
0.590768456459
0.590752840042
0.590736508369
0.59072136879
0.590705633163
0.590689897537
0.590674340725
0.590659439564
0.590643763542
0.590627372265
0.590611875057
0.590596139431
0.590580582619
0.590564906597
0.59054929018
0.590533494949
0.590518176556
0.590502083302
0.59048718214
0.590471744537
0.590455949306
0.590440630913
0.590424776077
0.590408921242
0.590393483639
0.590378522873
0.59036308527
0.59034717083
0.590331494808
0.590316236019
0.590300381184
0.590284705162
0.590269505978
0.59025400877
0.590238273144
0.590222477913
0.590207159519
0.590191721916
0.590175926685
0.590161561966
0.590146005154
0.590130150318
0.590114176273
0.590099155903
0.5900837183
0.590068221092
0.590053141117
0.590036809444
0.590021729469
0.590006172657
0.58999055624
0.589975357056
0.589960217476
0.589944601059
0.589929044247
0.589913845062
0.589898228645
0.589882612228
0.589866876602
