0.693140387535
0.693118333817
0.69309425354
0.693078815937
0.693061053753
0.693031072617
0.693024277687
0.693010449409
0.692996382713
0.69294834137
0.692926764488
0.692920982838
0.692870378494
0.692853450775
0.692845463753
0.692788004875
0.692818701267
0.692791759968
0.69281065464
0.692775845528
0.692709445953
0.692726612091
0.692688882351
0.692627608776
0.692597329617
0.692569196224
0.692575156689
0.692544937134
0.692500293255
0.692600131035
0.692459404469
0.692438960075
0.692473649979
0.692386329174
0.692364037037
0.692415118217
0.69228976965
0.692230224609
0.692340433598
0.692264139652
0.692226231098
0.692111134529
0.692284166813
0.692230463028
0.692253649235
0.692040920258
0.692150712013
0.69202798605
0.692100048065
0.692032694817
0.692020714283
0.692041754723
0.691969692707
0.691847920418
0.691887378693
0.691799938679
0.691785871983
0.691841185093
0.691828608513
0.69171243906
0.691831588745
0.691637277603
0.691504180431
0.691504657269
0.691480219364
0.691340327263
0.69136172533
0.691490411758
0.691481351852
0.691360831261
0.691103577614
0.691288471222
0.691159307957
0.691390037537
0.691209673882
0.691153645515
0.690629959106
0.69107234478
0.690748095512
0.690607130527
0.690831005573
0.691005349159
0.690698981285
0.690619587898
0.690464496613
0.690320730209
0.690520823002
0.689913332462
0.690123915672
0.690029740334
0.690133810043
0.689968883991
0.689956605434
0.689755022526
0.689957022667
0.689660966396
0.689957559109
0.689230024815
0.689423501492
0.689092993736
0.689417243004
0.689389765263
0.689263939857
0.689091682434
0.689142823219
0.688815534115
0.688683331013
0.688722014427
0.688480257988
0.688772380352
0.688429296017
0.688570559025
0.688397347927
0.687878727913
0.688127994537
0.68817538023
0.687899708748
0.687775552273
0.687914729118
0.687904238701
0.687810838223
0.687506556511
0.686887443066
0.687158584595
0.687129914761
0.687268197536
0.686992883682
0.686670303345
0.68712502718
0.686814308167
0.686941683292
0.686382293701
0.686426758766
0.686359465122
0.686553537846
0.685814619064
0.686190128326
0.686200559139
0.685925602913
0.685264766216
0.684925973415
0.685548782349
0.685104608536
0.685033142567
0.684956848621
0.685053527355
0.684734046459
0.685103535652
0.684853434563
0.684180378914
0.683926463127
0.683643937111
0.683863222599
0.683911859989
0.683723270893
0.683707416058
0.683168709278
0.683166205883
0.683142960072
0.683145940304
0.683499395847
0.682327926159
0.68263822794
0.682475984097
0.681817650795
0.682069182396
0.682119548321
0.682266533375
0.682074129581
0.681922078133
0.681051433086
0.681369304657
0.681496202946
0.681185543537
0.681336343288
0.681592106819
0.681369841099
0.680352509022
0.67984855175
0.680303215981
0.680336356163
0.680007398129
0.67982506752
0.679980516434
0.679960072041
0.679736912251
0.678584992886
0.679340362549
0.679753005505
0.679081916809
0.678935050964
0.679170310497
0.678924798965
0.678785800934
0.678224861622
0.678701460361
0.678717195988
0.677961409092
0.678378522396
0.677413702011
0.678273022175
0.677326917648
0.677983939648
0.676561057568
0.677568972111
0.676914215088
0.676755428314
0.676627039909
0.67626029253
0.67644327879
0.676293432713
0.675837099552
0.675780594349
0.675383806229
0.675785183907
0.675676286221
0.67535763979
0.675018727779
0.675615549088
0.674395680428
0.674808681011
0.674672842026
0.674212813377
0.674404025078
0.674311101437
0.673710763454
0.673714220524
0.673387467861
0.674088060856
0.673183679581
0.672576367855
0.672749578953
0.672704994678
0.671839118004
0.672678947449
0.672532618046
0.671911716461
0.671687185764
0.671982645988
0.671869933605
0.671637833118
0.670769989491
0.670620799065
0.671057581902
0.671032130718
0.670701682568
0.670447051525
0.670250117779
0.67087328434
0.669463217258
0.669300973415
0.669630527496
0.669777750969
0.66993689537
0.669860541821
0.669347405434
0.670030117035
0.668173015118
0.668446004391
0.668684363365
0.668594300747
0.668468654156
0.668466567993
0.667356967926
0.66778421402
0.667893409729
0.667815923691
0.667012155056
0.666583418846
0.666737675667
0.666985809803
0.666055679321
0.666869461536
0.666621208191
0.665416002274
0.665746629238
0.665119469166
0.664881110191
0.664434432983
0.664790153503
0.665827929974
0.665117502213
0.664937078953
0.663793325424
0.663751959801
0.664728224277
0.663761019707
0.66365647316
0.664255201817
0.663048923016
0.66408675909
0.663129866123
0.663577497005
0.662897229195
0.662060320377
0.663790225983
0.661300420761
0.6634811759
0.661407470703
0.662248551846
0.661316335201
0.661777377129
0.661519348621
0.661008358002
0.660933792591
0.660662710667
0.660879969597
0.659969449043
0.660833120346
0.659234464169
0.658945143223
0.660277307034
0.660664796829
0.6599842906
0.65975612402
0.659378886223
0.658739209175
0.659123241901
0.658651232719
0.65792119503
0.658976793289
0.658389151096
0.657739400864
0.659143209457
0.658137023449
0.658865571022
0.657268702984
0.656742870808
0.657834470272
0.657961368561
0.656518042088
0.656938672066
0.656792700291
0.657323598862
0.656543850899
0.656462132931
0.655751287937
0.655883073807
0.656043946743
0.656032443047
0.654170036316
0.654362142086
0.654614508152
0.654494941235
0.654807806015
0.654736876488
0.654862880707
0.654523015022
0.653922200203
0.654294490814
0.652444839478
0.653352439404
0.653139531612
0.652453303337
0.651924669743
0.652424633503
0.652032673359
0.651626050472
0.651952087879
0.652177333832
0.652303397655
0.65198302269
0.652574717999
0.650911748409
0.650353014469
0.650309443474
0.6511272192
0.651511311531
0.650216698647
0.649690806866
0.650956332684
0.649779558182
0.649290859699
0.649023354053
0.650295972824
0.64898443222
0.649147808552
0.64981585741
0.648646712303
0.649111807346
0.648080348969
0.648283600807
0.647293150425
0.648454666138
0.647454380989
0.647630035877
0.646904468536
0.647531211376
0.645163059235
0.646501123905
0.646895647049
0.647265076637
0.647176504135
0.645563066006
0.647064805031
0.645211696625
0.645842909813
0.645283937454
0.646064937115
0.644025623798
0.645365774632
0.64533495903
0.64516377449
0.643410146236
0.643593192101
0.644910693169
0.643011331558
0.643805146217
0.643808782101
0.643313527107
0.643919587135
0.64259314537
0.643021821976
0.643196940422
0.642474293709
0.64401358366
0.642087936401
0.642067372799
0.643147408962
0.640886425972
0.639834225178
0.641445398331
0.641573190689
0.642715036869
0.63961493969
0.64122658968
0.640040576458
0.642065703869
0.64005869627
0.640036821365
0.639780640602
0.641306757927
0.639784514904
0.639285862446
0.639439582825
0.639309048653
0.637493133545
0.638392329216
0.636777102947
0.637562394142
0.637854576111
0.63770031929
0.637193083763
0.637710809708
0.637899696827
0.636385858059
0.636452794075
0.636879980564
0.635698854923
0.635335803032
0.63563901186
0.636474490166
0.63556689024
0.633511066437
0.63601064682
0.634648025036
0.636012911797
0.634790658951
0.633252263069
0.633958637714
0.634605765343
0.63337802887
0.632748663425
0.633269309998
0.632482290268
0.633240938187
0.63486623764
0.6332244277
0.631633281708
0.632754147053
0.631829440594
0.63292324543
0.633133947849
0.630834341049
0.631543815136
0.631300330162
0.630751371384
0.630174279213
0.630790531635
0.63102966547
0.629867851734
0.62924772501
0.629454314709
0.628226399422
0.629298746586
0.63000690937
0.628646314144
0.627404212952
0.628934323788
0.628608763218
0.628479599953
0.627161979675
0.626994669437
0.627390623093
0.626319468021
0.629214167595
0.628318607807
0.626658320427
0.626481711864
0.626203298569
0.627982258797
0.627317845821
0.626537621021
0.62691950798
0.625511348248
0.625982880592
0.627221226692
0.625129461288
0.6256082654
0.624652445316
0.624880671501
0.625636398792
0.622897446156
0.624018490314
0.623948395252
0.62403023243
0.623764336109
0.623691797256
0.623094260693
0.622706353664
0.622238814831
0.623690247536
0.620433330536
0.622188150883
0.621962070465
0.621772408485
0.621687650681
0.622184693813
0.621436715126
0.621726155281
0.619313180447
0.622334778309
0.618975698948
0.620193719864
0.620294690132
0.619760811329
0.618663966656
0.618179619312
0.619647562504
0.620044589043
0.619426190853
0.618106007576
0.620478272438
0.618763208389
0.61702388525
0.619554877281
0.618080854416
0.618068277836
0.61631411314
0.617429792881
0.615295410156
0.615613698959
0.617306828499
0.615262508392
0.615130603313
0.615329265594
0.61496514082
0.615620970726
0.61590898037
0.615641355515
0.614926993847
0.612911701202
0.613889992237
0.613098680973
0.611746311188
0.612828016281
0.613714993
0.612725496292
0.614372432232
0.61200106144
0.611084342003
0.612321794033
0.611203074455
0.612771093845
0.613484859467
0.611364543438
0.612945020199
0.612509906292
0.611800014973
0.611111164093
0.611417472363
0.609451830387
0.608207583427
0.610072791576
0.610989630222
0.613472700119
0.608098447323
0.609031558037
0.608232140541
0.608996152878
0.608817994595
0.609107851982
0.608376502991
0.607992351055
0.609392642975
0.607770621777
0.608011126518
0.607766509056
0.606536030769
0.605848431587
0.607073128223
0.605383694172
0.605415225029
0.605428993702
0.605150043964
0.605709671974
0.606003701687
0.605631887913
0.605590164661
0.604162752628
0.602886497974
0.60550236702
0.603846848011
0.603369891644
0.604592323303
0.605944573879
0.602003574371
0.602850139141
0.603911817074
0.602408230305
0.602504909039
0.604606032372
0.60280507803
0.601392328739
0.601643979549
0.603160977364
0.603386461735
0.599701941013
0.600141525269
0.59871506691
0.598416209221
0.601301848888
0.599929213524
0.600307285786
0.599620938301
0.598373174667
0.600040256977
0.599926531315
0.599059402943
0.599785447121
0.600360870361
0.597535192966
0.599339127541
0.599233388901
0.596903979778
0.597657263279
0.59812349081
0.59941649437
0.596287786961
0.598396956921
0.599232137203
0.596924364567
0.597069919109
0.598010241985
0.599541783333
0.598120510578
0.597308635712
0.600829303265
0.598860502243
0.59655559063
0.597168505192
0.60070836544
0.597771465778
0.598665475845
0.597337245941
0.596752882004
0.599777460098
0.596325933933
0.598687410355
0.597100555897
0.596681535244
0.596997082233
0.597811818123
0.596403896809
0.598715603352
0.595635831356
0.597046792507
0.598044037819
0.597467660904
0.59935438633
0.596366643906
0.597115814686
0.599097132683
0.596817553043
0.595980942249
0.596277296543
0.595509648323
0.595559120178
0.596171021461
0.599384784698
0.597002267838
0.59647923708
0.595889627934
0.598838329315
0.598958969116
0.597137391567
0.598431527615
0.596663057804
0.598212778568
0.598518550396
0.597473680973
0.596579968929
0.597558379173
0.595573186874
0.595101475716
0.595324754715
0.595497667789
0.597962379456
0.597298324108
0.597323536873
0.597817778587
0.597392559052
0.596905112267
0.598657429218
0.596446871758
0.595229208469
0.595496296883
0.59654957056
0.597100913525
0.596852064133
0.595369040966
0.596530616283
0.596525907516
0.598098158836
0.597232937813
0.59449416399
0.598685920238
0.595674097538
0.595558226109
0.597659647465
0.595682561398
0.596663713455
0.596061229706
0.596715092659
0.598348259926
0.596537649632
0.595298349857
0.595056295395
0.597651362419
0.594675600529
0.596799254417
0.596109211445
0.599478185177
0.597570836544
0.597091555595
0.596563875675
0.596555709839
0.597548246384
0.5963793993
0.59501606226
0.592485308647
0.593834161758
0.594371497631
0.597500145435
0.595510482788
0.596004664898
0.594609677792
0.594770848751
0.597064971924
0.594869971275
0.594830989838
0.594117760658
0.594461739063
0.595449388027
0.599827051163
0.594820559025
0.594682693481
0.597904026508
0.595230340958
0.594036519527
0.595945954323
0.594655871391
0.593602836132
0.596148252487
0.595412135124
0.596851944923
0.595098555088
0.595598757267
0.597899973392
0.594500780106
0.594805836678
0.595016896725
0.593863129616
0.597030282021
0.592425405979
0.596490085125
0.596225380898
0.5954682827
0.596180617809
0.596986055374
0.594555795193
0.595818579197
0.595603108406
0.595819890499
0.592722177505
0.595917165279
0.593310177326
0.599249541759
0.595141410828
0.592679679394
