0.696782708168
0.690757870674
0.688482046127
0.685473620892
0.684285998344
0.672794520855
0.67812025547
0.66729336977
0.670986890793
0.667578279972
0.658376932144
0.652000188828
0.662195920944
0.651882350445
0.639670491219
0.637931287289
0.631779134274
0.637510001659
0.631931066513
0.629048287868
0.611015796661
0.611648976803
0.617279708385
0.599965393543
0.585342049599
0.601133048534
0.586542665958
0.570027589798
0.580612242222
0.570243000984
0.585287332535
0.591704130173
0.549531698227
0.569347798824
0.566508173943
0.580383300781
0.575604915619
0.583003520966
0.571627378464
0.5552713871
0.547407507896
0.549197375774
0.534583806992
0.540897250175
0.554533064365
0.547720611095
0.552270829678
0.54893052578
0.526925265789
0.544305741787
0.550974547863
0.539924442768
0.526394724846
0.526779234409
0.514151990414
0.490864604712
0.494590640068
0.503462553024
0.523555755615
0.50803810358
0.546354174614
0.4778624475
0.478541612625
0.519212126732
0.470091700554
0.499398648739
0.50504887104
0.479228794575
0.464141219854
0.498325675726
0.48147764802
0.44384342432
0.455069839954
0.49778342247
0.476787149906
0.474679499865
0.462871044874
0.440876960754
0.480434596539
0.474565953016
0.524190306664
0.401625216007
0.475936949253
0.476731985807
0.467447042465
0.444502830505
0.465774685144
0.450324654579
0.428703606129
0.445576816797
0.429369151592
0.493801474571
0.481775820255
0.464139401913
0.449563294649
0.436737418175
0.450523674488
0.451963990927
0.458930552006
0.441649377346
0.440659672022
0.427471995354
0.422996640205
0.460684865713
0.449201703072
0.444594234228
0.425297051668
0.43336352706
0.467662751675
0.434966295958
0.462436437607
0.446177184582
0.460884213448
0.420127123594
0.487535983324
0.430996507406
0.416341573
0.455500274897
0.40756765008
0.395041495562
0.419338166714
0.469378352165
0.432719528675
0.39567103982
0.487679749727
0.400678008795
0.376559197903
0.437494784594
0.467003464699
0.448768347502
0.418882280588
0.447194606066
0.415286332369
0.47158652544
0.42942789197
0.420147746801
0.399400502443
0.43230137229
0.406945973635
0.452580332756
0.370276004076
0.403815507889
0.367412596941
0.385469377041
0.447193354368
0.387420713902
0.398900985718
0.383973062038
0.406791269779
0.36255723238
0.394522994757
0.433325111866
0.3776897192
0.459771871567
0.437443166971
0.415363371372
0.402318567038
0.400904297829
0.433225184679
0.420957475901
0.449082314968
0.372568279505
0.438858956099
0.415624260902
0.415965527296
0.423552364111
0.389234751463
0.42433270812
0.389256477356
0.400724172592
0.402295768261
0.380519449711
0.356427609921
0.370521664619
0.37627607584
0.431202113628
0.372577130795
0.395831376314
0.345314741135
0.370145201683
0.383388102055
0.356012135744
0.384891927242
0.406973779202
0.363119989634
0.360679298639
0.381780385971
0.381016582251
0.381115049124
0.350874006748
0.371036112309
0.340614885092
0.36387604475
0.348601639271
0.368833392859
0.386307805777
0.367434501648
0.373866558075
0.397002995014
0.354793727398
0.432479709387
0.318406760693
0.304946124554
0.290344953537
0.35389482975
0.390431314707
0.356609016657
0.351073026657
0.334024429321
0.39642739296
0.352377921343
0.376902163029
0.362456768751
0.356103181839
0.343989193439
0.332953333855
0.373251616955
0.357627421618
0.354616194963
0.31830444932
0.318154156208
0.345230609179
0.311847478151
0.317536741495
0.34452149272
0.324739664793
0.408124148846
0.315499275923
0.332566261292
0.338055819273
0.350863128901
0.320798397064
0.397461682558
0.343309491873
0.36180472374
0.398816734552
0.344189971685
0.353917330503
0.331961363554
0.357487291098
0.332602828741
0.342053890228
0.283057510853
0.31466498971
0.313694804907
0.276118785143
0.270290911198
0.308984965086
0.340312600136
0.343962520361
0.329207569361
0.385238319635
0.375397473574
0.35593277216
0.332425683737
0.323243707418
0.304674595594
0.305465787649
0.331716239452
0.253466546535
0.299489438534
0.36641189456
0.329735428095
0.274497956038
0.366183161736
0.321312308311
0.353247135878
0.39720889926
0.294866532087
0.32210201025
0.316157728434
0.306252032518
0.285511046648
0.33716750145
0.324886202812
0.333727955818
0.34155139327
0.306285738945
0.261887490749
0.294584691525
0.354558795691
0.327776491642
0.330007523298
0.267767161131
0.230740398169
0.377912282944
0.321469932795
0.353142589331
0.268311709166
0.257647454739
0.282167464495
0.271612823009
0.313310801983
0.322036296129
0.279933989048
0.32148116827
0.335092157125
0.347907572985
0.386101484299
0.313412547112
0.343280315399
0.31794065237
0.302243560553
0.212728217244
0.272774338722
0.342167884111
0.347357332706
0.266708850861
0.280693471432
0.363682508469
0.312269330025
0.309023141861
0.298815757036
0.289693623781
0.274607986212
0.248652681708
0.331938654184
0.279745429754
0.294732600451
0.299349308014
0.255129098892
0.273103952408
0.280685901642
0.303676098585
0.264744222164
0.317613333464
0.28595161438
0.281783550978
0.257501959801
0.326143324375
0.371845960617
0.321994006634
0.298287987709
0.315291196108
0.210685297847
0.323606699705
0.238564237952
0.276045084
0.265801340342
0.280674695969
0.268982797861
0.250168561935
0.337032049894
0.251092225313
0.275326937437
0.268620997667
0.209409102798
0.324434071779
0.249801531434
0.308511644602
0.272722184658
0.343661904335
0.341802120209
0.304971009493
0.263950705528
0.312904149294
0.274500489235
0.230245471001
0.254124343395
0.282190769911
0.281960099936
0.301767736673
0.257117062807
0.281156748533
0.266974806786
0.293275982141
0.230058267713
0.258383005857
0.221469894052
0.252174317837
0.272163450718
0.292839705944
0.223482519388
0.256126761436
0.283086955547
0.315846145153
0.301747649908
0.242166638374
0.211138501763
0.325471758842
0.317801058292
0.206007912755
0.288254320621
0.214160904288
0.304742664099
0.310169845819
0.293159276247
0.259656369686
0.283412277699
0.275196552277
0.290964186192
0.268283069134
0.242387071252
0.303213566542
0.228315398097
0.262842357159
0.277696818113
0.198610633612
0.305248230696
0.306069612503
0.275519400835
0.22482816875
0.252692073584
0.312505960464
0.314594358206
0.287012428045
0.262099713087
0.276902645826
0.249581977725
0.207133814692
0.291197359562
0.272269576788
0.255593687296
0.284161329269
0.285136669874
0.215689241886
0.292411059141
0.265372157097
0.282301813364
0.267857521772
0.210690677166
0.245449841022
0.197401612997
0.246355906129
0.202652305365
0.276563346386
0.233760863543
0.233692869544
0.263217836618
0.253049463034
0.275556623936
0.310792982578
0.230011418462
0.233317270875
0.242295145988
0.289243131876
0.21481025219
0.245789945126
0.289180785418
0.300452202559
0.304870456457
0.308673530817
0.257275700569
0.222438260913
0.194478362799
0.316784292459
0.296765893698
0.216096714139
0.264915913343
0.305596590042
0.282362729311
0.246574997902
0.304407775402
0.271244525909
0.227683246136
0.286531955004
0.263661265373
0.222415104508
0.258120089769
0.240218058228
0.260302901268
0.20305763185
0.271319121122
0.224980145693
0.284941166639
0.250664561987
0.235290616751
0.298260658979
0.247463822365
0.252918303013
0.238549247384
0.289831578732
0.250785171986
0.21848963201
0.261860787868
0.267435908318
0.175498962402
0.250893563032
0.252165406942
0.219623729587
0.244136422873
0.238839179277
0.233694344759
0.301365762949
0.210435926914
0.236348628998
0.220658570528
0.170643374324
0.274951756001
0.256650626659
0.199612319469
0.30416572094
0.214108839631
0.24677054584
0.280150413513
0.266239225864
0.228020071983
0.168220698833
0.242936849594
0.231640145183
0.24708263576
0.282391101122
0.185423970222
0.207113400102
0.238327950239
0.232292234898
0.233917057514
0.220015645027
0.225676968694
0.224496528506
0.219337135553
0.209735050797
0.247543349862
0.212758585811
0.221317231655
0.19548073411
0.24689501524
0.22707298398
0.218999087811
0.246459499002
0.307426393032
0.243622720242
0.219926029444
0.233476758003
0.283337056637
0.20872181654
0.227282509208
0.159906059504
0.205447494984
0.22205260396
0.224064409733
0.213807970285
0.241936087608
0.241300597787
0.205491483212
0.227333068848
0.23727221787
0.194375649095
0.269102752209
0.231983691454
0.210937395692
0.250806719065
0.238993570209
0.25525701046
0.235839366913
0.214551150799
0.345352381468
0.206860989332
0.29583761096
0.18901181221
0.253939092159
0.202372029424
0.184414818883
0.222421824932
0.272048950195
0.294868409634
0.220134213567
0.266032636166
0.214987143874
0.229776203632
0.254249900579
0.184064537287
0.268476337194
0.249592900276
0.225246727467
0.226179659367
0.209750249982
0.268751889467
0.270311802626
0.20987701416
0.238207638264
0.211847856641
0.27725020051
0.274077177048
0.253788620234
0.281905770302
0.20514254272
0.212264165282
0.232901349664
0.227031767368
0.220584064722
0.23158031702
0.192040085793
0.226382032037
0.258839070797
0.265395343304
0.265872597694
0.291628956795
0.231705293059
0.30026358366
0.243937939405
0.261323183775
0.187964051962
0.179123550653
0.254836201668
0.154933020473
0.184501424432
0.276430487633
0.217250987887
0.246936559677
0.225366055965
0.197374552488
0.262398064137
0.166749417782
0.20333199203
0.218890681863
0.255319446325
0.217304989696
0.230373844504
0.19952352345
0.186416611075
0.234083935618
0.215677827597
0.191658079624
0.206192553043
0.222896292806
0.270516902208
0.219398498535
0.222132354975
0.200945734978
0.176079720259
0.182588636875
0.209135115147
0.255302101374
0.186351493001
0.279436230659
0.153862178326
0.230126842856
0.16388477385
0.176326170564
0.170667394996
0.305701136589
0.200414970517
0.195849016309
0.227706879377
0.190886124969
0.168705806136
0.171665966511
0.165528565645
0.242152497172
0.187794536352
0.185264438391
0.188810542226
0.219994202256
0.288497716188
0.176820144057
0.227879673243
0.201647147536
0.254612267017
0.235533773899
0.17567127943
0.23968654871
0.214329302311
0.195313125849
0.149522289634
0.196440503001
0.208936959505
0.195168450475
0.173230946064
0.22379219532
0.203058198094
0.166835874319
0.215671285987
0.209380701184
0.1880094558
0.184872671962
0.224472939968
0.189437046647
0.201208680868
0.214219346642
0.137355178595
0.217005208135
0.184039384127
0.254985570908
0.118511073291
0.182438999414
0.207223579288
0.188664004207
0.173447608948
0.264131695032
0.215837359428
0.220475658774
0.181628704071
0.235469982028
0.219141945243
0.198900714517
0.184480950236
0.187571749091
0.178468436003
0.177016556263
0.216508701444
0.196777641773
0.228902339935
0.208742871881
0.159937992692
0.261119127274
0.194704711437
0.208988726139
0.241800516844
0.19802094996
0.150282680988
0.183857947588
0.14141485095
0.190151825547
0.16778704524
0.162228137255
0.223435521126
0.218765512109
0.164482504129
0.188333794475
0.250636547804
0.241471976042
0.159054458141
0.178055614233
0.233159691095
0.224019140005
0.187657430768
0.215956002474
0.206909433007
0.170721516013
0.18184569478
0.245864167809
0.188579842448
0.16646566987
0.179688945413
0.20145316422
0.205461531878
0.178883731365
0.207138225436
0.17087867856
0.283047199249
0.170960351825
0.223177760839
0.173933953047
0.201695024967
0.170834198594
0.24929445982
0.179541870952
0.209415197372
0.180858433247
0.225734874606
0.205632135272
0.231277644634
0.168480157852
0.181443482637
0.25048160553
0.1853274405
0.221812367439
0.235819920897
0.14578743279
0.180362179875
0.223643496633
0.239527225494
0.20695309341
0.159207433462
0.215443760157
0.218982294202
0.180631011724
0.241733640432
0.161077231169
0.195206269622
0.174021020532
0.188131421804
0.257320612669
0.232817396522
0.209040790796
0.204269886017
0.203020438552
0.178104162216
0.183298051357
0.147589951754
0.204933866858
0.258789867163
0.169469773769
0.198644503951
0.217791989446
0.194843143225
0.197329133749
0.167927116156
0.192928373814
0.189978212118
0.209243074059
0.229146748781
0.262725204229
0.178870752454
0.244331210852
0.211709886789
0.200189054012
0.1947222054
0.230110317469
0.217174857855
0.227814093232
0.2302236408
0.23778437078
0.242642775178
0.228870078921
0.185864031315
0.22604906559
0.219451501966
0.19087870419
