0.893103897572
0.956615030766
0.90722411871
0.908324480057
0.912008285522
0.947706878185
0.90065652132
0.856492042542
0.861241161823
0.832631468773
0.870004475117
0.868693888187
0.864106416702
0.797238171101
0.846483170986
0.833551824093
0.856590688229
0.836428821087
0.831002414227
0.857105851173
0.827101230621
0.828562200069
0.841305792332
0.856287419796
0.836083710194
0.824057102203
0.797132790089
0.802490830421
0.821488857269
0.793672859669
0.798077404499
0.812866151333
0.801827549934
0.821414709091
0.813236296177
0.783882558346
0.770577788353
0.841065347195
0.764651954174
0.774138450623
0.789000213146
0.782645404339
0.764719426632
0.748300075531
0.780187666416
0.825649678707
0.750621497631
0.792299747467
0.735326051712
0.735246896744
0.781154870987
0.775296866894
0.732646763325
0.763900697231
0.755273222923
0.743027091026
0.731732904911
0.751661658287
0.708544194698
0.757426559925
0.736949205399
0.742292821407
0.718853473663
0.726340711117
0.726442158222
0.751017212868
0.725441753864
0.728180229664
0.722291052341
0.719836950302
0.734608113766
0.727897286415
0.719316959381
0.733703315258
0.729125022888
0.737319290638
0.716451048851
0.737421095371
0.695895433426
0.71268248558
0.701064825058
0.692619681358
0.730245292187
0.692995548248
0.727771282196
0.720924019814
0.708376228809
0.684719800949
0.697135090828
0.701095938683
0.702265501022
0.703942120075
0.710755944252
0.680069506168
0.683261573315
0.707117021084
0.67923784256
0.695093154907
0.704467117786
0.705878257751
0.692749142647
0.682642638683
0.7145627141
0.676282286644
0.673003137112
0.687953472137
0.691207826138
0.697650194168
0.693077504635
0.697099328041
0.673456311226
0.67588865757
0.670340776443
0.703784346581
0.675802230835
0.681024491787
0.680585920811
0.666595041752
0.671639025211
0.681457519531
0.650527596474
0.658919155598
0.664250969887
0.685523629189
0.681655228138
0.690442323685
0.675947964191
0.666671693325
0.682375431061
0.654296040535
0.670946419239
0.67290186882
0.674732327461
0.667492330074
0.65976858139
0.666716217995
0.666350662708
0.651838064194
0.663819611073
0.67532658577
0.660984754562
0.654582321644
0.664126753807
0.660894036293
0.657162129879
0.665468215942
0.659977316856
0.660012900829
0.647806167603
0.655486106873
0.674687623978
0.638350248337
0.658228814602
0.661706626415
0.651008546352
0.642936229706
0.622642576694
0.645955979824
0.649705410004
0.62124723196
0.659522354603
0.662011802197
0.639261066914
0.659294009209
0.653389811516
0.656226694584
0.650806725025
0.630968928337
0.641162991524
0.63851416111
0.644484877586
0.64505314827
0.662632167339
0.651509523392
0.618693888187
0.638805568218
0.636101841927
0.653887212276
0.631800115108
0.666403710842
0.643825769424
0.639615297318
0.626205682755
0.64379632473
0.648443877697
0.648310244083
0.63337880373
0.63254660368
0.627565383911
0.64422917366
0.637280642986
0.640736341476
0.623851597309
0.623175501823
0.628482282162
0.638105154037
0.637620925903
0.631854116917
0.625056028366
0.620583236217
0.640293180943
0.646467089653
0.653182029724
0.641541421413
0.609347939491
0.638310670853
0.593546569347
0.645766377449
0.636911094189
0.617169618607
0.63760972023
0.610187530518
0.625517904758
0.615412294865
0.62548494339
0.60791605711
0.607263088226
0.614300251007
0.608919262886
0.61473274231
0.626242756844
0.611630916595
0.618568778038
0.608553349972
0.59831148386
0.631951093674
0.60344183445
0.614995539188
0.613374769688
0.591326355934
0.620517611504
0.618400812149
0.624001145363
0.619688391685
0.592562675476
0.601739287376
0.582140088081
0.608889937401
0.597569465637
0.618085026741
0.601946055889
0.604501605034
0.623856008053
0.606303691864
0.602314829826
0.597051918507
0.593220412731
0.612782239914
0.590652406216
0.611563026905
0.590536355972
0.596465647221
0.594352662563
0.567360758781
0.580881416798
0.611290633678
0.584240317345
0.623111486435
0.594622015953
0.599669635296
0.616818487644
0.59652197361
0.594022095203
0.588026940823
0.57670044899
0.586566507816
0.598957180977
0.591440916061
0.594334065914
0.586693704128
0.591743350029
0.612207770348
0.578490257263
0.583302021027
0.593959510326
0.574697613716
0.604218065739
0.577566921711
0.591227054596
0.587157785892
0.608472883701
0.576873719692
0.59645563364
0.590227603912
0.57973408699
0.589956462383
0.598528027534
0.565724551678
0.582913815975
0.569805145264
0.570165395737
0.565303325653
0.587541878223
0.585623145103
0.57460552454
0.550740480423
0.566706359386
0.571693360806
0.583598315716
0.562549352646
0.574520587921
0.563095927238
0.57047700882
0.582310795784
0.578835189342
0.578389525414
0.558865666389
0.576147377491
0.582880735397
0.562280774117
0.577660620213
0.57270359993
0.565665245056
0.572813987732
0.581269919872
0.575227797031
0.581721067429
0.567612409592
0.59432643652
0.567250013351
0.569484531879
0.562286496162
0.573294341564
0.567622661591
0.557628631592
0.546013236046
0.557178616524
0.555461883545
0.568442046642
0.569287836552
0.557365000248
0.563515067101
0.571630060673
0.561808824539
0.557846903801
0.540635406971
0.559320032597
0.529318809509
0.56775611639
0.552998304367
0.547844946384
0.533123016357
0.548404276371
0.545076668262
0.545334041119
0.538612723351
0.542094767094
0.526098430157
0.574753046036
0.530422687531
0.551575958729
0.528822004795
0.549920856953
0.534170210361
0.543414831161
0.530699253082
0.563258945942
0.532966315746
0.549292087555
0.543641448021
0.534738004208
0.50149923563
0.533839464188
0.53994178772
0.55589902401
0.530793964863
0.544534623623
0.512109875679
0.549160599709
0.530778169632
0.539001762867
0.548217594624
0.525904238224
0.550276875496
0.542580842972
0.539815664291
0.551443934441
0.538222312927
0.526450157166
0.539161682129
0.533524096012
0.513789355755
0.545585274696
0.521519422531
0.556187570095
0.539731621742
0.497562289238
0.529773175716
0.536757588387
0.523151218891
0.547734320164
0.520237743855
0.510557830334
0.518897533417
0.525862216949
0.52053463459
0.520006358624
0.510266423225
0.531427025795
0.532866001129
0.518885970116
0.534271299839
0.520518541336
0.530989468098
0.537966310978
0.511206924915
0.512223184109
0.508984744549
0.52912068367
0.522613108158
0.536479890347
0.510725140572
0.531858742237
0.518155455589
0.513078033924
0.522368073463
0.522684335709
0.531066477299
0.537456214428
0.531291544437
0.506167173386
0.503232181072
0.499951481819
0.510430335999
0.537931203842
0.498452603817
0.519380450249
0.514876127243
0.51625752449
0.546966612339
0.526726543903
0.519852221012
0.515025675297
0.497239232063
0.495388954878
0.53898704052
0.532563984394
0.512924969196
0.513073980808
0.511337518692
0.522320270538
0.52740585804
0.486435234547
0.507239222527
0.523765027523
0.506581604481
0.51849848032
0.529861032963
0.526415228844
0.501273691654
0.505528211594
0.500736176968
0.505348086357
0.508213460445
0.505682885647
0.486482650042
0.530153274536
0.516015529633
0.528182923794
0.475285738707
0.521817624569
0.528431534767
0.545325279236
0.530480802059
0.540466964245
0.546695291996
0.50665974617
0.510603249073
0.518540263176
0.518789052963
0.525601506233
0.511383473873
0.502192080021
0.51027148962
0.519029200077
0.499064326286
0.526286423206
0.515752434731
0.520567655563
0.526479184628
0.547071695328
0.521250367165
0.5271961689
0.535712182522
0.509210526943
0.51771235466
0.509296834469
0.532660424709
0.495914369822
0.519408047199
0.500966310501
0.529327690601
0.528661191463
0.523689687252
0.522978246212
0.531572639942
0.51548832655
0.472617745399
0.51485401392
0.514959990978
