1.93588447571
1.70002293587
1.83277463913
1.84199035168
2.0030772686
1.80045258999
1.78874957561
1.72540783882
1.78429031372
1.84420454502
1.76844215393
1.89979600906
1.78013408184
1.76198935509
1.86240208149
1.92643725872
1.81219553947
1.86965167522
1.80835163593
1.98611950874
1.66174137592
1.75392472744
1.61137700081
1.78739523888
1.92226397991
1.79929733276
1.77796661854
1.76915407181
1.63367831707
1.74307191372
1.77542734146
1.66224300861
1.71471202374
1.72512710094
1.70537149906
1.81718850136
1.65757346153
1.62078607082
1.74153518677
1.61583638191
1.57332253456
1.65485751629
1.60606873035
1.66116499901
1.48719716072
1.48712515831
1.75787246227
1.60874831676
1.59741449356
1.76850521564
1.70165932178
1.51514685154
1.46123468876
1.42230343819
1.59157466888
1.57039344311
1.58576929569
1.50185573101
1.5962460041
1.45419633389
1.47092330456
1.67380166054
1.63981950283
1.63391232491
1.69936275482
1.43015789986
1.59639704227
1.66544604301
1.6118452549
1.74530649185
1.659760952
1.57913458347
1.69189441204
1.60827660561
1.55672454834
1.54804611206
1.50430214405
1.6900370121
1.74645984173
1.60686397552
1.33553016186
1.53414058685
1.57526898384
1.5445857048
1.64943695068
1.41603970528
1.63551235199
1.58773136139
1.54406857491
1.44288849831
1.57112026215
1.4649771452
1.48223102093
1.5217307806
1.50003135204
1.66573548317
1.5429751873
1.50606238842
1.4732978344
1.64111447334
1.56387794018
1.63913333416
1.42543423176
1.38931810856
1.40259587765
1.36343455315
1.45301187038
1.54263067245
1.5282137394
1.50769042969
1.33179926872
1.33267760277
1.53613233566
1.63788664341
1.49496412277
1.40738451481
1.44038498402
1.55417478085
1.37608838081
1.39134705067
1.42065346241
1.6117259264
1.5415019989
1.31375288963
1.41122603416
1.40264475346
1.39512908459
1.28888380527
1.48672437668
1.45309615135
1.28101408482
1.4128626585
1.4287302494
1.45396089554
1.32304418087
1.36101806164
1.38165867329
1.37376439571
1.39275276661
1.27873599529
1.32893562317
1.45513594151
1.39976966381
1.48142433167
1.31678020954
1.36011064053
1.52808916569
1.46467363834
1.35587191582
1.38790404797
1.40036451817
1.3524620533
1.26576304436
1.39183950424
1.2534686327
1.36005914211
1.32146537304
1.34340429306
1.43081021309
1.36139297485
1.27529132366
1.23924684525
1.24514126778
1.41994774342
1.33656263351
1.41422343254
1.29671299458
1.36770319939
1.26717054844
1.43264102936
1.30218482018
1.41329050064
1.40759253502
1.41207230091
1.30898213387
1.38281333447
1.50806677341
1.39018893242
1.42021334171
1.28680360317
1.29389977455
1.3742171526
1.16107463837
1.39429211617
1.47648870945
1.53693425655
1.37365925312
1.29327213764
1.37160587311
1.38038420677
1.33714258671
1.4137942791
1.3111051321
1.2610732317
1.38962650299
1.26686263084
1.27670967579
1.55665671825
1.43348145485
1.28141343594
