0.693209111691
0.692884862423
0.692589581013
0.692303001881
0.692022204399
0.691742837429
0.691466987133
0.691193044186
0.690934479237
0.690677165985
0.69041210413
0.690148413181
0.689889550209
0.689628779888
0.689364373684
0.689093589783
0.688807964325
0.688515841961
0.688208162785
0.687896668911
0.68759149313
0.687278807163
0.686971902847
0.686654388905
0.686345756054
0.686025857925
0.685678303242
0.685317397118
0.684951424599
0.684585273266
0.684207141399
0.683803796768
0.683368444443
0.68290668726
0.682419359684
0.681917369366
0.68139898777
0.68085193634
0.68026894331
0.679642617702
0.678987443447
0.678298950195
0.677569746971
0.676788270473
0.675958454609
0.675100982189
0.674182713032
0.673226356506
0.672254681587
0.671240508556
0.670175611973
0.669067084789
0.667909145355
0.666698396206
0.665447533131
0.664139509201
0.662798464298
0.661417603493
0.660022854805
0.658590376377
0.657108008862
0.655587077141
0.654032051563
0.652448415756
0.650807201862
0.649121642113
0.647405922413
0.645644903183
0.643837094307
0.641989409924
0.640106201172
0.638188958168
0.636245429516
0.634274601936
0.632272958755
0.630241215229
0.628164470196
0.626037716866
0.6238758564
0.621677219868
0.61942076683
0.617129564285
0.614808619022
0.612429857254
0.610015928745
0.607598543167
0.605125904083
0.602612137794
0.600064814091
0.597488820553
0.594890117645
0.592273414135
0.589618444443
0.586934328079
0.584232747555
0.581500172615
0.578752815723
0.575980901718
0.573175668716
0.570354163647
0.567512273788
0.564629197121
0.561706483364
0.558760643005
0.555803835392
0.552804291248
0.549780964851
0.546713411808
0.543648302555
0.540580630302
0.537477314472
0.534394562244
0.531272470951
0.52814167738
0.525003373623
0.521839857101
0.518691301346
0.51552516222
0.51237154007
0.509184002876
0.506003677845
0.502812623978
0.499653428793
0.496484905481
0.493316918612
0.490132510662
0.486948251724
0.483772754669
0.480641633272
0.477593064308
0.474596053362
0.471666514874
0.468734890223
0.465853571892
0.462948620319
0.460095882416
0.457223296165
0.454380720854
0.451505124569
0.448685705662
0.445856153965
0.442999392748
0.440206170082
0.437383472919
0.434591829777
0.431808590889
0.429055303335
0.426336199045
0.423635572195
0.420967549086
0.418341934681
0.415718823671
0.413140952587
0.410750836134
0.408231526613
0.405801534653
0.403391778469
0.40098080039
0.398699611425
0.396328151226
0.394105195999
0.39178943634
0.389592945576
0.387354969978
0.385177642107
0.383095085621
0.380949378014
0.37883707881
0.376753687859
0.374810963869
0.372771412134
0.371108561754
0.369086444378
0.367319852114
0.36544457078
0.363958269358
0.362088859081
0.360531181097
0.358803898096
0.357222348452
0.355624318123
0.354111909866
0.352605015039
0.351115196943
0.349692642689
0.348234713078
0.346845418215
0.345483928919
0.344085127115
0.34279358387
0.341418206692
0.340130954981
0.338875025511
0.337614029646
0.336397528648
0.335173815489
0.333970487118
0.332829594612
0.331649571657
0.330673098564
0.329672664404
0.328794419765
0.327624052763
0.326259434223
0.325842946768
0.324135541916
0.323310106993
0.322333246469
0.321203827858
0.320241600275
0.31938585639
0.318341881037
0.317584723234
0.316657692194
0.315593779087
0.31470066309
0.313890784979
0.312949478626
0.312319636345
0.31147313118
0.310397148132
0.309898197651
0.308799237013
0.308054715395
0.307376146317
0.30654796958
0.30569589138
0.305000811815
0.304294019938
0.303477615118
0.302771300077
0.302087366581
0.301343888044
0.3006105721
0.299983710051
0.299222052097
0.298572599888
0.297901213169
0.297218322754
0.296650648117
0.295929521322
0.295868337154
0.295806139708
0.295742273331
0.295677661896
0.295613735914
0.29554989934
0.295486360788
0.295425981283
0.295364320278
0.295301705599
0.295238554478
0.295176565647
0.295116901398
0.29505649209
0.294995695353
0.294935315847
0.294875532389
0.294815957546
0.294756084681
0.294695973396
0.294635862112
0.294575899839
0.29451701045
0.294457912445
0.294398754835
0.294339418411
0.294281482697
0.294221639633
0.294163137674
0.294104605913
0.294045805931
0.293987542391
0.293929725885
0.29387190938
0.293813794851
0.293756872416
0.293698251247
0.293640911579
0.293583363295
0.293525576591
0.293468445539
0.293410927057
0.293354302645
0.293296843767
0.293240725994
0.293184012175
0.293126523495
0.293071269989
0.29301327467
0.292956799269
0.292900204659
0.292843848467
0.292787641287
0.292731672525
0.292675644159
0.292619049549
0.292562812567
0.292507857084
0.292452216148
