0.83875143528
0.716200053692
0.687879443169
0.683041393757
0.690347492695
0.682848155499
0.683537304401
0.679077744484
0.662285208702
0.672299146652
0.661370992661
0.6459877491
0.646596252918
0.641627192497
0.645771443844
0.640166342258
0.651461422443
0.629764020443
0.637378513813
0.627232551575
0.611344218254
0.602437257767
0.595689117908
0.597923994064
0.601265013218
0.613122344017
0.574722647667
0.553047299385
0.563015580177
0.52376806736
0.533818483353
0.566851139069
0.514566838741
0.533786118031
0.517660915852
0.52916264534
0.484483718872
0.490062654018
0.533505260944
0.473544299603
0.472972929478
0.517162919044
0.504131495953
0.442597448826
0.43379932642
0.460636466742
0.464838474989
0.497828751802
0.447196364403
0.47844594717
0.445882946253
0.460292458534
0.460969805717
0.403165340424
0.428410679102
0.394833117723
0.36176109314
0.430336803198
0.423374384642
0.399452656507
0.354233413935
0.350423663855
0.408763468266
0.370252668858
0.374287039042
0.344687193632
0.338217765093
0.325966149569
0.331312179565
0.332539707422
0.362520158291
0.379152297974
0.329690486193
0.326427698135
0.356155246496
0.354060143232
0.356333225965
0.309651017189
0.320464044809
0.319673985243
0.356366485357
0.335692256689
0.283034056425
0.269776135683
0.312825649977
0.299259722233
0.335833340883
0.293873488903
0.326368153095
0.293774217367
0.327115625143
0.267564535141
0.339849472046
0.272808641195
0.251676559448
0.263702869415
0.229644477367
0.325937449932
0.26605951786
0.239819601178
0.253639012575
0.29032677412
0.263779044151
0.301117151976
0.335015803576
0.289970934391
0.267271131277
0.247194126248
0.255200833082
0.191987857223
0.299774378538
0.260787308216
0.342678338289
0.254778563976
0.266648203135
0.241032838821
0.295807808638
0.273799329996
0.293214529753
0.228166043758
0.227749034762
0.285798579454
0.217100724578
0.266595780849
0.257021546364
0.243020445108
0.212410897017
0.272302269936
0.223792508245
0.245630145073
0.186158508062
0.299991846085
0.278614908457
0.177676558495
0.252562612295
0.271321743727
0.283754318953
0.232567712665
0.204346597195
0.25450438261
0.270780175924
0.219514504075
0.226164147258
0.244718834758
0.175787895918
0.243221506476
0.216445818543
0.321935802698
0.227562621236
0.245296388865
0.265288084745
0.184878349304
0.232378169894
0.310899347067
0.264880597591
0.229316115379
0.298843860626
0.246870979667
0.216984555125
0.214110657573
0.212046295404
0.197877570987
0.166145771742
0.224848821759
0.238269969821
0.273425251245
0.220851674676
0.169272378087
0.190339848399
0.243279248476
0.193723246455
0.192038714886
0.238849431276
0.189354166389
0.240214496851
0.187394827604
0.214923992753
0.245545774698
0.199164152145
0.23604594171
0.199509784579
0.213986322284
0.219121083617
0.186831474304
0.205836176872
0.209012150764
0.195834875107
0.149960845709
0.171913996339
0.260992228985
0.16718518734
0.230485528708
0.153590023518
0.189403355122
0.189413309097
0.20865920186
0.160798296332
0.163800403476
0.146935284138
0.163509979844
