0.726457297802
0.719997227192
0.714105308056
0.708410561085
0.703153967857
0.698319911957
0.693913817406
0.689749956131
0.685561001301
0.681658327579
0.67789542675
0.674251079559
0.670866966248
0.667616844177
0.664485514164
0.661607265472
0.658707797527
0.655826926231
0.653030991554
0.650332272053
0.647720694542
0.645157575607
0.642714142799
0.640383780003
0.63808465004
0.635808229446
0.633483886719
0.631171822548
0.628885686398
0.626451075077
0.623993992805
0.621609568596
0.619209051132
0.616745948792
0.614307701588
0.611864805222
0.60947740078
0.607052028179
0.604617595673
0.602190375328
0.599762380123
0.597346663475
0.594969570637
0.592611670494
0.590301215649
0.588047921658
0.586058676243
0.584101617336
0.582176089287
0.580241262913
0.578263640404
0.576280832291
0.574297249317
0.572248220444
0.570191979408
0.568088769913
0.565910339355
0.56370061636
0.561466395855
0.55918186903
0.55689650774
0.554608404636
0.552455127239
0.55030977726
0.548077106476
0.545834600925
0.543516218662
0.541127562523
0.538705468178
0.536352515221
0.534103691578
0.531879246235
0.52962833643
0.527338325977
0.525057137012
0.522759437561
0.520488321781
0.518189013004
0.515884339809
0.513626635075
0.511304080486
0.508957624435
0.506586194038
0.504200696945
0.501846432686
0.49946591258
0.497058480978
0.494730949402
0.492413818836
0.490043073893
0.487596124411
0.48521193862
0.482767701149
0.480283051729
0.477804899216
0.475284159184
0.472761452198
0.470243662596
0.467765390873
0.465273737907
0.462858140469
0.460404932499
0.457896649837
0.455426514149
0.452971488237
0.450440615416
0.447978794575
0.445423811674
0.442843437195
0.440244793892
0.437709569931
0.435137867928
0.432501584291
0.429926455021
0.427317321301
0.424667030573
0.422030299902
0.419392645359
0.416812509298
0.414226174355
0.411672413349
0.409142017365
0.406644046307
0.404070824385
0.401627629995
0.399140268564
0.396612375975
0.394087702036
0.391709029675
0.38934263587
0.386981040239
0.384655565023
0.382407397032
0.380140006542
0.37789824605
0.375790953636
0.373601734638
0.371332615614
0.369045674801
0.36685064435
0.364648163319
0.362394243479
0.360107898712
0.358106315136
0.356023907661
0.353864431381
0.35167363286
0.349576115608
0.347532510757
0.345438927412
0.343548327684
0.341600000858
0.33948880434
0.337643772364
0.335776269436
0.333928704262
0.332009613514
0.330080658197
0.32809907198
0.326208055019
0.324284851551
0.322373688221
0.320724785328
0.318941563368
0.317048937082
0.315299510956
0.31368625164
0.312006056309
0.310318917036
0.3086117208
0.306892007589
0.305235892534
0.303569465876
0.301817685366
0.300116598606
0.298360586166
0.296631395817
0.29487323761
0.293099910021
0.291381269693
0.289729505777
0.288130372763
0.286394238472
0.284604310989
0.282700359821
0.280853956938
0.279003411531
0.277141392231
0.275160253048
0.273442775011
0.271776258945
0.270153075457
0.268437832594
0.26676145196
0.265247911215
0.263667494059
0.26201197505
0.260416895151
0.258797615767
0.257278233767
0.255682349205
0.254137575626
0.252566456795
0.251008599997
0.249408945441
0.247742831707
0.246086925268
0.244370192289
0.242447212338
0.240492135286
0.238489508629
0.236582875252
0.234751373529
0.232937172055
0.231136605144
0.229561254382
0.227871924639
0.226188480854
0.224658280611
0.223169222474
0.22168186307
0.220049470663
0.218446329236
0.216893389821
0.215363368392
0.213754042983
0.212081357837
0.210273459554
0.208477839828
0.206847250462
0.205098465085
0.203452169895
0.201888948679
0.200337961316
0.198736354709
0.197118714452
0.195525720716
0.194129496813
0.192585125566
0.190990552306
0.189487278461
0.187998011708
0.186553344131
0.185104236007
0.18361453712
0.182060539722
0.180766910315
0.179359212518
0.177990838885
0.1765216887
0.175167560577
0.173761352897
0.172353357077
0.171014681458
0.169768035412
0.16846473515
0.167113661766
0.165827184916
0.164699330926
0.163501963019
0.162266999483
0.161130473018
0.159920021892
0.158692061901
0.157563224435
0.156474158168
0.155399635434
0.154261007905
0.153273880482
0.152234777808
0.151110142469
0.149932995439
0.149108737707
0.148140206933
0.147076189518
0.145988211036
0.144893556833
0.14391759038
0.142916604877
0.141766920686
0.140310570598
0.138595074415
0.137133672833
0.136216014624
0.135459467769
0.134595051408
0.13363391161
0.132598251104
0.131527483463
0.130553230643
0.129644751549
0.128572270274
0.12766470015
0.126557052135
0.125338301063
0.124316185713
0.12329031527
0.122272185981
0.121277801692
0.120455697179
0.11965688318
0.118844985962
0.11807436496
0.117287516594
0.116448111832
0.115538977087
0.114607766271
0.113720998168
0.112856909633
0.111981227994
0.111125975847
0.110262550414
0.10937192291
0.108424380422
0.10750631243
0.106599457562
0.105690263212
0.104810595512
0.10391908139
0.103051289916
0.102141521871
0.101211577654
0.100275628269
0.0993562564254
0.0984271839261
0.0975088700652
0.0966111794114
0.0957378223538
0.0948913469911
0.094051271677
0.0932415947318
0.0924608334899
0.0916915461421
0.0909728705883
0.0902608260512
0.089561149478
0.0888707265258
0.0881907641888
0.0875395834446
0.0869045555592
0.0862597152591
0.0856266319752
0.0850329324603
0.084436416626
0.0838378146291
0.0832473859191
0.0826876834035
0.0821148306131
0.0815416499972
0.0809867829084
0.0804236903787
0.0798636525869
0.0793270096183
0.0787909328938
0.0782552734017
0.077738545835
0.0772311165929
0.0767428129911
0.0762321650982
0.0757503956556
0.0752565190196
0.0747780576348
0.074306666851
0.0738232061267
0.0733763426542
0.0729100778699
0.0724394246936
0.0719902664423
0.0715351700783
0.0710906609893
0.0706544145942
0.0701980739832
0.0696726068854
0.0690726712346
0.0684352219105
0.0677992478013
0.0670915395021
0.0663837641478
0.0657788515091
0.0651402249932
0.064461119473
0.0637360736728
0.0630253702402
0.0623563192785
0.0616305693984
0.0609232373536
0.0602124407887
0.0595020204782
0.0587847270072
0.0581014715135
0.0574608035386
0.0568284764886
0.0562350489199
0.055661149323
0.0550634711981
0.0545552633703
0.0540640838444
0.053562823683
0.0530699193478
0.0526004061103
0.0521394759417
0.0516802668571
0.0512435920537
0.0508063137531
0.0503704994917
0.0499484874308
0.0495213754475
0.0490886121988
0.0486947968602
0.0482975840569
0.0478921160102
0.0474845282733
0.047085147351
0.0467090532184
0.0463296473026
0.0459495037794
0.045577660203
0.0452093370259
0.0448403321207
0.0444829203188
0.0441337302327
0.0437892414629
0.0434361994267
0.0430916398764
0.0427667424083
0.0424351803958
0.0420924313366
0.0417731404305
0.0414676107466
0.0411441512406
0.0408191643655
0.040507055819
0.0401931479573
0.0399006642401
0.0395946763456
0.039282951504
0.0390018410981
0.0387110710144
0.0384203344584
0.0381300151348
0.0378597788513
0.037581063807
0.0372977182269
0.0370075255632
0.0367316380143
0.0364417135715
0.0361561849713
0.0358645729721
0.0355888828635
0.0353211276233
0.0350449569523
0.034770090133
0.0344923436642
0.0342186801136
0.0339645892382
0.0337050780654
0.0334499627352
0.0332133583724
0.0329620577395
0.0326990149915
0.0324455648661
0.0322067141533
0.0319575257599
0.0317174419761
0.0314769148827
0.0312486849725
0.0310068521649
0.0307748652995
0.0305435787886
0.0303183291107
0.0300936792046
0.0298749357462
0.0296393875033
0.029412066564
0.0292023308575
0.0289879050106
0.0287789274007
0.0285494569689
0.0283465348184
0.0281438250095
0.0279317386448
0.0277234651148
0.0275190863758
0.0273068621755
0.0270998682827
0.026896648109
0.0267024058849
0.0265029724687
0.0263091288507
0.0261123329401
0.0259260293096
0.0257278587669
0.0255386102945
0.025358043611
0.0251563470811
0.0249733328819
0.024789409712
0.0245995223522
0.0244230348617
0.0242424774915
0.0240613259375
0.0238766036928
0.0237080194056
0.0235304534435
0.0233505945653
0.0231743771583
0.0229972023517
0.0228280760348
0.0226605925709
0.022489413619
0.0223189778626
0.0221577659249
0.0219879820943
0.0218162760139
0.0216530356556
0.0214876122773
0.0213310271502
0.0211728475988
0.0210068821907
0.0208517089486
0.0206961892545
0.0205416548997
0.0203906241804
0.020237069577
0.0200849696994
0.0199423599988
0.0197828300297
0.01964684017
0.0195080693811
0.0193626657128
0.0192286409438
0.0190863162279
0.0189382713288
0.0187995005399
0.0186704937369
0.0185407064855
0.0184019245207
0.0182669367641
0.0181409735233
0.0180055350065
0.0178736336529
0.0177517663687
0.0176272597164
0.0175008457154
0.0173827577382
0.0172550808638
0.017130156979
0.0170143600553
0.01689103432
0.0167771317065
0.0166487209499
0.0165334008634
0.01641937159
0.0163140371442
0.0161991417408
0.0160854104906
0.0159707739949
0.0158604197204
0.0157489459962
0.0156382564455
0.0155362291262
0.0154292071238
0.015321450308
0.0152275841683
0.0151213230565
0.0150178186595
0.0149117643014
0.0148115102202
0.0147079611197
0.0146175604314
0.0145177664235
0.0144200138748
0.0143178394064
0.0142219690606
0.0141227710992
0.014041970484
0.0139340618625
0.0138550456613
0.0137636754662
0.013668035157
0.0135923400521
0.0135001474991
0.0134047772735
0.0133198229596
0.0132301645353
0.013142154552
0.0130613362417
0.0129747092724
0.0128939626738
0.0128111140803
0.0127301551402
0.0126504935324
0.0125677017495
0.0124849742278
0.0124081196263
0.0123360548168
0.0122538981959
0.0121774189174
0.0121055739
0.0120283588767
0.0119536211714
0.0118819670752
0.0118129756302
0.0117315361276
0.0116619300097
0.0115881282836
0.0115153361112
0.0114492941648
0.0113820107654
0.0113130332902
0.0112500097603
0.0111779142171
0.0111140925437
0.0110401501879
0.0109788998961
0.0109136532992
0.0108454925939
0.0107787027955
0.0107202446088
0.0106609258801
0.0105933314189
0.0105276703835
0.0104676131159
0.0104133710265
0.0103485304862
0.0102827064693
0.0102242343128
0.010160795413
0.0101019758731
0.0100447516888
0.00998556893319
0.00993418134749
0.00987475924194
0.009816034697
0.00975968036801
0.00970809999853
0.00964994356036
0.00959570426494
0.00954575464129
0.00948901753873
0.00943251885474
0.00938567798585
0.00933057162911
0.00927648786455
0.00922657176852
0.00917199999094
0.00911692902446
0.00906584132463
0.00901410542428
0.00896493531764
0.00891606602818
0.00886527542025
0.0088211921975
0.00877233874053
0.00872716680169
0.00867891404778
0.008629148826
0.00858013890684
0.00853276997805
0.00848707836121
0.00844378210604
0.00839913263917
0.00835163053125
0.00830569583923
0.00826673116535
0.00821755174547
0.00817226711661
0.0081290891394
0.00808598659933
0.00804679002613
0.00800640136003
0.00796243268996
0.0079154111445
0.00788078550249
0.00783849321306
0.00779069634154
0.0077560110949
0.00771650532261
0.00767573202029
0.00763360643759
0.00758985476568
0.00755271781236
0.00750958127901
0.00746428081766
0.00742431497201
0.00738950259984
0.00734750181437
0.0073101464659
0.00726949749514
0.00723291002214
0.00719182612374
0.00715765077621
0.00712196016684
0.00708605209365
0.00704602571204
0.00700848223642
0.00697145191953
0.0069428589195
0.00690051866695
0.0068624811247
0.00683388952166
0.00680190697312
0.00676689483225
0.00672930153087
0.00669072382152
0.00665260246024
0.00661732489243
0.00658447528258
0.00655038515106
0.0065156435594
0.006484052632
0.00645114574581
0.00641984306276
0.00638632429764
0.00635185046121
0.0063274698332
0.00629199529067
0.00625796243548
0.00622879527509
0.00620181486011
0.0061678881757
0.00613687839359
0.00610509328544
0.00607435638085
0.00604826491326
0.00601584557444
0.00598915666342
0.00596353039145
0.00593576254323
0.00590627780184
0.00587685033679
0.00584844732657
0.00582285039127
0.00579170137644
0.00576610863209
0.0057405885309
0.00571375899017
0.00568545609713
0.0056574055925
0.00563190272078
0.00560374185443
0.00557746458799
0.00555166788399
0.00552754616365
0.00550247915089
0.00547620886937
0.00545003358275
0.00542502850294
0.00539940549061
0.00537647446617
0.00535159884021
0.00532802008092
0.00530362036079
0.00527921179309
0.0052571031265
0.00522989314049
0.00520643033087
0.00518326833844
0.00516010355204
0.00513756368309
0.00511433323845
0.00509183621034
0.00507232872769
0.00504703074694
0.00502626318485
0.0050043030642
0.0049807629548
0.00496055418625
0.00493813259527
0.00491659808904
0.0048947990872
0.00487441103905
0.00485393684357
0.00483223004267
0.00481115654111
0.00478938687593
0.00477219931781
0.00474739633501
0.00472907349467
0.00471143936738
0.00469233654439
0.00467144371942
0.00465170294046
0.00462990021333
0.00460849283263
0.00458845403045
0.00457188906148
0.00455082440749
0.00453194975853
0.00451425136998
0.00449583306909
0.00447655841708
0.00445676967502
0.00443624239415
0.0044190143235
0.00439886469394
0.00438173441216
0.00436499714851
0.00434700772166
0.00432794727385
0.00430925609544
0.00429090624675
0.00427652616054
0.00425504427403
0.00423881597817
0.00422142911702
0.00420405436307
0.00418623350561
0.0041695125401
0.00415161345154
0.00413561658934
0.00411938084289
0.00410164613277
0.00408575171605
0.00406852597371
0.004052745644
0.00403611874208
0.00401990162209
0.00400324026123
0.00398802570999
0.00397071288899
0.00395637564361
0.00393878901377
0.0039244601503
0.00390842417255
0.00389288482256
0.00387689494528
0.00386491743848
0.00384722161107
0.00383247574791
0.00381877133623
0.00380373629741
0.00378898554482
0.00377320335247
0.00375792128034
0.00374204083346
0.00372879486531
0.0037139155902
0.00369932292961
0.0036843768321
0.00367009988986
0.00365612981841
0.00364221469499
0.00362712843344
0.00361558492295
0.00360034569167
0.00358761893585
0.00357398879714
0.00356070464477
0.00354654225521
0.00353239453398
0.00352039770223
0.00350525788963
0.00349326780997
0.00348144141026
0.00346819125116
0.0034549520351
0.00344143738039
0.00342911225744
0.00341562670656
0.00340257515199
0.00339234713465
0.00337735959329
0.00336482725106
0.00335383135825
0.00334130041301
0.00333001720719
0.0033167428337
0.00330327311531
0.00329091842286
0.0032801181078
0.00326664862223
0.00325473141856
0.00324237393215
0.00322953308932
0.0032170501072
0.00320567656308
0.00319430860691
0.00318241631612
0.00317233940586
0.00315811368637
0.00314708077349
0.00313604669645
0.00312414090149
0.00311256782152
0.0031012755353
0.00308932852931
0.00307794567198
0.0030666270759
0.00305526726879
0.00304471631534
0.00303427036852
0.00302284839563
0.00301218987443
0.00300088501535
0.00299092126079
0.00297887157649
0.0029699744191
0.00296022929251
0.00294980569743
0.00293855648488
0.00292748166248
0.00291640707292
0.00290644285269
0.00289514800534
0.00288658658974
0.00287448987365
0.00286485836841
0.00285468483344
0.00284459930845
0.00283467420377
0.00282426644117
0.00281429034658
0.00280412659049
0.00279619218782
0.00278516649269
0.00277594220825
0.00276681338437
0.00275599840097
0.00274667516351
0.00273865321651
0.0027279490605
0.00271948613226
0.00271111982875
0.00270161638036
0.00269171805121
0.00268180668354
0.00267227855511
0.00266389129683
0.00265339855105
0.00264452723786
0.00263582984917
0.00262650544755
0.0026180956047
0.00260879914276
0.00259951269254
0.00259089795873
0.00258268765174
0.00257350201719
0.00256498623639
0.00255594449118
0.00254800613038
0.00253873504698
0.00253041135147
0.00252166809514
0.00251338281669
0.00250530033372
0.00249642739072
0.00248808506876
0.00247988174669
0.00247139995918
0.00246354774572
0.00245484849438
0.00244729989208
0.0024390888866
0.00243097846396
0.00242266058922
0.00241509336047
0.0024065983016
0.00239867088385
0.00239091389813
0.00238396553323
0.00237637176178
0.00236828951165
0.00236026756465
0.00235238787718
0.00234656478278
0.00233710953034
0.00232951203361
0.00232245307416
0.0023147680331
0.00230718427338
0.00230048713274
0.00229231920093
0.00228537106887
0.00227848021314
0.00227140658535
0.00226425100118
0.00225605396554
0.00224882317707
0.00224278005771
0.0022343036253
0.00222757156007
0.00222096359357
0.00221347715706
0.00220643728971
0.00219959602691
0.00219229166396
0.00218511139974
0.00217837770469
0.00217175274156
0.00216521834955
0.00215832563117
0.00215140613727
0.0021449313499
0.0021378970705
0.00213156919926
0.0021248832345
0.0021179637406
0.00211165915243
