0.693187296391
0.69289535284
0.692600905895
0.692333221436
0.692090451717
0.691842079163
0.691604673862
0.691378712654
0.691154241562
0.69094312191
0.690737903118
0.690518260002
0.690300941467
0.690108239651
0.689935445786
0.689760804176
0.689588904381
0.689412236214
0.689233839512
0.689057409763
0.68888604641
0.688716292381
0.688545167446
0.68837672472
0.688206374645
0.688032031059
0.687859594822
0.687680721283
0.687506377697
0.68733215332
0.687162518501
0.686991274357
0.686823248863
0.686645925045
0.686463415623
0.686285078526
0.686107635498
0.685930788517
0.685752749443
0.685572624207
0.685401856899
0.685224533081
0.685042619705
0.684865117073
0.684686601162
0.684510111809
0.684336304665
0.684158027172
0.683978557587
0.68379932642
0.683628082275
0.683453977108
0.683276534081
0.68309533596
0.682911992073
0.682722210884
0.682533740997
0.682338356972
0.682136058807
0.681929409504
0.681711494923
0.681481480598
0.681245803833
0.681002795696
0.680757403374
0.680506169796
0.680253207684
0.68000638485
0.679762601852
0.679519534111
0.679271221161
0.679024517536
0.678773105145
0.678514719009
0.678257107735
0.677995502949
0.677712500095
0.677405357361
0.677096247673
0.676796495914
0.676508665085
0.676218032837
0.675916790962
0.675606906414
0.675288975239
0.674971282482
0.674644827843
0.674312412739
0.673983693123
0.673651397228
0.673319816589
0.672985374928
0.672648489475
0.672310650349
0.671959042549
0.671583473682
0.67120051384
0.670810520649
0.670410811901
0.670010924339
0.669609844685
0.669208526611
0.668804764748
0.66838914156
0.667963683605
0.667523503304
0.667061686516
0.666582882404
0.66610378027
0.665626645088
0.665146529675
0.664652824402
0.664148569107
0.663631856441
0.663100600243
0.662556648254
0.661992609501
0.661426663399
0.660864114761
0.660292744637
0.659713327885
0.659132957458
0.6585547328
0.657965958118
0.657322406769
0.656638264656
0.65594214201
0.655248343945
0.654564082623
0.653882741928
0.653204619884
0.652522861958
0.651834189892
0.651135921478
0.650410115719
0.649669468403
0.648916244507
0.648154377937
0.647398412228
0.646661818027
0.645932853222
0.645199120045
0.644461512566
0.643721520901
0.642961919308
0.642177700996
0.641376852989
0.640558898449
0.63973659277
0.638908326626
0.638075828552
0.6372423172
0.636408507824
0.635566353798
0.634720504284
0.633885085583
0.63304412365
0.632202744484
0.63136702776
0.630522787571
0.629680454731
0.628854691982
0.628045499325
0.627242028713
0.626433908939
0.625631809235
0.624832689762
0.624044775963
0.623269557953
0.622512698174
0.621761918068
0.621011734009
0.620264172554
0.619514882565
0.618761837482
0.618005037308
0.617249131203
0.616488277912
0.615722715855
0.6149559021
0.614184141159
0.613415598869
0.6126537323
0.611890554428
0.611118078232
0.610339403152
0.609546601772
0.608759701252
0.607967317104
0.607169091702
0.60634303093
0.605510354042
0.604674458504
0.603833556175
0.602989971638
0.602155864239
0.601322770119
0.600489974022
0.599672853947
0.598877727985
0.59808164835
0.597295939922
0.596536338329
0.595767498016
0.594991445541
0.594222128391
0.593454301357
0.592665016651
0.591870844364
0.591076076031
0.590286672115
0.589504241943
0.58871781826
0.587929427624
0.587126374245
0.586301088333
0.585471272469
0.584628522396
0.583773255348
0.582924962044
0.582085072994
0.581260323524
0.580439269543
0.579634785652
0.578847706318
0.578050434589
0.577255129814
0.576438486576
0.575596809387
0.574724674225
0.573863983154
0.573003828526
0.572119951248
0.571234643459
0.570348381996
0.569466114044
0.56857663393
0.567679107189
0.566795706749
0.565914750099
0.56502956152
0.564941108227
0.564851939678
0.564762473106
0.564673423767
0.564584136009
0.564494788647
0.564406335354
0.564319133759
0.564231812954
0.564143955708
0.564057350159
0.563971996307
0.563886404037
0.563800930977
0.563715994358
0.563630580902
0.563545584679
0.563461184502
0.563377320766
0.56329369545
0.563210248947
0.563126683235
0.56304371357
0.562961041927
0.562878489494
0.562796533108
0.562714874744
0.562633991241
0.56255531311
0.562475979328
0.562396466732
0.562316834927
0.562237799168
0.562158823013
0.562080323696
0.562002062798
0.561923444271
0.561845719814
0.56176751852
0.561690330505
0.561613678932
0.561537086964
0.561460793018
0.561384797096
0.561309456825
0.561234116554
0.561158835888
0.561083734035
0.56100910902
0.560934662819
0.560860157013
0.56078594923
0.560711443424
0.560637176037
0.560563325882
0.560489654541
0.560416042805
0.560342669487
0.560269057751
