0.690388917923
0.681443870068
0.665181159973
0.662982523441
0.660262465477
0.65094602108
0.66065120697
0.652456581593
0.631419718266
0.648690342903
0.639107823372
0.62312155962
0.618113398552
0.622581362724
0.617602229118
0.612761199474
0.601018369198
0.610956907272
0.609757363796
0.597089648247
0.589349448681
0.578766644001
0.575873374939
0.582619726658
0.591028928757
0.559459090233
0.580389082432
0.558587372303
0.571138083935
0.568536400795
0.56680482626
0.534399211407
0.554395854473
0.53915053606
0.54705619812
0.533014476299
0.541100502014
0.523608148098
0.509151637554
0.536486685276
0.537994801998
0.533028304577
0.502111911774
0.505523562431
0.483985751867
0.508431792259
0.512275218964
0.526783525944
0.479950100183
0.491620689631
0.464290350676
0.469908177853
0.473092585802
0.458117485046
0.48149061203
0.458304256201
0.493705272675
0.483801841736
0.45936357975
0.465906649828
0.429814636707
0.482888311148
0.399890989065
0.401783943176
0.411544829607
0.380761504173
0.404374778271
0.461786955595
0.368574529886
0.435053557158
0.399119228125
0.407900691032
0.418229103088
0.407950848341
0.364432066679
0.433637708426
0.425599098206
0.432929068804
0.452415257692
0.464437305927
0.429673284292
0.408870279789
0.404407233
0.389770567417
0.401534408331
0.392350405455
0.375304728746
0.368817448616
0.414235621691
0.39929920435
0.358560562134
0.38624060154
0.392028480768
0.413408428431
0.384216248989
0.423682957888
0.358352035284
0.365770667791
0.368024230003
0.378593176603
0.37505748868
0.388381481171
0.334086000919
0.387059360743
0.363650023937
0.346626311541
0.338156610727
0.354881495237
0.355187565088
0.362183123827
0.303122639656
0.350939422846
0.34867399931
0.341570943594
0.300448089838
0.387735754251
0.364293396473
0.361059486866
0.32712495327
0.350492984056
0.347380131483
0.352126121521
0.381787031889
0.341393113136
0.329836398363
0.31605270505
0.308804929256
0.357581943274
0.348237842321
0.304339915514
0.270569056273
0.34216272831
0.328183740377
0.325187087059
0.320668578148
0.32737404108
0.305985867977
0.311028897762
0.301186650991
0.304794877768
0.322888255119
0.335791379213
0.309778988361
0.31293451786
0.287548035383
0.326792746782
0.28074875474
0.325795680285
0.347758412361
0.367929339409
0.276538223028
0.27462387085
0.316673219204
0.294497191906
0.310471951962
0.341211616993
0.305487155914
0.325619071722
0.289936214685
0.249017462134
0.341733008623
0.294059932232
0.288635313511
0.259091943502
0.336333274841
0.325074791908
0.284288764
0.334396153688
0.293555766344
0.28079149127
0.271470814943
0.279246598482
0.345258057117
0.284626930952
0.299898505211
0.260438680649
0.307394593954
0.282611817122
0.289602667093
0.333242624998
0.234045490623
0.248186439276
0.247006446123
0.283326625824
0.282743096352
0.291075587273
0.238896235824
0.276389449835
0.307271122932
0.291474670172
0.271046549082
0.269088566303
0.367421209812
0.264185518026
0.327388972044
0.329240858555
0.259147107601
0.283027619123
0.302493929863
0.324983626604
0.304348468781
0.279175132513
0.309278547764
0.300667971373
0.283271431923
0.342557400465
0.28057423234
0.262779742479
0.292046189308
0.284630477428
0.288340985775
0.246426969767
0.269606381655
0.253892570734
0.255020558834
0.237753391266
0.25243896246
0.305377393961
0.284619152546
0.301495105028
0.262618482113
0.263709157705
0.322403073311
0.26658770442
0.298104077578
0.322150319815
0.253191947937
0.274704903364
0.285114258528
0.311845332384
0.309552460909
0.343256682158
0.271770089865
0.302906364202
0.303678244352
0.229726478457
0.264867633581
0.258090883493
0.254015356302
0.299072057009
0.231620952487
0.225815474987
0.284775227308
0.258558869362
0.31792318821
0.25477540493
0.242910146713
0.257240921259
0.292989492416
0.252905845642
0.222869515419
0.232676163316
0.277681410313
0.352656513453
0.213820874691
0.252575337887
0.226631835103
0.254445791245
0.272813558578
0.237936958671
0.30080935359
0.265991032124
0.219467937946
0.20503886044
0.302408635616
0.222560733557
0.271413385868
0.229541540146
0.233882054687
0.263297885656
0.23976868391
0.259419411421
0.250504910946
0.250279188156
0.249676898122
0.300554156303
0.242239281535
0.268740653992
0.265583604574
0.23934340477
0.245603516698
0.266831308603
0.249417930841
0.237168610096
0.246239110827
0.239674717188
0.295411318541
0.253936350346
0.269789606333
0.257996559143
0.263813257217
0.224475935102
0.231680050492
0.256022304296
0.278829187155
0.21912959218
0.255046367645
0.279361963272
0.229732573032
0.23037904501
