0.693072974682
0.693367183208
0.692923367023
0.693227827549
0.693079829216
0.693494677544
0.693000733852
0.692785024643
0.693417191505
0.692682981491
0.692973077297
0.693198621273
0.692788541317
0.692866504192
0.692776501179
0.69321423769
0.692781686783
0.692826628685
0.692811310291
0.692519009113
0.692770957947
0.693118333817
0.692643344402
0.692900717258
0.692854344845
0.692576110363
0.692487895489
0.692572295666
0.692314684391
0.692858874798
0.692553639412
0.692400157452
0.692704081535
0.692946732044
0.692672371864
0.692054092884
0.69244903326
0.692365407944
0.692609608173
0.69226282835
0.692304670811
0.692390084267
0.692538976669
0.692203521729
0.691665709019
0.692432582378
0.69212782383
0.692170977592
0.692030966282
0.692390501499
0.692004621029
0.691911518574
0.691789925098
0.692576706409
0.691880881786
0.691904604435
0.691763997078
0.69168305397
0.69204980135
0.692102789879
0.69180393219
0.691495001316
0.691331505775
0.691660642624
0.691859841347
0.691736757755
0.691202163696
0.691254258156
0.69190299511
0.691556036472
0.691301763058
0.690986096859
0.691152751446
0.691054344177
0.691168427467
0.690864682198
0.690620958805
0.691142141819
0.690685153008
0.690759301186
0.69092553854
0.690901279449
0.69045996666
0.690179884434
0.690267920494
0.690668940544
0.690697133541
0.690564036369
0.690726816654
0.690120220184
0.690201640129
0.690160632133
0.690237939358
0.690201103687
0.690206110477
0.690044343472
0.690316796303
0.69060921669
0.690563678741
0.689970016479
0.690117537975
0.689657688141
0.689439356327
0.689563035965
0.689660489559
0.690272092819
0.689494371414
0.689283549786
0.689421772957
0.689582943916
0.68943887949
0.689331173897
0.6891528368
0.689230263233
0.688996851444
0.688864648342
0.688494920731
0.689122021198
0.689259946346
0.689295768738
0.689240753651
0.68820720911
0.689223349094
0.689317345619
0.688734531403
0.688348412514
0.688643455505
0.688766121864
0.687965333462
0.688106656075
0.688481748104
0.688460350037
0.687873601913
0.687878489494
0.6884085536
0.688213825226
0.687852263451
0.6886510849
0.688140749931
0.687963247299
0.68802267313
0.688595056534
0.687088251114
0.687558293343
0.687663137913
0.687253654003
0.687019228935
0.687553167343
0.687219679356
0.687602996826
0.687181413174
0.687436163425
0.687230229378
0.687468588352
0.686690330505
0.686691820621
0.687542259693
0.687523722649
0.686991631985
0.686313688755
0.687140643597
0.686994373798
0.686692416668
0.686882674694
0.686024904251
0.686318457127
0.686064958572
0.685789525509
0.685945987701
0.685713708401
0.686865210533
0.685836732388
0.686252057552
0.685649216175
0.686244308949
0.685826897621
0.685130178928
0.685608446598
0.685486733913
0.685302138329
0.684927344322
0.685891509056
0.68596124649
0.685661971569
0.684942185879
0.685530126095
0.68549156189
0.685183644295
0.685390293598
0.68381690979
0.684676170349
0.685406565666
0.685423195362
0.684961080551
0.68461316824
0.684747815132
0.683905303478
0.683933138847
0.684378266335
0.68378251791
0.684526383877
0.68338561058
0.683598339558
0.683928251266
0.684270143509
0.683348476887
0.684472680092
0.684673607349
0.683515012264
0.684208631516
0.683388590813
0.683633446693
0.682950079441
0.683300554752
0.683140099049
0.683564066887
0.683026194572
0.683726370335
0.682868003845
0.683053135872
0.682406365871
0.682323634624
0.682912886143
0.681756615639
0.681910514832
0.682614684105
0.68261808157
0.682466030121
0.682057321072
0.682283401489
0.682520747185
0.680768191814
0.68117171526
0.681503653526
0.682086765766
0.681475222111
0.681167066097
0.681702196598
0.68149882555
0.6813403368
0.680644094944
0.681186258793
0.680863082409
0.682102262974
0.680080831051
0.679967045784
0.681090891361
0.679882228374
0.680994868279
0.680927991867
0.680392742157
0.678587079048
0.679989159107
0.679032564163
0.680104613304
0.679834663868
0.679843664169
0.679803311825
0.679677963257
0.678467512131
0.68033772707
0.679867863655
0.678448796272
0.67883092165
0.677778303623
0.679318666458
0.678824543953
0.678875803947
0.678467988968
0.679151654243
0.677074611187
0.677358984947
0.677498340607
0.678640663624
0.678244709969
0.676897823811
0.677160441875
0.677763700485
0.677024900913
0.677620470524
0.676675498486
0.676600337029
0.67821598053
0.675632238388
0.675926029682
0.674941182137
0.675794363022
0.676458895206
0.676472425461
0.675913572311
0.676225483418
0.676290094852
0.675273776054
0.67494314909
0.675386071205
0.675703167915
0.675773084164
0.675071358681
0.674364387989
0.675766348839
0.674937307835
0.674281299114
0.673996925354
0.675317406654
0.673355042934
0.672995090485
0.674186468124
0.672842025757
0.6740847826
0.673185169697
0.673876225948
0.673860430717
0.672437250614
0.671797811985
0.673606991768
0.672288715839
0.672318994999
0.67330622673
0.672875285149
0.673360586166
0.671961128712
0.671255111694
0.669370651245
0.670684754848
0.671441435814
0.671918153763
0.670140326023
0.671382904053
0.670597732067
0.671335577965
0.670574367046
0.668598592281
0.670524716377
0.671573340893
0.670225203037
0.671437501907
0.669762134552
0.670292556286
0.66840416193
0.669106781483
0.668907701969
0.669238507748
0.667467534542
0.668428063393
0.668722212315
0.667654693127
0.668499469757
0.66719943285
0.669649422169
0.668713212013
0.668450713158
0.666410624981
0.670334756374
0.667718529701
0.667010724545
0.668217301369
0.667528092861
0.663960874081
0.665947139263
0.665886700153
0.66588973999
0.664406657219
0.666331768036
0.665843188763
0.664298474789
0.664586961269
0.6663402915
0.664369881153
0.665764868259
0.665832400322
0.664997458458
0.664583742619
0.664680123329
0.664168894291
0.664335250854
0.663400948048
0.662209630013
0.662093579769
0.661827266216
0.661178529263
0.664334774017
0.661954879761
0.662120103836
0.66267478466
0.662008881569
0.659389615059
0.662053406239
0.660396814346
0.660379707813
0.660363316536
0.659186661243
0.660006463528
0.658293068409
0.658974349499
0.662192463875
0.659837961197
0.659847080708
0.658957898617
0.662238001823
0.659933447838
0.6592476964
0.65910077095
0.658538103104
0.656518399715
0.658026278019
0.659022033215
0.656682133675
0.658770620823
0.657076120377
0.656137168407
0.656084537506
0.658992946148
0.65659058094
0.656244337559
0.655797421932
0.65441185236
0.655880272388
0.655648946762
0.656716704369
0.656841576099
0.655702769756
0.654750406742
0.651762902737
0.656160831451
0.652997255325
0.653343379498
0.65216165781
0.655899405479
0.652173578739
0.650366067886
0.653881311417
0.652373850346
0.65159869194
0.651714622974
0.652867913246
0.651722311974
0.649649500847
0.651411414146
0.65219861269
0.647601902485
0.652641475201
0.652425467968
0.648760437965
0.651458382607
0.650337338448
0.646525621414
0.648101687431
0.645246684551
0.650162696838
0.647320866585
0.646982848644
0.648581624031
0.650044500828
0.643517553806
0.646840691566
0.648358464241
0.647135674953
0.649231374264
0.646058738232
0.648945331573
0.647982239723
0.644856989384
0.644649624825
0.643738508224
0.645017981529
0.64571505785
0.644324183464
0.646522760391
0.644030332565
0.643352985382
0.644455850124
0.643371462822
0.643473267555
0.646023333073
0.641480505466
0.640046298504
0.640586912632
0.643528342247
0.640602648258
0.643148779869
0.640181660652
0.641061425209
0.64098316431
0.638737380505
0.638119578362
0.640607535839
0.64112251997
0.64027017355
0.63950753212
0.635848641396
0.638803780079
0.634233891964
0.63808965683
0.639177858829
0.634277462959
0.637675583363
0.63286614418
0.63620531559
0.636225998402
0.639071106911
0.635306179523
0.636139273643
0.634393155575
0.636296093464
0.635460853577
0.632606625557
0.633454978466
0.636839866638
0.630410611629
0.634943366051
0.634065508842
0.636389017105
0.633564293385
0.632102131844
0.633143603802
0.630101561546
0.628371953964
0.630048334599
0.630386710167
0.632192492485
0.633392095566
0.631543040276
0.628617286682
0.631329357624
0.62973511219
0.632002055645
0.626728057861
0.631040275097
0.627416670322
0.626904129982
0.626618981361
0.628218054771
0.628216266632
0.627377152443
0.630321204662
0.622669756413
0.626787424088
0.626722991467
0.621938407421
0.622203946114
0.621968090534
0.626935660839
0.624283671379
0.626020789146
0.620669543743
0.622688055038
0.622684121132
0.620755791664
0.622030556202
0.623171687126
0.62110388279
0.621989488602
0.623996198177
0.622961521149
0.624035954475
0.624401509762
0.619941473007
0.620906412601
0.619567036629
0.618540048599
0.616568505764
0.624174177647
0.622452020645
0.618050217628
0.618589997292
0.616529405117
0.617926180363
0.616566479206
0.616419434547
0.618029952049
0.615435659885
0.619702160358
0.617104709148
0.612575054169
0.61729824543
0.612571179867
0.616537749767
0.615563750267
0.6133492589
0.613139092922
0.616670489311
0.612545132637
0.609986484051
0.609892487526
0.613110423088
0.611404061317
0.613935530186
0.615067064762
0.6075938344
0.609076678753
0.612998664379
0.604497969151
0.614050388336
0.605028271675
0.609530091286
0.612565636635
0.611948013306
0.605605065823
0.605056405067
0.611971080303
0.609184443951
0.608733177185
0.604184448719
0.603768706322
0.602058768272
0.606148183346
0.611357808113
0.602660655975
0.606711983681
0.606528401375
0.602559804916
0.603877067566
0.605457127094
0.60424131155
0.606101036072
0.601538777351
0.599695146084
0.600296378136
0.601906061172
0.602302134037
0.604009628296
0.598752260208
0.601286530495
0.598161280155
0.59986615181
0.604506909847
0.59866052866
0.602980136871
0.597101151943
0.601338684559
0.600649833679
0.600559175014
0.592161893845
0.596052587032
0.601285099983
0.591975569725
0.598359167576
0.595148026943
0.597765207291
0.594494342804
0.59769064188
0.594713151455
0.594325721264
0.596023440361
0.598892688751
0.589399397373
0.593380749226
0.589852929115
0.593365728855
0.591738164425
0.59109890461
0.591386198997
0.592279672623
0.589264631271
0.58701479435
0.592262506485
0.592111229897
0.593553364277
0.592498421669
0.589636623859
0.584655880928
0.589825630188
0.58718419075
0.58971875906
0.58403980732
0.585277616978
0.583852827549
0.591060638428
0.587433099747
0.587637901306
0.584813952446
0.585117936134
0.583009362221
0.588311076164
0.584856987
0.588536798954
0.576091885567
0.582817614079
0.58396166563
0.577129483223
0.583933234215
0.580574154854
0.578784883022
0.583491504192
0.577826619148
0.587871849537
0.578929543495
0.586963057518
0.576176762581
0.581160664558
0.581329882145
0.579443693161
0.580733239651
0.575406968594
0.57887840271
0.582031190395
0.579403162003
0.577548742294
0.578920781612
0.581583142281
0.573919057846
0.573084056377
0.574176549911
0.575673520565
0.577309727669
0.570736050606
0.570709645748
0.575023770332
0.579711556435
0.573814153671
0.570044755936
0.575018048286
0.57755112648
0.569923520088
0.567431926727
0.571653425694
0.570488929749
0.571230649948
0.571637511253
0.573859214783
0.573945581913
0.568015575409
0.573668420315
0.572153866291
0.57017582655
0.572657465935
0.573385179043
0.560886263847
0.566709041595
0.569107294083
0.566711962223
0.565977752209
0.568072736263
0.563848793507
0.562023580074
0.568013429642
0.565271019936
0.559443593025
0.560532987118
0.568723678589
0.554744303226
0.565155029297
0.567613840103
0.564584076405
0.559448719025
0.55781596899
0.560344099998
0.555030822754
0.55710464716
0.561245560646
0.557082295418
0.567847728729
0.562584102154
0.552871465683
0.558673322201
0.550016403198
0.561519861221
0.55520015955
0.554677963257
0.56500852108
0.56075489521
0.55908793211
0.553824424744
0.558689951897
0.551224112511
0.554893374443
0.55308932066
0.553927540779
0.56631565094
0.548663914204
0.558217167854
0.550840079784
0.547547340393
0.546159088612
0.550546884537
0.549483239651
0.553323924541
0.55626398325
0.544276952744
0.550889968872
0.54342508316
0.546784698963
0.545462548733
0.546967983246
0.545013844967
0.546977102757
0.54300314188
0.544499278069
0.545803308487
0.547092199326
0.549360096455
0.546616733074
0.549486100674
0.548460125923
0.546263039112
0.547225117683
0.542347669601
0.541389882565
0.549194693565
0.536103844643
0.541282057762
0.544598817825
0.540535628796
0.544943034649
0.544098079205
0.548842072487
0.541696846485
0.539210677147
0.541134297848
0.542235672474
0.542856991291
0.544342279434
0.548383116722
0.539360284805
0.539574503899
0.540007293224
0.538423657417
0.534662008286
0.530939996243
0.54024630785
0.543753027916
0.53441298008
0.535950005054
0.531719088554
0.537526249886
0.536462247372
0.538259506226
0.53718739748
0.533626437187
0.537181973457
0.532563090324
0.526216506958
0.529118657112
0.527827143669
0.520459234715
0.522308111191
0.528367042542
0.532059431076
0.536362111568
0.529030323029
0.523643672466
0.53246819973
0.530337452888
0.537503361702
0.524363398552
0.530240416527
0.535287559032
0.519963979721
0.526259064674
0.53123241663
0.528579592705
0.53240531683
0.520037233829
0.523274064064
0.52346521616
0.530668318272
0.523483872414
0.521901249886
0.528300344944
0.522620677948
0.518371224403
0.522282421589
0.520872235298
0.528453230858
0.528159737587
0.5235440135
0.525054812431
0.52207672596
0.520263552666
0.514427363873
0.516193687916
0.51904207468
0.52049356699
0.523441791534
0.516009569168
0.516283869743
0.515605270863
0.514817595482
0.521334648132
0.50399518013
0.518237411976
0.517672479153
0.51024544239
0.511286437511
0.512645959854
0.511717796326
0.515458166599
0.511953771114
0.509212017059
0.521341145039
0.517894268036
0.507927656174
0.510279595852
0.511013329029
0.506820440292
0.510271430016
0.503622353077
0.509677290916
0.512881159782
0.506937026978
0.514493227005
0.50374943018
0.499888211489
0.502248942852
0.50318723917
0.506817042828
0.50680911541
0.498151242733
0.510639131069
0.505792677402
0.504937648773
0.496350944042
0.500396192074
0.502357661724
0.507590413094
0.50470995903
0.498238235712
0.50089931488
0.505236327648
0.50181466341
0.510089099407
0.49582400918
0.50545078516
0.496452838182
0.508561968803
0.506605923176
0.50423258543
0.494709819555
0.495520144701
0.493599951267
0.492490917444
0.500425219536
0.500655710697
0.499149829149
0.501417040825
0.497950941324
0.49578410387
0.49686101079
0.497261404991
0.49736815691
0.505335867405
0.503195285797
0.488434284925
0.492485523224
0.491079688072
0.500814795494
0.495412766933
0.496728658676
0.486859202385
0.478569209576
0.48826494813
0.486665934324
0.492546409369
0.484587818384
0.492721766233
0.488105207682
0.499609678984
0.489396631718
0.491263777018
0.487728893757
0.484993755817
0.490105897188
0.482324153185
0.491092950106
0.49934104085
0.493036597967
0.49058124423
0.487033307552
0.494361847639
0.486566573381
0.48804679513
0.493890911341
0.491088926792
0.490893632174
0.483141869307
0.479610323906
0.498869031668
0.486780107021
0.487521708012
0.480807334185
0.482808023691
0.484278023243
0.483454197645
0.491302013397
0.492638498545
0.478670865297
0.487700223923
0.49568554759
0.487610757351
0.49119207263
0.484033286572
0.492149174213
0.482602566481
0.47886916995
0.482414990664
0.487915247679
0.483436316252
0.475973874331
0.477055758238
0.490356296301
0.480847239494
0.480202943087
0.487418711185
0.492010653019
0.488738954067
0.48785713315
0.493001878262
0.491632521152
0.489708960056
0.491388052702
0.488390415907
0.498458564281
0.47957265377
0.492787569761
0.495461136103
0.484163761139
0.489014387131
0.482388615608
0.491852551699
0.485703855753
0.487859427929
0.483022153378
0.497934490442
0.485639840364
0.489279180765
0.482846170664
0.485567331314
0.483008623123
0.491254776716
0.488185971975
0.491415113211
0.482017844915
0.484484344721
0.482145875692
0.482204675674
0.478736251593
0.488171160221
0.489075899124
0.480255573988
0.490605920553
0.485801041126
0.481322795153
0.479905933142
0.483102679253
0.485145837069
0.485032498837
0.473448067904
0.483915418386
0.490695476532
0.498144388199
0.478918373585
0.496293663979
0.485483378172
0.488910108805
0.489851504564
0.491767764091
0.486071407795
0.489556968212
0.486670225859
0.487921893597
0.488455116749
0.491088360548
0.481812477112
0.480022788048
0.489759862423
0.483964622021
0.488865762949
0.490116357803
0.484440654516
0.487515598536
0.482658803463
0.49193996191
0.490550130606
0.488010168076
0.487448275089
0.483727008104
0.481923907995
0.481643736362
0.480774998665
0.482222020626
0.486420273781
0.476807534695
0.48765823245
0.488088726997
0.485038250685
0.486406475306
0.486682116985
0.484112948179
0.498854786158
0.495247513056
0.483694016933
0.491311728954
0.486481755972
0.484388589859
0.482753992081
0.484919548035
0.483988553286
0.479120701551
0.486940860748
0.486972928047
0.474637806416
0.488551676273
0.485438346863
0.494119107723
0.493015497923
0.495722264051
0.480072677135
0.489790171385
0.48662212491
0.489899128675
0.487687855959
0.488563388586
0.482702612877
0.493380665779
0.489286094904
0.47533595562
0.491043746471
0.486461728811
0.485015302896
0.480449616909
0.496385067701
0.491377294064
0.475931316614
0.480023860931
0.477825254202
0.487738311291
0.485245198011
0.469216287136
0.485120296478
0.475744634867
0.48194950819
0.491041153669
0.483978778124
0.472392767668
0.488895237446
0.478733420372
0.474273234606
0.483411341906
0.487731516361
0.489966720343
0.479427754879
0.482115894556
0.484719783068
0.479236513376
0.480114340782
0.489416271448
0.486059993505
0.483090370893
0.476307481527
0.482185393572
0.490067869425
0.479623496532
0.481133073568
0.486959904432
0.479849606752
0.480029046535
0.494123071432
0.476004630327
0.476213186979
0.477128267288
0.490119308233
0.488960623741
0.480670124292
0.492753744125
0.486536771059
0.485945254564
0.485031783581
0.473506063223
0.496335148811
0.486056804657
0.483274281025
0.484550595284
0.469152599573
0.475360244513
0.466536074877
0.47266331315
0.481931179762
0.480690807104
0.472809135914
0.480026304722
0.485486149788
0.479803591967
0.485278755426
0.471784293652
0.475697219372
0.475930064917
0.483181208372
0.481290340424
0.484851360321
0.484565258026
0.479658991098
0.48085039854
0.47818878293
0.484931766987
0.486919015646
0.477568686008
0.477396994829
0.48174110055
0.484428077936
0.478617459536
