0.728910028934
0.712307870388
0.716178774834
0.711955606937
0.712548971176
0.701481938362
0.707069218159
0.706176400185
0.704840660095
0.699369728565
0.706630527973
0.69810539484
0.695907950401
0.695223748684
0.695888400078
0.697887539864
0.696440160275
0.693058907986
0.684367537498
0.682119309902
0.684503316879
0.678704082966
0.684915244579
0.679795444012
0.679718732834
0.678260743618
0.675769031048
0.6778408885
0.678699851036
0.685351490974
0.676926970482
0.677328705788
0.671360969543
0.676470518112
0.667433857918
0.669466257095
0.673655509949
0.669159531593
0.669540524483
0.66842341423
0.663519263268
0.661879241467
0.667352020741
0.665943205357
0.664240717888
0.664375424385
0.666145265102
0.66648966074
0.664613306522
0.660616457462
0.660075843334
0.660281002522
0.659940421581
0.654072999954
0.659720242023
0.657589197159
0.660260677338
0.656364798546
0.654500544071
0.65191167593
0.649301230907
0.656954824924
0.649778485298
0.650246202946
0.6528236866
0.64844429493
0.65059441328
0.647735714912
0.645718455315
0.651155054569
0.643897473812
0.651947319508
0.643314242363
0.647180616856
0.640517950058
0.652194261551
0.642217516899
0.643305063248
0.645262658596
0.647708177567
0.640303075314
0.642789244652
0.64436352253
0.645740509033
0.64989477396
0.64125752449
0.639667570591
0.640162408352
0.63952678442
0.638743638992
0.635373055935
0.634594738483
0.637965977192
0.630947828293
0.62757819891
0.630523979664
0.635289311409
0.630451798439
0.632052659988
0.633698403835
0.63223695755
0.635427474976
0.630061328411
0.627438783646
0.628039717674
0.62806648016
0.628284811974
0.623689353466
0.623203098774
0.624442815781
0.630598664284
0.623632609844
0.621412873268
0.621979951859
0.626180231571
0.63138115406
0.626056075096
0.617865264416
0.622498214245
0.614056825638
0.618375062943
0.620961606503
0.621370732784
0.617591321468
0.613141715527
0.616428852081
0.618149995804
0.618396341801
0.620696187019
0.616338610649
0.619126796722
0.612075090408
0.613805949688
0.612467229366
0.615066468716
0.609786808491
0.608958005905
0.609363019466
0.611475646496
0.60715675354
0.605493485928
0.607027053833
0.599481403828
0.608222842216
0.616112470627
0.599629938602
0.607372581959
0.599056124687
0.60572040081
0.610317885876
0.60528922081
0.596143901348
0.601056754589
0.599546849728
0.599324226379
0.592858374119
0.599123597145
0.601997196674
0.603099942207
0.594155013561
0.599019408226
0.597006380558
0.594437301159
0.596816062927
0.595475852489
0.582928538322
0.598811686039
0.593070745468
0.59484153986
0.589279234409
0.599918782711
0.58704918623
0.592065095901
0.587595283985
0.58711117506
0.58636456728
0.588490605354
0.583986580372
0.593219518661
0.577750444412
0.582098901272
0.584995985031
0.589103460312
0.57864177227
0.586500823498
0.586924791336
0.586376667023
0.57105243206
0.580027520657
0.580144166946
0.576730251312
0.577268838882
0.577328801155
0.577564239502
0.576166689396
0.576216638088
0.572758615017
0.565525531769
0.572715818882
0.568794727325
0.571084856987
0.571422994137
0.562598645687
0.575614690781
0.572728812695
0.558855593204
0.574794888496
0.569523155689
0.576206505299
0.564375579357
0.56193447113
0.572175383568
0.564179301262
0.563522994518
0.567089617252
0.575827538967
0.568718135357
0.5595484972
0.573017895222
0.560528576374
0.563300669193
0.562442302704
0.564538598061
0.566190898418
0.56059128046
0.555037796497
0.565961122513
0.55350458622
0.553347766399
0.554096519947
0.553443729877
0.562461137772
0.550784647465
0.559841752052
0.55373108387
0.556737184525
0.547121167183
0.539784431458
0.549353718758
0.546285450459
0.55762475729
0.555225491524
0.540859758854
0.540328264236
0.546294748783
0.543997585773
0.541275322437
0.545785605907
0.542160570621
0.554898023605
0.540710866451
0.552453398705
0.550193727016
0.543612420559
0.543775320053
0.548325121403
0.544231951237
0.543323397636
0.544680655003
0.538865864277
0.533576190472
0.535807609558
0.536028146744
0.540498137474
0.538392961025
0.535130023956
0.533363759518
0.545514345169
0.536881089211
0.530740916729
0.532510757446
0.538673460484
0.528764903545
0.535632491112
0.524114429951
0.534757316113
0.531567692757
0.525388062
0.533428609371
0.541889309883
0.516274273396
0.513332366943
0.531214058399
0.530333340168
0.509677410126
0.523765325546
0.526138424873
0.52574300766
0.519991874695
0.521512508392
0.518335044384
0.531081736088
0.506447374821
0.510123670101
0.524787127972
0.535539269447
0.530036866665
0.514295935631
0.526049435139
0.50754147768
0.521382927895
0.500709950924
0.510397851467
0.52219247818
0.508446574211
0.502966463566
0.520564436913
0.508677423
0.495065540075
0.502949476242
0.508196413517
0.500056147575
0.522387683392
0.501495659351
0.50913721323
0.495872825384
0.498990476131
0.501261889935
0.513843655586
0.508405148983
0.50354719162
0.506737530231
0.506683051586
0.513762593269
0.500124037266
0.488511055708
0.503072440624
0.486844867468
0.508083343506
0.506061911583
0.502388954163
0.498124092817
0.505248010159
0.489242404699
0.495860666037
0.506191849709
0.490989267826
0.491342335939
0.497613787651
0.481623202562
0.481700837612
0.484812825918
0.492911279202
0.471446037292
0.496998399496
0.485868066549
0.474114686251
0.478861600161
0.492225348949
0.499719828367
0.502390146255
0.481530755758
0.490457862616
0.48977202177
0.478338390589
0.48251581192
0.479145079851
0.486493170261
0.477942317724
0.464786440134
0.474310517311
0.488346159458
0.463389396667
0.474059700966
0.488842517138
0.469238579273
0.461493134499
0.486671328545
0.484424173832
0.484913378954
0.469762951136
0.477060377598
0.467223078012
0.47015440464
0.470910578966
0.469041854143
0.469274222851
0.456114023924
0.459865599871
0.471492111683
0.463747799397
0.465273708105
0.459842056036
0.465585052967
0.47041195631
0.451669096947
0.470773935318
0.432160437107
0.464365661144
0.462618499994
0.454044997692
0.451720118523
0.444067806005
0.453829169273
0.469879090786
0.469274222851
0.444616019726
0.45115801692
0.456710249186
0.445822745562
0.478378653526
0.46965816617
0.453010588884
0.457917302847
0.449831306934
0.482737183571
0.464798569679
0.452638328075
0.436759233475
0.442862868309
0.4540810287
0.452450811863
0.46333283186
0.441639304161
0.440395087004
0.446992665529
0.450650274754
0.479783147573
0.458634495735
0.443851739168
0.462323367596
0.443591237068
0.442962050438
0.45566406846
0.439465373755
0.471091359854
0.45711350441
0.452291309834
0.474344789982
0.449166566133
0.448644012213
0.443935662508
0.45620444417
0.450964123011
0.447192460299
0.467476516962
0.448382526636
0.449425458908
0.433099538088
0.472764074802
0.433714449406
0.465562462807
0.467343062162
0.4487003088
0.443070948124
0.445239782333
0.433942556381
0.444976508617
0.452359527349
0.467246383429
0.440504878759
0.440287619829
0.434363216162
0.452306985855
0.449179649353
0.456402599812
0.437786281109
0.44233494997
0.451860368252
0.439894139767
0.447574198246
0.438610643148
0.424885749817
0.43984490633
0.431868284941
0.427678078413
0.448366940022
0.44387409091
0.448910087347
0.434167861938
0.44531160593
0.45131328702
0.451927959919
0.44496768713
0.456611633301
0.448242068291
0.441453784704
0.447532534599
0.447459608316
0.435178726912
0.44652223587
0.455856949091
0.465302884579
0.444698423147
0.461607128382
0.447217404842
0.425063580275
0.438206732273
0.428105533123
0.457355558872
0.442639052868
0.444328427315
0.435573607683
0.456242114305
0.447156369686
0.45460909605
0.471332460642
0.453218251467
0.439455121756
0.449478596449
