0.693147242069
0.693126857281
0.693118810654
0.693085968494
0.693064332008
0.693062365055
0.693035304546
0.693017423153
0.693010032177
0.692980051041
0.692949533463
0.692921102047
0.692893207073
0.69291472435
0.692857265472
0.692856490612
0.692836284637
0.692806959152
0.692770600319
0.692735493183
0.692738890648
0.692690968513
0.69269913435
0.692705690861
0.69263035059
0.692614912987
0.692577362061
0.692583203316
0.692560911179
0.692549228668
0.692525565624
0.692511737347
0.692435979843
0.692448139191
0.692471683025
0.692348301411
0.692332327366
0.692319691181
0.692356228828
0.69228887558
0.692255377769
0.692258417606
0.692226946354
0.69217634201
0.692176401615
0.692180335522
0.692200124264
0.692149817944
0.692116558552
0.692064523697
0.692096710205
0.692013859749
0.691998541355
0.691982805729
0.691932022572
0.691986978054
0.691911637783
0.69189363718
0.691870391369
0.691884875298
0.691862285137
0.691863000393
0.691786289215
0.691815912724
0.69176197052
0.691801786423
0.691707134247
0.691715419292
0.691640794277
0.69166302681
0.691610991955
0.691635429859
0.69156908989
0.691517949104
0.691545307636
0.691541135311
0.69150698185
0.691469967365
0.6914691329
0.6914280653
0.691388964653
0.691401958466
0.691352963448
0.69132912159
0.691376268864
0.691335380077
0.691318869591
0.691334843636
0.691175043583
0.691260576248
0.691204786301
0.6911662817
0.691204667091
0.691146910191
0.691123723984
0.691128313541
0.691081881523
0.691070258617
0.691049277782
0.691061615944
0.691046893597
0.691004037857
0.690927505493
0.690940082073
0.691004395485
0.690960168839
0.69087523222
0.690928757191
0.690911769867
0.690837442875
0.690811574459
0.690818369389
0.690768420696
0.690759181976
0.690740585327
0.690696597099
0.69071996212
0.690666973591
0.690654098988
0.690698981285
0.690651059151
0.690624713898
0.690632045269
0.690586268902
0.690537631512
0.690574288368
0.69051772356
0.690526902676
0.690458595753
0.690418064594
0.690473854542
0.690441071987
0.690384030342
0.690402448177
0.690383374691
0.690311729908
0.690304815769
0.690298557281
0.69028455019
0.690249860287
0.690229594707
0.690234363079
0.690231263638
0.69017213583
0.690188288689
0.690140128136
0.690154731274
0.690091311932
0.690102159977
0.690104842186
0.690099179745
0.690050601959
0.68999350071
0.689993739128
0.690021276474
0.689934492111
0.689971029758
0.6899715662
0.689892411232
0.689866662025
0.689908444881
0.689817845821
0.689801394939
0.689789533615
0.689820051193
0.689722716808
0.689797461033
0.689702630043
0.689801752567
0.689702928066
0.689758718014
0.689627349377
0.689704120159
0.68965691328
0.689636647701
0.689584255219
0.689635336399
0.68962430954
0.68949586153
0.689546585083
0.689428389072
0.68946659565
0.689395070076
0.689473688602
0.689339697361
0.68940103054
0.689561188221
0.689333438873
0.689398109913
0.689214706421
0.689346373081
0.689331412315
0.689253330231
0.689321815968
0.689321815968
0.689306497574
0.689317822456
0.689134836197
0.689230203629
0.689225792885
0.689128279686
0.689158320427
0.689212083817
0.689021408558
0.689312160015
0.689105987549
0.688898146152
0.688971161842
0.688933968544
0.688839495182
0.688901185989
0.688947439194
0.688978374004
0.688860476017
0.688903212547
0.688864529133
0.688995718956
0.688941776752
0.688929796219
0.68883061409
0.688616931438
0.688737809658
0.688761353493
0.688753008842
0.688714087009
0.688473582268
0.688601315022
0.688836097717
0.688597083092
0.688694894314
0.688445687294
0.688481330872
0.688577413559
0.688429057598
0.688525676727
0.688534557819
0.688399016857
0.68824672699
0.688264131546
0.68829190731
0.688443005085
0.688403487206
0.68851339817
0.688290417194
0.688310265541
0.688285708427
0.688373684883
0.68808555603
0.688323557377
0.688332617283
0.688196539879
0.688289761543
0.688123583794
0.688338816166
0.688201785088
0.68799495697
0.688316464424
0.68797570467
0.688263893127
0.687971174717
0.687889039516
0.688014507294
0.688098609447
0.688022971153
0.687747716904
0.687962055206
0.687883377075
0.68775588274
0.688148677349
0.687622666359
0.687821447849
0.687744259834
0.688100755215
0.687952101231
0.687727451324
0.687853932381
0.687603712082
0.687817037106
0.687757194042
0.687802731991
0.687711894512
0.687337875366
0.688048422337
0.687668442726
0.687486469746
0.687406539917
0.687762618065
0.687342643738
0.687405824661
0.687597930431
0.687382936478
0.687621712685
0.687381625175
0.68721807003
0.687211275101
0.687510490417
0.687232851982
0.687482714653
0.686600148678
0.687111139297
0.68715941906
0.687082231045
0.68667781353
0.687098860741
0.687183558941
0.687523961067
0.687324941158
0.687120556831
0.687100172043
0.687113404274
0.687163472176
0.686934709549
0.686865985394
0.686982095242
0.687259435654
0.687142252922
0.687247216702
0.68672811985
0.68670374155
0.686710119247
0.686792016029
0.686830341816
0.687029361725
0.686688780785
0.68686324358
0.686841845512
0.686606645584
0.686895012856
0.686920881271
0.686542510986
0.686949253082
0.686656653881
0.686614990234
0.686468482018
0.686341524124
0.686536371708
0.686375439167
0.685961782932
0.686944901943
0.686870872974
0.686305582523
0.686213672161
0.68642103672
0.686207592487
0.685942292213
0.686416387558
0.686415076256
0.685920834541
0.686567306519
0.686441540718
0.68600410223
0.686505436897
0.685906231403
0.685996592045
0.685997188091
0.686408936977
0.686094880104
0.685973227024
0.686168253422
0.686433374882
0.685953140259
0.68593287468
0.685681223869
0.685873687267
0.685182094574
0.686253666878
0.686152637005
0.685581564903
0.685618758202
0.685773313046
0.68575322628
0.685674607754
0.685378909111
0.685496807098
0.685960888863
0.685421526432
0.685447633266
0.685593605042
0.685911178589
0.685461938381
0.685724914074
0.685488343239
0.685498356819
0.685102343559
0.685870349407
0.68524491787
0.68506449461
0.685341358185
0.685721218586
0.685073792934
0.685146450996
0.685247719288
0.685011267662
0.685543894768
0.685108065605
0.68515253067
0.685720324516
0.685219943523
0.685172319412
0.685575306416
0.68454438448
0.684797346592
0.685161590576
0.685443639755
0.685282766819
0.684701144695
0.68465590477
0.684915542603
0.684882044792
0.684648633003
0.685440301895
0.68518525362
0.684505045414
0.684289455414
0.684832513332
0.684830963612
0.685343682766
0.684906721115
0.685030221939
0.685206472874
0.685008108616
0.685025930405
0.685200154781
0.684871017933
0.68558716774
0.685308396816
0.685049235821
0.685480058193
0.68488740921
0.684382617474
0.685224413872
0.685039043427
0.684555113316
0.684742927551
0.684180378914
0.684586405754
0.685128390789
0.684502661228
0.685392081738
0.685124158859
0.685031294823
0.684129118919
0.684409141541
0.684551119804
0.685067355633
0.685385882854
0.685272634029
0.68518614769
0.68528932333
0.684976577759
0.68464910984
0.685625612736
0.684929132462
0.685195803642
0.684688448906
0.684383332729
0.685339868069
0.684815645218
0.685056984425
0.684792995453
0.684968531132
0.685066878796
0.685018718243
0.684076309204
0.685236036777
0.685132265091
0.685002446175
0.684786617756
0.685034751892
0.685310304165
0.684217214584
0.685035526752
0.685129225254
0.685032963753
0.685004532337
0.684679567814
0.68516099453
0.684972345829
0.684841990471
0.68488830328
0.685461938381
0.685537338257
0.684662163258
0.685072600842
0.685014903545
0.685053527355
0.684822499752
0.68563491106
0.684789896011
0.684588313103
0.684429705143
0.684520900249
0.685110867023
0.685039818287
0.685025274754
0.684907793999
0.685497879982
0.68473303318
0.685319542885
0.685098350048
