0.985830485821
1.01299035549
0.967509627342
0.983587861061
0.960635721684
0.927534162998
0.931748270988
0.962727248669
0.935351729393
0.966142892838
0.976969301701
0.942757666111
0.92557489872
0.906320691109
0.922930777073
0.913255810738
0.90885591507
0.921236634254
0.915046453476
0.911081135273
0.948868632317
0.911547243595
0.900686860085
0.915916025639
0.93069010973
0.915230810642
0.888384759426
0.890780985355
0.900242447853
0.881046116352
0.893969118595
0.922054708004
0.905039668083
0.893644809723
0.865867495537
0.911408126354
0.89078271389
0.873479604721
0.90488922596
0.897184669971
0.882926225662
0.86866080761
0.893065989017
0.873513400555
0.894977629185
0.858099460602
0.895742893219
0.881028354168
0.875598907471
0.88399875164
0.871148824692
0.861135780811
0.848595023155
0.853789746761
0.868163108826
0.83488035202
0.870026826859
0.814469635487
0.865654170513
0.873976111412
0.837337732315
0.849393367767
0.847702682018
0.861904680729
0.877977609634
0.850550532341
0.854588747025
0.840162694454
0.845587074757
0.831040620804
0.868459999561
0.809472382069
0.814501821995
0.839507162571
0.831238508224
0.791346549988
0.829162538052
0.844263017178
0.818056404591
0.825407624245
0.845216929913
0.832448244095
0.835839748383
0.835685908794
0.852160394192
0.791918516159
0.794674038887
0.806036949158
0.826340675354
0.825636684895
0.793989539146
0.805209338665
0.81953316927
0.826083421707
0.823143780231
0.836453557014
0.81586766243
0.814889132977
0.795588731766
0.837569355965
