0.473170727491
0.526829242706
0.68292683363
0.721951246262
0.746341466904
0.736585378647
0.785365879536
0.795121967793
0.829268276691
0.839024364948
0.873170733452
0.858536601067
0.887804865837
0.87804877758
0.887804865837
0.926829278469
0.926829278469
0.892682909966
0.946341454983
0.941463410854
0.946341454983
0.960975587368
0.95609754324
0.95609754324
0.946341454983
0.951219499111
0.95609754324
0.95609754324
0.960975587368
0.985365867615
0.980487823486
0.970731735229
0.975609779358
0.980487823486
0.975609779358
0.970731735229
0.990243911743
0.980487823486
0.975609779358
0.975609779358
0.995121955872
0.975609779358
0.970731735229
0.985365867615
0.975609779358
0.990243911743
0.980487823486
0.980487823486
0.990243911743
0.985365867615
0.985365867615
0.995121955872
0.990243911743
0.980487823486
0.995121955872
0.995121955872
0.990243911743
1.0
0.975609779358
0.995121955872
0.990243911743
0.995121955872
0.985365867615
0.990243911743
0.990243911743
0.990243911743
0.995121955872
1.0
0.990243911743
0.990243911743
0.995121955872
0.985365867615
0.995121955872
0.995121955872
0.990243911743
1.0
0.985365867615
1.0
0.985365867615
0.990243911743
1.0
0.995121955872
1.0
0.995121955872
0.980487823486
1.0
0.995121955872
0.995121955872
0.990243911743
0.995121955872
0.990243911743
1.0
0.990243911743
1.0
0.990243911743
0.995121955872
0.970731735229
0.995121955872
0.995121955872
0.990243911743
0.985365867615
0.990243911743
0.990243911743
0.995121955872
1.0
1.0
0.990243911743
0.985365867615
0.985365867615
0.990243911743
1.0
0.995121955872
0.970731735229
1.0
0.995121955872
1.0
0.985365867615
1.0
1.0
1.0
0.995121955872
0.995121955872
0.995121955872
1.0
0.995121955872
0.980487823486
0.990243911743
0.995121955872
1.0
0.990243911743
0.995121955872
1.0
0.990243911743
1.0
1.0
0.980487823486
1.0
0.995121955872
0.995121955872
1.0
0.970731735229
1.0
0.995121955872
0.995121955872
0.990243911743
1.0
1.0
0.990243911743
1.0
1.0
1.0
0.995121955872
0.990243911743
0.995121955872
1.0
1.0
1.0
1.0
1.0
0.990243911743
1.0
1.0
0.995121955872
1.0
0.995121955872
1.0
1.0
0.985365867615
0.995121955872
0.995121955872
1.0
1.0
1.0
1.0
1.0
0.995121955872
1.0
1.0
1.0
1.0
1.0
0.990243911743
0.995121955872
0.990243911743
0.995121955872
0.995121955872
0.995121955872
0.995121955872
1.0
0.995121955872
1.0
1.0
1.0
1.0
0.990243911743
1.0
0.990243911743
1.0
1.0
1.0
1.0
0.990243911743
0.990243911743
0.995121955872
0.990243911743
0.995121955872
1.0
0.995121955872
0.995121955872
1.0
0.995121955872
1.0
0.995121955872
0.990243911743
0.985365867615
1.0
1.0
0.985365867615
1.0
1.0
1.0
0.995121955872
0.990243911743
1.0
1.0
0.990243911743
0.995121955872
0.985365867615
1.0
0.995121955872
1.0
0.995121955872
0.995121955872
0.995121955872
0.990243911743
0.995121955872
1.0
0.995121955872
1.0
0.995121955872
1.0
1.0
0.995121955872
0.990243911743
0.995121955872
0.995121955872
1.0
1.0
0.995121955872
0.995121955872
0.990243911743
0.995121955872
1.0
0.995121955872
1.0
1.0
1.0
0.995121955872
0.995121955872
0.995121955872
0.990243911743
0.995121955872
0.990243911743
0.995121955872
0.990243911743
0.995121955872
0.995121955872
1.0
0.995121955872
0.985365867615
0.990243911743
0.995121955872
0.995121955872
1.0
1.0
0.995121955872
0.985365867615
1.0
0.985365867615
0.990243911743
0.990243911743
1.0
0.995121955872
0.990243911743
0.985365867615
0.995121955872
0.990243911743
0.995121955872
0.990243911743
1.0
0.990243911743
0.995121955872
0.995121955872
0.980487823486
0.985365867615
0.985365867615
1.0
1.0
1.0
0.995121955872
0.995121955872
0.990243911743
0.990243911743
0.990243911743
0.995121955872
0.995121955872
0.995121955872
0.985365867615
0.990243911743
0.995121955872
0.995121955872
1.0
0.995121955872
0.995121955872
0.995121955872
1.0
0.995121955872
0.995121955872
0.990243911743
1.0
0.995121955872
1.0
1.0
1.0
1.0
0.995121955872
0.990243911743
0.995121955872
1.0
0.990243911743
0.990243911743
0.995121955872
1.0
1.0
0.995121955872
0.995121955872
1.0
0.985365867615
1.0
0.990243911743
1.0
0.995121955872
0.995121955872
1.0
1.0
1.0
0.990243911743
1.0
0.995121955872
1.0
0.995121955872
0.990243911743
1.0
0.995121955872
1.0
0.990243911743
1.0
1.0
0.995121955872
0.995121955872
0.995121955872
0.995121955872
1.0
0.995121955872
1.0
0.990243911743
1.0
1.0
0.995121955872
0.990243911743
0.985365867615
1.0
0.995121955872
1.0
1.0
0.995121955872
0.980487823486
0.995121955872
1.0
0.995121955872
0.995121955872
0.985365867615
1.0
0.995121955872
0.990243911743
0.990243911743
0.990243911743
1.0
0.995121955872
0.995121955872
0.995121955872
0.990243911743
0.990243911743
0.995121955872
0.985365867615
1.0
1.0
0.995121955872
0.990243911743
0.990243911743
1.0
1.0
1.0
1.0
0.995121955872
0.985365867615
0.985365867615
1.0
0.985365867615
0.995121955872
1.0
0.990243911743
0.985365867615
0.995121955872
0.995121955872
0.995121955872
1.0
0.995121955872
0.995121955872
0.995121955872
0.995121955872
0.995121955872
1.0
1.0
1.0
0.985365867615
0.995121955872
0.995121955872
1.0
1.0
1.0
0.990243911743
0.995121955872
0.995121955872
0.995121955872
0.990243911743
1.0
0.995121955872
0.995121955872
1.0
1.0
0.990243911743
1.0
0.995121955872
1.0
1.0
0.995121955872
1.0
0.995121955872
0.985365867615
0.995121955872
1.0
1.0
1.0
0.995121955872
1.0
0.995121955872
1.0
0.990243911743
0.995121955872
1.0
1.0
0.990243911743
0.990243911743
1.0
1.0
1.0
1.0
0.995121955872
1.0
0.995121955872
0.995121955872
0.995121955872
0.995121955872
1.0
1.0
0.990243911743
1.0
1.0
1.0
0.995121955872
0.995121955872
0.995121955872
1.0
0.990243911743
1.0
0.995121955872
1.0
0.995121955872
1.0
1.0
0.990243911743
0.990243911743
0.990243911743
0.995121955872
1.0
1.0
1.0
1.0
0.990243911743
1.0
1.0
0.990243911743
1.0
0.990243911743
1.0
0.995121955872
1.0
1.0
1.0
0.995121955872
1.0
0.995121955872
0.995121955872
0.995121955872
1.0
1.0
0.995121955872
1.0
0.995121955872
0.990243911743
1.0
1.0
0.990243911743
0.995121955872
0.995121955872
1.0
1.0
1.0
1.0
1.0
1.0
1.0
1.0
1.0
1.0
1.0
1.0
1.0
1.0
0.995121955872
1.0
1.0
0.995121955872
1.0
0.995121955872
1.0
1.0
1.0
1.0
0.990243911743
1.0
0.995121955872
0.995121955872
1.0
1.0
0.995121955872
1.0
1.0
1.0
1.0
1.0
0.990243911743
1.0
1.0
1.0
0.995121955872
1.0
1.0
1.0
0.995121955872
1.0
1.0
1.0
1.0
1.0
1.0
1.0
1.0
1.0
0.995121955872
1.0
1.0
1.0
1.0
1.0
1.0
1.0
0.995121955872
1.0
0.995121955872
1.0
1.0
1.0
1.0
1.0
1.0
1.0
0.990243911743
1.0
1.0
1.0
0.995121955872
0.995121955872
1.0
1.0
0.995121955872
1.0
1.0
0.995121955872
1.0
0.995121955872
0.990243911743
1.0
1.0
0.995121955872
1.0
1.0
1.0
0.995121955872
1.0
1.0
0.995121955872
1.0
1.0
1.0
1.0
1.0
1.0
1.0
0.995121955872
1.0
1.0
1.0
1.0
0.995121955872
0.995121955872
1.0
0.995121955872
0.995121955872
1.0
0.995121955872
1.0
1.0
1.0
1.0
1.0
1.0
1.0
1.0
1.0
1.0
1.0
1.0
1.0
1.0
1.0
1.0
1.0
1.0
1.0
1.0
1.0
1.0
1.0
0.995121955872
1.0
1.0
1.0
0.995121955872
1.0
1.0
0.995121955872
1.0
1.0
1.0
1.0
1.0
1.0
1.0
1.0
1.0
1.0
1.0
1.0
1.0
1.0
0.995121955872
1.0
1.0
1.0
1.0
1.0
0.995121955872
1.0
1.0
0.995121955872
1.0
0.995121955872
1.0
1.0
1.0
0.995121955872
1.0
1.0
1.0
1.0
1.0
1.0
1.0
0.995121955872
0.990243911743
1.0
1.0
1.0
1.0
1.0
1.0
1.0
1.0
1.0
1.0
1.0
1.0
1.0
0.995121955872
1.0
0.990243911743
1.0
1.0
1.0
1.0
1.0
1.0
1.0
1.0
1.0
1.0
1.0
1.0
0.995121955872
1.0
1.0
1.0
1.0
1.0
1.0
1.0
0.995121955872
1.0
1.0
1.0
1.0
1.0
1.0
1.0
1.0
1.0
1.0
1.0
1.0
1.0
1.0
1.0
1.0
1.0
1.0
1.0
1.0
1.0
1.0
1.0
1.0
1.0
1.0
1.0
1.0
1.0
1.0
1.0
1.0
1.0
1.0
1.0
1.0
1.0
1.0
0.995121955872
1.0
1.0
0.995121955872
1.0
1.0
1.0
1.0
1.0
0.995121955872
1.0
1.0
0.995121955872
