0.824991345406
0.800248920918
0.776366889477
0.757703542709
0.746399343014
0.740060508251
0.733754456043
0.726487517357
0.718981862068
0.710898816586
0.702358186245
0.693865418434
0.686759531498
0.682496726513
0.680008172989
0.677299380302
0.674078822136
0.670542657375
0.667352437973
0.664818882942
0.66276538372
0.660775184631
0.658568620682
0.65606033802
0.653384685516
0.650788366795
0.648488581181
0.646615147591
0.644747018814
0.642678916454
0.640352249146
0.637941241264
0.635727763176
0.633778214455
0.632078647614
0.630427360535
0.628480792046
0.626550316811
0.624492585659
0.622568547726
0.620805561543
0.619015812874
0.617169320583
0.615307450294
0.613429307938
0.611617743969
0.609902441502
0.608214914799
0.606575965881
0.604915261269
0.603225886822
0.601528286934
0.599733889103
0.597782850266
0.595776379108
0.593904793262
0.592332541943
0.59079939127
0.589287519455
0.587782859802
0.586312949657
0.584857463837
0.583445727825
0.582048356533
0.580570280552
0.578997671604
0.577408254147
0.575805425644
0.574156761169
0.572458386421
0.570736408234
0.568997204304
0.567269146442
0.565577507019
0.563905119896
0.562261223793
0.560613334179
0.558942377567
0.55726903677
0.555442094803
0.553623974323
0.551827192307
0.550007641315
0.548189461231
0.546442687511
0.544687986374
0.54292011261
0.541191458702
0.539566338062
0.537887692451
0.536229193211
0.534572839737
0.532964348793
0.531271398067
0.529622137547
0.527922749519
0.526070475578
0.524242401123
0.52248686552
0.520792484283
0.519081294537
0.517357707024
0.515619516373
0.513861358166
0.512067854404
0.510348200798
0.508602678776
0.506786942482
0.504922568798
0.503162264824
0.501383066177
0.499639600515
0.497733950615
0.495928019285
0.494043707848
0.49217697978
0.490279644728
0.488353490829
0.486434370279
0.484500110149
0.482512235641
0.480534702539
0.478543549776
0.47655326128
0.474660277367
0.472699135542
0.470714300871
0.468584746122
0.466632664204
0.464533805847
0.46247074008
0.460447371006
0.45831951499
0.456215083599
0.454238265753
0.452156424522
0.450114190578
0.448045313358
0.445961177349
0.443954885006
0.441930025816
0.439893245697
0.437856346369
0.435781925917
0.433825671673
0.431784331799
0.429795384407
0.427815198898
0.42576494813
0.423775732517
0.421859681606
0.419971674681
0.418054133654
0.416150808334
0.41426384449
0.412364274263
0.410511374474
0.408690810204
0.406855434179
0.404995232821
0.403208374977
0.401426523924
0.399582624435
0.397852838039
0.396105796099
0.394329696894
0.392580807209
0.390854388475
0.38909342885
0.387392282486
0.385736256838
0.384092986584
0.382486045361
0.380901813507
0.37926903367
0.377688676119
0.376173228025
0.374588489532
0.373116880655
0.371565103531
0.369991362095
0.368406355381
0.366896986961
0.365372210741
0.363937735558
0.362432718277
0.360959172249
0.359590768814
0.358147919178
0.356780946255
0.355496555567
0.354160577059
0.352879881859
0.351545333862
0.350338637829
0.349041461945
0.347802430391
0.346477866173
0.345066189766
0.343648850918
0.342235535383
0.340735375881
0.339439362288
0.337941497564
0.336478471756
0.335190176964
0.333764731884
0.332372307777
0.331007242203
0.329692929983
0.328538805246
0.327223837376
0.326066464186
0.324988275766
0.323933362961
0.322991520166
0.32197445631
0.320980101824
0.319973856211
0.318999022245
0.318012565374
0.317039042711
0.316084563732
0.31512606144
0.314147740602
0.313206732273
0.312252610922
0.311313152313
0.310320168734
0.30935844779
0.308408290148
0.307422429323
0.306480914354
0.305539608002
0.304593384266
0.303637117147
0.302690148354
0.30177077651
0.300885766745
0.300021290779
0.299177408218
0.299066990614
0.298957020044
0.298860996962
0.2987613976
0.298658281565
0.298558592796
0.298467099667
0.298366576433
0.298260182142
0.29816108942
0.298065245152
0.297972172499
0.297876000404
0.297777235508
0.297676026821
0.297577232122
0.297478288412
0.297378629446
0.297274440527
0.297171771526
0.29706928134
0.296974599361
0.296869516373
0.296764194965
0.296661943197
0.296560823917
0.29646256566
0.296366512775
0.296267718077
0.296168774366
0.29607963562
0.295971482992
0.295872986317
0.295774012804
0.295678287745
0.29557788372
0.295480430126
0.295383363962
0.295283645391
0.295190274715
0.295088529587
0.294994235039
0.2948987782
0.294800072908
0.29469999671
0.294602811337
0.294508874416
0.29440844059
0.294311076403
0.294213891029
0.294117003679
0.29401487112
0.293918639421
0.29382148385
0.293722301722
0.293638676405
0.293528348207
0.293432861567
0.293335676193
