0.6887794137
0.683504700661
0.678083121777
0.672601699829
0.667006850243
0.661287724972
0.655712127686
0.649699270725
0.643575429916
0.637054562569
0.630251705647
0.623525261879
0.61681497097
0.610284209251
0.604065895081
0.597542762756
0.591247022152
0.584863603115
0.578325808048
0.571496427059
0.564351141453
0.557193815708
0.549608707428
0.541816532612
0.534198760986
0.526538252831
0.518493771553
0.51074296236
0.50333148241
0.495736986399
0.48844909668
0.481226861477
0.473741620779
0.466263324022
0.459278821945
0.452814161777
0.447014212608
0.441472262144
0.435564577579
0.429557800293
0.423456668854
0.416964024305
0.41062027216
0.403705865145
0.396776229143
0.389356970787
0.381845921278
0.374463260174
0.367743194103
0.361061513424
0.354051083326
0.347511321306
0.341131776571
0.334711313248
0.328475892544
0.322125166655
0.31556943059
0.308733731508
0.302367448807
0.295771867037
0.289595067501
0.283453077078
0.277228474617
0.27139955759
0.265140175819
0.259417116642
0.254110604525
0.248751491308
0.244255766273
0.239155560732
0.233807310462
0.228752538562
0.223016574979
0.217181012034
0.211932018399
0.206269010901
0.202047914267
0.196985006332
0.191865712404
0.18758277595
0.183222144842
0.178938314319
0.174981087446
0.170870602131
0.167184442282
0.164295211434
0.161146938801
0.157534122467
0.155092924833
0.152490615845
0.149204239249
0.14564332366
0.144374296069
0.142125919461
0.138783410192
0.133970797062
0.131210118532
0.12832736969
0.124816067517
0.121736034751
0.118927411735
0.115818500519
0.113875284791
0.11113858223
0.108411610126
0.105886876583
0.103061914444
0.100291855633
0.0975381806493
0.0949455276132
0.0925737917423
0.0902497023344
0.087438583374
0.0846239998937
0.0819681063294
0.079069852829
0.0767809376121
0.0745950490236
0.0722137987614
0.0698953792453
0.0676618367434
0.0654532164335
0.0631734356284
0.0610932968557
0.0591326020658
0.0573193430901
0.0554836466908
0.0536673367023
0.05202973634
0.0503334328532
0.0485901981592
0.0469351150095
0.0454268939793
0.0438603535295
0.0423072129488
0.0409304350615
0.0395222790539
0.0382546037436
0.0370566695929
0.035899784416
0.0347011350095
0.0335490740836
0.0324262045324
0.0314005799592
0.0304062590003
0.0294194985181
0.0284788366407
0.0275796838105
0.0266280714422
0.0256348699331
0.0247203633189
0.0238560326397
0.0229417607188
0.0220085401088
0.0211197473109
0.0203024297953
0.0195969380438
0.0188404247165
0.0181290842593
0.0174812525511
0.0168386735022
0.0162168741226
0.0155545696616
0.0148980431259
0.0143625317141
0.0139317577705
0.013367366977
0.0127900335938
0.0123687600717
0.0119217196479
0.0115133821964
0.0111049478874
0.0107488958165
0.0103912195191
0.00999950058758
0.00963947735727
0.00929041486233
0.00890512112528
0.00858944933861
0.00829875841737
0.00798928551376
0.00773609941825
0.00745726888999
0.00716720661148
0.00695210741833
0.00673944642767
0.00651612970978
0.00630246428773
0.006109084934
0.00590812508017
0.00567973870784
0.00551934586838
0.00533831771463
0.00513973413035
0.00496877264231
0.00481721153483
0.00465296441689
0.0045096790418
0.00436612265185
0.00422794697806
0.00415765913203
0.00398949161172
0.00387975992635
0.00377141335048
0.00365992519073
0.00354097643867
0.00348054850474
0.00335455383174
0.00326786097139
0.00320063973777
0.00309836002998
0.00303247501142
0.00296553177759
0.0028670404572
0.00280167581514
0.0027332319878
0.00266804872081
0.00260597700253
0.00255002826452
0.0024985766504
0.00244236551225
0.00239399913698
0.00234883232042
0.00230453163385
0.00226036808454
0.00222592055798
0.00217940798029
0.00214160978794
0.00210334220901
0.00207446119748
0.00203521945514
0.0020041204989
0.00197193049826
0.00193338515237
0.00190755270887
0.00186992820818
0.0018507927889
0.00181182648521
0.00179921591189
0.0017820247449
0.00175120972563
0.00170964060817
0.00169426063076
0.00167529960163
0.00162828725297
0.0016204075655
0.00160215829965
0.00157028727699
0.00154391385149
0.00152294954751
0.00151033326983
0.00149219180457
0.00146196759306
0.00147431599908
0.00143374991603
0.00142785906792
0.00142814125866
0.00139904569369
0.00135712488554
0.00138096150476
0.00136118754745
0.00130604743026
0.00131194246933
0.00130080804229
0.00127915525809
0.00125199125614
0.00124484323896
0.00123282603454
0.00120736763347
0.00119907408953
0.00118755851872
0.00116875441745
0.00115957937669
0.00114459951874
0.00113388127647
0.00112451741006
0.00110734510235
0.00109969149344
0.00108657230157
0.00107313052285
0.00106759986375
0.00105348508805
0.00103872932959
0.00103439646773
0.00101772730704
0.00100994261447
0.00100315571763
0.000990234315395
0.000979827018455
0.000968332285993
0.000961079378612
0.000952853937633
0.000941948499531
0.000934936804697
0.000923945393879
0.000915301206987
0.000907154637389
0.00089856312843
0.000892123440281
0.000884013366885
0.000874660210684
0.000866896181833
0.000860559637658
0.000852910336107
0.000846747774631
0.000837999745272
0.000831306620967
0.00082335062325
0.000819797394797
0.00080885423813
0.000802645401563
0.000797985121608
0.00078984425636
0.000784405041486
0.000776941014919
0.000773468113039
0.000763238756917
0.000757490575779
0.000752831576392
0.000747578218579
0.000740270945244
0.000735590525437
0.000728496350348
0.000723305973224
0.000716954760719
0.000716021866538
0.000706315157004
0.000702015240677
0.000700568372849
0.000691583845764
0.000694846967235
0.000692265632097
0.00067978358129
0.000683007761836
0.000676794850733
0.000663329323288
0.000662907317746
0.000653202645481
0.000649966706987
0.00064550130628
0.000638128549326
0.00063664780464
0.000629796646535
0.000624810985755
0.000621736457106
0.000616475881543
0.000613404903561
0.000606760033406
0.00060730043333
0.000600834784564
0.000596906233113
0.000594795856159
0.000587271642871
0.0005848230212
0.000579692190513
0.000574643607251
0.00057106994791
0.000567376846448
0.000563330424484
0.000560250191484
0.000556504703127
0.000552067533135
0.000548492360394
0.000545846123714
0.000542598078027
0.000538321444765
0.000534397084266
0.000532361795194
0.000528947624844
0.000524571049027
0.000521494890563
0.000518657732755
0.000515039660968
0.000513492443133
0.000508909870405
0.000505908741616
0.000502656213939
0.000500740017742
0.000496137654409
0.000497166998684
0.000490664038807
0.000492423539981
0.00049204134848
0.000485497701447
0.000480372371385
0.000479022972286
0.000473412947031
0.000471721112262
0.000468661542982
0.000465167657239
0.000462563853944
0.000460037175799
0.000457129615825
0.00045509004849
0.000452443782706
0.000449095707154
0.000447900820291
0.000446316960733
0.000441316457
0.000443309050752
0.000440137548139
0.000434394169133
0.000434327404946
0.000430268410128
0.000426954677096
0.0004249571939
0.000421942357207
0.000420304451836
0.000418011215515
0.000414518552134
0.000414839829318
0.000410663196817
0.000408683234127
0.000406903418479
0.000403446843848
0.0004017589672
0.000398731819587
0.000399008218665
0.000394625792978
0.000394277099986
0.000389844906749
0.000387639011024
0.000385989726055
0.000382494094083
0.00038201129064
0.000377002288587
0.000375329720555
0.000372812588466
0.000371026311768
0.000368809851352
0.000365592801245
0.000364649138646
0.000361636281013
0.000359655998182
0.000358725024853
0.000354469462764
0.000353036390152
0.000350613554474
0.000348742498318
0.000346809771145
0.000344082742231
0.000344291795045
0.000340569938999
0.00033897641697
0.00033838453237
0.000334495707648
0.000333213654812
0.000331009156071
0.000329484086251
0.000327922054566
0.000325563800288
0.000324371940224
0.000323111773469
0.000320333318086
0.000319259619573
0.000317268626532
0.000315012934152
0.000313437922159
0.000311918236548
0.000310317118419
0.000308421178488
0.000306622561766
0.000305505236611
0.000303559558233
0.000302781787468
0.000301745691104
0.000299404404359
0.000299434206681
0.000296227924991
0.000295652018394
0.000293547578622
0.000291726435535
0.000290475494694
0.000288554379949
0.000287279806798
0.000286161783151
0.000284665205982
0.000283466855763
0.000281905609882
0.000280794687569
0.000279543513898
0.000277614453807
0.000277917366475
0.0002755667374
0.000274258025456
0.000273358396953
0.000271815864835
0.000270210788585
0.000268942472758
0.000267936324235
0.000266722025117
0.000264937698375
0.00026545469882
0.000263179303147
0.000262019137153
0.000261248002062
0.000259723892668
0.000258080253843
0.000256987666944
0.000255964085227
0.000254833197687
0.000253631500527
0.000252316938713
0.000251677789493
0.000250703538768
0.000249139702646
0.000248659373028
0.000246871582931
0.000246496609179
0.000246484443778
0.00024359098461
0.000245123839704
0.000244134265813
0.000240455672611
0.000242098845774
0.000241233297857
0.000237563872361
0.000238330394495
0.00023562592105
0.000235763844103
0.000234222956351
0.00023266923381
0.000231950936723
0.000230602279771
0.000229502329603
0.000228998760576
0.000227939191973
0.000227017953875
0.000226076008403
0.000225100389798
0.000224176954362
0.000223174487473
0.000222122471314
0.000221785288886
0.000220997433644
0.000219700174057
0.000219076697249
0.000218484681682
0.000217112028622
0.000216694999835
0.000215814521653
0.000214467872865
0.000213984705624
0.00021374374046
0.000211709484574
0.000211265461985
0.000210294383578
0.000209350997466
0.000208488287171
0.000207855351618
0.00020710832905
0.000205894073588
0.000206738055567
0.000204725176445
0.000204074225621
0.000203697680263
0.000202840135898
0.000201551651116
0.000201278700843
0.000200161826797
0.000199336267542
0.000198824825929
0.000197883418878
0.000196956418222
0.000196239750949
0.000195523331058
0.000194802560145
0.000193990083062
0.00019315724785
0.000192854233319
0.00019220962713
0.000191183018615
0.000190737933735
0.000190161023056
0.000188946622075
0.000188811522094
0.000188610356417
0.000186965728062
0.000187402270967
0.000186681660125
0.00018486227782
0.000184702323168
0.000184070973773
0.000183040450793
0.000182375486474
0.000181934490683
0.000180922012078
0.000180549308425
0.000180155751877
0.000179375347216
0.000178250818863
0.000178282469278
0.000176922490937
0.000176994668436
0.000177261070348
0.000175499604666
0.00017482804833
0.000175435008714
0.00017313468561
0.000173915090272
0.000173379972694
0.000171595995198
0.000173307867954
0.000172485684743
0.000169899562025
0.00017010969168
0.000169983584783
0.000168509097421
0.00016799356672
0.000168035781826
0.000166457306477
0.000166381170857
0.000165887715411
0.000165016943356
0.000164203767781
0.000163811593666
0.000162908632774
0.0001629878534
0.000162681899383
0.000162007258041
0.000161006013514
0.000160761250299
0.00016026715457
0.000159261981025
0.000158955677762
0.000158317096066
0.000157552014571
0.00015700973745
0.000156732799951
0.00015626543609
0.000155468573212
0.000155763089424
0.000155010377057
0.000154266672325
0.000154111388838
0.000153578002937
0.000152748893015
0.000152247506776
0.000151604181156
0.000151440865011
0.000151248867041
0.000151189524331
0.000151097498019
0.000150977764861
0.00015083271137
0.000150670224684
0.000150489460793
0.000150304258568
0.000150153282448
0.000150062391185
0.000150176012539
0.000150156964082
0.000150012347149
0.000149842730025
0.000149843399413
0.000149823797983
0.000149792627781
0.000149743820657
0.000149682629853
0.000149605883053
0.000149524043081
0.000149442857946
0.000149398445501
0.000149370549479
0.000149347019033
0.000149303799844
0.000149244995555
0.000149172643432
0.000149110856
0.00014905144053
0.000149001731188
0.000148987383
0.000148958279169
0.000148909210111
0.000148851526319
0.000148778868606
0.000148756895214
0.000148682462168
0.000148658320541
0.0001486412948
0.000148607505253
0.000148553706822
0.000148488703417
0.00014841047232
0.000148336912389
0.000148279272253
0.000148252845975
0.000148206672748
0.000148171136971
0.000148126404383
0.000148062579683
0.000147989630932
0.000147953789565
0.00014790383284
0.000147843820741
0.000147859260323
0.00014776061289
0.000147748593008
0.000147734841448
0.000147703714902
0.000147657847265
0.000147597544128
0.000147524289787
0.000147437225678
0.000147399943671
0.000147355822264
0.000147286365973
0.000147259343066
0.000147217317135
0.000147158221807
0.000147087615915
0.000147048864164
0.000146966776811
0.000146970050992
0.000146955673699
0.000146918959217
0.000146867532749
0.000146804275573
0.00014672690304
0.000146638936712
0.000146691207192
0.000146648322698
0.000146483114804
0.000146507896716
0.00014654325787
0.000146538033732
0.000146493664943
0.00014641864982
0.000146311285789
0.000146194724948
0.000146130376379
0.00014612582163
0.000145996003994
0.000146011938341
0.00014602203737
0.000146002988913
0.000145948288264
0.000145862388308
0.000145762052853
0.000145659665577
0.000145784419146
0.000145766607602
0.000145625846926
0.000145491299918
0.000145496931509
0.000145482859807
0.000145430851262
0.00014534816728
0.000145255806274
0.000145206824527
0.00014517919044
0.000145082711242
0.000145055368193
0.000145007463288
0.000144946316141
0.000144873964018
0.00014483871928
0.000144793462823
0.000144731428009
0.000144721518154
0.000144628531416
0.000144582067151
0.000144539197208
0.000144503923366
0.000144466612255
0.00014441573876
0.000144348130561
0.000144305522554
0.000144237827044
0.000144188161357
0.000144155899761
0.000144101766637
0.000144062680192
0.000143999190186
0.000143975150422
0.000143906552694
0.000143863057019
0.000143801924423
0.000143787023262
0.000143705503433
0.000143666111398
0.000143605837366
0.000143585042679
0.000143510013004
0.000143471785123
0.000143410361488
0.00014337747416
0.000143313940498
0.000143276585732
0.000143202196341
0.000143234457937
0.000143112585647
0.000143120298162
0.000143119425047
0.000143075041706
0.000142999153468
0.000142894990859
0.000142880104249
0.000142852775753
0.000142721197335
