0.694034159184
0.693862915039
0.693698167801
0.693546772003
0.693405508995
0.693268716335
0.693143546581
0.693032920361
0.69293063879
0.692830443382
0.692729532719
0.692629635334
0.692533314228
0.69243568182
0.692341148853
0.692256271839
0.692178845406
0.6920992136
0.692025661469
0.691951334476
0.691880524158
0.69180983305
0.691736519337
0.691660523415
0.691581249237
0.691501438618
0.691420972347
0.691343784332
0.691268503666
0.691195011139
0.691126406193
0.691054880619
0.690987706184
0.690917849541
0.690843880177
0.690770864487
0.690694749355
0.69061678648
0.690539240837
0.690456926823
0.690373063087
0.690290570259
0.690207719803
0.69012260437
0.690038919449
0.689953327179
0.689866244793
0.689780950546
0.689694285393
0.689606904984
0.689520120621
0.689435720444
0.689351797104
0.68926769495
0.689184486866
0.689100921154
0.689020097256
0.688938319683
0.688857316971
0.688776433468
0.688695251942
0.688613772392
0.688531637192
0.688448369503
0.688364982605
0.688281238079
0.688198328018
0.688115417957
0.688032507896
0.687949061394
0.687864899635
0.687780022621
0.687696814537
0.687612295151
0.687527835369
0.687443733215
0.687359631062
0.68727439642
0.68719035387
0.68710565567
0.687019705772
0.686933040619
0.686847805977
0.686760425568
0.686671793461
0.686584770679
0.686496496201
0.686407566071
0.68631875515
0.686228811741
0.686138570309
0.686048269272
0.685957312584
0.685866296291
0.68577504158
0.685683071613
0.685590922832
0.685498297215
0.685404241085
0.685310900211
0.685216367245
0.685120522976
0.685024499893
0.684927582741
0.68483042717
0.684731841087
0.684632539749
0.684532344341
0.68443185091
0.684329867363
0.684226870537
0.684122681618
0.68401825428
0.683913052082
0.683806777
0.683700203896
0.683591961861
0.683482170105
0.683371663094
0.683261334896
0.68314999342
0.68303745985
0.68292427063
0.682809770107
0.682694077492
0.682577967644
0.682461023331
0.68234282732
0.682223439217
0.682103455067
0.68198287487
0.681861639023
0.681739449501
0.681616187096
0.681492209435
0.681366860867
0.68124049902
0.681112587452
0.680983304977
0.680852353573
0.680719435215
0.680585384369
0.680450022221
0.680313706398
0.680176496506
0.680038094521
0.679898500443
0.679756641388
0.679613232613
0.679467976093
0.679321587086
0.679173409939
0.679024159908
0.678874075413
0.678723216057
0.678570866585
0.678416907787
0.678261637688
0.678104281425
0.677944719791
0.677784085274
0.677621543407
0.677457034588
0.677290320396
0.677121639252
0.676950156689
0.67677628994
0.676600933075
0.676422953606
0.676242589951
0.676060974598
0.675877988338
0.675693273544
0.675506591797
0.675317823887
0.675127565861
0.674935221672
0.674742043018
0.674547374249
0.674350142479
0.674152135849
0.673951685429
0.673748552799
0.673543214798
0.673335552216
0.67312502861
0.672912895679
0.672698616982
0.672481954098
0.672263145447
0.67204272747
0.671820819378
0.671597361565
0.671371817589
0.671144366264
0.670914828777
0.670681834221
0.670445740223
0.670206904411
0.669965207577
0.669720470905
0.669473171234
0.669222772121
0.668970763683
0.668716073036
0.668460607529
0.668203055859
0.667942523956
0.667678892612
0.66741168499
0.667140185833
0.666864991188
0.666586995125
0.66630667448
0.666020810604
0.665726542473
0.665427327156
0.665123701096
0.664814889431
0.664500296116
0.664179086685
0.663848757744
0.663509368896
0.663164079189
0.662816047668
0.662465929985
0.662110090256
0.66174530983
0.661371588707
0.660993039608
0.660609543324
0.66022258997
0.659832417965
0.659432530403
0.659024894238
0.658610284328
0.658191800117
0.657766640186
0.657338440418
0.656903743744
0.656461417675
0.656012833118
0.65556204319
0.655108809471
0.654653549194
0.654193878174
0.653731644154
0.653266251087
0.6527993083
0.652332305908
0.651861548424
0.651387512684
0.650909483433
0.650430500507
0.649949967861
0.649465322495
0.648980438709
0.648491561413
0.648000001907
0.647505760193
0.647010028362
0.646511852741
0.646010220051
0.645505607128
0.644997775555
0.644486606121
0.643970668316
0.643450796604
0.642927646637
0.642402112484
0.641872644424
0.641340017319
0.640805602074
0.640268325806
0.639728248119
0.63918530941
0.638639450073
0.638090252876
0.637538135052
0.63698464632
0.63642936945
0.63586974144
0.635306060314
0.634739398956
0.634172856808
0.633603453636
0.633031785488
0.632457256317
0.631878376007
0.631295621395
0.630709707737
0.630120992661
0.629528641701
0.628931701183
0.628330111504
0.627725660801
0.627117574215
0.626505494118
0.625890493393
0.625272572041
0.624650478363
0.624023318291
0.623391985893
0.622757673264
0.622119069099
0.621476173401
0.620828926563
0.620175600052
0.619516849518
0.618855297565
0.618188679218
0.617518544197
0.616843342781
0.616163730621
0.615479707718
0.614792883396
0.614101648331
0.613409638405
0.612714111805
0.612015366554
0.611312627792
0.610603272915
0.609888136387
0.609168589115
0.608445167542
0.607719838619
0.606990754604
0.60625487566
0.605510830879
0.604761123657
0.604004859924
0.603249013424
0.602492570877
0.601733624935
0.600972771645
0.600210726261
0.599444329739
0.598675370216
0.597903072834
0.597124218941
0.596339285374
0.595551252365
0.594760715961
0.593967914581
0.59317111969
0.592370212078
0.591566383839
0.590760171413
0.589951336384
0.589139819145
0.588322877884
0.587504923344
0.586684465408
0.585859417915
0.585025787354
0.584185361862
0.583338677883
0.582481503487
0.581613123417
0.580713331699
0.579784810543
0.578806042671
0.577758133411
0.576689064503
0.575607538223
0.574525177479
0.573451280594
0.572368264198
0.571270883083
0.57016479969
0.56905579567
0.567944288254
0.566828668118
0.565706074238
0.564585149288
0.563462913036
0.562347650528
0.56123405695
0.560117542744
0.559000849724
0.557879805565
0.556750357151
0.555613696575
0.554472267628
0.553325533867
0.552175819874
0.551024436951
0.54986846447
0.548707723618
0.547542572021
0.546369850636
0.545194029808
0.544017910957
0.542838037014
0.541655659676
0.540468752384
0.53928142786
0.538092017174
0.53689956665
0.535708189011
0.534514129162
0.533320486546
0.532129049301
0.530936658382
0.529740333557
0.52853423357
0.527325570583
0.526115298271
0.524902582169
0.523688435555
0.522473216057
0.52125287056
0.520028948784
0.518806040287
0.517579436302
0.516351521015
0.515125453472
0.513900101185
0.512675225735
0.511449992657
0.510225117207
0.508996486664
0.50776976347
0.506539463997
0.505306601524
0.504074335098
0.502825677395
0.501468658447
0.500012278557
0.498474866152
0.496861368418
0.495159506798
0.493376344442
0.491556227207
0.489745974541
0.487947404385
0.486166894436
0.484408855438
0.482679784298
0.481017798185
0.47939735651
0.477806061506
0.476237297058
0.474677920341
0.473119735718
0.471563786268
0.470010846853
0.468464314938
0.46692109108
0.465378433466
0.463837116957
0.462299317122
0.46077015996
0.459246456623
0.457725226879
0.456209421158
0.454701125622
0.453196674585
0.451699376106
0.450208932161
0.448725402355
0.447246640921
0.445773541927
0.444307535887
0.442847430706
0.44139456749
0.439952433109
0.438518851995
0.437094241381
0.435676455498
0.434265077114
0.432862967253
0.431470394135
0.430086731911
0.428710967302
0.427342712879
0.425979107618
0.424619615078
0.423267036676
0.421919226646
0.420578271151
0.419242978096
0.417914301157
0.41659027338
0.415273189545
0.413964629173
0.412660688162
0.411360830069
0.410067737103
0.408779472113
0.407494306564
0.406213790178
0.404940634966
0.403673261404
0.402414500713
0.40116250515
0.399917304516
0.398677408695
0.397442698479
0.396215379238
0.394991725683
0.393772810698
0.392558932304
0.391348421574
0.390145987272
0.38895085454
0.387763410807
0.386581540108
0.385405004025
0.384232014418
0.383066833019
0.381906539202
0.38075235486
0.379606068134
0.37846583128
0.377328574657
0.376198023558
0.375074505806
0.373959302902
0.372847616673
0.37173974514
0.370634287596
0.369533628225
0.368441104889
0.367353647947
0.36626791954
0.365185707808
0.364105820656
0.363031983376
0.361967146397
0.360905468464
0.359843939543
0.358787119389
0.357733756304
0.356682837009
0.35563993454
0.354601949453
0.35356643796
0.352535963058
0.351508527994
0.350474327803
0.349445968866
0.348422378302
0.347403138876
0.346386611462
0.345375388861
0.344370037317
0.343373209238
0.342380434275
0.341390579939
0.340403854847
0.339420586824
0.338445425034
0.337473869324
0.33651137352
0.335551053286
0.334593564272
0.333639979362
0.332692056894
0.3317476511
0.330808013678
0.329871863127
0.328938245773
0.328009843826
0.327086001635
0.326165109873
0.325247257948
0.324333190918
0.323423981667
0.322517096996
0.321616351604
0.32071685791
0.319821476936
0.318933099508
0.318043291569
0.31716093421
0.316280543804
0.315403848886
0.314532011747
0.313663721085
0.312794446945
0.311932712793
0.311072707176
0.310214757919
0.309361815453
0.308511376381
0.307663559914
0.306819438934
0.305980503559
0.305144786835
0.304313033819
0.303483724594
0.302655220032
0.301828503609
0.30100697279
0.30018851161
0.299371480942
0.298557639122
0.297746539116
0.296941906214
0.296136796474
0.295332044363
0.294534921646
0.293738871813
0.29294615984
0.292156606913
0.29136967659
0.290584236383
0.289802193642
0.289023816586
0.288247972727
0.287476450205
0.286706984043
0.285941421986
0.285177141428
0.28441464901
0.283655613661
0.2829002738
0.282149612904
0.281396001577
0.280651807785
0.279904067516
0.27916520834
0.278425067663
0.277683615685
0.27695119381
0.27622076869
0.275489032269
0.27476605773
0.274040669203
0.273316651583
0.272599935532
0.271881610155
0.271164864302
0.270456194878
0.269743055105
0.269035816193
0.26832908392
0.267624825239
0.266924411058
0.266226351261
0.266156703234
0.266086906195
0.266017109156
0.265947550535
0.265878081322
0.265808582306
0.265739321709
0.265669941902
0.265600711107
0.265531778336
0.265462964773
0.265394121408
0.265325337648
0.265256643295
0.265188097954
0.265119761229
0.265051692724
0.264983534813
0.264915645123
0.264847606421
0.26477971673
0.264712005854
0.26464420557
0.264576435089
0.264508962631
0.264441281557
0.264374136925
0.264306992292
0.26423984766
0.264172792435
0.264105677605
0.264038681984
0.263971716166
0.263904809952
0.26383805275
0.263771235943
0.263704746962
0.263638108969
0.263571590185
0.263505131006
0.263438552618
0.263372480869
0.263306051493
0.26324018836
0.263174057007
0.263107687235
0.263041973114
0.262975782156
0.262909829617
0.262844055891
0.262778222561
0.262712657452
0.262647002935
0.262581288815
0.262515753508
0.262450248003
0.262384861708
0.262319535017
0.262254148722
0.262188881636
0.262123465538
0.262058228254
0.261993378401
0.261928260326
0.261863261461
0.261798530817
0.261733442545
0.261668652296
0.261603951454
0.261538952589
0.261474460363
0.261409670115
0.261345088482
0.261280596256
0.261216163635
0.261151641607
0.261087268591
0.261022865772
0.260958611965
0.260894447565
0.260830193758
0.260766088963
0.260702073574
0.260638028383
0.260574132204
0.260510206223
0.260446131229
0.260382533073
0.260318666697
0.260254770517
0.260191172361
0.260127454996
0.260063707829
0.260000377893
0.259936869144
0.259873539209
0.259810239077
0.259746909142
0.259683907032
0.259620696306
0.259557723999
0.259494781494
0.259431540966
0.259368777275
0.259305745363
0.259243011475
0.259180158377
0.259117335081
0.259054541588
0.258991897106
0.258929103613
0.258866757154
0.25880420208
0.258741617203
0.25867921114
0.258616894484
0.258554458618
0.258492082357
0.258429855108
0.25836750865
0.258305221796
0.258242934942
0.258180946112
0.258118778467
0.258056789637
0.257994741201
0.257932901382
0.257870852947
0.257809013128
0.257746994495
0.257685303688
0.257623463869
0.257561862469
0.257500052452
0.257438540459
0.257376760244
0.257315039635
0.257253646851
0.257191836834
0.257130473852
0.25706911087
0.257007271051
0.256946206093
0.256884872913
0.25682297349
0.256761789322
0.256700545549
0.256639122963
0.256577789783
0.256516724825
0.256455421448
0.256393998861
0.256333053112
0.256272047758
0.256210952997
0.256150007248
0.256089001894
0.256027817726
0.255966752768
