0.43902438879
0.375609755516
0.40000000596
0.43902438879
0.434146344662
0.458536595106
0.434146344662
0.448780477047
0.492682933807
0.473170727491
0.487804889679
0.492682933807
0.585365831852
0.526829242706
0.517073154449
0.512195110321
0.565853655338
0.526829242706
0.546341478825
0.541463434696
0.526829242706
0.541463434696
0.575609743595
0.546341478825
0.585365831852
0.536585390568
0.531707346439
0.541463434696
0.585365831852
0.585365831852
0.585365831852
0.565853655338
0.541463434696
0.556097567081
0.536585390568
0.526829242706
0.556097567081
0.556097567081
0.556097567081
0.56097561121
0.570731699467
0.551219522953
0.570731699467
0.575609743595
0.56097561121
0.556097567081
0.556097567081
0.56097561121
0.580487787724
0.56097561121
0.575609743595
0.56097561121
0.585365831852
0.551219522953
0.556097567081
0.570731699467
0.580487787724
0.565853655338
0.565853655338
0.575609743595
0.575609743595
0.565853655338
0.580487787724
0.585365831852
0.575609743595
0.565853655338
0.556097567081
0.570731699467
0.570731699467
0.56097561121
0.556097567081
0.56097561121
0.546341478825
0.56097561121
0.565853655338
0.556097567081
0.556097567081
0.536585390568
0.56097561121
0.56097561121
0.56097561121
0.556097567081
0.56097561121
0.580487787724
0.551219522953
0.565853655338
0.56097561121
0.570731699467
0.56097561121
0.556097567081
0.565853655338
0.551219522953
0.580487787724
0.551219522953
0.575609743595
0.551219522953
0.56097561121
0.556097567081
0.570731699467
0.565853655338
