0.694073915482
0.693324863911
0.693647563457
0.693552136421
0.693562746048
0.693636715412
0.692975401878
0.693741738796
0.693441689014
0.693008184433
0.693241178989
0.692913353443
0.693502664566
0.693422794342
0.693709015846
0.693141162395
0.693634331226
0.692963957787
0.693316876888
0.692859649658
0.692879140377
0.692958950996
0.693005204201
0.692934811115
0.693108916283
0.692383229733
0.693024873734
0.693017363548
0.692878544331
0.692498803139
0.69263958931
0.693434774876
0.693128764629
0.69234752655
0.692791163921
0.692948639393
0.692438483238
0.692887067795
0.692843854427
0.692869246006
0.693484127522
0.692820906639
0.692781627178
0.692967712879
0.692543148994
0.692487239838
0.692145526409
0.692658662796
0.692857146263
0.692906796932
0.692794919014
0.692426860332
0.692594230175
0.692162394524
0.69281154871
0.693093717098
0.69271337986
0.691998362541
0.692500948906
0.692225039005
0.691687583923
0.6922301054
0.691862225533
0.692474246025
0.692057192326
0.691652536392
0.691953361034
0.692618489265
0.691579580307
0.691484332085
0.692321658134
0.692129433155
0.691517531872
0.691687822342
0.691853821278
0.692356705666
0.691916108131
0.691821455956
0.692012131214
0.691648364067
0.691312611103
0.690916836262
0.692070126534
0.691338598728
0.691096901894
0.692321360111
0.691545903683
0.691577494144
0.691067516804
0.690863251686
0.691479861736
0.69106066227
0.691495120525
0.691736876965
0.690985321999
0.691028892994
0.690947175026
0.691421091557
0.69093477726
0.691279113293
0.690254330635
0.691583275795
0.691062092781
0.691053450108
0.690765380859
0.690867960453
0.691502392292
0.691474854946
0.691353261471
0.690891563892
0.690261602402
0.690940797329
0.690833568573
0.691126227379
0.690286934376
0.6903039217
0.690814375877
0.690950870514
0.69087433815
0.69077026844
0.690889358521
0.690693974495
0.690923452377
0.690888345242
0.691337049007
0.690650522709
0.690618574619
0.690496087074
0.690268337727
0.691181480885
0.68996244669
0.69058328867
0.690328299999
0.690193891525
0.68989855051
0.690019309521
0.690005123615
0.690558671951
0.68945068121
0.690654754639
0.689932346344
0.690431535244
0.69011759758
0.689922511578
0.690140128136
0.690128684044
0.69007641077
0.689938306808
0.690066516399
0.689779520035
0.689787387848
0.689789116383
0.690340638161
0.689948797226
0.689572393894
0.689649105072
0.689321994781
0.690020680428
0.689522027969
0.690145432949
0.689658284187
0.689718425274
0.68971991539
0.690436244011
0.688688576221
0.688931882381
0.689861118793
0.689823806286
0.689446866512
0.689668059349
0.689305067062
0.689588010311
0.689383804798
0.689640402794
0.689506113529
0.689674496651
0.689810276031
0.688993871212
0.688927710056
0.689758718014
0.689263164997
0.68931812048
0.689334273338
0.687917590141
0.689366936684
0.68893879652
0.688849389553
0.68921148777
0.688791871071
0.688928842545
0.688934326172
0.688694655895
0.688970506191
0.689071297646
0.689310371876
0.6883264184
0.689260423183
0.688594341278
0.688613951206
0.688591361046
0.688658952713
0.688140749931
0.688198208809
0.688308954239
0.688239574432
0.688302993774
0.688155174255
0.688950717449
0.688703835011
0.689296245575
0.688108146191
0.688719272614
0.68818372488
0.687435269356
0.688634514809
0.68791025877
0.68806040287
0.687802374363
0.688513755798
0.688715219498
0.688261032104
0.687842547894
0.688851714134
0.68817293644
0.688122808933
0.688361465931
0.687433481216
0.688016295433
0.688689172268
0.688196837902
0.687273859978
0.688191175461
0.688416838646
0.687334299088
0.687357842922
0.687345683575
0.688104748726
0.687508046627
0.686991095543
0.687507987022
0.688051521778
0.687996029854
0.687235176563
0.687505364418
0.688053846359
0.688073456287
0.687395989895
0.687359035015
0.688373863697
0.687420427799
0.687511444092
0.686969280243
0.687801241875
0.68736153841
0.687323570251
0.687102675438
0.688108742237
0.68733894825
0.687386274338
0.686107516289
0.688157558441
0.687959551811
0.687903225422
0.686686813831
0.6875872612
0.687176942825
0.687705755234
0.686961114407
0.686916470528
0.686543881893
0.686483979225
0.686956048012
0.686812400818
0.686481177807
0.687127828598
0.686805844307
0.686980783939
0.686854958534
0.686458110809
0.686883568764
0.686112582684
0.686179876328
0.685741066933
0.687415719032
0.685875594616
0.685821652412
0.686274826527
0.685360372066
0.68772315979
0.685694396496
0.685519993305
0.686775624752
0.685296535492
0.686080574989
0.685782074928
0.685686051846
0.684794664383
0.686369657516
0.68539249897
0.68512827158
0.685831010342
0.684616148472
0.687482118607
0.686588168144
0.687076449394
0.684837281704
0.686386346817
0.685487091541
0.687196135521
0.684735119343
0.686176359653
0.685709357262
0.685536444187
0.68418353796
0.684631347656
0.685087323189
0.685439407825
0.684526085854
0.686187148094
0.685329973698
0.685693085194
0.684238433838
0.685957312584
0.685187518597
0.685683965683
0.68391507864
0.683942914009
0.685489177704
0.685334265232
0.684482634068
0.685424089432
0.683766305447
0.684859871864
0.684250771999
0.685380756855
0.684932529926
0.683060228825
0.684062600136
0.684750378132
0.684763252735
0.684758007526
0.683995366096
0.684736013412
0.685628950596
0.683297812939
0.683933973312
0.684878766537
0.684756159782
0.682943940163
0.683342397213
0.684810340405
0.682144463062
0.684224188328
0.683494925499
0.683186471462
0.68423473835
0.683726906776
0.683454930782
0.68380856514
0.684645175934
0.683609306812
0.682995438576
0.684813737869
0.683954179287
0.682983934879
0.683691561222
0.683053791523
0.682537257671
0.684430539608
0.683575153351
0.684044659138
0.683995962143
0.683256447315
0.683729946613
0.68337982893
0.684004604816
0.683155953884
0.681712448597
0.682079493999
0.680832207203
0.682935893536
0.682566404343
0.683523476124
0.682725131512
0.681237518787
0.682220578194
0.681856155396
0.682291924953
0.68301987648
0.683025062084
0.681508302689
0.683182120323
0.681932687759
0.682380914688
0.682975232601
0.682750999928
0.682270109653
0.680757701397
0.682724833488
0.683299303055
0.682223975658
0.681144297123
0.681545674801
0.681313514709
0.681630730629
0.683234155178
0.681039631367
0.681196510792
0.682483673096
0.68080085516
0.682230293751
0.681283891201
0.680841207504
0.681102633476
0.680126309395
0.68195515871
0.681611299515
0.682046592236
0.680347144604
0.680890619755
0.680182337761
0.682202756405
0.681321799755
0.680413842201
0.679642736912
0.681088924408
0.681550860405
0.680613458157
0.68118262291
0.680147171021
0.680391132832
0.680310070515
0.68063801527
0.679904043674
0.680433034897
0.680320203304
0.678685724735
0.679427444935
0.679299414158
0.67954993248
0.680273592472
0.68177652359
0.681306421757
0.680047154427
0.679348528385
0.679216086864
0.679731547832
0.680231153965
0.679012238979
0.679672300816
0.678914308548
0.679485619068
0.6816213727
0.679275393486
0.679131031036
0.678063988686
0.68009775877
0.681253492832
0.678996562958
0.677287936211
0.67823278904
0.679506480694
0.678543031216
0.678208351135
0.679664552212
0.679999232292
0.67878895998
0.679636597633
0.677696704865
0.679819107056
0.680107355118
0.679573774338
0.680776298046
0.678720295429
0.679830729961
0.678250491619
0.677973628044
0.679601073265
0.680189311504
0.678743541241
0.678555846214
0.677927851677
0.676751732826
0.676880002022
0.67708325386
0.677969157696
0.677996098995
0.677544414997
0.67784935236
0.676898539066
0.678196012974
0.677010297775
0.67769998312
0.676662385464
0.67582321167
0.677526414394
0.676315367222
0.678856253624
0.677942037582
0.678001582623
0.677012681961
0.678771317005
0.677404165268
0.678616166115
0.677991747856
0.676216244698
0.676121413708
0.677087843418
0.676612079144
0.676189005375
0.676835298538
0.676206767559
0.677170217037
0.676489114761
0.67609500885
0.676665365696
0.677311718464
0.673925161362
0.675448954105
0.673898696899
0.675509989262
0.678369641304
0.675958275795
0.676191091537
0.676053106785
0.674988687038
0.676099956036
0.675265669823
0.676881492138
0.674221873283
0.675479114056
0.674844443798
0.675849854946
0.676446855068
0.672760248184
0.67519146204
0.676803171635
0.67612195015
0.673901677132
0.675094246864
0.674738049507
0.674561858177
0.674901366234
0.673993051052
0.675610303879
0.676489174366
0.67466878891
0.673298478127
0.674328684807
0.675230324268
0.674507677555
0.674624204636
0.672802269459
0.674058258533
0.674122452736
0.674619674683
0.673803985119
0.673823058605
0.676128566265
0.674367964268
0.675444960594
0.674267292023
0.672719359398
0.673305749893
0.674145162106
0.674686789513
0.674428641796
0.672780752182
0.673243880272
0.672520935535
0.673912227154
0.67445152998
0.673333764076
0.670882046223
0.672439932823
0.67306548357
0.672287583351
0.672520339489
0.671322882175
0.672017753124
0.672588348389
0.672852993011
0.670526862144
0.670832633972
0.672604084015
0.673253774643
0.671705305576
0.671476125717
0.673027098179
0.672947227955
0.671392500401
0.671887636185
0.671170890331
0.674673259258
0.673677325249
0.670753002167
0.67178529501
0.670156359673
0.670821130276
0.671513319016
0.672445893288
0.671151340008
0.667661964893
0.670319497585
0.673051118851
0.669471383095
0.671314358711
0.670112550259
0.670531272888
0.669446110725
0.671061396599
0.670094192028
0.669816315174
0.67065936327
0.671392142773
0.671829879284
0.670492172241
0.66975826025
0.667773425579
0.671394467354
0.671425700188
0.669487655163
0.670761048794
0.669906198978
0.669487655163
0.670640468597
0.667469620705
0.667996942997
0.668991327286
0.669142246246
0.669187128544
0.669592857361
0.668570756912
0.668984234333
0.671955108643
0.671488821507
0.666517138481
0.669037103653
0.671674013138
0.667160570621
0.6695317626
0.667971849442
0.668579995632
0.667775273323
0.669881403446
0.668932080269
0.66890758276
0.669380068779
0.667195081711
0.667128384113
0.668361067772
0.669254779816
0.669242024422
0.667968451977
0.667821526527
0.666494131088
0.667843878269
0.666563689709
0.666643083096
0.668137133121
0.670139670372
0.666903078556
0.671233415604
0.669040262699
0.668080985546
0.670773386955
0.669684827328
0.66847795248
0.669841170311
0.669460117817
0.669289410114
0.670163631439
0.669061720371
0.668578982353
0.668603956699
0.667962789536
0.667863667011
0.667621791363
0.669261336327
0.669783234596
0.66841250658
0.669414937496
0.667314171791
0.669083833694
0.668375432491
0.669298708439
0.667035579681
0.666239976883
0.668309807777
0.666970610619
0.667692065239
0.667219817638
0.667774200439
0.667242527008
0.666190981865
0.669148445129
0.667273521423
0.666336297989
0.667698860168
0.671322703362
0.66879683733
0.669968008995
0.668748736382
0.667403280735
0.669264018536
0.66819614172
0.667758822441
0.666074633598
0.667079269886
0.667522013187
0.667058229446
0.66885304451
0.669787764549
0.668248593807
0.666484236717
0.667687833309
0.670072257519
0.668084144592
0.667526125908
0.667569994926
0.668425381184
0.6700694561
0.666615903378
0.668315708637
0.666720330715
0.666474819183
0.668255746365
0.669347465038
0.66720944643
0.668221056461
0.667015433311
0.666656374931
0.669086158276
0.66690582037
0.668379187584
0.668823778629
0.66703504324
0.66894620657
0.667528390884
0.667477250099
0.670552015305
0.668835282326
0.66741758585
0.665436685085
0.668671369553
0.666711509228
0.668037652969
0.66833627224
0.667455077171
0.667477548122
0.665447115898
0.667656064034
0.666457474232
0.667767763138
0.66870033741
0.666573107243
0.667268931866
0.668365180492
0.66534024477
0.666198432446
0.669021010399
0.668475866318
0.667747914791
0.666980862617
0.667704939842
0.666782975197
0.665662050247
0.668218195438
0.66989171505
0.668334007263
0.667036116123
0.667567133904
0.666712224483
0.668401658535
0.669145703316
0.667932450771
0.667114019394
0.664427399635
0.668390512466
0.668313682079
0.668106734753
0.668486833572
0.66798979044
0.666552424431
0.669357359409
0.668245315552
0.666491091251
0.671171009541
0.666768312454
0.668127655983
0.66749560833
0.667288005352
0.667870402336
0.66760879755
0.668013095856
0.666453421116
0.666218519211
0.66667675972
0.665415525436
0.667927980423
