0.693190336227
0.693042814732
0.693024992943
0.692876756191
0.692849755287
0.692780196667
0.692697048187
0.692572534084
0.692386627197
0.692387938499
0.692245364189
0.692301630974
0.692220151424
0.692045271397
0.691968202591
0.691848754883
0.691824257374
0.691775977612
0.691682934761
0.691637575626
0.691346943378
0.691068053246
0.690954506397
0.691000521183
0.690685451031
0.690823376179
0.690608978271
0.690647244453
0.690485835075
0.690221488476
0.689763486385
0.689744830132
0.689676880836
0.689712166786
0.689403474331
0.689147412777
0.688932240009
0.68896728754
0.688861072063
0.688600063324
0.688248693943
0.687955617905
0.687802791595
0.6875872612
0.687298238277
0.68715929985
0.686326086521
0.686457693577
0.686477601528
0.685791373253
0.685681700706
0.684853315353
0.684767246246
0.684125900269
0.682766437531
0.682500243187
0.682890415192
0.681821286678
0.681454241276
0.681349694729
0.680209040642
0.680122494698
0.677676916122
0.677484929562
0.68010109663
0.678132236004
0.675799250603
0.676515877247
0.674875319004
0.673155725002
0.674709796906
0.672288119793
0.671324372292
0.671591341496
0.669176638126
0.667941868305
0.667466700077
0.667470932007
0.664023220539
0.665468931198
0.664136707783
0.66163122654
0.660235822201
0.658861339092
0.660479784012
0.659458875656
0.65525239706
0.65345698595
0.653224050999
0.649382889271
0.64883941412
0.645322084427
0.643481373787
0.644916117191
0.640370905399
0.639610767365
0.639125645161
0.637241840363
0.633376955986
0.629708886147
0.627014458179
0.628250777721
0.62369966507
0.621224701405
0.617459654808
0.622521042824
0.612184524536
0.608926057816
0.606395065784
0.608612179756
0.604344367981
0.603419005871
0.598775744438
0.593836903572
0.599662482738
0.588246703148
0.583056867123
0.580973684788
0.582400202751
0.575233578682
0.576239168644
0.572497904301
0.57012283802
0.562671661377
0.559410810471
0.565904319286
0.554186582565
0.558058381081
0.553909480572
0.547811448574
0.540060281754
0.54581952095
0.532286465168
0.535549938679
0.545701026917
0.529059350491
0.529761731625
0.532950222492
0.533631145954
0.52250379324
0.509007453918
0.511690139771
0.520597338676
0.518012583256
0.510176002979
0.511164844036
0.499849319458
0.503415763378
0.492865204811
0.494256079197
0.494655191898
0.49484655261
0.492638975382
0.490141957998
0.490519315004
0.473226040602
0.485681474209
0.474616676569
0.481179982424
0.470630228519
0.48451051116
0.477815717459
0.47050884366
0.486798018217
0.464769303799
0.482725292444
0.465203553438
0.461761325598
0.46450561285
0.455661207438
0.463791370392
0.461091190577
0.455580711365
0.456146508455
0.443232864141
0.456508457661
0.449796676636
0.448205143213
0.479619592428
0.444214344025
0.439281135798
0.462839782238
0.446746081114
0.462874770164
0.421847969294
0.44147542119
0.443734765053
0.453121423721
0.45508530736
0.449181050062
0.421021580696
0.429422855377
0.443984568119
0.428778201342
0.420835107565
0.44028237462
0.432975053787
0.417020589113
0.428747445345
0.427909970284
0.420043170452
0.430435925722
0.426491945982
0.438685357571
0.422475725412
0.43791782856
0.420490056276
0.430691719055
0.434777468443
0.421984165907
0.422229260206
0.409886926413
0.415778815746
0.42477491498
0.417305022478
0.410377502441
0.407390356064
0.415677428246
0.415866225958
0.392834186554
0.420365571976
0.405669659376
0.413805603981
0.404657363892
0.399207472801
0.398111075163
0.396977692842
0.428888946772
0.405871361494
0.403706550598
0.40513369441
0.384719133377
0.404856771231
0.415758758783
0.405841946602
0.398715257645
0.409597039223
0.391060739756
0.408428102732
0.41450804472
0.401140838861
0.400649279356
0.393250256777
0.394612461329
0.381679445505
0.398936569691
0.407991319895
0.394458591938
0.389439344406
0.405227810144
0.391369998455
0.416051864624
0.390506953001
0.401566296816
0.374981999397
0.387015938759
0.389967620373
0.394466817379
0.395318686962
0.382671147585
0.409268736839
0.39086407423
0.380319386721
0.378705441952
0.390662401915
0.373879224062
0.394144684076
0.385684430599
0.389127224684
0.388327240944
0.392850846052
0.402293235064
0.386689990759
0.367899149656
0.37484818697
0.383552998304
0.38618594408
0.376669645309
0.387418270111
0.380529254675
0.393635928631
0.383957087994
0.380352854729
0.359639644623
0.378741592169
0.38274204731
0.375055223703
0.393887788057
0.373940765858
0.387791395187
0.370489507914
0.384722948074
0.356356650591
0.371145159006
0.362462699413
0.36599612236
0.379810720682
0.383730530739
0.375331789255
0.365804225206
