0.684642374516
0.684732794762
0.681465923786
0.681901633739
0.679174602032
0.675536215305
0.673352956772
0.672905087471
0.667644619942
0.664461970329
0.660468101501
0.662398993969
0.66102296114
0.654119431973
0.651648521423
0.651887714863
0.643233060837
0.650041997433
0.645591378212
0.649610340595
0.641791760921
0.642225265503
0.638191461563
0.642374038696
0.6430362463
0.625108599663
0.637715399265
0.624592721462
0.629392504692
0.630805134773
0.627529740334
0.631868243217
0.627524316311
0.620957672596
0.623115897179
0.615557610989
0.628069996834
0.611822605133
0.614968001842
0.619016706944
0.617102444172
0.61509335041
0.608560979366
0.606873691082
0.607119143009
0.610363781452
0.612889051437
0.597958743572
0.610124230385
0.603520810604
0.601200282574
0.605469048023
0.610033392906
0.597121834755
0.587062835693
0.583204984665
0.598334670067
0.597423970699
0.583554983139
0.594404518604
0.574286520481
0.578050136566
0.575864315033
0.576504588127
0.57220184803
0.578746855259
0.573878645897
0.571530103683
0.559408724308
0.575556874275
0.571775794029
0.568903744221
0.555945336819
0.569474995136
0.567888557911
0.554983139038
0.536060929298
0.556537151337
0.564681768417
0.538161695004
0.572337031364
0.55195325613
0.555794715881
0.540273606777
0.551599740982
0.533627390862
0.536955237389
0.539946377277
0.530432224274
0.52221262455
0.497008353472
0.523624777794
0.526017844677
0.51324057579
0.526102185249
0.53851044178
0.478513032198
0.500446140766
0.514872312546
0.501147031784
0.486353307962
0.503905534744
0.499638020992
0.490312218666
0.505348324776
0.480406165123
0.51776766777
0.492294728756
0.497543275356
0.46870547533
0.496142327785
0.487374424934
0.486279010773
0.502495467663
0.473697632551
0.495539367199
0.477072626352
0.486167103052
0.491434395313
0.497656404972
0.470018923283
0.473365962505
0.463919937611
0.480977833271
0.466193288565
0.45229229331
0.463827967644
0.48218613863
0.452307552099
0.452633172274
0.452668637037
0.460043847561
0.458506077528
0.461781710386
0.455038577318
0.44201990962
0.455071538687
0.482825487852
0.42674612999
0.474994152784
0.465526968241
0.447520524263
0.426137447357
0.470864593983
0.460054785013
0.415182262659
0.456924021244
0.447182893753
0.429682075977
0.406480818987
0.419009745121
0.444762021303
0.408663094044
0.425315707922
0.413604944944
0.416678488255
0.433794826269
0.423149257898
0.41095033288
0.43457120657
0.409453302622
0.431297272444
0.409207373857
0.424009889364
0.415522366762
0.413370639086
0.401483416557
0.394534498453
0.391233831644
0.404546558857
0.451197594404
0.391610592604
0.396894425154
0.402040928602
0.413768589497
0.415689826012
0.414568334818
0.368076205254
0.405841290951
0.398129880428
0.39372998476
0.37626773119
0.398251861334
0.389642298222
0.375402569771
0.389381378889
0.381356656551
0.410561412573
0.406881153584
0.383449673653
0.398341059685
0.393762797117
0.425374805927
0.392369925976
0.345649451017
0.410789459944
0.398794531822
0.369911134243
0.382984220982
0.368982315063
0.441918283701
0.381966501474
0.395375102758
0.372809201479
0.376362085342
0.392047345638
0.380061745644
0.364483684301
0.321478188038
0.389165252447
0.378038316965
0.376502990723
0.390026062727
0.374894946814
0.330744147301
0.380283862352
0.398189514875
0.361712008715
0.384307593107
0.337416797876
0.355828940868
0.400175213814
0.334747046232
0.36190122366
0.333208084106
0.351413339376
0.365750014782
0.333180874586
0.359832406044
0.320383220911
0.331535279751
0.350218683481
0.318279236555
0.341974794865
0.345318078995
0.312570631504
0.342102020979
0.339727759361
0.331295967102
0.345385104418
0.309912085533
0.340652048588
0.331864148378
0.307904332876
0.339055478573
0.322097599506
0.383120238781
0.325171917677
0.375582396984
0.334230959415
0.312020540237
0.350858211517
0.318074345589
0.291676938534
0.341513574123
0.342061311007
0.307441055775
0.363668084145
0.351790934801
0.409785121679
0.367068141699
0.298528164625
0.334031075239
0.304183363914
0.328386753798
0.295879483223
0.357289224863
0.286663681269
0.315109848976
0.321073234081
0.310539722443
0.302358835936
0.311254829168
0.307218194008
0.299908638
0.317427396774
0.293954402208
0.327201038599
0.277340978384
0.287726432085
0.271633923054
0.31300342083
0.310284674168
0.283500790596
0.286750286818
0.260647445917
0.282505244017
0.274336725473
0.351774930954
0.260981142521
0.318295329809
0.3093521595
0.276917785406
0.287064880133
0.296041280031
0.25464630127
0.304709643126
0.25218296051
0.288204491138
0.26196539402
0.277147144079
0.251341670752
0.250040173531
0.299925833941
0.317852199078
0.31055226922
0.321781367064
0.257240086794
0.306879520416
0.32432359457
0.251953959465
0.281094074249
0.29907682538
0.323478072882
0.343896597624
0.30803874135
0.283555328846
0.317032814026
0.32404345274
0.304433077574
0.276470303535
0.286265581846
0.286703020334
0.296082764864
0.262411832809
0.259125471115
0.283945649862
0.256775915623
0.291157662868
0.284968018532
0.295098662376
0.300505131483
0.27912285924
0.279651224613
0.239079222083
0.278182953596
0.244942560792
0.263735622168
0.247206509113
0.282081186771
0.243657663465
0.265165388584
0.270939081907
0.256992220879
0.266712069511
0.2626504004
0.275249838829
0.257002204657
0.296812146902
0.177608206868
0.23480540514
0.253601610661
0.293436229229
0.244200512767
0.256281673908
0.282673954964
0.295862883329
0.267543137074
0.237273588777
0.227800995111
0.290354967117
0.228054016829
0.245939567685
0.262734502554
0.287192076445
0.226684242487
0.240532532334
0.27367657423
0.221467852592
0.240212082863
0.236291691661
0.206633836031
0.267193764448
0.244124978781
0.252865046263
0.223813652992
0.267210304737
0.254891216755
0.229520663619
0.235952213407
0.211267337203
0.225783988833
0.219811737537
0.196332231164
0.235172182322
0.267617702484
0.264744341373
0.26500338316
0.278676599264
0.21991956234
0.246521309018
0.222871765494
0.209303319454
0.206122234464
0.235649883747
0.208108633757
0.261584192514
0.202702537179
0.217285007238
0.22679027915
0.263542145491
0.268700510263
0.280119121075
0.197084158659
0.247054755688
0.234069317579
0.230555459857
0.174862518907
0.21993008256
0.20278185606
0.22055016458
0.253968536854
0.271946966648
0.195669874549
0.207347482443
0.229036152363
0.241238892078
0.246623545885
0.224481344223
0.23205499351
0.258002102375
0.19907271862
0.189604118466
0.236434727907
0.245181068778
0.204578563571
0.223333314061
0.20538443327
0.221448928118
0.24969266355
0.203104823828
0.24970524013
0.213649198413
0.232478484511
0.219621688128
0.18728774786
0.188210889697
0.245459258556
0.207612112164
0.170119777322
0.188360869884
0.238183036447
0.200425028801
0.178104922175
0.290914207697
0.222907915711
0.194247543812
0.193393111229
0.203751593828
0.188013806939
0.257020264864
0.204797640443
0.243530198932
0.224516540766
0.18331129849
0.199494376779
0.189740270376
0.22039026022
0.212481677532
0.212174057961
0.19667892158
0.215430244803
0.19605986774
0.223467111588
0.206845209002
0.209460020065
0.20013473928
0.212811425328
0.173092618585
0.204958349466
0.185294494033
0.18737514317
0.196104511619
0.242657184601
0.223780289292
0.234307855368
0.206284165382
0.180088922381
0.20910744369
0.16238874197
0.226675421
0.165783584118
0.235765635967
0.24997612834
0.162004753947
0.137848332524
0.227134644985
0.225305438042
0.183368816972
0.229690387845
0.238902941346
0.187095269561
0.19850255549
0.188348725438
0.179001167417
0.17432500422
0.185758009553
0.233857557178
0.201417803764
0.205781146884
0.151335448027
0.166718274355
0.212435558438
0.236282482743
0.211690351367
0.205792576075
0.158360406756
0.290625929832
0.204264417291
0.219198852777
0.204434484243
0.181538254023
0.196690887213
0.213428944349
0.186746120453
0.179510980844
0.200346678495
0.211652219296
0.19669778645
0.18221744895
0.197863996029
0.202992543578
0.218418449163
0.190278068185
0.146394625306
0.18690931797
0.18777936697
0.170669555664
0.177904710174
0.15867780149
0.190168276429
0.205915138125
0.253276318312
0.190913230181
0.216367319226
0.232600808144
0.142538949847
0.191887453198
0.153247818351
0.199543327093
0.201497197151
0.235211983323
0.194460093975
0.162200689316
0.172859102488
0.158779144287
0.179318770766
0.196221992373
0.175193622708
0.188340514898
0.200241968036
0.153945416212
0.120623134077
0.184532552958
0.193285554647
0.179453834891
0.126686066389
0.182220891118
0.18118904531
0.195743486285
0.140626937151
0.159278124571
0.173013657331
0.166763305664
0.194328919053
0.149802729487
0.157631844282
0.194204509258
0.192043766379
0.1663710922
0.175317794085
0.19837847352
0.1569917202
0.15256293118
0.132044196129
0.182784333825
0.188424527645
0.25251352787
0.209093049169
0.197516649961
0.153025150299
0.204964861274
0.179191052914
0.155912578106
0.163700610399
0.21554595232
0.184045881033
0.21868377924
0.218649342656
0.126212894917
0.181034386158
0.186202332377
0.184810578823
0.169473528862
0.157982602715
0.183165818453
0.129120901227
0.156661823392
0.134292989969
0.152554780245
0.148811802268
0.182825624943
0.188270270824
0.16691082716
0.168991908431
0.151302531362
0.166071861982
0.154753118753
0.229445010424
0.167189106345
0.16013006866
0.20859272778
0.121825188398
0.179557442665
0.213441431522
0.182731762528
0.18345323205
0.207415312529
0.133645087481
0.137512817979
0.13400927186
0.175783321261
0.134313687682
0.152657791972
0.196200549603
0.133135527372
0.154701218009
0.137980312109
0.198382422328
0.139632046223
0.179772749543
0.146901413798
0.178687900305
0.155836597085
0.163485720754
0.147620096803
0.182812318206
0.215556785464
0.150971710682
0.205352544785
0.199623078108
0.168354392052
0.169446691871
0.167609840631
0.12668813765
0.196262940764
0.149782344699
0.162652030587
0.171563178301
0.109516531229
0.170919314027
0.130190014839
0.148068726063
0.134411334991
0.141139954329
0.147600010037
0.193324416876
0.191826403141
0.129476517439
0.210795477033
0.194001734257
0.154716983438
0.130950286984
0.211277633905
0.142234802246
0.159674093127
0.123261503875
0.14378066361
0.134357005358
0.235563665628
0.148743823171
0.173377931118
0.209186196327
0.197146400809
0.175748065114
0.19741012156
0.173845678568
0.179610073566
0.222995430231
0.186126247048
0.121984228492
0.115113250911
0.182271033525
0.141225382686
0.151825040579
0.172553181648
0.188197806478
0.207344785333
0.134394392371
0.16419929266
0.15180580318
0.135301053524
0.15761192143
0.191099569201
0.160942256451
0.114395268261
0.120552651584
0.158473238349
0.171353727579
0.124526046216
0.143711820245
0.170842498541
0.175327062607
0.114071153104
0.159908652306
0.18039740622
0.154619723558
0.125199109316
0.155357956886
0.150801926851
0.1178714782
0.190762594342
0.105090163648
0.109853446484
0.151812955737
0.136153399944
0.113378286362
0.144374236465
0.102969042957
0.124839380383
0.18958991766
0.186206653714
0.178168937564
0.151651352644
0.126178845763
0.151887774467
0.139287561178
0.133413627744
0.157690137625
0.144198194146
0.128879219294
0.228957250714
0.218393757939
0.184548035264
0.138199090958
0.122504897416
0.13923971355
0.168328151107
0.145918861032
0.149049222469
0.188619226217
0.182440415025
0.170873329043
0.14070802927
0.126580312848
0.151215061545
0.153964668512
0.167535677552
0.122275441885
0.224496930838
0.128903329372
0.180319562554
0.138410463929
0.129988104105
0.201814591885
0.146810352802
0.177861839533
0.13213956356
0.167719647288
0.141620799899
0.101066015661
0.140041664243
0.123067475855
0.138461530209
0.141745731235
0.1226862818
0.16032384336
0.193056002259
0.116676524282
0.180972620845
0.178687229753
0.173433795571
0.190837398171
0.114237613976
0.174358293414
0.228632375598
0.222498849034
0.142219156027
0.130237743258
0.165029391646
0.218681842089
0.182128846645
0.113912537694
0.148551270366
0.125848710537
0.166065439582
0.146485477686
0.150124207139
0.161895781755
0.180047810078
0.0899895727634
0.137212470174
0.119837082922
0.126896485686
0.106910340488
0.137536510825
0.0805419459939
0.182475537062
0.142347082496
0.153332903981
0.150205776095
0.0978756099939
0.172657683492
0.128878295422
0.143469542265
0.139192566276
0.119528234005
0.0979680866003
0.152032822371
0.14041480422
0.238611280918
0.177768021822
0.165521785617
0.140320107341
0.0975724831223
0.169673755765
0.156170129776
0.120539538562
0.114342845976
0.114219330251
0.120257288218
0.1303422153
0.162238553166
0.162266507745
0.110595285892
0.114683866501
0.208660706878
0.116578966379
0.123502716422
0.13421972096
0.13469402492
0.0966053456068
0.132387638092
0.201211616397
0.0975945293903
0.152287587523
0.156826540828
0.146674662828
0.168628752232
0.106012016535
0.189645975828
0.107929974794
0.126844838262
0.166916593909
0.228122189641
0.138278856874
0.14073574543
0.136081010103
0.138610109687
0.184769228101
0.186679080129
0.118823997676
0.153123751283
0.167427793145
0.148852869868
0.139783874154
0.148025125265
0.135960638523
0.19903947413
0.122021913528
0.177292451262
0.171798855066
0.0818247422576
0.111545726657
0.128581166267
0.133310437202
0.16475199163
0.14841145277
0.129244223237
0.13312998414
0.174411416054
0.128055989742
0.187713697553
0.167393550277
0.160591334105
0.12517991662
0.108314938843
0.159648343921
0.156923398376
0.123271517456
0.145410761237
0.170939475298
0.147762730718
0.114052370191
0.114197790623
0.117977932096
0.143607586622
0.106040909886
0.150783151388
0.149041682482
0.0900637358427
0.105852738023
0.0861984193325
0.130217134953
0.0961714610457
0.128653421998
0.173099040985
0.166160181165
0.121449418366
0.127095580101
0.127418711782
0.108068235219
0.144637316465
0.133487388492
0.116744615138
0.0842120274901
0.130535557866
0.120957963169
0.119936212897
0.124808207154
0.148075014353
0.0969075188041
0.0908781290054
0.18571716547
0.147696405649
0.0995430797338
0.13353946805
0.129421398044
0.111512623727
0.131293520331
0.140817299485
0.144546613097
0.144368052483
0.159238502383
0.116299644113
0.15532399714
0.171824038029
0.111853435636
0.127195879817
0.172785535455
0.0980372950435
0.126280680299
0.147390127182
0.110626831651
0.141105040908
0.172911390662
0.120056912303
0.154651433229
0.154038503766
0.117430970073
0.138715356588
0.127719983459
0.122919425368
0.127617686987
0.117576025426
0.199266329408
0.132746577263
0.100625060499
0.139763638377
0.114670030773
0.108898982406
0.137786075473
0.133231699467
0.180209085345
0.129274919629
0.0823917761445
0.0858761295676
0.124854661524
0.130177304149
0.0951562300324
0.095675714314
0.142589181662
0.141954019666
0.104187615216
0.129385009408
0.147466629744
0.183200582862
0.0977234467864
0.105097860098
0.106398500502
0.115619875491
0.135529413819
0.135887354612
0.142668575048
0.13570548594
0.131623014808
0.109093561769
0.14706236124
0.0855021029711
0.12050461024
0.131892189384
0.126853242517
0.101137541234
0.123547561467
0.117726191878
0.165426954627
0.167279392481
0.112619951367
0.126119345427
0.144134119153
0.109233595431
0.11370973289
0.214680969715
0.129152625799
0.128391802311
0.143798023462
0.105107612908
0.108837999403
0.0817657932639
0.122846081853
