0.791218876839
0.741562187672
0.780372262001
0.771597206593
0.759035825729
0.826006531715
0.791068017483
0.798374831676
0.728945612907
0.873369932175
0.740976274014
0.788149774075
0.77207493782
0.835331022739
0.75404471159
0.794617116451
0.726913750172
0.715373396873
0.845105588436
0.789597809315
0.738534927368
0.813694357872
0.767732620239
0.780907034874
0.737816929817
0.799701571465
0.79282861948
0.785106956959
0.808323979378
0.736198842525
0.792200148106
0.776033997536
0.799802899361
0.745679974556
0.737845242023
0.732431411743
0.807592332363
0.732890307903
0.741779029369
0.78473085165
0.789819061756
0.79595208168
0.834344625473
0.757211983204
0.809822201729
0.715342760086
0.778056383133
0.716840028763
0.736037254333
0.781144917011
