0.497560977936
0.531707346439
0.47804877162
0.482926815748
0.443902432919
0.482926815748
0.468292683363
0.512195110321
0.536585390568
0.473170727491
0.517073154449
0.47804877162
0.468292683363
0.517073154449
0.492682933807
0.531707346439
0.497560977936
0.492682933807
0.448780477047
0.497560977936
0.517073154449
0.492682933807
0.468292683363
0.487804889679
0.521951198578
0.556097567081
0.502439022064
0.580487787724
0.497560977936
0.531707346439
0.526829242706
0.473170727491
0.526829242706
0.526829242706
0.512195110321
0.541463434696
0.526829242706
0.531707346439
0.526829242706
0.526829242706
0.565853655338
0.517073154449
0.521951198578
0.541463434696
0.453658550978
0.556097567081
0.56097561121
0.487804889679
0.531707346439
0.556097567081
