0.999953687191
0.943318724632
0.887811601162
0.851058900356
0.832593083382
0.767835319042
0.749340772629
0.755172848701
0.714254975319
0.728762567043
0.709530770779
0.676442444324
0.688626468182
0.66261613369
0.659716367722
0.650653958321
0.626678466797
0.640926063061
0.614404916763
0.630375564098
0.608581185341
0.593458712101
0.622791528702
0.603680074215
0.599787056446
0.593693554401
0.605110645294
0.579099178314
0.586600244045
0.583882927895
0.592457890511
0.567240595818
0.592639803886
0.575172126293
0.558120369911
0.576709985733
0.567974627018
0.560490071774
0.573984742165
0.564312458038
0.51055175066
0.562289595604
0.554650604725
0.560625016689
0.532477974892
0.521120548248
0.535412669182
0.547634601593
0.550203084946
0.551876544952
0.538434565067
0.505093455315
0.528987109661
0.528429090977
0.541610717773
0.504224717617
0.510312914848
0.534133791924
0.510615825653
0.527739465237
0.521995782852
0.510107278824
0.538642346859
0.532638728619
0.553522348404
0.509318768978
0.533001184464
0.521462023258
0.503378272057
0.506122887135
0.476225763559
0.513055741787
0.509709000587
0.477668434381
0.523832976818
0.518457174301
0.497691690922
0.52304905653
0.51887011528
0.490890562534
0.507372975349
0.492853403091
0.486239761114
0.474739670753
0.546476244926
0.475096166134
0.501743137836
0.488306134939
0.485013127327
0.503378391266
0.463900536299
0.535533607006
0.507557034492
0.50213432312
0.490804314613
0.482112318277
0.514453828335
0.481879234314
0.485496252775
0.482077896595
0.502737045288
0.479808598757
0.531339466572
0.479743897915
0.492960035801
0.46622094512
0.4676605165
0.46935454011
0.488186240196
0.463039457798
0.446757793427
0.457261770964
0.451824843884
0.482778996229
0.486853986979
0.465091526508
0.456822961569
0.457527428865
0.451158851385
0.439003705978
0.481394201517
0.474464595318
0.456413447857
0.43648904562
0.456365704536
0.44623696804
0.441812872887
0.410223245621
0.510003745556
0.424359500408
0.450670152903
0.447632431984
0.474286258221
0.469034254551
0.457004666328
0.468407094479
0.459466427565
0.411967545748
0.403926789761
0.471198678017
0.445157796144
0.435699522495
0.43277156353
0.430649399757
0.400130420923
0.415281951427
0.439610391855
0.457710534334
0.419143527746
0.459116369486
0.462247312069
0.394565075636
0.429175168276
0.413512974977
0.427033782005
0.401966810226
0.424919754267
0.432207733393
0.416290432215
0.414525091648
0.407827347517
0.446983903646
0.417100220919
0.413440495729
0.393338084221
0.443376123905
0.422783076763
0.412105739117
0.427439421415
0.441187113523
0.420411556959
0.482443004847
0.418067216873
0.38905826211
0.393980890512
0.416191846132
0.397593319416
0.428478330374
0.412362903357
0.377614527941
0.426932275295
0.404365837574
0.411464631557
0.409877151251
0.444758892059
0.383799493313
0.382946789265
0.44390386343
0.388853013515
0.408375799656
0.40079754591
0.364455074072
0.40854409337
0.407566279173
0.37749761343
0.392126530409
0.391953468323
0.414884388447
0.423587173223
0.411953508854
0.412764191628
0.381242781878
0.385330706835
0.358232885599
0.397991269827
0.389527112246
0.429882228374
0.430889755487
0.382891505957
0.430045813322
0.373642027378
0.395917356014
0.355410844088
0.398709177971
0.371552765369
0.367877751589
0.409516334534
0.334003806114
0.376376748085
0.425509631634
0.356748700142
0.401814460754
0.398277014494
0.393561601639
0.349791169167
0.326541483402
0.343856155872
0.380167007446
0.403685718775
0.384717911482
0.344641268253
0.424802452326
0.361462146044
0.356430828571
0.384730488062
0.355033397675
0.346121698618
0.325128555298
0.358348876238
0.348706126213
0.364694207907
0.364224940538
0.40377369523
0.350408554077
0.337721973658
0.405160218477
0.345504969358
0.381206840277
0.348511606455
0.351076334715
0.341314703226
0.369832962751
0.364821881056
0.327968269587
0.30970582366
0.33668628335
0.34948015213
0.370991706848
0.354697585106
0.362113028765
0.369063079357
0.337005674839
0.356722801924
0.34202092886
0.371608972549
0.350198507309
0.381922513247
0.387253254652
0.277086019516
0.357822984457
0.3641063869
0.361377447844
0.387481331825
0.329682469368
0.346140384674
0.362777709961
0.301889628172
0.297380298376
0.284671455622
0.360197335482
0.306201010942
0.332233697176
0.342955201864
0.327311187983
0.374717742205
0.322543174028
0.3093059659
0.328722327948
0.328286290169
0.295365989208
0.328153282404
0.338059276342
0.324579834938
0.308286637068
0.315280526876
0.338005632162
0.328106343746
0.347647994757
0.315961062908
0.33328384161
0.324675947428
0.313264340162
0.297167032957
0.390593677759
0.35320726037
0.334503471851
0.319455265999
0.323387354612
0.27791544795
0.363056063652
0.38712733984
0.328319489956
0.308171153069
0.332774430513
0.307752728462
0.314207434654
0.336261332035
0.368148744106
0.270145595074
0.297725200653
0.283671349287
0.368349075317
0.299516350031
0.341318070889
0.307121902704
0.307529181242
0.285618931055
0.359135687351
0.31883123517
0.328680634499
0.345039308071
0.307960063219
0.349215775728
0.310561329126
0.396708577871
0.294176131487
0.30741879344
0.329712569714
0.33884626627
0.274828910828
0.283046364784
0.2942070961
0.354466438293
0.314270973206
0.339421927929
0.30811265111
0.291718840599
0.307404667139
0.354185342789
0.290880292654
0.364562183619
0.314525187016
0.283198326826
0.292726248503
0.270040810108
0.286816447973
0.315679550171
0.292012214661
0.284018456936
0.273126661777
0.309972971678
0.2978720963
0.271631389856
0.309868961573
0.299544990063
0.310791939497
0.324184685946
0.280006438494
0.290665686131
0.264870882034
0.281263917685
0.322295367718
0.339934945107
0.299862414598
0.290585845709
0.307635009289
0.259686678648
0.27922347188
0.306045860052
0.283591330051
0.35683709383
0.302735894918
0.272992521524
0.26445877552
0.354089140892
0.294160097837
0.266639977694
0.330785274506
0.337435007095
0.247085422277
0.348831921816
0.285643458366
0.339701503515
0.276014775038
0.241868659854
0.30542036891
0.297307908535
0.295998185873
0.293131530285
0.23724296689
0.257168531418
0.262957543135
0.30646032095
0.337207466364
0.258923888206
0.271438330412
0.296196103096
0.320133417845
0.223856702447
0.378035992384
0.273546218872
0.275785386562
0.293945521116
0.280152261257
0.259212732315
0.297221779823
0.284987598658
0.326689779758
0.279419779778
0.270628005266
0.307427555323
0.298280417919
0.235513284802
0.25438067317
0.250037848949
0.278643280268
0.277157455683
0.268825232983
0.259482085705
0.26991596818
0.300316661596
0.264679074287
0.257335305214
0.269984662533
0.244216918945
0.277897208929
0.273330569267
0.261098653078
0.277591913939
0.322340726852
0.308133721352
0.301047861576
0.299989789724
0.285467147827
0.269758284092
0.283223122358
0.283928781748
0.314910084009
0.265481054783
0.317769706249
0.227219223976
0.288365662098
0.301370680332
0.305034160614
0.291794091463
0.258733034134
0.297883331776
0.296734750271
0.267092734575
0.253882586956
0.257957369089
0.281823426485
0.226026967168
0.316430211067
0.280195891857
0.24059343338
0.266567021608
0.279368728399
0.21206523478
0.238895624876
0.283667713404
0.31470516324
0.219608291984
0.300580322742
0.236955702305
0.289209246635
0.239645689726
0.198306277394
0.249951437116
0.26312071085
0.292451828718
0.242998078465
0.301379829645
0.263315409422
0.267460823059
0.246405363083
0.304797291756
0.191142126918
0.314022749662
0.286548942327
0.28451064229
0.258438229561
0.239995852113
0.267949461937
0.27651026845
0.300753623247
0.250208348036
0.272526562214
0.234799236059
0.26904040575
0.29132899642
0.267428040504
0.284859508276
0.265906780958
0.251512527466
0.24503543973
0.278632760048
0.27131280303
0.261945694685
0.218486472964
0.27545529604
0.225242212415
0.221585154533
0.281782060862
0.256563335657
0.277449518442
0.27023229003
0.231924146414
0.255355387926
0.262895971537
0.231595903635
0.267746686935
0.353478848934
0.209562063217
0.253423571587
0.276832103729
0.30087146163
0.237829819322
0.252384245396
0.217339903116
0.214921101928
0.236691445112
0.260990560055
0.222434595227
0.271744340658
0.226339235902
0.25848543644
0.258035689592
0.230141460896
0.263974845409
0.296525746584
0.289006978273
0.264776796103
0.297977477312
0.245571523905
0.271778404713
0.25721937418
0.193276301026
0.210335686803
0.278982698917
0.230380356312
0.26647233963
0.280312389135
0.258882433176
0.241448372602
0.219493165612
0.271927595139
0.27065756917
0.167925134301
0.231019839644
0.250777304173
0.218946889043
0.297708511353
0.299582362175
0.25181260705
0.228731289506
0.251580446959
0.263706117868
0.221225634217
0.256264209747
0.234259963036
0.247356176376
0.245185151696
0.286239773035
0.254319697618
0.277874857187
0.242754936218
0.274995684624
0.271542161703
0.254801422358
0.257922559977
0.185526162386
0.233969941735
0.23437410593
0.211702525616
0.24673718214
0.206501364708
0.223195597529
0.212615907192
0.227529719472
0.257191479206
0.200345501304
0.268372148275
0.25804451108
0.25157931447
0.249218210578
0.289736419916
0.230332240462
0.197059541941
0.26488506794
0.229598999023
0.225837007165
0.197688087821
0.282453536987
0.308162510395
0.252138197422
0.220284253359
0.221504986286
0.266078084707
0.255669087172
0.228230267763
0.221396356821
0.31713539362
0.211596786976
0.258591890335
0.247928291559
0.20722040534
0.202884420753
0.185248494148
0.2195892483
0.210931971669
0.256867498159
0.229866430163
0.239470899105
0.249390304089
0.242889046669
0.19783782959
0.249188497663
0.22770370543
0.236578419805
0.26558560133
0.211026713252
0.273418158293
0.235974311829
0.198437988758
0.293225437403
0.243684649467
0.202539205551
0.18689084053
0.188386425376
0.219302609563
0.197706341743
0.233571350574
0.285092025995
0.219591349363
0.24828594923
0.208198904991
0.278518259525
0.231320783496
0.211120054126
0.252953827381
0.223583325744
0.275355279446
0.249282389879
0.203131005168
0.216133370996
0.225579679012
0.209124267101
0.240581795573
0.303230792284
0.308562904596
0.225113838911
0.206484019756
0.262747466564
0.18990136683
0.237917974591
0.18450447917
0.195733979344
0.23415517807
0.158009409904
0.153591021895
0.23534783721
0.255753576756
0.25607663393
0.184411764145
0.242842048407
0.236188039184
0.270807802677
0.296746075153
0.269638627768
0.223654523492
0.214315295219
0.272423446178
0.21406839788
0.290946692228
0.207801997662
0.182188153267
0.218854919076
0.266410022974
0.299384176731
0.211101144552
0.186583802104
0.262592613697
0.227027341723
0.232845976949
0.228323683143
0.278762459755
0.224634289742
0.225495755672
0.201750442386
0.234992951155
0.180748268962
0.197010472417
0.195294603705
0.246603429317
0.201583191752
0.230169117451
0.198912754655
0.208216741681
0.245238050818
0.24037848413
0.255349367857
0.238933995366
0.175370231271
0.197281062603
0.186640262604
0.225902423263
0.174508854747
0.241486728191
0.265396565199
0.197367593646
0.185855403543
0.15247900784
0.204014733434
0.189646229148
0.216961577535
0.300516963005
0.201246440411
0.239341959357
0.235772818327
0.179010421038
0.202575013041
0.209219589829
0.176586225629
0.201156064868
0.222303509712
0.187629625201
0.258657753468
0.189833775163
0.23010905087
0.231928899884
0.229206830263
0.176775187254
0.214629024267
0.162787169218
0.221199929714
0.181400001049
0.170009613037
0.190416619182
0.227146312594
0.220475375652
0.19455845654
0.239135444164
0.166669487953
0.225601732731
0.254758238792
0.204543143511
0.215332657099
0.206658303738
0.222039148211
0.231180027127
0.198710039258
0.233400896192
0.215960383415
0.208765506744
0.235257223248
0.206568717957
0.224956288934
0.215772390366
0.309989511967
0.203771978617
0.27425095439
0.245288565755
0.203412607312
0.202268093824
0.235089972615
0.207535341382
0.216747939587
0.221901074052
0.183170482516
0.226358726621
0.20365473628
0.173315212131
0.20141774416
0.211651876569
0.172782674432
0.260455667973
0.15980540216
0.224776342511
0.272579461336
0.226738154888
0.263241767883
0.192047268152
0.183296605945
0.184880957007
0.179992571473
0.205347120762
0.209616497159
0.232337027788
0.291137129068
0.210118994117
0.201779097319
0.197831913829
0.255575537682
0.178794488311
0.215016588569
0.166244208813
0.23741979897
0.222486585379
0.19997535646
0.177785888314
0.214998662472
0.241640001535
0.18834027648
0.182854145765
0.218826770782
0.207831412554
0.232291966677
0.235424935818
0.171735852957
0.263947278261
0.234509423375
0.192610099912
0.190668731928
0.17722441256
0.193599268794
0.169901907444
0.200609341264
0.245318308473
0.237768352032
0.193896785378
0.194059535861
0.232821419835
0.228922590613
0.226940616965
0.161715731025
0.19114819169
0.205313444138
0.241706848145
0.197171896696
0.153527215123
0.265339314938
0.190304681659
0.173474475741
0.224156543612
0.148934468627
0.237187340856
0.185643151402
0.213910773396
0.189273223281
0.225545153022
0.271649122238
0.213441058993
0.209944710135
0.183219671249
0.205358073115
0.202878162265
0.251355469227
0.190151154995
0.22128175199
0.181927099824
0.25626167655
0.210294619203
0.190725043416
0.212958782911
0.153827011585
0.216095298529
0.21663069725
0.201013401151
0.207371413708
0.218228340149
0.207941010594
0.168810456991
0.20089893043
0.248028248549
0.209221288562
0.179976969957
0.231619670987
0.174482956529
0.228206261992
0.247877702117
0.266870588064
0.167569115758
0.207833081484
0.194173052907
0.173921048641
0.236669361591
0.197165369987
0.249907925725
0.242926850915
0.201037630439
0.199425190687
0.198740214109
0.252595663071
0.217471644282
0.22412712872
0.225191056728
0.181829988956
0.161657959223
0.210320413113
0.215604424477
0.155172526836
0.189337432384
0.21176970005
0.185114562511
0.216900914907
0.235332563519
0.263693094254
0.186438441277
0.246940866113
0.172489106655
0.252661764622
0.189338698983
0.210129529238
0.166512161493
0.243733435869
0.166559174657
0.16776868701
0.178019151092
0.246121928096
0.180622830987
0.19399087131
0.236042827368
0.237134590745
0.224001556635
0.217725723982
0.197036489844
0.179005488753
0.211958691478
0.20213535428
0.262012541294
0.240342885256
0.186252906919
0.216599017382
0.22740958631
0.169899061322
0.222279623151
0.198102384806
0.159553676844
0.200036510825
0.234707951546
0.193374112248
0.184669315815
0.206604078412
0.176250994205
0.18636494875
0.165441393852
0.180608570576
0.203342452645
0.29631626606
0.173127263784
0.215901315212
0.136622056365
0.278068721294
0.149305120111
0.187717750669
0.210193052888
0.194961383939
0.192958548665
0.191915899515
0.181927233934
0.169192790985
0.147096246481
0.196118205786
0.225442156196
0.22714869678
0.164250031114
0.168400838971
0.222179502249
0.170960053802
0.200281277299
0.204889208078
0.187520474195
0.178799331188
0.244125291705
0.196980208158
0.194910556078
0.242189243436
0.1547755301
0.228039339185
0.187052801251
0.202519953251
0.196259737015
0.176117897034
0.19283439219
0.158809423447
0.197049707174
0.180582091212
0.137776836753
0.243206128478
0.257839530706
0.20522801578
0.170384287834
0.214038684964
0.21479447186
0.222329467535
0.227738916874
0.183748215437
0.162898555398
0.151296466589
0.247375383973
0.249460175633
0.201322123408
0.152066975832
0.20445753634
0.17101354897
0.230781376362
0.182170510292
0.19896684587
0.171308249235
0.201683744788
0.182840555906
0.179577872157
0.240958720446
0.205883264542
0.242044851184
0.252440601587
0.188630521297
0.200774520636
0.16166163981
0.178860917687
0.242827221751
0.174506515265
0.126668795943
0.15582972765
0.174865096807
0.168705672026
0.189863920212
0.182714805007
0.155484572053
0.210253685713
0.202401131392
0.209373101592
0.20004491508
0.237158730626
0.195899277925
0.200119197369
0.165559306741
0.202048927546
0.202258825302
0.218410134315
0.199449196458
0.151406407356
0.164492875338
0.143322259188
0.217175707221
0.175977304578
0.245733678341
0.162191733718
0.187492087483
0.175824761391
0.195356786251
0.130932763219
0.170017704368
0.159688785672
0.164110317826
0.256634473801
0.18914437294
0.121531032026
0.223945528269
0.2445063591
0.186890766025
0.176380291581
0.203794300556
0.176511883736
0.25372120738
0.195987030864
0.149592921138
0.161227479577
0.208568811417
0.211433961987
0.175413250923
0.23319773376
0.163826808333
0.201404780149
0.208090618253
0.216025084257
0.154323428869
0.192253023386
0.133855506778
0.191115111113
0.189988479018
0.203763753176
0.188328385353
0.224669665098
0.201749414206
0.152612999082
0.157147571445
0.190124198794
0.193562760949
0.193128168583
0.182529360056
0.224342793226
0.156331166625
0.186098605394
0.183726131916
0.173449873924
0.196308612823
0.20015437901
0.23957516253
0.227684915066
0.133183553815
0.156036406755
0.172552287579
0.201044812799
0.220572024584
0.235275194049
0.177240431309
0.19005613029
0.147371992469
0.196991100907
0.175344929099
0.162316516042
0.20925873518
0.211225032806
0.184609532356
0.205588117242
0.162648901343
0.201708167791
0.200681999326
0.223079681396
0.156819045544
0.213852405548
0.170105442405
0.214459821582
0.15614631772
0.159127876163
0.150098651648
0.189009845257
0.172807455063
0.195595979691
0.176096022129
0.169508069754
0.278622061014
0.175696477294
0.225289836526
0.190092623234
0.179243400693
0.149808362126
0.203959986567
0.150641128421
0.191017538309
0.170229688287
0.234736725688
0.203982621431
0.218721151352
0.289998710155
0.122514210641
0.215752094984
0.202050730586
0.144440427423
0.193690806627
0.207133024931
0.187244564295
0.224166661501
0.176292672753
0.193569004536
0.181631296873
0.165754795074
0.175727248192
0.193896636367
0.143415406346
0.19178687036
0.204289168119
0.20780031383
0.17932471633
0.24113085866
0.176757901907
0.15881280601
0.20186509192
0.19933564961
0.214655473828
0.213497668505
0.217983096838
0.19326518476
0.17077472806
0.187209755182
0.214057072997
0.16589088738
0.195643648505
0.159689366817
0.219813257456
0.213676169515
0.13797518611
0.201726943254
0.100290045142
0.210051223636
0.164105728269
0.222997307777
0.237689137459
0.161713764071
0.181028038263
0.154478698969
0.137431532145
0.259857445955
0.23264580965
0.209194988012
0.131481081247
0.190047413111
0.199990510941
