0.696737647057
0.687038660049
0.68160033226
0.671080589294
0.657954156399
0.636607706547
0.625452458858
0.615199029446
0.60448127985
0.59024310112
0.569577455521
0.557789862156
0.553027331829
0.522640347481
0.504779279232
0.492398291826
0.474204957485
0.447081893682
0.430048584938
0.420732140541
0.396985113621
0.363314181566
0.347746998072
0.328171372414
0.33800047636
0.317538738251
0.397605121136
0.348224014044
0.312444239855
0.323240935802
0.310913741589
0.294119626284
0.314553618431
0.292447686195
0.302606523037
0.272056132555
0.287364929914
0.252846419811
0.277456849813
0.296340435743
0.286683440208
0.290370732546
0.256342768669
0.248272940516
0.254464745522
0.27353605628
0.261989474297
0.252228319645
0.253505080938
0.235732510686
0.300879389048
0.255701303482
0.228476151824
0.241874799132
0.221568927169
0.247665092349
0.235657125711
0.260915309191
0.229243949056
0.222729235888
0.199329093099
0.212485566735
0.2450042665
0.192413628101
0.213376536965
0.185315400362
0.208159327507
0.242781177163
0.199501037598
0.189436793327
0.253077656031
0.214609339833
0.19965274632
0.234806522727
0.257053494453
0.215845599771
0.195883154869
0.220859438181
0.190464347601
0.172566115856
0.179462939501
0.198974609375
0.233750909567
0.180665418506
0.189754202962
0.17983019352
0.189000979066
0.193228751421
0.176036328077
0.17570336163
0.165746793151
0.165367215872
0.177560538054
0.196630463004
0.18387670815
0.180661574006
0.215228497982
0.2257412076
0.150845885277
0.14513809979
0.195533454418
0.168325543404
0.185377508402
0.187122806907
0.142447978258
0.134085103869
0.176441192627
0.219764262438
0.178179487586
0.130359902978
0.184543848038
0.163467332721
0.191298514605
0.161805704236
0.134722009301
0.154894635081
0.150713011622
0.145032539964
0.16282735765
0.189053118229
0.156257122755
0.140412554145
0.149304330349
0.149655520916
0.176328077912
0.141841739416
0.197720468044
0.133088290691
0.119110867381
0.146911323071
0.163145646453
0.130177050829
0.164451122284
0.166327059269
0.140899598598
0.129760116339
0.144445508718
0.146466642618
0.146115198731
0.14911429584
0.181742370129
0.145630121231
0.122178316116
0.161303788424
0.20332364738
0.148866027594
0.131390064955
0.161768093705
0.125413760543
0.147433787584
0.124849945307
0.152339830995
0.170437961817
0.169849380851
0.126160934567
0.11089117825
0.129576906562
0.204604491591
0.13527494669
0.176457077265
0.145230308175
0.103572070599
0.11145786196
0.119416296482
0.129533365369
0.142856732011
0.118824638426
0.131570085883
0.130405128002
0.15206746757
0.106431134045
0.117655687034
0.121986828744
0.141300618649
0.153699308634
0.119491375983
0.106031045318
0.117014780641
0.10661457479
0.126214638352
0.104467198253
0.106276892126
0.099646911025
0.103597804904
0.0949208438396
0.115345276892
0.0978744328022
0.109311915934
0.0950970500708
0.120411962271
0.1313572824
0.116230472922
0.127930283546
0.0928997322917
0.103368863463
0.0946171209216
0.0938654094934
0.117240987718
0.124336846173
0.12162464112
0.118595615029
0.0888471826911
0.0858093798161
0.122584685683
0.08668281883
0.105605520308
0.0986828133464
0.093514457345
0.0942138507962
0.0940121263266
0.0959766879678
0.0860741138458
0.11092787236
0.128717631102
0.108700484037
0.102047376335
0.135437101126
0.0825538262725
0.0934265479445
0.0825516879559
0.0911947488785
0.132019266486
0.112772777677
0.117185503244
0.0771975144744
0.162395864725
0.0985464081168
0.102781847119
0.102927975357
0.0888967737556
0.0891337543726
0.0945683792233
0.097812704742
0.119420915842
0.113285012543
0.113723151386
0.125868678093
0.100801356137
0.100521698594
0.0995116606355
0.0941103994846
0.131929546595
0.13254134357
0.0887290015817
0.0881168916821
0.0944304019213
0.126495882869
0.132678970695
0.119356930256
0.112767733634
0.0940711200237
0.117766797543
0.148897126317
0.112356744707
0.102620966733
0.100160524249
0.0946462228894
0.0822817608714
0.108678117394
0.0934570133686
0.0902956500649
0.132101774216
0.108920492232
0.098819732666
0.0916350409389
0.104394882917
0.0850355923176
0.0918534696102
0.0901649296284
0.0700844675303
0.0752170756459
0.0726991593838
0.075263723731
0.0894409716129
0.0763076245785
0.107361115515
0.0770561695099
0.0848189219832
0.0771471038461
0.0893619284034
0.0760971084237
0.16076759994
0.0750560835004
0.0673218742013
0.0702439919114
0.0922644734383
0.0897728353739
0.130212903023
0.0676703825593
0.0908045917749
0.113667540252
0.0927488431334
0.0946358293295
0.0867171883583
0.112077444792
0.0739553570747
0.147764757276
0.0765391811728
0.0846391841769
0.131629735231
0.111683316529
0.095407679677
0.0939730554819
0.115120530128
0.119571201503
0.0895026251674
0.108861386776
0.0836643204093
0.0958188250661
0.0771736204624
0.0869365781546
0.0914185196161
0.0786304399371
0.131320625544
0.0982145518064
0.0732033997774
0.0892215445638
0.0730791911483
0.09720120579
0.0777208507061
0.108224652708
0.0757917240262
0.16295927763
0.0860356017947
0.0885840132833
0.0762392356992
0.0832887664437
0.123396009207
0.11425589025
0.0991247966886
0.173580169678
0.0660910233855
0.0676169544458
0.126533254981
0.0791026800871
0.11027020961
0.122110620141
0.0755054205656
0.0957128852606
0.0778915807605
0.086284711957
0.0801850035787
0.0936233997345
0.11708804965
0.0699368417263
0.0842146649957
0.110598966479
0.079685471952
0.100885845721
0.0829045251012
0.112663283944
0.0992365553975
0.0693818107247
0.105534493923
0.0847412645817
0.103139251471
0.0799722522497
0.0900624468923
0.0548028983176
0.0698662474751
0.103177458048
0.0527117699385
0.0710005387664
0.0816955119371
0.0872325450182
0.0679969936609
0.0855377539992
0.0996138527989
0.104782156646
0.0666350200772
0.0550139397383
0.062950797379
0.0852500721812
0.0725069791079
0.0815933570266
0.0796190053225
0.0752089992166
0.0848617553711
0.0793662965298
0.0557254962623
0.0812138319016
0.0537568852305
0.0532319433987
0.0679816901684
0.087993606925
0.116643704474
0.0822423622012
0.0539463050663
0.0652859136462
0.0912922397256
0.0518189035356
0.0533561520278
0.049905359745
0.0875587314367
0.0435378924012
0.0491763874888
0.0980756655335
0.0879060104489
0.0733562037349
0.0635005608201
0.0551246590912
0.0688333213329
0.0375823155046
0.0566004924476
0.0416081883013
0.0433877930045
0.0435924082994
0.036739513278
0.0519290789962
0.0434914268553
0.0368849560618
0.0427481681108
0.0511399060488
0.0392500162125
0.0456559434533
0.0739941745996
0.0807949379086
0.0354573130608
0.0518079251051
0.0373468324542
0.0495468825102
0.0540348626673
0.0569424703717
0.0557775720954
0.0548569187522
0.0382523983717
0.034294500947
0.0393958762288
0.0535489581525
0.0417616814375
0.0381559431553
0.0393036641181
0.0481688305736
0.0451367162168
0.0629355609417
0.086184695363
0.03687813133
0.040481582284
0.0335505008698
0.0693144351244
0.0483764596283
0.0390633009374
0.0295680258423
0.0400612466037
0.0354817323387
0.0343836210668
0.0408853664994
0.0394886359572
0.0298466123641
0.05716560781
0.059004958719
0.0585698746145
0.0478746369481
0.0412224456668
0.0396966598928
0.0363172851503
0.036006167531
0.0336790531874
0.0453737303615
0.0330702960491
0.0355473197997
0.0359204784036
0.104044623673
0.0708061605692
0.0732142776251
0.0581012181938
0.0494405217469
0.0414744317532
0.095804207027
0.0332511402667
0.030140331015
0.0413074567914
0.0560593269765
0.0310320872813
0.0792005211115
0.040970377624
0.0313505008817
0.0355953536928
0.028949605301
0.0347037687898
0.0264062657952
0.038276463747
0.0452069826424
0.0421738401055
0.0422479212284
0.0266080927104
0.0550482496619
0.0731883272529
0.0584652535617
0.033423922956
0.0231548771262
0.0334411635995
0.0274854935706
0.031354047358
0.0658499225974
0.0346720963717
0.0348586551845
0.0277301091701
0.0609077364206
0.0291453618556
