0.68650841713
0.700293540955
0.697714328766
0.68814688921
0.690120339394
0.683054983616
0.685812592506
0.685877382755
0.691893339157
0.681001842022
0.685761630535
0.688804388046
0.680253624916
0.684818923473
0.682073354721
0.678465485573
0.673653483391
0.680805325508
0.674186825752
0.683194696903
0.688831150532
0.67638862133
0.676470220089
0.669543921947
0.668303787708
0.68235629797
0.676061570644
0.6695946455
0.679876565933
0.67832505703
0.669000685215
0.66834962368
0.679861962795
0.67637270689
0.679383516312
0.671719491482
0.669020414352
0.682580411434
0.682722747326
0.680746853352
0.686005949974
0.679722905159
0.674106061459
0.669825136662
0.667527675629
0.674807786942
0.665463030338
0.674003362656
0.675874590874
0.67177271843
0.670256078243
0.658009231091
0.664019942284
0.662592172623
0.671868026257
0.659510493279
0.656040370464
0.661432862282
0.665279328823
0.672965049744
0.661782443523
0.658266961575
0.670531332493
0.647056818008
0.662928581238
0.668121695518
0.659093499184
0.673938155174
0.66554069519
0.658039689064
0.659835875034
0.649792790413
0.675034701824
0.660991191864
0.652100026608
0.660406947136
0.653411865234
0.655711948872
0.669190347195
0.673034667969
0.645350217819
0.665726959705
0.663972258568
0.640598475933
0.657032132149
0.667236208916
0.645169913769
0.652799129486
0.660857617855
0.629949808121
0.621743619442
0.63253390789
0.6548396945
0.656536281109
0.678291141987
0.663076460361
0.670269012451
0.649629831314
0.648989915848
0.670764029026
0.656335175037
0.638190746307
0.615961194038
0.657861471176
0.663589417934
0.665127038956
0.677318751812
0.658493697643
0.649041473866
0.657686114311
0.63340061903
0.650858640671
0.669115900993
0.667190790176
0.661963939667
0.643206417561
0.642076969147
0.650140225887
0.640704512596
0.656151890755
0.641283750534
0.638762176037
0.660323560238
0.636749267578
0.634691953659
0.628455936909
0.622258782387
0.652393519878
0.632941484451
0.640469312668
0.655336081982
0.646530866623
0.625870406628
0.673359334469
0.627379357815
0.659849882126
0.649718642235
0.638354182243
0.634244322777
0.625407576561
0.629051327705
0.672811686993
0.627498447895
0.64967995882
0.622911453247
0.632484555244
0.63130158186
0.633082091808
0.649707317352
0.636179685593
0.617561757565
0.654973566532
0.626091778278
0.658962786198
0.635155498981
0.620786488056
0.642848312855
0.630678355694
0.621501207352
0.640841305256
0.671253025532
0.635066628456
0.619842529297
0.641585171223
0.646958649158
0.63571947813
0.649252235889
0.647002875805
0.632053375244
0.631972312927
0.650281190872
0.626344799995
0.629435777664
0.652114868164
0.609587013721
0.61297917366
0.613609433174
0.623078465462
0.659204244614
0.620851159096
0.62259298563
0.615313053131
0.640832841396
0.64790558815
0.634780347347
0.617807984352
0.608270406723
0.617805242538
0.581205248833
0.631085216999
0.643565475941
0.613680124283
0.649551928043
0.621381163597
0.617864429951
0.649394512177
0.653074979782
0.625013947487
0.644890487194
0.648651361465
