0.693147242069
0.692515432835
0.692087769508
0.691183567047
0.690131902695
0.690096199512
0.688267111778
0.688031435013
0.684713900089
0.686168849468
0.68317848444
0.680235803127
0.676786243916
0.676341533661
0.674291968346
0.674030005932
0.669286727905
0.6678404212
0.665946722031
0.662163734436
0.664922654629
0.659835159779
0.655413746834
0.654374420643
0.649442732334
0.64343225956
0.646717071533
0.638905882835
0.634416103363
0.633512556553
0.628499090672
0.62656635046
0.623663604259
0.622168660164
0.610718667507
0.612515687943
0.613837242126
0.606014549732
0.59638518095
0.595606982708
0.587367236614
0.584721684456
0.571780443192
0.567387402058
0.569749355316
0.566355288029
0.552928328514
0.54593962431
0.544420063496
0.538647294044
0.53561270237
0.529956400394
0.523531973362
0.519696116447
0.497011095285
0.493208825588
0.487292170525
0.484962046146
0.476105779409
0.484006434679
0.48583739996
0.467318862677
0.475052237511
0.458400666714
0.460419595242
0.431021124125
0.441873639822
0.425873696804
0.429934024811
0.40992602706
0.425517171621
0.41637468338
0.411496013403
0.384826630354
0.387855499983
0.392507970333
0.380402356386
0.373799681664
0.370724290609
0.3697655797
0.369675695896
0.362166911364
0.350623965263
0.359737277031
0.361283361912
0.348882317543
0.358162045479
0.336828529835
0.351967424154
0.342054277658
0.324684292078
0.346279621124
0.331665188074
0.31923276186
0.331047922373
0.317400068045
0.329319089651
0.324430286884
0.298309057951
0.315888673067
0.307995468378
0.305610090494
0.297388374805
0.304393857718
0.29864153266
0.291651189327
0.309967547655
0.298017412424
0.291825950146
0.280390709639
0.290528833866
0.272177994251
0.29293435812
0.304106414318
0.285983622074
0.284726887941
0.276669174433
0.290260106325
0.298376590014
0.299675166607
0.281679183245
0.292390435934
0.279565274715
0.273196518421
0.26749008894
0.266540050507
0.281427234411
0.275907576084
0.283100754023
0.283540129662
0.282865822315
0.267340153456
0.288557648659
0.265547037125
0.262609779835
0.308199733496
0.283529788256
0.25135910511
0.26250064373
0.253447562456
0.277025222778
0.248327940702
0.254534751177
0.264464616776
0.257707804441
0.261401951313
0.26411613822
0.253435075283
0.23728980124
0.257227927446
0.236795336008
0.247537195683
0.271168321371
0.227103590965
0.245837271214
0.240151673555
0.239694699645
0.244369149208
0.2442830652
0.239082098007
0.243972167373
0.245934158564
0.229957506061
0.276190042496
0.23548732698
0.237040296197
0.242169559002
0.233220770955
0.235850408673
0.242170646787
0.226275861263
0.243286952376
0.244732603431
0.22961217165
0.226205855608
0.243080213666
0.223545461893
0.226916879416
0.235734298825
0.219884589314
0.220002114773
0.233988493681
0.234459072351
0.232764616609
0.225595787168
0.226975485682
0.216029733419
0.222912833095
0.22475156188
0.224967703223
0.214655548334
0.22571207583
0.231679037213
0.243555754423
0.235514089465
0.220773383975
0.247034922242
0.231595441699
0.21353071928
0.215996339917
0.213679745793
0.222323849797
0.219135656953
0.22684545815
0.241541013122
0.218843072653
0.220571428537
0.209208488464
0.207630962133
0.210762277246
0.225619986653
0.216519623995
0.213152170181
0.210436180234
0.215013250709
0.211489126086
0.234164744616
0.219607681036
0.234621629119
0.211152717471
0.20902505517
0.204239100218
0.217366889119
0.21276435256
0.21276833117
0.21109803021
0.19697715342
0.202064216137
0.203304007649
0.226759955287
0.206134960055
0.236974135041
0.212750926614
0.18218190968
0.204161331058
0.217965662479
0.229555442929
0.192442372441
0.223054766655
0.197449415922
0.190322190523
0.191764205694
0.191908150911
0.201454088092
0.207420602441
0.193880409002
0.212467774749
0.193002671003
0.204849690199
0.202650934458
0.188430204988
0.183067947626
0.20740044117
0.185008838773
0.221376806498
0.193055033684
0.198600709438
0.191116556525
0.227599993348
0.191507682204
0.187757059932
0.219416826963
0.187858000398
0.204789474607
0.193767562509
0.181295886636
0.216915532947
0.197424843907
0.192495957017
0.180793225765
0.184298440814
0.202306166291
0.169064119458
0.188236385584
0.201773792505
0.176819145679
0.213964506984
0.170439332724
0.179700747132
0.174581930041
0.179375514388
0.173321023583
0.20214407146
0.167802721262
0.211163699627
0.189690753818
0.181974127889
0.179386600852
0.170048356056
0.173419952393
0.170187935233
0.179547309875
0.18201841414
0.162082001567
0.177668526769
0.17730872333
0.176570668817
0.210468187928
0.198377624154
0.196061104536
0.182446479797
0.190436273813
0.193849548697
0.175974100828
0.174618944526
0.162394270301
0.17745603621
0.208483621478
0.192462071776
0.166266292334
0.203149229288
0.181767180562
0.202418521047
0.176275074482
0.164280384779
0.182765081525
0.175904363394
0.162822782993
0.179021567106
0.178282618523
0.174737155437
0.183499410748
0.171424284577
0.16912907362
0.167441695929
0.175489842892
0.175221592188
0.19904153049
0.167965814471
0.180559068918
0.157363966107
0.160981938243
0.165372565389
0.176224827766
0.159213542938
0.180645138025
0.189147368073
0.163230270147
0.184925809503
0.19205302
0.169915214181
0.183744594455
0.170650199056
0.164759010077
0.159647390246
0.164653986692
0.167540997267
0.162224188447
0.180159032345
0.159381568432
0.182331815362
0.167462676764
0.175939083099
0.176743373275
0.161260724068
0.182781755924
0.158417671919
0.170151278377
0.160993605852
0.183006539941
0.172834187746
0.170410051942
0.169542729855
0.159696817398
0.188938111067
0.157133713365
0.166534394026
0.182033225894
0.176227137446
0.17000181973
0.191092699766
0.169455632567
0.19397880137
0.175653427839
0.173419594765
0.179329022765
0.166650056839
0.172969669104
0.179473742843
0.155087292194
0.167859122157
0.157760098577
0.167074784636
0.172224745154
0.168674871325
0.159014821053
0.198489829898
0.159142613411
0.166898548603
0.162467703223
0.155713319778
0.163855612278
0.159579098225
0.154241681099
0.1618642658
0.165889754891
0.202211648226
0.170354142785
0.193792760372
0.157317370176
0.209432706237
0.174176990986
0.169557079673
0.157288223505
0.160312071443
0.154649630189
0.166530370712
0.171211615205
0.176940515637
0.157566696405
0.152311563492
0.175243973732
0.155424311757
0.200539007783
0.174070179462
0.164749145508
0.158373266459
0.155123800039
0.159246280789
0.187581509352
0.158466726542
0.154314726591
0.196100518107
0.160234808922
0.172755241394
0.170186579227
0.168070495129
0.168884947896
0.19727191329
0.208224207163
0.169968411326
0.175408184528
0.154921576381
0.164298981428
0.152769565582
0.173989236355
0.178106144071
0.16537450254
0.18899551034
0.156840622425
0.175638601184
0.155912876129
0.163933485746
0.165707111359
0.209513142705
0.159358769655
0.155495449901
0.153582006693
0.153283238411
0.158895358443
0.174293115735
0.161830797791
0.165369734168
0.171317607164
0.153896540403
0.15404599905
0.15994630754
0.168460473418
0.1620952636
0.1751550138
0.171879559755
0.154531016946
0.164615541697
0.168305039406
0.17725867033
0.157094448805
0.163711696863
0.16172362864
0.172944828868
0.156683802605
0.158497288823
0.163088396192
0.17480738461
0.162993386388
0.152966991067
0.152965575457
0.155869066715
0.155698791146
0.153676658869
0.164651155472
0.163429185748
0.163844257593
0.169406577945
0.164316117764
0.166271269321
0.170833051205
0.154967993498
0.158402681351
0.170787602663
0.159433022141
0.16361746192
0.145132541656
0.143766462803
0.171848088503
0.16473710537
0.172782823443
0.143589496613
0.191213399172
0.144129961729
0.142912313342
0.159623041749
0.150969147682
0.16559292376
0.153522461653
0.136199265718
0.153226867318
0.162299752235
0.153470858932
0.138555109501
0.140441343188
0.162617698312
0.180914923549
0.152395486832
0.135637819767
0.139809072018
0.138784587383
0.157215207815
0.135641783476
0.17561455071
0.12657892704
0.130333736539
0.143601119518
0.154625758529
0.149416834116
0.150747999549
0.141746774316
0.17291726172
0.143804162741
0.157161802053
0.149583101273
0.143833175302
0.131283059716
0.150114476681
0.132338255644
0.127398237586
0.171212241054
0.138839930296
0.133785039186
0.145929649472
0.149214401841
0.143500596285
0.160885378718
0.140301972628
0.155110195279
0.153546735644
0.161627307534
0.130089014769
0.135813772678
0.153053537011
0.150250762701
0.134458661079
0.145977050066
0.141402572393
0.145207777619
0.135137572885
0.150490522385
0.136601999402
0.12828168273
0.146342501044
0.125899508595
0.128267601132
0.134566053748
0.13194334507
0.132806718349
0.126121684909
0.152133017778
0.133918970823
0.129594951868
0.133232548833
0.161375448108
0.143418192863
0.127909108996
0.168645381927
0.125865712762
0.135278537869
0.133262053132
0.140160664916
0.126965016127
0.136814951897
0.13372553885
0.131034880877
0.162164270878
0.136650487781
0.142870232463
0.134763598442
0.133326664567
0.144339740276
0.135893195868
0.150646463037
0.136265471578
0.133527979255
0.139858454466
0.132400467992
0.126504316926
0.14736558497
0.158604189754
0.134983330965
0.14348512888
0.152430608869
0.128072708845
0.126834094524
0.135848253965
0.120746612549
0.165436342359
0.156403690577
0.129608824849
0.152381688356
0.127381935716
0.136032491922
0.150685414672
0.158271387219
0.124483808875
0.129398480058
0.145440578461
0.130161523819
0.130243569613
0.147386491299
0.207914173603
0.143576323986
0.153589516878
0.129388645291
0.127252936363
0.133404165506
0.15577159822
0.1295979321
0.132350325584
0.126601502299
0.143755093217
0.156225368381
0.130346760154
0.15323767066
0.132808938622
0.134161159396
0.126468136907
0.145923554897
0.150826558471
0.139622196555
0.131463527679
0.145992726088
0.135116890073
0.126693025231
0.128692284226
0.131116136909
0.130936056376
0.138190343976
0.125948697329
0.13527071476
0.136902064085
0.128056645393
0.132074862719
0.165579631925
0.146427258849
0.13076376915
0.141580194235
0.137832373381
0.133905425668
0.134656503797
0.161977112293
0.130750954151
0.130668014288
0.141004219651
0.138600885868
0.141091197729
0.134084150195
0.162744507194
0.125360399485
0.150263622403
0.136443167925
0.130213037133
0.13518320024
0.162818804383
0.119277723134
0.151518881321
0.150663793087
0.126810565591
0.131462216377
0.152339622378
0.127519190311
0.141005992889
0.133755028248
0.141032263637
0.140813708305
0.148217365146
0.146132871509
0.169752404094
0.158799260855
0.127013787627
0.133715897799
0.137580767274
0.127453386784
0.131551906466
0.12583810091
0.119397960603
0.145574316382
0.171979427338
0.129632219672
0.129066154361
0.128916576505
0.116776265204
0.125604733825
0.127253264189
0.140278980136
0.139428704977
0.135638788342
0.12710903585
0.144326984882
0.127309933305
0.118967793882
0.115868613124
0.15441711247
0.136994704604
0.121467478573
0.122514568269
0.146895676851
0.125405475497
0.129226580262
0.130907192826
0.116198882461
0.112861149013
0.128829360008
0.215616047382
0.132237151265
0.121197782457
0.138422191143
0.12305778265
0.127756342292
0.122917577624
0.137692779303
0.143884927034
0.1227664873
0.118549734354
0.129889890552
0.112997546792
0.123318627477
0.133566185832
0.132389426231
0.118677809834
0.138113930821
0.126345843077
0.118252314627
0.129831641912
0.118283301592
0.132246822119
0.13706278801
0.118601381779
0.122749775648
0.116950206459
0.120530493557
0.136928007007
0.123853504658
0.121504105628
0.139247834682
0.149142548442
0.141537860036
0.120500184596
0.111337579787
0.124503366649
0.118747681379
0.112479239702
0.124143250287
0.131097584963
0.141933485866
0.123572304845
0.124858491123
0.148290276527
0.11795847863
0.133183002472
0.120360396802
0.132923558354
0.131760194898
0.137056306005
0.143986538053
0.124762766063
0.126975253224
0.142113938928
0.159035012126
0.12591356039
0.117485769093
0.128136366606
0.118124373257
0.148437872529
0.12281986326
0.121444016695
0.134501650929
0.142372444272
0.155987232924
0.148156896234
0.140181049705
0.13252325356
0.132110238075
0.138512283564
0.136976823211
0.138200476766
0.113052375615
0.126075774431
0.119951292872
0.126986265182
0.11271263659
0.125815361738
0.125348746777
0.119023390114
0.123576581478
0.113288909197
0.143104255199
0.164852440357
0.126947075129
0.128477782011
0.12351872772
0.132447510958
0.124012567103
0.11771003902
0.124658055604
0.127055823803
0.117213927209
0.124855786562
0.127517864108
0.130774304271
0.123926490545
0.130371689796
0.132408961654
0.12868027389
0.125101566315
0.112463846803
0.150676265359
0.155611425638
0.122071444988
0.115899547935
0.123742394149
0.133015185595
0.119035132229
0.127053901553
0.124437741935
0.131191834807
0.117033369839
0.114944905043
0.129147619009
0.124825119972
0.125250175595
0.123541556299
0.145385161042
0.123760819435
0.120395518839
0.124152839184
0.115179181099
0.117687799037
0.116412654519
0.111491143703
0.113677233458
0.139166533947
0.112622089684
0.117030531168
0.128548562527
0.14393684268
0.112982742488
0.11747816205
0.116918101907
0.123339116573
0.113681331277
0.127188384533
0.123887747526
0.111411824822
0.110420428216
0.131423667073
0.12014696002
0.128980398178
0.11277988553
0.114818461239
0.135282531381
0.118134506047
0.116957090795
0.110895708203
0.116026103497
0.115767374635
0.117341466248
0.11456336081
0.113392956555
0.129034727812
0.124477908015
0.118335433304
0.134198740125
0.115766637027
0.118413724005
0.128119528294
0.122697725892
0.124522142112
0.121726617217
0.114001698792
0.120502106845
0.123605944216
0.118882931769
0.115799151361
0.125436753035
0.11101359129
0.126433625817
0.109630331397
0.12254884094
0.106393188238
0.129654288292
0.110962897539
0.113658793271
0.114369146526
0.115029118955
0.11636570096
0.118988960981
0.115053296089
0.11901190877
0.111061647534
0.117781497538
0.13020503521
0.131802335382
0.120538681746
0.117685832083
0.119025982916
0.113285444677
0.12010884285
0.123833835125
0.117575116456
0.124361261725
0.113225370646
0.112550914288
0.115622825921
0.117572702467
0.114722423255
0.12639066577
0.115414202213
0.124521747231
0.126671507955
0.121290273964
0.136737912893
0.136489838362
0.115623027086
0.115717537701
0.118543952703
0.114436246455
0.113031797111
0.134426191449
0.122826084495
0.113294422626
0.111522436142
0.134975269437
0.130907297134
0.122451245785
0.117545187473
0.116911679506
0.129264399409
0.124971285462
0.11318166554
0.115681633353
0.112812429667
0.116045676172
0.113447502255
0.125940307975
0.118792973459
0.127808094025
0.116382397711
0.102316357195
0.132982134819
0.111026450992
0.14199437201
0.133854091167
0.114513546228
0.124996677041
0.156779959798
0.118451468647
0.137907877564
0.129382058978
0.123167105019
0.110305719078
0.113565549254
0.116701357067
0.14295874536
0.11623762548
0.112491197884
0.114818461239
0.128026038408
0.11513620615
0.112240038812
0.119976565242
0.129262730479
0.111453659832
0.123867250979
0.121737577021
0.144726186991
0.116499140859
0.132488399744
0.128059700131
0.131576165557
0.115802280605
0.119898594916
0.112288236618
0.114697374403
0.122503273189
0.114094913006
0.127818718553
0.12512730062
0.130954384804
0.111718297005
0.118637830019
0.111171618104
0.112634390593
