0.692326843739
0.692212760448
0.692150235176
0.691332876682
0.691902041435
0.69138866663
0.690807342529
0.690271437168
0.690467059612
0.689823448658
0.691312253475
0.689573943615
0.689127385616
0.688887298107
0.688818514347
0.688414931297
0.689453721046
0.688405394554
0.687017381191
0.687189340591
0.687498748302
0.686845123768
0.686690747738
0.686355352402
0.685685753822
0.685133457184
0.686497807503
0.685186326504
0.684223771095
0.684019982815
0.682720124722
0.683100163937
0.684775650501
0.681667864323
0.682188212872
0.683012604713
0.683862924576
0.681017816067
0.680964708328
0.680158019066
0.680914461613
0.681026399136
0.678243935108
0.67981761694
0.677930414677
0.678362011909
0.678268492222
0.678576231003
0.675525069237
0.67784935236
0.674299359322
0.675713837147
0.678379237652
0.673030078411
0.677542507648
0.673160910606
0.676001787186
0.675390422344
0.675344765186
0.672033548355
0.672294259071
0.673286676407
0.673462808132
0.669604122639
0.669638872147
0.669964313507
0.669055223465
0.672254145145
0.669350802898
0.666270494461
0.668243467808
0.664595127106
0.66836899519
0.667577326298
0.662935554981
0.66458851099
0.663372218609
0.666213154793
0.663313090801
0.663062572479
0.66654753685
0.660940766335
0.65956389904
0.660090923309
0.6577475667
0.655257940292
0.657267034054
0.658534526825
0.651733100414
0.657175660133
0.649597287178
0.653593122959
0.647564172745
0.655964016914
0.648515939713
0.643369197845
0.643302202225
0.645749211311
0.650929450989
0.639571011066
0.641684651375
0.641924738884
0.641925096512
0.639578342438
0.644234359264
0.630953013897
0.634570300579
0.638531565666
0.64044213295
0.630285263062
0.623239576817
0.634691536427
0.637393534184
0.638177514076
0.625088453293
0.620929419994
0.621127843857
0.628192424774
0.61277961731
0.621724784374
0.626650333405
0.614208221436
0.619118690491
0.61639636755
0.611997246742
0.617395877838
0.604486227036
0.628430783749
0.59892052412
0.611715078354
0.611382305622
0.60767608881
0.606164515018
0.59922760725
0.592708468437
0.600470840931
0.594833672047
0.597065269947
0.598154425621
0.600565552711
0.589401483536
0.582968890667
0.580243170261
0.576513826847
0.586214661598
0.572695791721
0.575973570347
0.566079199314
0.579823613167
0.572957754135
0.578206300735
0.566631913185
0.576677262783
0.548129200935
0.571616351604
0.584650039673
0.595092236996
0.568950951099
0.549168229103
0.554988086224
0.559718132019
0.558795630932
0.551036655903
0.580648720264
0.567706048489
0.574853122234
0.55995708704
0.568354308605
0.538219869137
0.553035020828
0.553913712502
0.552700698376
0.557729184628
0.570492684841
0.552077412605
0.548768639565
0.534201204777
0.530579566956
0.539720118046
0.555857002735
0.542628884315
0.515763521194
0.542187333107
0.525062203407
0.535858333111
0.517000436783
0.531703770161
0.513225197792
0.551475346088
0.526020467281
0.521172165871
0.526738286018
0.52286106348
0.51363915205
0.51439088583
0.513319075108
0.488362520933
0.527662992477
0.514711260796
0.507103800774
0.500454068184
0.500262022018
0.525195300579
0.484190195799
0.491221666336
0.494433790445
0.532814085484
0.495672941208
0.494415491819
0.510771453381
0.521932601929
0.508054673672
0.49083250761
0.496432393789
0.510124266148
0.464643031359
0.484285831451
0.489122480154
0.50232821703
0.533207535744
0.476464927197
0.4907951653
0.478874534369
0.494025409222
0.490859776735
0.486129701138
0.466484934092
0.498479306698
0.465968817472
0.521363198757
0.480642855167
0.477922677994
0.44334462285
0.497890889645
0.486211180687
0.4462030828
0.483184397221
0.502833425999
0.510516405106
0.477741450071
0.490906774998
0.450211167336
0.458327054977
0.472721338272
0.464902430773
0.482812047005
0.436230778694
0.456865608692
0.497835546732
0.466510236263
0.468944787979
0.488060712814
0.47592535615
0.441140919924
0.536302268505
0.456627309322
0.492034852505
0.471496582031
0.538095891476
0.493239402771
0.456551045179
0.432304859161
0.437336623669
0.448282241821
0.433507114649
0.495233118534
0.445356816053
0.445171833038
0.455923229456
0.434640079737
0.489880979061
0.431039243937
0.43497389555
0.423125118017
0.436906218529
0.436523288488
0.444341510534
0.439010024071
0.452641546726
0.431097269058
0.452595412731
0.419440597296
0.419639378786
0.443801760674
0.435724645853
0.41697254777
0.431955486536
0.458362847567
0.451339870691
0.466127693653
0.472179442644
0.439199090004
0.448347151279
0.43958979845
0.394727468491
0.430836141109
0.402308762074
0.422686874866
0.433413147926
0.411104291677
0.44860970974
0.435322076082
0.433653235435
0.410179167986
0.412766307592
0.434579432011
0.438842475414
0.420535027981
0.463675290346
0.434010416269
0.457991987467
0.455772578716
0.418035775423
0.440018892288
0.438792526722
0.407609283924
0.416535615921
0.436747848988
0.41638815403
0.416291058064
0.402597814798
0.403147399426
0.44048550725
0.400407254696
0.450652718544
0.431152939796
0.424410790205
0.393660545349
0.408363491297
0.423808425665
0.415379285812
0.396869897842
0.426305621862
0.430465847254
0.464135080576
0.42384070158
0.375668346882
0.432471454144
0.371844530106
0.424425154924
0.417891591787
0.411513984203
0.426841020584
0.430688560009
0.417502135038
0.393244683743
0.447682231665
0.404435425997
0.418367683887
0.407217472792
0.39658844471
0.412742555141
0.424112468958
0.421302169561
0.411412984133
0.451447188854
0.404199808836
0.399686902761
0.402679949999
0.40199097991
0.407919436693
0.404338419437
0.3740260005
0.447574436665
0.379321277142
0.384331077337
0.384656667709
0.394174188375
0.376892536879
0.430796563625
0.432677447796
0.399661689997
0.399356663227
0.391763150692
0.352045655251
0.403837859631
0.414337366819
0.394948899746
0.388780981302
0.395495682955
0.453970700502
0.391764014959
0.39803108573
0.404233694077
0.396425634623
0.382209777832
0.394542783499
0.354568690062
0.379079282284
0.345483720303
0.388149887323
0.409142404795
0.376266658306
0.336330384016
0.360362946987
0.385523438454
0.402587264776
0.37858659029
0.369221240282
0.424133956432
0.366030216217
0.396826684475
0.403634130955
0.356851160526
0.367673546076
0.358532041311
0.427936285734
0.40291211009
0.37668249011
0.444786965847
0.355956733227
0.414174586535
0.361515402794
0.344002634287
0.369946837425
0.429725825787
0.370227336884
0.34711176157
0.39503467083
0.361176043749
0.332437515259
0.378946512938
0.395671665668
0.38306620717
0.341680377722
0.320136606693
0.372605025768
0.350031346083
0.363603055477
0.379176974297
0.396820366383
0.393424928188
0.338456422091
0.362800300121
0.353614866734
0.353421837091
0.402504891157
0.420053780079
0.333296626806
0.400860369205
0.38372606039
0.333974927664
0.332246929407
0.400716602802
0.336690843105
0.335322201252
0.368655085564
0.337636500597
0.301394402981
0.368235290051
0.347937166691
0.378740638494
0.359496474266
0.37704589963
0.42998740077
0.330852389336
0.358346492052
0.364923804998
0.388605862856
0.408118873835
0.395372152328
0.343714535236
0.336011052132
0.377545386553
0.383668512106
0.360012829304
0.338546007872
0.363231688738
0.352134674788
0.399207890034
0.344481021166
0.387487649918
0.372957468033
0.367280244827
0.353364378214
0.362662494183
0.338594973087
0.402077049017
0.391451120377
0.353626728058
0.355423897505
0.360804498196
0.387645661831
0.299472868443
0.352775275707
0.341203778982
0.364547580481
0.364871025085
0.372592955828
0.354652702808
0.402885079384
0.331630796194
0.347805052996
0.385666519403
0.379704684019
0.311676412821
0.368250191212
0.354414790869
0.343626558781
0.355489432812
0.312165915966
0.37636756897
0.327280700207
0.325369924307
0.325828403234
0.368799835443
0.295212596655
0.334781914949
0.31694149971
0.34346857667
0.321631908417
0.339924424887
0.359502643347
0.384702086449
0.348853141069
0.345692664385
0.316728949547
0.356144279242
0.383648633957
0.351203739643
0.359934002161
0.332669407129
0.357684135437
0.374954074621
0.291049897671
0.347122341394
0.306260317564
0.377088457346
0.341115951538
0.348971962929
0.371810466051
0.313761204481
0.340440988541
0.353850096464
0.356872349977
0.326197177172
0.327912896872
0.346791923046
0.378383874893
0.333181470633
0.340468883514
0.349173486233
0.400364875793
0.342954277992
0.301925927401
0.328759282827
0.350983709097
0.370747566223
0.35305249691
0.356689244509
0.353160053492
0.350887179375
0.340279787779
0.367069214582
0.309437781572
0.395592600107
0.353890240192
0.392963528633
0.332441836596
0.386190861464
0.300183594227
0.363185167313
0.333145558834
0.362851202488
0.385159105062
0.360898464918
0.308975666761
0.395952552557
0.399296075106
0.356364041567
0.351385474205
0.345666974783
0.343219816685
0.34494933486
0.333486020565
0.369090199471
0.355531573296
0.300513774157
0.39625748992
0.327764630318
0.396100968122
0.331868290901
0.365293562412
0.395622819662
0.325563669205
0.352816969156
0.332218229771
0.348091155291
0.329244077206
0.323675096035
0.4304292202
0.424092948437
0.420280337334
0.365966826677
0.278168797493
0.348122656345
0.329501479864
0.312132775784
0.330713272095
0.352428615093
