0.693147242069
0.692924082279
0.692720293999
0.692511558533
0.692302107811
0.69209343195
0.691886365414
0.69168150425
0.691479146481
0.69127959013
0.691083073616
0.690889358521
0.690699219704
0.690512299538
0.690333724022
0.690150856972
0.689976215363
0.689804911613
0.689636945724
0.689472794533
0.689311981201
0.689155101776
0.689001739025
0.688852310181
0.688711762428
0.688566207886
0.688429534435
0.688296377659
0.688167095184
0.688041627407
0.687919974327
0.687802195549
0.687688171864
0.687578082085
0.687471687794
0.687369287014
0.687272965908
0.687176287174
0.687085807323
0.686998903751
0.686915457249
0.686835587025
0.686759412289
0.686686515808
0.686617076397
0.686550974846
0.68648815155
0.68642860651
0.686373353004
0.686319112778
0.686269104481
0.686221837997
0.686177492142
0.68613576889
0.686096787453
0.686060249805
0.686026155949
0.685994446278
0.685964882374
0.685937702656
0.685912489891
0.685889363289
0.685868144035
0.685848653316
0.685830771923
0.68581444025
0.685799777508
0.685786426067
0.685774207115
0.685763478279
0.685753703117
0.685745000839
0.685737371445
0.685730516911
0.685724496841
0.685719251633
0.68571472168
0.685710787773
0.685707449913
0.685704529285
0.6857021451
0.685700058937
0.685698330402
0.685696959496
0.685695767403
0.685694932938
0.685694158077
0.685693562031
0.685693204403
0.68569290638
0.685692667961
0.685692608356
0.685692548752
0.685692608356
0.685692608356
0.685692667961
0.68569278717
0.68569278717
0.68569290638
0.685692965984
0.685693085194
0.685693085194
0.685693204403
0.685693204403
0.685693383217
0.685693383217
0.685693383217
0.685693383217
0.685693383217
0.685693383217
0.685693442822
0.685693383217
0.685693264008
0.685693204403
0.685693264008
0.685693204403
0.685693204403
0.685693085194
0.685693085194
0.685693085194
0.68569290638
0.68569290638
0.68569290638
0.68569290638
0.68569278717
0.685692846775
0.68569278717
0.685692667961
0.68569278717
0.685692608356
0.68569278717
0.685692667961
0.685692608356
0.685692667961
0.685692667961
0.685692667961
0.685692608356
0.685692608356
0.685692608356
0.685692608356
0.685692608356
0.685692608356
0.685692608356
0.685692608356
0.685692608356
0.685692608356
0.685692608356
0.685692548752
0.685692608356
0.685692608356
0.685692548752
0.685692548752
0.685692548752
0.685692608356
0.685692608356
0.685692548752
0.685692608356
0.685692608356
0.685692608356
0.685692608356
0.685692608356
0.685692608356
0.685692548752
0.685692548752
0.685692608356
0.685692608356
0.685692608356
0.685692548752
0.685692608356
0.685692548752
0.685692608356
0.685692608356
0.685692608356
0.685692548752
0.685692548752
0.685692608356
0.685692608356
0.685692608356
0.685692608356
0.685692608356
0.685692608356
0.685692608356
0.685692608356
0.685692608356
0.685692608356
0.685692608356
0.685692608356
0.685692608356
0.685692608356
0.685692608356
0.685692608356
0.685692548752
0.685692608356
0.685692548752
0.685692608356
0.685692608356
0.685692608356
0.685692548752
0.685692608356
0.685692608356
0.685692608356
0.685692608356
0.685692608356
0.685692608356
0.685692489147
0.685692489147
0.685692489147
0.685692489147
0.685692608356
0.685692608356
0.685692608356
0.685692608356
0.685692548752
0.685692608356
0.685692608356
0.685692608356
0.685692608356
0.685692608356
0.685692608356
0.685692608356
0.685692608356
0.685692608356
0.685692548752
0.685692548752
0.685692608356
0.685692608356
0.685692608356
0.685692548752
0.685692608356
0.685692608356
0.685692608356
0.685692608356
0.685692667961
0.685692608356
0.685692608356
0.685692548752
0.685692608356
0.685692608356
0.685692608356
0.685692548752
0.685692608356
0.685692608356
0.685692548752
0.685692608356
0.685692548752
0.685692608356
0.685692608356
0.685692608356
0.685692608356
0.685692608356
0.685692548752
0.685692548752
0.685692608356
0.685692548752
0.685692548752
0.685692608356
0.685692548752
0.685692608356
0.685692608356
0.685692608356
0.685692608356
0.685692608356
0.685692608356
0.685692548752
0.685692548752
0.685692608356
0.685692667961
0.685692608356
0.685692548752
0.685692548752
0.685692608356
0.685692608356
0.685692608356
0.685692608356
0.685692608356
0.685692608356
0.685692608356
0.685692608356
0.685692608356
0.685692608356
0.685692608356
0.685692608356
0.685692608356
0.685692608356
0.685692608356
0.685692608356
0.685692608356
0.685692608356
0.685692608356
0.685692608356
0.685692608356
0.685692608356
0.685692608356
0.685692608356
0.685692608356
0.685692548752
0.685692608356
0.685692548752
0.685692608356
0.685692608356
0.685692608356
0.685692608356
0.685692608356
0.685692608356
0.685692608356
0.685692608356
0.685692608356
0.685692608356
0.685692608356
0.685692608356
0.685692608356
0.685692608356
0.685692608356
0.685692608356
0.685692608356
0.685692608356
0.685692608356
0.685692548752
0.685692608356
0.685692548752
0.685692548752
0.685692548752
0.685692608356
0.685692608356
0.685692608356
0.685692608356
0.685692667961
0.685692608356
0.685692608356
0.685692608356
0.685692608356
0.685692608356
0.685692608356
0.685692608356
0.685692608356
0.685692667961
0.685692548752
0.685692608356
0.685692548752
0.685692608356
0.685692548752
0.685692608356
0.685692608356
0.685692608356
0.685692667961
0.685692608356
0.685692608356
0.685692608356
0.685692608356
0.685692608356
0.685692608356
0.685692548752
0.685692548752
0.685692548752
0.685692608356
0.685692548752
0.685692548752
0.685692608356
0.685692608356
0.685692608356
0.685692667961
0.685692608356
0.685692608356
0.685692608356
0.685692608356
0.685692608356
0.685692608356
0.685692608356
0.685692548752
0.685692608356
0.685692608356
0.685692548752
0.685692608356
0.685692548752
0.685692548752
0.685692548752
0.685692608356
0.685692608356
0.685692608356
0.685692608356
0.685692608356
0.685692608356
0.685692608356
0.685692608356
0.685692608356
0.685692608356
0.685692608356
0.685692608356
0.685692608356
0.685692548752
0.685692548752
0.685692548752
0.685692608356
0.685692608356
0.685692608356
0.685692608356
0.685692608356
0.685692608356
0.685692608356
0.685692608356
0.685692608356
0.685692608356
0.685692608356
0.685692608356
0.685692667961
0.685692608356
0.685692608356
0.685692608356
0.685692548752
0.685692608356
0.685692548752
0.685692548752
0.685692608356
0.685692548752
0.685692608356
0.685692608356
0.685692608356
0.685692608356
0.685692608356
0.685692608356
0.685692667961
0.685692608356
0.685692608356
0.685692608356
0.685692608356
0.685692608356
0.685692608356
0.685692608356
0.685692608356
0.685692608356
0.685692608356
0.685692608356
0.685692608356
0.685692608356
0.685692608356
0.685692608356
0.685692608356
0.685692608356
0.685692608356
0.685692608356
0.685692608356
0.685692548752
0.685692608356
0.685692548752
0.685692548752
0.685692548752
0.685692608356
0.685692548752
0.685692608356
0.685692608356
0.685692608356
0.685692667961
0.685692608356
0.685692608356
0.685692548752
0.685692608356
0.685692608356
0.685692548752
0.685692548752
0.685692608356
0.685692548752
0.685692608356
0.685692608356
0.685692667961
0.685692608356
0.685692608356
0.685692608356
0.685692608356
0.685692608356
0.685692608356
0.685692548752
0.685692608356
0.685692608356
0.685692608356
0.685692608356
0.685692608356
0.685692608356
0.685692608356
0.685692608356
0.685692608356
0.685692608356
0.685692548752
0.685692548752
0.685692608356
0.685692548752
0.685692548752
0.685692608356
0.685692608356
0.685692608356
0.685692608356
0.685692608356
0.685692608356
0.685692608356
0.685692608356
0.685692608356
0.685692548752
0.685692608356
0.685692608356
0.685692608356
0.685692608356
0.685692548752
0.685692608356
0.685692608356
0.685692608356
0.685692608356
0.685692608356
0.685692608356
0.685692608356
0.685692608356
0.685692608356
0.685692548752
0.685692608356
0.685692548752
0.685692608356
0.685692608356
0.685692608356
0.685692608356
0.685692608356
0.685692608356
0.685692548752
0.685692608356
0.685692608356
0.685692608356
0.685692608356
0.685692608356
0.685692608356
0.685692608356
0.685692608356
0.685692548752
0.685692548752
0.685692608356
0.685692608356
0.685692608356
0.685692608356
0.685692608356
0.685692608356
0.685692548752
0.685692608356
0.685692548752
0.685692608356
0.685692608356
0.685692608356
0.685692608356
0.685692548752
0.685692548752
0.685692548752
0.685692608356
0.685692608356
0.685692608356
0.685692608356
0.685692608356
0.685692608356
0.685692548752
0.685692548752
0.685692608356
0.685692608356
0.685692608356
0.685692548752
0.685692608356
0.685692608356
0.685692608356
0.685692608356
0.685692608356
0.685692608356
0.685692608356
0.685692608356
0.685692548752
0.685692548752
0.685692608356
0.685692608356
0.685692548752
0.685692608356
0.685692548752
0.685692608356
0.685692608356
0.685692608356
0.685692608356
0.685692608356
0.685692608356
0.685692608356
0.685692608356
0.685692608356
0.685692608356
0.685692548752
0.685692608356
0.685692548752
0.685692608356
0.685692608356
0.685692608356
0.685692608356
0.685692608356
0.685692608356
0.685692608356
0.685692548752
0.685692608356
0.685692608356
0.685692608356
0.685692608356
0.685692608356
0.685692608356
0.685692608356
0.685692608356
0.685692608356
0.685692608356
0.685692608356
0.685692608356
0.685692608356
0.685692608356
0.685692608356
0.685692608356
0.685692608356
0.685692608356
0.685692608356
0.685692608356
0.685692608356
0.685692608356
0.685692608356
0.685692548752
0.685692608356
0.685692548752
0.685692608356
0.685692608356
0.685692608356
0.685692608356
0.685692608356
0.685692548752
0.685692548752
0.685692608356
0.685692608356
0.685692608356
0.685692608356
0.685692608356
0.685692608356
0.685692608356
0.685692608356
0.685692608356
0.685692608356
0.685692608356
0.685692608356
0.685692608356
0.685692608356
0.685692548752
0.685692608356
0.685692608356
0.685692608356
0.685692608356
0.685692608356
0.685692608356
0.685692608356
0.685692608356
0.685692548752
0.685692548752
0.685692608356
0.685692608356
0.685692608356
0.685692608356
0.685692608356
0.685692608356
0.685692548752
0.685692608356
0.685692608356
0.685692548752
0.685692608356
0.685692667961
0.685692608356
0.685692608356
0.685692608356
0.685692608356
0.685692608356
0.685692608356
0.685692608356
0.685692608356
0.685692608356
0.685692608356
0.685692608356
0.685692608356
0.685692608356
0.685692608356
0.685692608356
0.685692608356
0.685692608356
0.685692608356
0.685692548752
0.685692608356
0.685692608356
0.685692608356
0.685692608356
0.685692608356
0.685692608356
0.685692608356
0.685692608356
0.685692608356
0.685692548752
0.685692548752
0.685692608356
0.685692548752
0.685692608356
0.685692548752
0.685692608356
0.685692608356
0.685692608356
0.685692667961
0.685692608356
0.685692608356
0.685692608356
0.685692608356
0.685692608356
0.685692608356
0.685692608356
0.685692608356
0.685692608356
0.685692608356
0.685692608356
0.685692608356
0.685692608356
0.685692608356
0.685692608356
0.685692608356
0.685692608356
0.685692608356
0.685692548752
0.685692608356
0.685692608356
0.685692608356
0.685692608356
0.685692608356
0.685692608356
0.685692608356
0.685692608356
0.685692608356
0.685692608356
0.685692608356
0.685692608356
0.685692548752
0.685692548752
0.685692608356
0.685692608356
0.685692608356
0.685692608356
0.685692608356
0.685692608356
0.685692608356
0.685692608356
0.685692608356
0.685692608356
0.685692608356
0.685692608356
0.685692608356
0.685692608356
0.685692608356
0.685692608356
0.685692608356
0.685692608356
0.685692608356
0.685692608356
0.685692608356
0.685692608356
0.685692608356
0.685692608356
0.685692548752
0.685692608356
0.685692608356
0.685692548752
0.685692548752
0.685692608356
0.685692548752
0.685692608356
0.685692608356
0.685692608356
0.685692608356
0.685692608356
0.685692608356
0.685692608356
0.685692608356
0.685692548752
0.685692608356
0.685692608356
0.685692608356
0.685692608356
0.685692608356
0.685692608356
0.685692608356
0.685692608356
0.685692608356
0.685692608356
0.685692608356
0.685692608356
0.685692608356
0.685692608356
0.685692608356
0.685692608356
0.685692608356
0.685692608356
0.685692608356
0.685692608356
0.685692608356
0.685692667961
0.685692608356
0.685692608356
0.685692608356
0.685692667961
0.685692608356
0.685692608356
0.685692608356
0.685692608356
0.685692608356
0.685692608356
0.685692608356
0.685692608356
0.685692608356
0.685692608356
0.685692608356
0.685692608356
0.685692608356
0.685692608356
0.685692608356
0.685692608356
0.685692608356
0.685692608356
0.685692608356
0.685692608356
0.685692608356
0.685692608356
0.685692608356
0.685692608356
0.685692608356
0.685692667961
0.685692608356
0.685692608356
0.685692608356
0.685692608356
0.685692608356
0.685692608356
0.685692608356
0.685692608356
0.685692608356
0.685692608356
0.685692608356
0.685692608356
0.685692667961
0.685692608356
0.685692608356
0.685692608356
0.685692608356
0.685692608356
0.685692608356
0.685692608356
0.685692608356
0.685692608356
0.685692608356
0.685692608356
0.685692608356
0.685692608356
0.685692608356
0.685692608356
0.685692608356
0.685692608356
0.685692608356
0.685692608356
0.685692608356
0.685692608356
0.685692608356
0.685692608356
0.685692608356
0.685692608356
0.685692608356
0.685692667961
0.685692608356
0.685692608356
0.685692608356
0.685692667961
0.685692608356
0.685692608356
0.685692667961
0.685692608356
0.685692608356
0.685692608356
0.685692608356
0.685692608356
0.685692608356
0.685692608356
0.685692608356
0.685692608356
0.685692608356
0.685692608356
0.685692608356
0.685692608356
0.685692608356
0.685692608356
0.685692608356
0.685692608356
0.685692608356
0.685692608356
0.685692608356
0.685692608356
0.685692608356
0.685692608356
0.685692608356
0.685692608356
0.685692608356
0.685692608356
0.685692608356
0.685692608356
0.685692608356
0.685692608356
0.685692608356
0.685692608356
0.685692608356
0.685692608356
0.685692608356
0.685692608356
0.685692608356
0.685692608356
0.685692608356
0.685692608356
0.685692608356
0.685692608356
0.685692608356
0.685692608356
0.685692608356
0.685692608356
0.685692608356
0.685692608356
0.685692608356
0.685692608356
0.685692608356
0.685692608356
0.685692667961
0.685692608356
0.685692608356
0.685692608356
0.685692608356
0.685692608356
0.685692608356
0.685692608356
0.685692608356
0.685692608356
0.685692608356
0.685692667961
0.685692608356
0.685692608356
0.685692608356
0.685692608356
0.685692608356
0.685692608356
0.685692608356
0.685692608356
0.685692608356
0.685692608356
0.685692608356
0.685692608356
0.685692608356
0.685692608356
0.685692608356
0.685692667961
0.685692608356
0.685692608356
0.685692608356
0.685692608356
0.685692608356
0.685692608356
0.685692608356
0.685692608356
0.685692608356
0.685692608356
0.685692608356
0.685692608356
0.685692608356
0.685692608356
0.685692608356
0.685692608356
0.685692608356
0.685692608356
0.685692608356
0.685692608356
0.685692608356
0.685692608356
0.685692608356
0.685692608356
0.685692608356
0.685692667961
0.685692608356
0.685692608356
0.685692608356
0.685692608356
0.685692608356
0.685692608356
0.685692608356
0.685692608356
0.685692608356
0.685692608356
0.685692608356
0.685692608356
0.685692608356
0.685692608356
0.685692608356
0.685692608356
0.685692608356
0.685692608356
0.685692608356
