0.693391501904
0.692606687546
0.691905975342
0.69130396843
0.690629541874
0.690074205399
0.689450979233
0.688862144947
0.688364565372
0.687873363495
0.687332987785
0.686747908592
0.686214983463
0.685647964478
0.685027956963
0.68445122242
0.683799803257
0.682996153831
0.68145686388
0.680448710918
0.679160892963
0.677136480808
0.673749685287
0.672914981842
0.668619096279
0.664293587208
0.659007012844
0.656103014946
0.650500714779
0.649019539356
0.639187455177
0.632921338081
0.627075314522
0.627785503864
0.618431448936
0.610190391541
0.598943591118
0.591235518456
0.585907042027
0.575898230076
0.565694272518
0.548721075058
0.538267433643
0.521617412567
0.527877569199
0.513573110104
0.495628923178
0.477456152439
0.468857973814
0.451979845762
0.445142507553
0.415915220976
0.419584274292
0.410665929317
0.373442292213
0.388193339109
0.381911724806
0.370479315519
0.326748609543
0.308676600456
0.316594332457
0.329546660185
0.280651241541
0.290865778923
0.298267036676
0.256905972958
0.265839725733
0.284787982702
0.230544909835
0.247829139233
0.238109692931
0.237947925925
0.2492287606
0.314150899649
0.21733649075
0.203494951129
0.16792550683
0.18823634088
0.291129946709
0.243623107672
0.217388749123
0.205376923084
0.212342113256
0.202390506864
0.201984912157
0.210313931108
0.204728916287
0.242841526866
0.18210105598
0.187481731176
0.135550498962
0.202216565609
0.167864009738
0.203040927649
0.208248957992
0.168573185802
0.178027287126
0.207401588559
0.194433271885
0.139247357845
0.180680572987
0.180047675967
0.187913432717
0.177603259683
0.160787552595
0.174294650555
0.159468650818
0.188995972276
0.16559830308
0.217416897416
0.208295568824
0.164350450039
0.172450721264
0.146109506488
0.174307718873
0.148185670376
0.179611518979
0.167037308216
0.191400051117
0.161268725991
0.171922668815
0.110443070531
0.140807136893
0.169953346252
0.15422822535
0.153307780623
0.119015149772
0.161923900247
0.110492825508
0.178055405617
0.194316715002
0.171496242285
0.155817434192
0.153738051653
0.142523884773
0.193027243018
0.126255199313
0.161400198936
0.152886167169
0.190581068397
0.171643927693
0.196447864175
0.153559193015
0.168761134148
0.131825625896
0.147929295897
0.131267488003
0.136945471168
0.139732390642
0.142896339297
0.15145778656
0.150613248348
0.126692280173
0.144825026393
0.171698406339
0.12047123909
0.20124194026
0.150526732206
0.170675545931
0.126760736108
0.181395962834
0.169467523694
0.150801733136
0.162517040968
0.157088980079
0.175532907248
0.197193369269
0.164982303977
0.136887431145
0.143769592047
0.145397052169
0.157191261649
0.135035246611
0.129416137934
0.134959220886
0.14856775105
0.144325077534
0.168604373932
0.190582424402
0.154297500849
0.16224822402
0.204409196973
0.149763539433
0.186485826969
0.161545976996
0.181537792087
0.138150930405
0.13590747118
0.10574195534
0.15437707305
0.151612207294
0.140533342957
0.163856938481
0.152112483978
0.13195605576
0.101644411683
0.154866978526
0.129509419203
0.169332042336
0.162933200598
0.146098956466
0.155687257648
0.12434040755
0.133271828294
0.119668237865
0.123054161668
0.16532458365
0.109642334282
0.154334530234
0.142678156495
0.173380300403
0.181166052818
0.136473849416
0.170305356383
0.166387960315
0.190467581153
0.179479658604
0.132560163736
0.150019317865
0.151661381125
0.127551555634
0.131518900394
0.173192963004
0.16940574348
0.173481509089
0.123118311167
0.102680504322
0.194361835718
0.136337205768
0.160202860832
0.153305351734
0.117757566273
0.165669992566
0.123603671789
0.16338634491
0.149528548121
0.137178093195
0.120640695095
0.0952371358871
0.118687190115
0.0889758616686
0.131851300597
0.108535476029
0.125405460596
0.107532173395
0.146963506937
0.122003942728
0.109773412347
0.140482470393
0.100244671106
0.163389533758
0.168018326163
0.135544553399
0.109807148576
0.155320495367
0.162232428789
0.140498682857
0.142659291625
0.182386741042
0.117379851639
0.124376811087
0.120441272855
0.108405612409
0.172792181373
0.111056603491
0.0920921713114
0.121144711971
0.156531453133
0.152798518538
0.0947532579303
0.119194358587
0.148325741291
0.0999643057585
0.137445747852
0.146178692579
0.169465169311
0.0829510688782
0.106064639986
0.125981152058
0.147735759616
0.0948939844966
0.0985021367669
0.129161119461
0.081178240478
0.130818650126
0.161210283637
0.129725500941
0.200498819351
0.151068791747
0.0647645890713
0.0976331084967
0.198453128338
0.245020762086
0.142601549625
0.0650281682611
0.11162623018
0.153737217188
0.0769251137972
0.111136257648
0.158132389188
0.109247222543
0.14017213881
0.164141088724
0.136475875974
0.159368798137
0.164385348558
0.151470795274
0.101464860141
0.0950525999069
0.106482736766
0.0995114967227
0.110734388232
0.143179655075
0.11578104645
0.135620892048
0.10635548085
0.0797407180071
0.154424160719
0.141800016165
0.134313568473
0.0960085615516
0.0633865967393
0.0802619382739
0.100667998195
0.128391340375
0.106042712927
0.118268631399
0.157472208142
0.130919709802
0.0678904280066
0.101789802313
0.138345748186
0.135799691081
0.104569107294
0.12099930644
0.122990399599
0.132212340832
0.098009981215
0.101293936372
0.115010172129
0.123633697629
0.0998434945941
0.115809373558
0.0820050835609
0.137461438775
0.0643457099795
0.131619527936
0.116589017212
0.0905048176646
0.127413645387
0.131004318595
0.112489573658
0.130365356803
0.0670223087072
0.0737470686436
0.0976985543966
0.0900309309363
0.0847490280867
0.121731378138
0.0814052000642
0.051830291748
0.0866331160069
0.100417017937
0.150276824832
0.0837161764503
0.09622759372
0.120657078922
0.126484647393
0.0930480137467
0.0951785370708
0.105181291699
0.0883961245418
0.0793709456921
0.100830025971
0.117598116398
0.0617360286415
0.087426610291
0.0906077101827
0.105588451028
0.102976195514
0.0930551365018
0.0733845159411
0.0918175652623
0.0912466272712
0.100763052702
0.0924273729324
0.119539983571
0.0882839784026
0.0801205411553
0.0766030400991
0.111305348575
0.0944683328271
0.0673884302378
0.157628059387
0.0749768391252
0.145020708442
0.0680727437139
0.0838796943426
0.150064438581
0.10730471462
0.0844797864556
0.0661511942744
0.0778361037374
0.147581979632
0.111759714782
0.130443572998
0.110046677291
0.0686638429761
0.0940411090851
0.0942444428802
0.0995404496789
0.0734982863069
0.119729742408
0.0903118252754
0.0674715787172
0.100614137948
0.0626808106899
0.0880589485168
0.0899429693818
0.0860267654061
0.102243617177
0.0977429449558
0.0843078494072
0.143652185798
0.0475531965494
0.120726943016
0.116533264518
0.0898073911667
0.0753808766603
0.0859581381083
0.0525762736797
0.0851061344147
0.104615345597
0.103709198534
0.097014002502
0.133661001921
0.144119665027
0.0861618891358
0.0929909870028
0.114933915436
0.122419402003
0.0970529988408
0.102142818272
0.102349936962
0.106595665216
0.0629941150546
0.0779048576951
0.136895090342
0.0679751336575
0.0548448748887
0.100160360336
0.113034501672
0.148503348231
0.0832677707076
0.0553513839841
0.126232981682
0.060247015208
0.114397346973
0.0963686481118
0.0689819306135
0.0848964005709
0.0974295437336
0.0914736613631
0.114479035139
0.0583475641906
0.0877886712551
0.121264740825
0.0985718891025
0.0838789120317
0.102562516928
0.0786655768752
0.0906699225307
0.0913122668862
0.114887319505
0.0786643177271
0.0419817753136
0.0991851985455
0.108017861843
0.0966444313526
0.0746563598514
0.0852723643184
0.0571501366794
0.0945511162281
0.0641651675105
0.0746140629053
0.0904225111008
0.107396580279
0.0619081407785
0.0757912918925
0.0973685085773
0.101538203657
0.07682364434
0.0867877304554
0.0649968236685
0.141853421926
0.0983276665211
0.0835616067052
0.103900894523
0.117144167423
0.115723282099
