0.695113122463
0.694773733616
0.695343017578
0.694292485714
0.694800257683
0.694716155529
0.694448947906
0.69496101141
0.69484180212
0.694682657719
0.695866107941
0.694465458393
0.693768620491
0.694953799248
0.694705247879
0.695183515549
0.69438880682
0.695059597492
0.694820582867
0.694675326347
0.694478154182
0.693860113621
0.69403731823
0.694125950336
0.694159805775
0.693998336792
0.693385720253
0.6933375597
0.693874895573
0.694011688232
0.693777322769
0.693876326084
0.693676531315
0.692679584026
0.694094181061
0.694174706936
0.69325709343
0.693920731544
0.693858504295
0.693716049194
0.693590700626
0.693554103374
0.69331485033
0.69369751215
0.693808495998
0.693398952484
0.693456947803
0.692694664001
0.693302929401
0.692956387997
0.693409383297
0.69274532795
0.693221092224
0.692998290062
0.693269848824
0.693055689335
0.693614780903
0.693004786968
0.693212151527
0.69302457571
0.69294834137
0.692927062511
0.693572282791
0.692247509956
0.693427085876
0.692582786083
0.692969322205
0.692569732666
0.692322015762
0.69263112545
0.69272094965
0.692702353001
0.6927292943
0.692093551159
0.692670345306
0.692490577698
0.692775547504
0.692546129227
0.692241966724
0.692483127117
0.692336082458
0.693025588989
0.692517399788
0.692180216312
0.692595005035
0.692742168903
0.692690968513
0.692387521267
0.691691458225
0.692248225212
0.692459106445
0.692273914814
0.692078173161
0.692382931709
0.692128539085
0.692066311836
0.692717850208
0.692439734936
0.692316055298
0.692428350449
0.691955149174
0.692108869553
0.691621661186
0.691865921021
0.69206571579
0.691273331642
0.691772997379
0.691692829132
0.691998720169
0.691797554493
0.691281378269
0.691459238529
0.69156819582
0.691691339016
0.691461205482
0.691396772861
0.691246449947
0.691559135914
0.691599488258
0.691756844521
0.691280186176
0.691342115402
0.691345632076
0.691044211388
0.691137194633
0.691177427769
0.690966248512
0.691149890423
0.691131591797
0.691423535347
0.690875291824
0.691304564476
0.691258251667
0.691043436527
0.691081106663
0.691145122051
0.690652668476
0.690824985504
0.690386354923
0.690777897835
0.691356182098
0.691214263439
0.690678596497
0.690842568874
0.690508306026
0.691057026386
0.690576612949
0.690777301788
0.690780341625
0.690760612488
0.690023720264
0.690897107124
0.690573275089
0.69103705883
0.690446555614
0.690818071365
0.69055134058
0.690520942211
0.691066920757
0.690252900124
0.690668046474
0.69046318531
0.690616190434
0.690430045128
0.690515577793
0.690251350403
0.690308749676
0.69026607275
0.690562903881
0.690324485302
0.689926147461
0.689982712269
0.690235137939
0.690007328987
0.689901411533
0.690236926079
0.690360486507
0.689856350422
0.690286636353
0.689810991287
0.69013428688
0.689819335938
0.689989209175
0.690154135227
0.690328538418
0.690509080887
0.689640820026
0.68991458416
0.689939975739
0.690264165401
0.689992904663
0.69000005722
0.689367353916
0.689555823803
0.689925312996
0.689135909081
0.689719796181
0.689187824726
0.689493596554
0.689568698406
0.689543783665
0.689266622066
0.689570903778
0.68982976675
0.6893902421
0.689813017845
0.6899741292
0.689447462559
0.689398050308
0.689494669437
0.689475476742
0.689851403236
0.6892131567
0.689560830593
0.689059138298
0.689085483551
0.689119577408
0.689021885395
0.689342200756
0.689049839973
0.688770771027
0.689130842686
0.689274013042
0.689309179783
0.688850820065
0.68898999691
0.689059734344
0.689012944698
0.688999474049
0.688904225826
0.688646256924
0.689488232136
0.688936710358
0.688753902912
0.689007401466
0.689274191856
0.68911921978
0.688776016235
0.688925743103
0.688773870468
0.688667118549
0.689070761204
0.689235627651
0.688884973526
0.688861250877
0.688823103905
0.688662469387
0.688366830349
0.688807427883
0.688565373421
0.688959479332
0.688891291618
0.689095377922
0.688332378864
0.688891589642
0.688237309456
0.688310265541
0.68882638216
0.689056754112
0.688656151295
0.688825368881
0.688274562359
0.688623785973
0.688346743584
0.688247025013
0.688789784908
0.688068985939
0.68892031908
0.688946068287
0.687850832939
0.688534021378
0.688501000404
0.688584983349
0.68830281496
0.688395261765
0.688284993172
0.688097834587
0.687967121601
0.687893807888
0.688146173954
0.688096821308
0.688085854053
0.688362002373
0.688019096851
0.6876719594
0.687939465046
0.68821978569
0.688386201859
0.687908172607
0.687520086765
0.687464296818
0.687964618206
0.687663257122
0.687746167183
0.687760353088
0.688069403172
0.688132405281
0.687966823578
0.688036859035
0.688059389591
0.688082635403
0.687857151031
0.687837719917
0.687433481216
0.687231600285
0.68742275238
0.687834382057
0.68770724535
0.687570393085
0.687191426754
0.687511563301
0.687475979328
0.687762737274
0.687692463398
0.687221467495
0.687639176846
0.687711417675
0.687149882317
0.68756622076
0.687383115292
0.687598347664
0.687482297421
0.686989665031
0.688078939915
0.686942219734
0.687470674515
0.687495291233
0.687077224255
0.687848806381
0.686872303486
0.687365174294
0.687271177769
0.687339603901
0.68717455864
0.687154650688
0.687166392803
0.687542974949
0.687555968761
0.687114357948
0.687342822552
0.686893343925
0.687513947487
0.686927676201
0.686951696873
0.687179625034
0.687120914459
0.686787366867
0.686790347099
0.687338173389
0.687039852142
0.687023162842
0.686479508877
0.686365365982
0.686898052692
0.687074840069
0.686718583107
0.68667691946
0.68646889925
0.687150597572
0.687149584293
0.687072873116
0.68611985445
0.68600577116
0.686037480831
0.686426818371
0.686897218227
0.686838209629
0.687200188637
0.686273932457
0.687045514584
0.687124311924
0.686229109764
0.686225712299
0.686154901981
0.685980796814
0.686026453972
0.686705052853
0.686915278435
0.686450362206
0.686210393906
0.686204135418
0.686740636826
0.686707258224
0.686476826668
0.685821175575
0.686326801777
0.686200797558
0.685798883438
0.685899555683
0.686509728432
0.686408340931
0.68603515625
0.685742616653
0.685784757137
0.686183512211
0.686105430126
0.686560928822
0.685909211636
0.686110317707
0.686392009258
0.68694627285
0.685343325138
0.686636447906
0.685331702232
0.685677111149
0.685390710831
0.68626844883
0.685579538345
0.685483157635
0.686606347561
0.685186386108
0.685590445995
0.686002194881
0.684893965721
0.686457812786
0.685271799564
0.686590254307
0.685556232929
0.685600101948
0.684130489826
0.685783147812
0.685417830944
0.685147345066
0.685490965843
0.685580790043
0.685022056103
0.685525119305
0.685497164726
0.6858035326
0.685189008713
0.685162186623
0.684742093086
0.684861779213
0.685635209084
0.684711575508
0.684629261494
0.684328854084
0.684815764427
0.685565769672
0.684585034847
0.686611890793
0.684878587723
0.685551643372
0.684339106083
0.684492766857
0.684689998627
0.68503344059
0.685203075409
0.685952186584
0.6844445467
0.683858752251
0.684173703194
0.685112535954
0.684900999069
0.684126377106
0.68535900116
0.683856189251
0.684972405434
0.684297502041
0.684549152851
0.684428870678
0.684222400188
0.684525072575
0.684441387653
0.682361125946
0.685206592083
0.685137033463
0.684407353401
0.684422910213
0.684078633785
0.683998644352
0.684885919094
0.68234193325
0.683632433414
0.684066772461
0.683454632759
0.682855367661
0.683515906334
0.683199822903
0.686116278172
0.681771993637
0.684350967407
0.684072375298
0.683202385902
0.680971324444
0.684797048569
0.681782960892
0.684191226959
0.681900680065
0.681077957153
0.685434341431
0.682203292847
0.680914819241
0.68079918623
0.682963430882
0.683947145939
0.682669222355
0.681134045124
0.684326291084
0.68194770813
0.682325422764
0.680487930775
0.684008717537
0.682785689831
0.681797921658
0.683926045895
0.682093083858
0.682036042213
0.682961940765
0.682461559772
0.682240128517
0.681798994541
0.682693839073
0.681357562542
0.682593822479
0.681468605995
0.680812418461
0.68200981617
0.680637717247
0.678783357143
0.683668315411
0.680554926395
0.679383277893
0.680692791939
0.682121455669
0.67827296257
0.681623935699
0.682497262955
0.680078864098
0.679987192154
0.682333886623
0.679743170738
0.676991820335
0.6779910326
0.678544700146
0.681333720684
0.680670261383
0.68078571558
0.679621398449
0.680989325047
0.6763022542
0.679454624653
0.676651895046
0.682721972466
0.680770218372
0.676804542542
0.67747426033
0.679556488991
0.672994792461
0.68146944046
0.678371906281
0.680517435074
0.678161382675
0.680713653564
0.679433226585
0.679444849491
0.678529322147
0.676206290722
0.677790105343
0.684301733971
0.680682957172
0.676995575428
0.67794251442
0.674127340317
0.677609205246
0.679128050804
0.68123793602
0.675256490707
0.676909685135
0.674766719341
0.678293526173
0.678684949875
0.673964738846
0.678286015987
0.676757514477
0.672065377235
0.670687913895
0.674294650555
0.676071703434
0.676622211933
0.676292836666
0.673061549664
0.674561858177
0.666502118111
0.675039231777
0.675999403
0.672982692719
0.683897018433
0.669721961021
0.670884430408
0.67307215929
0.676936388016
0.678295910358
0.671035885811
0.669301450253
0.669809639454
0.672853291035
0.67155867815
0.670730948448
0.670484721661
0.67499434948
0.678848803043
0.671812772751
0.669725239277
0.664751589298
0.671381831169
0.669395923615
0.668587386608
0.672026455402
0.675456881523
0.670598745346
0.667578399181
0.669756710529
0.669175446033
0.674110651016
0.67538022995
0.673253178596
0.677253246307
0.67271476984
0.678363621235
0.67093026638
0.669911623001
0.669505476952
0.666081726551
0.667059421539
0.666979670525
0.669979214668
0.665449798107
0.670248329639
0.67584502697
0.666903018951
0.659287035465
0.670587778091
0.667507767677
0.670230984688
0.667693257332
0.666112542152
0.670614182949
0.65891546011
0.659085333347
0.666815578938
0.667443931103
0.665675401688
0.666433632374
0.665235042572
0.674820899963
0.666072189808
0.65989780426
0.670152187347
0.668980300426
0.678535819054
0.667722225189
0.66829419136
0.662530660629
0.661991894245
0.654918313026
0.662895858288
0.671078801155
0.666875481606
0.662828683853
0.662390530109
0.666771113873
0.665409564972
0.660617589951
0.661708950996
0.669563472271
0.658587038517
0.669161021709
0.665385186672
0.663089632988
0.665367305279
0.663110971451
0.663851857185
0.660988688469
0.664187371731
0.665159642696
0.657903909683
0.663232028484
0.663725495338
0.673466026783
0.657060861588
0.667826414108
0.661596536636
0.666544258595
0.660907030106
0.660519182682
0.656387865543
0.656546890736
0.662006080151
0.666189491749
0.666868627071
0.662146270275
0.66558599472
0.660359144211
0.665821969509
0.659725964069
0.656327724457
0.662861049175
0.660341858864
0.649491786957
0.660927951336
0.65533298254
0.672051727772
0.667274534702
0.652514219284
0.661996841431
0.661047041416
0.659917473793
0.661408364773
0.64493304491
0.672154724598
0.666004180908
0.656747043133
0.65286141634
0.660832822323
0.669482588768
0.654174268246
0.647080123425
0.656198322773
0.653380692005
0.657748162746
0.657834112644
0.655029177666
0.666636705399
0.656635940075
0.652640163898
0.664618194103
0.663817644119
0.653167009354
0.653343439102
0.662307679653
0.647333800793
0.650049746037
0.640818059444
0.66092723608
0.643962264061
0.643491208553
0.658349692822
0.649905741215
0.64718568325
0.648989439011
0.658509612083
0.645418465137
0.658926486969
0.649512767792
0.658233344555
0.647410929203
0.648689389229
0.651388764381
0.651014387608
0.654776155949
0.650818586349
0.647932827473
0.643024265766
0.65195786953
0.643867611885
0.64114099741
0.638234674931
0.633561313152
0.641069829464
0.646882593632
0.64691221714
0.640768706799
0.646436452866
0.643123567104
0.64211589098
0.646736860275
0.634356439114
0.638315796852
0.643092155457
0.665149986744
0.648005366325
0.650941133499
0.63886398077
0.640889286995
0.644006431103
0.655538260937
0.633117377758
0.646032273769
0.637499690056
0.649840593338
0.65372300148
0.651979386806
0.654022634029
0.639256000519
0.660000562668
0.643044948578
0.655054628849
0.644411683083
0.64541476965
0.648675382137
0.651475846767
0.640329778194
0.638029575348
0.641952514648
0.668282330036
0.647536873817
0.636445522308
0.639076054096
0.637351572514
0.640037953854
0.65182954073
0.651829242706
0.647204816341
0.634760916233
0.633381187916
0.640373110771
0.639948308468
0.647108852863
0.63346272707
0.627890825272
0.63860309124
0.645624816418
0.636693418026
0.650845587254
0.645013272762
0.643943250179
0.627065837383
0.625395834446
0.648281574249
0.650975286961
0.644751369953
0.631909489632
0.643010735512
0.654417693615
0.630990386009
0.639046728611
0.624454677105
0.638326525688
0.644591093063
0.641334056854
0.624582350254
0.629477381706
0.619105875492
0.625849485397
0.634398400784
0.628679096699
0.632409214973
0.645597755909
0.644261717796
0.629802823067
0.640650212765
0.642786860466
0.620695233345
0.648505449295
0.640424132347
0.630251228809
0.646268606186
0.621208488941
0.638482570648
0.61889487505
0.631072580814
0.636381447315
0.643455266953
0.645142436028
0.638327538967
0.645229935646
0.633673667908
0.628677427769
0.642053723335
0.647716522217
0.641632914543
0.646584033966
0.639565348625
0.634177744389
0.650896012783
0.641825318336
0.619505226612
0.62858569622
0.616803765297
0.63461124897
0.644252121449
0.640832841396
0.638461351395
0.652987718582
0.624147236347
0.639935612679
0.633657634258
0.641446173191
0.643772900105
0.652604699135
0.621828377247
0.645959019661
0.635089099407
0.637172222137
0.642401337624
0.646136045456
0.625739872456
0.639403998852
0.647147893906
0.626025319099
0.643880724907
0.624673545361
0.644723832607
0.651329576969
0.636848390102
0.64931088686
0.63758212328
0.622941553593
0.634332597256
0.63593506813
0.647992551327
0.632937073708
0.638673067093
0.64643239975
0.627220034599
0.64597183466
0.619484007359
0.641028702259
0.633436918259
0.62146294117
0.623953163624
0.62850445509
0.626795709133
0.640657961369
0.64332395792
0.645707726479
0.651128947735
0.625423252583
0.63407355547
0.630811274052
0.632300972939
0.648010551929
0.624881803989
0.642248928547
0.63027715683
0.658781945705
0.624939262867
0.638240456581
0.643835961819
0.603933513165
0.636593282223
0.628581523895
0.620776057243
0.612040579319
0.643340170383
0.635757684708
0.643105328083
0.610976457596
0.614649355412
0.647261738777
0.623817324638
0.613534748554
0.635260283947
0.65074878931
0.618539631367
0.635968565941
0.631644964218
0.617531836033
0.633855164051
0.633044421673
0.620056986809
0.631889104843
0.625439167023
0.636971831322
0.612543642521
0.636099755764
0.622613608837
0.622645139694
0.620335280895
0.622059881687
0.618005692959
0.630726575851
0.616773486137
0.640445768833
0.639780580997
0.633988916874
0.611480414867
0.635204255581
0.630445659161
0.635338902473
0.642564296722
0.632702469826
0.626887381077
0.609448850155
0.638733804226
0.625545144081
0.652569413185
0.639589905739
0.61759698391
0.612994015217
0.610834479332
0.633207440376
0.62087726593
0.650424659252
0.617858588696
0.645873010159
0.617367744446
0.654493629932
0.62668889761
0.631497740746
0.650999069214
0.610758662224
0.596655547619
0.647792160511
0.638091027737
0.624237835407
0.61418235302
0.645560741425
0.647785305977
0.625459551811
0.627017974854
0.629259049892
0.636225283146
0.628678798676
0.644742071629
0.64262086153
0.626039803028
0.615354478359
0.636345922947
0.634632229805
0.620994031429
0.616779386997
0.605195343494
0.616116642952
0.628831148148
0.61211502552
0.613309264183
0.623036980629
0.633998513222
0.611107885838
0.638522863388
0.628374874592
0.629645824432
0.613205015659
0.625025331974
0.631484687328
0.635548532009
0.623634815216
0.640788018703
0.631244540215
0.632058739662
0.631214916706
0.63514983654
0.621319651604
0.638409137726
0.623789131641
0.621656417847
0.626561880112
0.611978828907
0.62888777256
0.649206995964
0.619143426418
0.64052927494
0.642383098602
0.627401232719
0.621836602688
0.623537182808
0.606497049332
0.641926109791
0.629608273506
0.624125182629
0.622498512268
0.618739306927
0.640878677368
0.632661640644
0.6112434268
0.641093194485
0.638668596745
0.618164002895
0.599173128605
0.623766243458
0.638103365898
0.625208258629
0.614639639854
0.616344571114
0.636310875416
0.641831099987
0.609762251377
0.620572209358
0.613822579384
0.621933102608
0.635027468204
0.622441649437
0.625134408474
0.62540358305
0.61525952816
0.623745024204
0.613931596279
0.62571066618
0.630717933178
0.617434024811
0.626574575901
0.626443207264
0.631978690624
0.59688347578
0.622282385826
0.622785329819
0.618884444237
0.610684931278
0.634497225285
0.624497592449
0.630888462067
0.627045571804
0.621096909046
0.624185264111
0.608805656433
0.627059578896
0.626308143139
0.616195678711
0.621303737164
0.64570069313
0.620011329651
0.629128932953
0.609932005405
0.626922309399
0.634273052216
0.627595901489
0.637543976307
0.621808409691
0.623677015305
0.62816286087
0.636854767799
0.626263856888
0.628961801529
0.613967776299
0.625353991985
0.607494950294
0.630422532558
0.622054874897
0.627801835537
0.647164523602
0.638032019138
0.639430642128
0.629021942616
0.63336789608
0.631743431091
0.618545949459
0.621435880661
0.605315089226
0.658999562263
0.619911491871
0.634835958481
0.622840344906
0.64976477623
0.624205231667
0.63460111618
0.643180072308
0.622332632542
0.63113707304
0.617114067078
0.632578194141
0.622595310211
0.61040854454
0.614885568619
0.616883337498
0.627156019211
0.629760146141
0.597721993923
0.619824171066
0.618214845657
0.621001183987
0.638866662979
0.628697216511
0.631724894047
0.631547868252
0.630040705204
0.626389086246
0.617289662361
0.618384599686
0.624964892864
0.624218821526
0.629136383533
0.602347970009
0.615176439285
0.631135344505
0.618218779564
0.634752511978
0.625013232231
0.627433300018
0.617963075638
0.644612371922
0.625782907009
0.620869457722
0.621184170246
0.615875482559
0.621188640594
0.651488661766
0.627787351608
0.617905259132
0.642875552177
0.636138379574
0.632863044739
0.637342870235
0.648644268513
0.64565461874
0.639884710312
0.634747028351
0.643846333027
0.632846057415
0.635385632515
0.630923509598
0.622421324253
0.642015755177
0.602431297302
0.619806408882
0.615007162094
0.63688147068
0.629019975662
0.642555654049
