0.694362521172
0.693012654781
0.691780507565
0.69100767374
0.690463781357
0.689825296402
0.689053297043
0.688629567623
0.686409533024
0.684938371181
0.682576835155
0.682761907578
0.678564310074
0.676317632198
0.675748348236
0.666859328747
0.66327136755
0.655113637447
0.654318392277
0.643243730068
0.640477478504
0.630238890648
0.617026507854
0.617545723915
0.597397744656
0.588030397892
0.587783694267
0.570402085781
0.567805230618
0.54996496439
0.555284023285
0.540005326271
0.520159423351
0.500327527523
0.509266912937
0.480260699987
0.499125868082
0.454981386662
0.453338325024
0.438267737627
0.431547433138
0.398152351379
0.399862706661
0.376234650612
0.393390566111
0.36113974452
0.376206487417
0.329965949059
0.312184512615
0.321741551161
0.296416163445
0.302552878857
0.283711194992
0.282534301281
0.267567813396
0.253104388714
0.25844553113
0.230322465301
0.219083458185
0.219749480486
0.202577546239
0.204951688647
0.179931566119
0.17604252696
0.214488521218
0.168667495251
0.171945884824
0.190179780126
0.13419149816
0.132209643722
0.13248410821
0.138461172581
0.113235987723
0.15158303082
0.126822799444
0.0810722336173
0.0799792036414
0.0875102877617
0.118378050625
0.121415503323
0.146922796965
0.0524228550494
0.0708233639598
0.103636205196
0.115216247737
0.127013087273
0.0652625858784
0.0725489333272
0.0677439048886
0.101745866239
0.0692488104105
0.112046331167
0.0552695207298
0.0688175186515
0.0792945027351
0.0644892081618
0.0644709840417
0.0807323530316
0.071717351675
0.0766776427627
