0.691474676132
0.691436171532
0.683746993542
0.680735051632
0.681609690189
0.678136706352
0.682961165905
0.679038584232
0.668096840382
0.670404851437
0.657343924046
0.660723030567
0.646039366722
0.650447547436
0.644086003304
0.656351685524
0.651144206524
0.621837973595
0.632751405239
0.643449187279
0.597408771515
0.636017084122
0.622039377689
0.616704702377
0.623984515667
0.60684132576
0.602544188499
0.623454749584
0.636245429516
0.610944926739
0.608814716339
0.603316366673
0.594522297382
0.607257843018
0.60388469696
0.623238265514
0.599929094315
0.607740223408
0.608249008656
0.623938798904
0.583164036274
0.595493972301
0.589787721634
0.605118453503
0.588520169258
0.602598488331
0.640437602997
0.586585879326
0.603957772255
0.566651701927
0.609103560448
0.611581802368
0.604641258717
0.589254617691
0.585681200027
0.592659115791
0.595644176006
0.569985210896
0.590964734554
0.598621308804
0.591864466667
0.584065198898
0.581024467945
0.587080061436
0.595282495022
0.609291136265
0.576050698757
0.566579759121
0.611185073853
0.602216541767
0.573080956936
0.576024115086
0.580158948898
0.635896265507
0.588623166084
0.584448337555
0.641212522984
0.573431968689
0.603977501392
0.553447842598
0.573171079159
0.602218806744
0.599741518497
0.569535553455
0.587637782097
0.591906785965
0.576763629913
0.544866144657
0.625365078449
0.582445502281
0.621306061745
0.589938223362
0.561102509499
0.603691458702
0.610345304012
0.595838010311
0.587070465088
0.576705873013
0.604986965656
0.602684140205
0.593976557255
0.586669445038
0.606299817562
0.598036706448
0.582010924816
0.584496378899
0.586446642876
0.596920132637
0.60059428215
0.579299986362
0.586905300617
0.567900419235
0.566378355026
0.557119131088
0.59476006031
0.56171309948
0.562421262264
0.569046676159
0.592398583889
0.591577708721
0.600930273533
0.585309386253
0.590708255768
0.592300951481
0.590936183929
0.57949835062
0.588221728802
0.580417394638
0.580941975117
0.578801453114
0.584505915642
0.607337713242
0.616444826126
0.625782430172
0.572979986668
0.585784852505
0.573372244835
0.595372736454
0.568437218666
0.566697061062
0.591893255711
0.558799207211
0.613808810711
0.566280186176
0.56574100256
0.635568976402
0.56350684166
0.579716324806
0.571276426315
0.599148571491
0.576925516129
0.596386432648
0.606318712234
0.581922411919
0.597966849804
0.562671542168
0.592335999012
0.576093554497
0.558889389038
0.590925991535
0.596635878086
0.588566541672
0.579943418503
0.594874024391
0.562080144882
0.546700537205
0.563154816628
0.591366052628
0.589930593967
0.563812851906
0.601383984089
0.595268905163
0.587523043156
0.551349341869
0.592875063419
0.614515125751
0.571843802929
0.595895111561
0.589807748795
0.568609476089
0.578443586826
0.584304630756
0.597719669342
0.558643817902
0.576311409473
0.535161137581
0.564568161964
0.568798482418
0.567062020302
0.554838359356
0.545561432838
0.550665378571
0.525994777679
0.539835870266
0.560149908066
0.550993144512
0.546594560146
0.574934184551
0.593718826771
0.559017002583
0.601683020592
0.569835066795
0.584805011749
0.56847435236
0.571261465549
0.576945602894
0.552886784077
0.577194750309
0.586383163929
0.574874937534
0.555325746536
0.547968447208
0.610071718693
0.585521817207
0.546260356903
0.569708824158
0.590881884098
0.578902423382
0.576944053173
0.573193967342
0.552975296974
0.553810238838
0.555366456509
0.556569576263
0.582585096359
0.5301014781
0.572004556656
0.583658397198
0.591297507286
0.559736967087
0.552488327026
0.574380517006
0.533091127872
0.563952863216
0.547064840794
0.542440891266
0.60090136528
0.549279689789
0.558258473873
0.527271270752
0.572453141212
0.579975903034
0.525849401951
0.563252806664
0.551137089729
0.557887554169
0.599460482597
0.592935085297
0.544292867184
0.563513278961
0.497017025948
0.585188984871
0.55903840065
0.605521798134
0.561580657959
0.610513210297
0.572554886341
0.567174494267
0.549294412136
0.555999040604
0.575303971767
0.543349504471
0.551415801048
0.568427920341
0.594628810883
0.578563809395
0.554880440235
0.558511137962
0.595205903053
0.566672980785
0.56218123436
0.551597356796
0.584884524345
0.574070513248
0.595767974854
0.547302663326
0.556131184101
0.56173068285
0.557737231255
0.529836893082
0.556954264641
0.531521856785
0.558240830898
0.548331022263
0.542396187782
0.573499679565
0.559289991856
0.517054855824
0.575160264969
0.540974736214
0.558935582638
0.590823948383
0.572278380394
0.539937138557
0.562972664833
0.569959640503
0.585107862949
0.581283628941
0.563296616077
0.556019842625
0.566304624081
0.528259336948
0.535853922367
0.52153968811
0.563741028309
0.566914319992
0.557324826717
0.564478993416
0.57714086771
0.571903407574
0.536121249199
0.56127512455
0.544845044613
0.615348815918
0.567812860012
0.579032540321
0.576526045799
0.555994868279
0.578730881214
0.551382482052
0.54861086607
0.520743072033
0.577940583229
0.574087500572
0.550010800362
0.596488654613
0.548518538475
0.52530580759
0.549675524235
0.574582159519
0.532447993755
0.573764383793
0.542460799217
0.553236186504
0.542620301247
0.576329767704
0.528124690056
0.549715280533
0.551484882832
0.573123335838
0.598823666573
0.529595136642
0.542326927185
0.576451957226
0.534754633904
0.541366040707
0.550664186478
0.550581991673
0.497750848532
0.558559417725
0.525052785873
0.559715628624
0.511141240597
0.573088765144
0.585589647293
0.563331842422
0.530318439007
0.557725548744
0.578860461712
0.535773158073
0.524454295635
0.556140124798
0.534397721291
0.533814668655
0.546411573887
0.571796178818
0.537606358528
0.53631478548
0.570374131203
0.564236581326
0.561503589153
0.535288095474
0.559419512749
0.552629828453
0.575792729855
0.552189290524
0.558879613876
0.580836296082
0.576895356178
0.521161496639
0.555593311787
0.532777011395
0.54667532444
0.55404561758
0.537482857704
0.521641731262
0.576331317425
0.55516821146
0.590784311295
0.541033327579
0.55851149559
0.550703525543
0.551917493343
0.554960727692
0.570988059044
0.546522796154
0.543068349361
0.562920629978
0.55419164896
0.588187992573
0.57529604435
0.540236890316
0.532637536526
0.536619186401
0.539038538933
0.524939954281
0.530046343803
0.553970098495
0.587541103363
0.574964284897
0.553242444992
0.529972791672
0.534939527512
0.546682715416
0.533069610596
0.518999040127
0.538096725941
0.518620491028
0.510570526123
0.567286789417
0.576957941055
0.574992537498
0.553800225258
0.536374151707
0.560568392277
0.534018814564
0.568395018578
0.536090373993
0.57197368145
0.53881084919
0.567149698734
0.569241940975
0.56546908617
0.514165341854
0.553493976593
0.552912950516
0.533012390137
0.530263006687
0.541076004505
0.567084431648
0.539441764355
0.540288984776
0.499866247177
0.539436638355
0.545930802822
0.591599464417
0.537049651146
0.53210401535
0.550107419491
0.553937077522
0.585754096508
0.571085214615
0.565673172474
0.532938182354
0.575954318047
0.575191020966
0.536826491356
0.626181185246
0.551048517227
0.57834738493
0.550512850285
0.557393431664
0.518758356571
0.570762217045
0.557302951813
0.547299802303
0.573084652424
0.552017748356
0.554002165794
0.52520686388
0.582168459892
0.552703857422
0.551255106926
0.518243610859
0.553647458553
0.586019396782
0.571409881115
0.515353441238
0.580891370773
0.591243684292
0.505319833755
0.521475255489
0.576558947563
0.546409666538
0.555434346199
0.559919655323
0.532125174999
0.563984811306
0.553560197353
0.53010058403
0.54634898901
0.570625901222
0.502372264862
0.518097043037
0.519939720631
0.576145410538
0.514079093933
0.591219484806
0.58263027668
0.543404102325
0.527088701725
0.516172170639
0.527544438839
0.547358751297
0.567203521729
0.55489975214
0.526867985725
0.548509299755
0.560191810131
0.530348479748
0.570309519768
0.536021351814
0.55901569128
0.514187216759
0.560231924057
0.546978533268
0.585800230503
0.551337182522
0.50818002224
0.542745351791
0.570849239826
0.555237531662
0.521795511246
0.515672326088
0.531037211418
0.553131520748
0.556878089905
0.566026508808
0.563283324242
0.543585658073
0.52322691679
0.594474434853
0.579246282578
0.527295529842
0.533803164959
0.570672035217
0.53989315033
0.524852156639
0.524724543095
0.535306632519
0.550781607628
0.556400358677
0.52051204443
0.506288051605
0.51188236475
0.5278891325
0.534784078598
0.571845412254
0.534222245216
0.579349339008
0.538028717041
0.540476977825
0.543473005295
0.571702480316
0.548607826233
0.524889886379
0.56203854084
0.506575107574
0.535859763622
0.528283536434
0.536197602749
0.591231286526
0.557715117931
0.538967013359
0.561915576458
0.549310207367
0.57517683506
0.573191285133
0.548638641834
0.551011800766
0.514514625072
0.544741511345
0.539558827877
0.581120967865
0.513754487038
0.538219809532
0.564510166645
0.506223261356
0.530764222145
0.559260845184
0.546044647694
0.519770681858
0.561553537846
0.536250770092
0.527688324451
0.553545534611
0.534440159798
0.522157907486
0.517672240734
0.5702663064
0.526037812233
0.552009999752
0.524868071079
0.593191981316
0.577515900135
0.571419298649
0.531249761581
0.546438455582
0.559352874756
0.526285707951
0.567772448063
0.536645889282
0.566538572311
0.563530683517
0.538732290268
0.518713891506
0.511289179325
0.560425162315
0.531794786453
0.564351856709
0.552506744862
0.54090410471
0.54539090395
0.536137938499
0.573612630367
0.550243616104
0.495579302311
0.534720420837
0.565953791142
0.564303100109
0.523593783379
0.595973670483
0.570576131344
0.614693403244
0.546870470047
0.545479059219
0.584902048111
0.531852900982
0.532381057739
0.547913014889
0.563379883766
0.524417161942
0.542259335518
0.534127354622
0.524931430817
0.519036233425
0.518748939037
0.511009335518
0.540003657341
0.539810240269
0.54434555769
0.567387998104
0.572018027306
0.569133043289
0.531498432159
0.568680644035
0.536359786987
0.530379593372
0.540379881859
0.532855331898
0.531703710556
0.573074936867
0.541365623474
0.571412801743
0.500386655331
0.561205983162
0.553495109081
0.557320952415
0.563546299934
0.524295926094
0.560150980949
0.569933533669
0.521942198277
0.547524452209
0.585018455982
0.543953001499
0.541187882423
0.533329248428
0.542798817158
0.550063431263
0.543730676174
0.536312282085
0.596143484116
0.529467344284
0.556519091129
0.530061542988
0.540101826191
0.526571035385
0.551681935787
0.589999258518
0.541442871094
0.542472243309
0.531166791916
0.553870737553
0.520583450794
0.504418313503
0.609104633331
0.561981320381
0.551205694675
0.558147609234
0.543124973774
0.521018922329
0.540583491325
0.573271870613
0.554755985737
0.552102446556
0.541323900223
0.559310376644
0.522845625877
0.586356163025
0.53983014822
0.524445712566
0.535774171352
0.494896888733
0.547441244125
0.550080358982
0.535784900188
0.558249652386
0.558031380177
0.539310395718
0.55136269331
0.542172849178
0.560894668102
0.565690457821
0.514161288738
0.552572011948
0.513027667999
0.514486610889
0.544453680515
0.600963890553
0.526832222939
0.534270584583
0.578868806362
0.534422397614
0.531181752682
0.572021663189
0.512424528599
0.591544628143
0.565984725952
0.532525718212
0.562362551689
0.53126257658
0.533263325691
0.570250213146
0.547324359417
0.56352943182
0.55425632
0.52964413166
0.563529312611
0.566773474216
0.540102005005
0.57752352953
0.570878386497
0.517793297768
0.517558574677
0.545636534691
0.547303676605
0.565541028976
0.589043140411
0.539475023746
0.56535577774
0.528205752373
0.544700980186
0.517629504204
0.528095006943
0.551815927029
0.51698076725
0.555098235607
0.561245977879
0.477141976357
0.55391150713
0.559708833694
0.573139667511
0.53386592865
0.554328501225
0.553378283978
0.487231820822
0.536618292332
0.522884309292
0.583158254623
0.582633674145
0.555374383926
0.540731906891
0.553447782993
0.57172781229
0.55209928751
0.552960991859
0.542803525925
0.580293774605
0.568290948868
0.555777490139
0.526944279671
0.569704890251
0.594160139561
0.527532160282
0.548775434494
0.566684007645
0.545032083988
0.520727455616
0.552880525589
0.540056824684
0.516650855541
0.570084452629
0.532641172409
0.561933577061
0.583247840405
0.523488581181
0.522974967957
0.537481844425
0.534243762493
0.564301431179
0.532736003399
0.542656540871
0.565981149673
0.564294040203
0.532306849957
0.547194600105
0.551380753517
0.538342297077
0.530770301819
0.539903581142
0.520893514156
0.554922282696
0.581364870071
0.582934439182
0.548319280148
0.491044014692
0.545173346996
0.52736055851
0.582146763802
0.583753824234
0.556345522404
0.54975694418
0.538120746613
0.543007731438
0.513618052006
0.571968793869
0.536279082298
0.556580901146
0.520983815193
0.542536616325
0.531509697437
0.557381629944
0.587690114975
0.540215969086
0.536150813103
0.54878783226
0.53626781702
0.526415109634
0.593085289001
0.559425890446
0.573076963425
0.559645116329
0.549372315407
0.525002777576
0.507773220539
0.556878864765
0.534137010574
0.55805015564
0.512385010719
0.523754000664
0.569124996662
0.584013342857
0.525778591633
0.541439175606
0.521294116974
0.574655532837
0.562482655048
0.564188480377
0.530230462551
0.541139125824
0.544488728046
0.516270875931
0.520145654678
0.555711448193
0.57646292448
0.512738227844
0.532157838345
0.564344108105
0.545822441578
0.555805981159
0.571439921856
0.569474756718
0.549942374229
0.542359948158
0.550150156021
0.535815656185
0.546445608139
0.558410227299
0.557989418507
0.59051412344
0.578351080418
0.551795721054
0.533689558506
0.576498806477
0.56346809864
0.526779413223
0.562112152576
0.524498581886
0.601475119591
0.558902323246
0.57287466526
0.517471015453
0.538233816624
0.534711182117
0.549407958984
0.523707687855
0.549985706806
0.529704272747
0.527171015739
0.547312498093
0.551683843136
0.562776267529
0.567986667156
0.525632321835
0.555678665638
0.543293178082
0.541164815426
0.553422152996
0.545577049255
0.565752327442
0.539527535439
0.533913910389
0.512240469456
0.552742660046
0.579036295414
0.544189870358
0.530317187309
0.549619019032
0.537337124348
0.505135238171
0.559149384499
0.528657913208
0.517288923264
0.527490258217
0.575879752636
0.549519479275
0.537836432457
0.557559788227
0.555336296558
0.529373645782
0.587521791458
0.513559281826
0.566185534
0.558064877987
0.515660762787
0.538988292217
0.5589864254
0.56853890419
0.5571205616
0.558476805687
0.57559376955
0.563539624214
0.563127875328
0.502871870995
0.546169102192
0.546326398849
0.549747288227
0.525847911835
0.548366606236
0.58072245121
0.524708688259
0.570580124855
0.525885224342
0.525582134724
0.536265552044
0.540595889091
0.537525773048
0.52836805582
0.529273211956
0.587055265903
0.523853838444
0.538832008839
0.528815150261
0.551685631275
0.564621925354
0.511850595474
0.537974894047
0.506934762001
0.564442098141
0.564935803413
0.551791369915
0.582894980907
0.582105815411
0.576394915581
0.5485445261
0.588776707649
0.569368302822
0.553815424442
0.578015089035
0.530705273151
0.561789214611
0.538453280926
0.535029947758
0.540298759937
0.570152342319
0.556250333786
0.500314950943
0.565311610699
0.583811461926
0.54270607233
0.572889626026
0.528523027897
0.52043813467
0.551729440689
0.565180718899
0.531267464161
0.544131219387
0.546958267689
0.561002135277
