0.693157792091
0.692870974541
0.692352712154
0.691875994205
0.691383719444
0.690795302391
0.690118134022
0.689329862595
0.688396275043
0.687669932842
0.686473727226
0.685232758522
0.684247553349
0.682693481445
0.681179583073
0.679517030716
0.677630245686
0.676157295704
0.674329280853
0.672188222408
0.669606149197
0.668353736401
0.665777444839
0.663683474064
0.661174476147
0.659093856812
0.656724274158
0.653836786747
0.65145689249
0.648640394211
0.645727694035
0.643126428127
0.640451550484
0.636995911598
0.634099304676
0.63116556406
0.627753257751
0.6244571805
0.621542155743
0.61741566658
0.614599883556
0.610791563988
0.607630074024
0.603512227535
0.600069999695
0.595441281796
0.5923615098
0.588974356651
0.583687365055
0.578856766224
0.574541807175
0.571071743965
0.565986692905
0.562218666077
0.557326972485
0.552547335625
0.548271298409
0.541119635105
0.53813380003
0.533000349998
0.526790499687
0.523601591587
0.516487300396
0.512068212032
0.507498681545
0.501595377922
0.496981352568
0.491578549147
0.484172284603
0.479518681765
0.47268357873
0.467743068933
0.461267381907
0.456877470016
0.450460284948
0.444880872965
0.435839772224
0.43230047822
0.426325589418
0.419045269489
0.41311326623
0.408335536718
0.401119709015
0.396153599024
0.39140227437
0.383137851954
0.377697944641
0.370281994343
0.36218175292
0.354645222425
0.351325213909
0.344280004501
0.338211119175
0.331185281277
0.325064957142
0.319018781185
0.311907917261
0.308791190386
0.297609239817
0.297203540802
0.288470596075
0.284473180771
0.278669685125
0.270604074001
0.265847355127
0.259130567312
0.253905922174
0.248288482428
0.242254421115
0.236516401172
0.231381297112
0.227042347193
0.223531141877
0.218754783273
0.210602208972
0.206617221236
0.201518401504
0.196302875876
0.191388621926
0.186346307397
0.184174731374
0.176015302539
0.1728374511
0.16907081008
0.161215141416
0.15712916851
0.153336241841
0.149865821004
0.144699305296
0.143707811832
0.135793864727
0.133448213339
0.128474503756
0.129656717181
0.122506037354
0.121170088649
0.118253514171
0.112030141056
0.111506506801
0.10431805253
0.104966677725
0.0988943129778
0.0963822305202
0.0929763242602
0.089358240366
0.0900822356343
0.0847406461835
0.0849579796195
0.0819054767489
0.0774290412664
0.0765875577927
0.0739075094461
0.0715808197856
0.0691038817167
0.0661996603012
0.0656821355224
0.0618478953838
0.0610943548381
0.0579706132412
0.0557783581316
0.0549133531749
0.0534561909735
0.0525109171867
0.0498286634684
0.0479970760643
0.048985671252
0.0472761653364
0.0458270870149
0.0438406132162
0.0434859469533
0.0394975990057
0.0425310470164
0.0390565209091
0.0377166494727
0.0371798537672
0.0360197983682
0.0348015651107
0.0345786735415
0.0343267433345
0.0326762199402
0.030592545867
0.0314957536757
0.029617831111
0.028342815116
0.0279075894505
0.0276887342334
0.0272871553898
0.0261819027364
0.026594767347
0.0253818463534
0.0235956665128
0.0227927975357
0.023185795173
0.0226574204862
0.0218743626028
0.0216711424291
0.0214664433151
0.0210427939892
0.0196486990899
0.0204288326204
0.0201186630875
0.0188132468611
0.0184367485344
0.0192020200193
0.0185673814267
0.0177611727268
0.0170535650104
0.0164723414928
0.0152986925095
0.0168845467269
0.0152244009078
0.0144889969379
0.015084062703
0.0142431268468
0.0143715785816
0.0134838763624
0.0139410085976
0.0134386019781
0.0138553502038
0.0139176389202
0.0119403330609
0.0130209578201
0.0127945598215
0.0118325324729
0.0106468573213
0.0120314741507
0.0112985474989
0.0110665848479
0.0110110994428
0.0106484144926
0.0115741146728
0.0112449601293
0.0109105817974
0.0102919396013
0.010339114815
0.0102726519108
0.0105656823143
0.0103871133178
0.0108306910843
0.00953385047615
0.00990770384669
0.00938341580331
0.00874808896333
0.0094450796023
0.00890504941344
0.00915563851595
0.00899822078645
0.00893748458475
0.00929693784565
0.00984402373433
0.00956832338125
0.00909149553627
0.0095595959574
0.00897570233792
0.00931664928794
0.00905768945813
0.00907921139151
0.00932714343071
0.00965446885675
0.00911306310445
0.00866267643869
0.00930909626186
0.00888629257679
0.00885935220867
0.00917783007026
0.00936336908489
0.00898167025298
0.00881861057132
0.00846719183028
0.00909127295017
0.0091159734875
0.00926159787923
0.00940840039402
0.00938180927187
0.00904956180602
0.00869578495622
0.00888988003135
0.00867349561304
0.00891340151429
0.00883493665606
0.00838788505644
0.00883187819272
0.00832937564701
0.00883474014699
0.00850771926343
0.00881597492844
0.0094501953572
0.00863507203758
0.00848754867911
0.0084283715114
0.00900162849575
0.0093266768381
0.00894613284618
0.00962749123573
0.00826442521065
0.00839750096202
0.00868573319167
0.00845576822758
0.00867776665837
0.00865827314556
