0.690315306187
0.690474033356
0.687987446785
0.689182460308
0.687389969826
0.684037268162
0.686774253845
0.68234193325
0.680712044239
0.674799025059
0.676745176315
0.67166852951
0.678924620152
0.676261246204
0.673640012741
0.662662804127
0.659697532654
0.675449192524
0.664045214653
0.655375123024
0.656758725643
0.65207362175
0.654499769211
0.642990410328
0.646522462368
0.650340020657
0.656453669071
0.639269053936
0.634689092636
0.631088614464
0.634937882423
0.63143736124
0.621418356895
0.650683522224
0.62010872364
0.62304008007
0.63984054327
0.642746806145
0.636416494846
0.62287312746
0.627677500248
0.63430583477
0.631593704224
0.634721875191
0.628942728043
0.631024897099
0.617006480694
0.623389482498
0.624175786972
0.625493168831
0.633994281292
0.629884123802
0.613332092762
0.601318955421
0.649596273899
0.608656525612
0.612072467804
0.620639026165
0.617402076721
0.605815768242
0.626882791519
0.623351573944
0.62204182148
0.60636985302
0.612251162529
0.58994525671
0.600966691971
0.598755419254
0.620724141598
0.609412193298
0.618495583534
0.607614338398
0.61234152317
0.607467412949
0.593055903912
0.596019923687
0.588665187359
0.590046107769
0.607232928276
0.601054251194
0.610158383846
0.618350863457
0.604418039322
0.60090982914
0.597221791744
0.594529747963
0.591768801212
0.579235196114
0.610371410847
0.606178045273
0.596372246742
0.598842799664
0.610442817211
0.600754976273
0.578741729259
0.597491204739
0.583313882351
0.593501329422
0.56698679924
0.588280081749
0.590739905834
0.571721315384
0.590395987034
0.566013634205
0.576548874378
0.563114762306
0.566247880459
0.558896958828
0.59559071064
0.588324189186
0.626362740993
0.579061686993
0.605193793774
0.579519093037
0.593545913696
0.561492919922
0.58993023634
0.584062755108
0.60035264492
0.598618268967
0.567719697952
0.555266320705
0.579128980637
0.577899813652
0.563061654568
0.577008068562
0.577860474586
0.570995032787
0.599386751652
0.593321979046
0.579286336899
0.615456104279
0.598868608475
0.594843029976
0.580971181393
0.579387784004
0.56740552187
0.584210634232
0.596577107906
0.564584612846
0.563619911671
0.560413956642
0.559512972832
0.542130947113
0.532317399979
0.578916430473
0.57513409853
0.564787328243
0.554675519466
0.5597692132
0.577206552029
0.570725679398
0.549921631813
0.572885632515
0.562158703804
0.591465830803
0.540555715561
0.527928590775
0.591046154499
0.539626657963
0.574027001858
0.574960231781
0.582266807556
0.554806232452
0.523038387299
0.562928855419
0.538684844971
0.550229251385
0.553774297237
0.542779862881
0.589401006699
0.542568087578
0.517376720905
0.574133038521
0.526623487473
0.569992303848
0.575014770031
0.547373533249
0.544137775898
0.570719599724
0.538134753704
0.551756262779
0.566707134247
0.582012176514
0.58323776722
0.548243939877
0.59163492918
0.580806851387
0.560157954693
0.532989025116
0.553386926651
0.553614318371
0.539721727371
0.572118163109
0.546494483948
0.5549441576
0.584789872169
0.523478448391
0.60201382637
0.551078081131
0.546097815037
0.561357200146
0.524851381779
0.544132530689
0.524987876415
0.528890728951
0.535523116589
0.562339305878
0.508223354816
0.539445161819
0.546866834164
0.539013683796
0.505515992641
0.537761151791
0.535934507847
0.53822696209
0.547276735306
0.497030973434
0.551511108875
0.565562009811
0.524423539639
0.533416867256
0.558922052383
0.554608762264
0.561087608337
0.547768294811
0.519973278046
0.546327531338
0.550992250443
0.549872994423
0.542308807373
0.524452149868
0.565205454826
0.567630767822
0.542526125908
0.511894643307
0.526152014732
0.556648254395
0.534568250179
0.529535531998
0.568085491657
0.584530591965
0.52679091692
0.569122135639
0.548491299152
0.563362360001
0.536259293556
0.50198328495
0.565093278885
0.53236746788
0.524488627911
0.559859037399
0.565030217171
0.548074603081
0.560825109482
0.524308621883
0.542721986771
0.571455061436
0.533491313457
0.575057923794
0.527773797512
0.521898686886
0.545597851276
0.573732078075
0.543362259865
0.528543114662
0.53344810009
0.500720918179
0.564244925976
0.496410936117
0.512613832951
0.521003305912
0.5468339324
0.536175847054
0.545086801052
0.558651089668
0.553403258324
0.519945263863
0.499193400145
0.539313912392
0.537931859493
0.525968909264
0.546705245972
0.504986643791
0.583178281784
0.527075886726
0.557162225246
0.528385639191
0.551608741283
0.538135826588
0.538942873478
0.510407269001
0.485357552767
0.535385370255
0.527891457081
0.514472603798
0.549892961979
0.503345251083
0.508515238762
0.528409183025
0.562462389469
0.520107805729
0.554918885231
0.525839149952
0.517717540264
0.544232606888
0.529378771782
0.525382339954
0.57728946209
0.494950056076
0.521002650261
0.534192085266
0.55935806036
0.513682723045
0.542940199375
0.497749209404
0.533455312252
0.504129052162
0.521243035793
0.548200368881
0.523370146751
0.530454516411
0.526398420334
0.520848989487
0.51155936718
0.526519536972
0.536243498325
0.554837822914
0.561746358871
0.525276303291
0.554479062557
0.510658979416
0.536434352398
0.531736850739
0.54543697834
0.521259486675
0.494490325451
0.547860145569
0.52427738905
0.513922572136
0.547172248363
0.568609178066
0.523339033127
0.529857337475
0.534503638744
0.516960084438
0.512302041054
0.520842194557
0.563766002655
0.520047128201
0.532151520252
0.511776387691
0.556992530823
0.54511743784
0.50243717432
0.522234082222
0.555582642555
0.552489638329
0.50692152977
0.490460991859
0.556964576244
0.566497981548
0.509983956814
0.498853981495
0.494845330715
0.538809239864
0.528587758541
0.496338695288
0.504210174084
0.532663583755
0.50103032589
0.53738874197
0.506750464439
0.551044940948
0.524147868156
0.56045383215
0.499339044094
0.513760924339
0.54799079895
0.49670919776
0.566594481468
0.525866866112
0.504739582539
0.508547663689
0.527444839478
0.543568968773
0.538920938969
0.475246012211
0.550068080425
0.553983449936
0.511392176151
0.510008633137
0.536766588688
0.499311506748
0.502727925777
0.547206699848
0.532008051872
0.527327120304
0.521432638168
0.495379239321
0.532974004745
0.572655558586
0.560185074806
0.534040153027
0.512573540211
0.523477375507
0.519425749779
0.523401319981
0.522350430489
0.523310124874
0.525825560093
0.525036096573
0.504297554493
0.54771476984
0.518067002296
0.54481869936
0.547255218029
0.532733440399
0.511150836945
0.544904887676
0.484222769737
0.519737303257
0.490806788206
0.523130357265
0.508173048496
0.534570872784
0.558366775513
0.536015868187
0.516359090805
0.520141065121
0.547592401505
0.532291591167
0.515665411949
0.497945010662
0.508900225163
0.517269253731
0.508165717125
0.531772851944
0.542387843132
0.497382670641
0.547308206558
0.545302808285
0.576680719852
0.534441888332
0.523561179638
0.535221576691
0.551464259624
0.520859479904
0.543391764164
0.505768835545
0.534244298935
0.538086295128
0.509182095528
0.519664883614
0.558685421944
0.50752055645
0.52276968956
0.520850300789
0.526081860065
0.517348408699
0.539753079414
0.547344326973
0.524296104908
0.557627916336
0.527148485184
0.529522538185
0.525641024113
0.548637211323
0.561247825623
0.554179787636
0.51381278038
0.500380635262
0.520403683186
0.541764616966
0.507059216499
0.524959743023
0.514602184296
0.509273409843
0.526700139046
0.53772354126
0.5040397048
0.492474526167
0.490533977747
0.536478042603
0.493188917637
0.54603689909
0.48779463768
0.554536759853
0.497598677874
0.555328786373
0.491448193789
0.51880979538
0.541256129742
0.552188277245
0.506843030453
0.543878436089
0.564786314964
0.521963119507
0.512049913406
0.514622628689
