0.693380832672
0.693082690239
0.689448833466
0.691276729107
0.689862906933
0.69129794836
0.692227482796
0.69117641449
0.690430700779
0.691726326942
0.69184756279
0.689839422703
0.692046403885
0.689611792564
0.691158413887
0.689105808735
0.691996216774
0.690200805664
0.68731290102
0.688957571983
0.690869390965
0.688834309578
0.689573168755
0.689999461174
0.688581943512
0.688517332077
0.690645515919
0.689392805099
0.690145075321
0.691244065762
0.690395593643
0.690463244915
0.688151836395
0.689175128937
0.690763175488
0.690418124199
0.688899636269
0.689081907272
0.687126338482
0.690340161324
0.688961327076
0.690836966038
0.689641356468
0.68783557415
0.689552843571
0.690667927265
0.687076151371
0.689398288727
0.68836325407
0.688112556934
0.687856972218
0.685123741627
0.688386559486
0.688248515129
0.686326563358
0.686715900898
0.687481820583
0.688798427582
0.685225784779
0.687153220177
0.68617027998
0.686498820782
0.685487031937
0.689624249935
0.688126027584
0.683295667171
0.687822759151
0.685175001621
0.686632037163
0.685750901699
0.686886847019
0.686592340469
0.684842467308
0.686070561409
0.684813320637
0.686612308025
0.687456667423
0.684648752213
0.690252661705
0.687473714352
0.684521913528
0.686235904694
0.687750637531
0.686997652054
0.687246203423
0.686328649521
0.687161624432
0.684358000755
0.68531703949
0.683969557285
0.684421002865
0.685852348804
0.685181498528
0.685365915298
0.682488322258
0.68655282259
0.685295522213
0.688023686409
0.682517766953
0.684439659119
0.684403896332
0.68482530117
0.686260640621
0.681586503983
0.680615484715
0.686174929142
0.680166423321
0.683335900307
0.682552814484
0.682064175606
0.682815670967
0.682686090469
0.681368052959
0.683249950409
0.684752762318
0.685442507267
0.683908820152
0.681076407433
0.683864414692
0.681626498699
0.682323873043
0.68376749754
0.681298553944
0.680776834488
0.679707288742
0.684401571751
0.680645704269
0.681009232998
0.679987549782
0.680751621723
0.679787635803
0.682505249977
0.684317827225
0.682949841022
0.680891215801
0.679989337921
0.682807803154
0.678369164467
0.684800803661
0.682382285595
0.680153548717
0.682412564754
0.682588398457
0.680654525757
0.681443572044
0.680568695068
0.679800391197
0.679327070713
0.677069604397
0.678904116154
0.677550137043
0.683022201061
0.68145865202
0.68025380373
0.679103970528
0.680076360703
0.679640769958
0.67897105217
0.676534950733
0.679569661617
0.679371774197
0.67579138279
0.678663671017
0.673739373684
0.680743873119
0.675355195999
0.677135705948
0.68132853508
0.67553538084
0.676289498806
0.675859689713
0.677585363388
0.675437152386
0.677111148834
0.677866995335
0.680358231068
0.675670027733
0.677697658539
0.679087102413
0.678196072578
0.676568508148
0.67389690876
0.677634954453
0.677661001682
0.6743080616
0.675135791302
0.678713262081
0.676137924194
0.675213456154
0.678451776505
0.67383402586
0.674377858639
0.677964806557
0.675666689873
0.674710631371
0.677445471287
0.675405085087
0.676108241081
0.673480510712
0.6747392416
0.672530472279
0.673566877842
0.673829555511
0.676516711712
0.680963873863
0.674690186977
0.674132943153
0.671065986156
0.675290584564
0.672849655151
0.670703411102
0.67735016346
0.67749106884
0.674254477024
0.675353944302
0.676115095615
0.672991871834
0.675093650818
0.672810077667
0.671845972538
0.675650298595
0.673719286919
0.67271476984
0.676057219505
0.675520718098
0.670178830624
0.674301564693
0.670367956161
0.672562777996
0.674394905567
0.669357836246
0.668351769447
0.674680531025
0.670831739902
0.675112962723
0.671263217926
0.668447256088
0.671900749207
0.67095386982
0.674864828587
0.668691635132
0.666413366795
0.669896245003
0.671097040176
0.671236813068
0.672114908695
0.673311650753
0.670781373978
0.669149756432
0.672344148159
0.668167233467
0.668120980263
0.669160842896
0.669777691364
0.66489636898
0.669706463814
0.66946041584
0.669061422348
0.665086686611
0.668807446957
0.666675150394
0.666530609131
0.666700780392
0.66538131237
0.668414592743
0.672783613205
0.668541312218
0.668701410294
0.66453576088
0.672425270081
0.668169021606
0.668309569359
0.66795861721
0.669293045998
0.666969418526
0.667528152466
0.67300260067
0.670267939568
0.669730365276
0.675097882748
0.666793584824
0.66930013895
0.66708034277
0.669515609741
0.668866574764
0.663537919521
0.671014547348
0.668095231056
0.664111793041
0.663599133492
0.665963470936
0.666263461113
0.660053670406
0.667996525764
0.667264044285
0.665260076523
0.667556524277
0.662000834942
0.667454779148
0.667823135853
0.663751900196
0.665596842766
0.66620349884
0.668355405331
0.664213478565
0.663111925125
0.663083255291
0.658553957939
0.663343429565
0.662561953068
0.661680698395
0.662043273449
0.660814404488
0.660766005516
0.664828121662
0.660893201828
0.664904654026
0.660037994385
0.658083438873
0.661295831203
0.657727658749
0.656692504883
0.657485663891
0.654776990414
0.661633551121
0.667239367962
0.658152222633
0.660468041897
0.662112772465
0.657115161419
0.663355886936
0.663379073143
0.659316956997
0.657637238503
0.663210809231
0.663943946362
0.665707826614
0.655540287495
0.664888262749
0.661792755127
0.655395627022
0.656336247921
0.656423807144
0.654879808426
0.661934256554
0.652154564857
0.663166105747
0.659056723118
0.660646855831
0.657436788082
0.658103108406
0.658446311951
0.657033383846
0.657803952694
0.65752863884
0.654610455036
0.659363687038
0.65623664856
0.650996446609
0.658687710762
0.654693722725
0.653757154942
0.6613073349
0.6553632617
0.655659615993
0.651550173759
0.650534570217
0.654263973236
0.654428720474
0.656968176365
0.657058656216
0.653992235661
0.652191758156
0.651095867157
0.65493875742
0.647384405136
0.649228870869
0.647683799267
0.649293005466
0.645223498344
0.647795081139
0.647233307362
0.646517276764
0.647837340832
0.654730975628
0.64772182703
0.654243648052
0.649493038654
0.64817070961
0.654669940472
0.649515151978
0.649925291538
0.644124925137
0.654253542423
0.65422898531
0.642207801342
0.646909713745
0.646131515503
0.65381538868
0.656284093857
0.64996945858
0.647217214108
0.649939537048
0.641960561275
0.64530402422
0.64845252037
0.65038561821
0.647198200226
0.646099627018
0.648106336594
0.652719438076
0.650938808918
0.639220535755
0.646847307682
0.648750066757
0.646030247211
0.65222966671
0.645347774029
0.644956469536
0.641611397266
0.643154084682
0.642145395279
0.637510478497
0.644409060478
0.648424446583
0.643067836761
0.645998775959
0.64351606369
0.64125919342
0.643455326557
0.642585039139
0.647850871086
0.636076152325
0.64855158329
0.641268253326
0.639606952667
0.65300732851
0.638802647591
0.639907419682
0.644190192223
0.640330791473
0.629846870899
0.635382354259
0.641138017178
0.64176517725
0.632425427437
0.640251100063
0.632580399513
0.639010488987
0.631145715714
0.637326598167
0.641556382179
0.639566123486
0.641266524792
0.637100756168
0.643049955368
0.632599473
0.64192211628
0.63731777668
0.629238963127
0.628683626652
0.631973385811
0.642587482929
0.633057892323
0.633353233337
0.635419070721
0.631117463112
0.638978779316
0.631978750229
0.630099952221
0.632938146591
0.645282268524
0.638911247253
0.633380591869
0.633820533752
0.636714041233
0.625615656376
0.632210016251
0.630673468113
0.626505851746
0.63083922863
0.636597931385
0.631412684917
0.63264554739
0.625143229961
0.631814002991
0.631978750229
0.624752044678
0.628423333168
0.626046836376
0.636597812176
0.62139570713
0.629286885262
0.619701206684
0.631392538548
0.637409627438
0.623694837093
0.636938750744
0.630954265594
0.632366776466
0.63256418705
0.627348899841
0.633665382862
0.626118004322
0.6294952631
0.630810678005
0.62250238657
0.627805829048
0.62180107832
0.632282316685
0.62818479538
0.624802589417
0.629525065422
0.618200004101
0.62039732933
0.626490473747
0.620778620243
0.615778803825
0.620919764042
0.617035448551
0.62125313282
0.627372980118
0.622580766678
0.62697917223
0.619468450546
0.61934274435
0.629135429859
0.627588927746
0.623195111752
0.630666971207
0.625620305538
0.616817951202
0.619928359985
0.622543752193
0.623678386211
0.615873157978
0.618418097496
0.622644424438
0.62809741497
0.623044192791
0.615070700645
0.610557794571
0.619633793831
0.618181288242
0.613652586937
0.607684493065
0.624196410179
0.625223577023
0.616572260857
0.616153419018
0.61778730154
0.625239372253
0.612355768681
0.619839727879
0.615720033646
0.61439538002
0.608639597893
0.610714912415
0.603513479233
0.61251026392
0.615763306618
0.624915063381
0.612491905689
0.612259447575
0.614488422871
0.623989224434
0.619335234165
0.62177336216
0.619109690189
0.610477864742
0.618680000305
0.605517923832
0.61336016655
0.607970952988
0.610720396042
0.622919082642
0.617736101151
0.61918258667
0.604580700397
0.622381031513
0.611563980579
0.605457127094
0.607567608356
0.608820438385
0.610478520393
0.600175976753
0.608683347702
0.615109026432
0.613920867443
0.608575344086
0.612438559532
0.620714128017
0.610098540783
0.608186662197
0.605871737003
0.604221463203
0.615339040756
0.610387980938
0.606574296951
0.613280594349
0.602796733379
0.608887851238
0.598363041878
0.599266111851
0.595196604729
0.599806547165
0.604108512402
0.615434110165
0.6192304492
0.602406919003
0.59678208828
0.61449098587
0.609691143036
0.602863371372
0.615125715733
0.593968331814
0.601176917553
0.600210189819
0.610499024391
0.59653621912
0.592896938324
0.611113369465
0.606794476509
0.60057169199
0.602362930775
0.600612163544
0.602737367153
0.596114754677
0.575725913048
0.609050631523
0.59578025341
0.600263834
0.617272257805
0.60489064455
0.586007714272
0.602198183537
0.595360100269
0.59378528595
0.606476247311
0.596297204494
0.601943135262
0.587522745132
0.601328730583
0.598028481007
0.590908825397
0.603211522102
0.594523429871
0.595330297947
0.601777851582
0.605496644974
0.60662072897
0.608535706997
0.611654222012
0.610794782639
0.589855968952
0.588618040085
0.604548096657
0.611294686794
0.597305059433
0.592380046844
0.595931947231
0.58225107193
0.58798456192
0.591365933418
0.589957356453
0.584098875523
0.603550851345
0.598703503609
0.606885969639
0.58453142643
0.586243331432
0.598392546177
0.586975514889
0.589020192623
0.581488549709
0.612993836403
0.596880674362
0.589279055595
0.581129610538
0.582830011845
0.595067739487
0.584607422352
0.581282556057
0.572650909424
0.583649456501
0.586272537708
0.5861800313
0.592766523361
0.585627317429
0.586575329304
0.586646318436
0.589325904846
0.581616640091
0.58123010397
0.575268507004
0.588648617268
0.580795526505
0.574545562267
0.570954799652
0.579142153263
0.584667503834
0.578647792339
0.586996138096
0.586765706539
0.580648064613
0.582590818405
0.585750877857
0.583785176277
0.589419543743
0.577732205391
0.57462990284
0.584912061691
0.579641819
0.592147231102
0.579802334309
0.58552646637
0.579188108444
0.577296495438
0.563966095448
0.573815584183
0.584484279156
0.58526456356
0.578063666821
0.56681895256
0.583246767521
0.581316828728
0.579944014549
0.576491415501
0.583664298058
0.571067333221
0.568645119667
0.567682981491
0.58915245533
0.579942703247
0.559027373791
0.562816858292
0.583383083344
0.581071972847
0.55844181776
0.563347458839
0.587830245495
0.575305461884
0.57266330719
0.569081246853
0.591645598412
0.58153629303
0.577097833157
0.565746605396
0.569925427437
0.59093028307
0.564596652985
0.576465010643
0.572084724903
0.569549441338
0.564956903458
0.579563975334
0.569997251034
0.5686891675
0.563267350197
0.570705771446
0.577795922756
0.574887216091
0.561584711075
0.573966324329
0.576331734657
0.584246695042
0.584981381893
0.578586876392
0.560739636421
0.556778669357
0.562610805035
0.549164772034
0.568985700607
0.559858739376
0.555883824825
0.571501970291
0.562911391258
0.566854894161
0.574813961983
0.582717776299
0.594530105591
0.567248702049
0.560770153999
0.577775895596
0.559080958366
0.575162351131
0.545669198036
0.562696635723
0.568779051304
0.568719804287
0.540558338165
0.573341012001
0.565484046936
0.579474031925
0.567673444748
0.566310763359
0.585974037647
0.555400669575
0.577424943447
0.552805781364
0.574707686901
0.56978058815
0.555383741856
0.56589204073
0.553676187992
0.566450119019
0.569372534752
0.556300520897
0.564573466778
0.559503436089
0.576568067074
0.562728464603
0.56819319725
0.547003984451
0.554612576962
0.557191967964
0.556702911854
0.554892659187
0.556666612625
0.565201222897
0.566470444202
0.556504249573
0.552855908871
0.542815923691
0.561646223068
0.55912977457
0.562405705452
0.555995941162
0.568100333214
0.549645781517
0.543009340763
0.535966396332
0.557501196861
0.580807745457
0.54719877243
0.550404310226
0.583458185196
0.552965283394
0.547206044197
0.562036275864
0.553508579731
0.553123533726
0.549978137016
0.557313978672
0.548565924168
0.563415646553
0.549513876438
0.554745256901
0.560273528099
0.539056539536
0.555167794228
0.546432375908
0.5437733531
0.554334640503
0.538985013962
0.536371290684
0.562879860401
0.555839002132
0.559291422367
0.538182914257
0.561531603336
0.535056948662
0.543751716614
0.554222047329
0.550150990486
0.54966211319
0.540197432041
0.562425732613
0.538483977318
0.545501708984
0.568349957466
0.534889400005
0.558120369911
0.564584076405
0.547963261604
0.561298251152
0.543885588646
0.546696007252
0.559923410416
0.532016634941
0.546997487545
0.545888185501
0.551892101765
0.555331468582
0.542011618614
0.543299019337
0.539919435978
0.518207013607
0.549422860146
0.542156159878
0.546427845955
0.529439091682
0.551800847054
0.539610624313
0.5210968256
0.542418956757
0.542924880981
0.510123193264
0.527206063271
0.544872164726
0.558970034122
0.541910946369
0.537040889263
0.543192744255
0.558159291744
0.539401471615
0.536830723286
0.531036496162
0.538157820702
0.52896541357
0.545518577099
0.544986903667
0.520379900932
0.531094610691
0.523051917553
0.543423354626
0.564777612686
0.523209571838
0.522134006023
0.535160183907
0.554831326008
0.539131462574
0.525357306004
0.520910441875
0.522809326649
0.521984875202
0.565378367901
0.543280541897
0.516153037548
0.543242812157
0.529574453831
0.537802815437
0.544673979282
0.536837637424
0.558170855045
0.561405062675
0.518156051636
0.546602070332
0.553915798664
0.524539232254
0.543195068836
0.554163813591
0.528240025043
0.53784185648
0.564166724682
0.546090185642
0.546795070171
0.532775223255
0.532971322536
0.551823675632
0.537742316723
0.514775514603
0.513500392437
0.538408696651
0.524937689304
0.534271299839
0.540806889534
0.524633526802
0.562706053257
0.514706909657
0.500393331051
0.539532721043
0.519131720066
0.544291317463
0.524127066135
0.533318340778
0.52097260952
0.514701783657
0.526935875416
0.514373898506
0.541080892086
0.545977294445
0.514608561993
0.527564644814
0.497353345156
0.522547483444
0.525186538696
0.52755177021
0.530614852905
0.532335817814
0.541230916977
0.509400367737
0.531906843185
0.515654325485
0.534731149673
0.522975981236
0.521483063698
0.531366050243
0.518269300461
0.547019720078
0.51763600111
0.528076291084
0.511220693588
0.537991225719
0.514002382755
0.508630752563
0.523200273514
0.544410288334
0.512853980064
0.518003284931
