0.693139970303
0.692393362522
0.691465258598
0.690404236317
0.6891695261
0.687408745289
0.686014771461
0.684228658676
0.681907892227
0.679609656334
0.676772117615
0.673379659653
0.669976949692
0.665686905384
0.661733031273
0.656030058861
0.649601757526
0.644432723522
0.635581791401
0.627061069012
0.617891192436
0.607340693474
0.591067373753
0.579019010067
0.564972162247
0.547054588795
0.523817062378
0.505025327206
0.482259839773
0.45811009407
0.443299084902
0.421888142824
0.397940516472
0.379482001066
0.358075022697
0.347529232502
0.335023909807
0.325007468462
0.309841632843
0.30434986949
0.291297584772
0.288622826338
0.284375697374
0.278738617897
0.271947026253
0.271481454372
0.266930788755
0.261997789145
0.256268978119
0.252444803715
0.247786566615
0.243767291307
0.239270240068
0.236718863249
0.229369342327
0.223434820771
0.217893064022
0.213134482503
0.206573694944
0.200968638062
0.195997938514
0.191017121077
0.184861451387
0.179831758142
0.173110961914
0.16722650826
0.161302655935
0.157047063112
0.149467632174
0.143663346767
0.137891829014
0.131702244282
0.126247391105
0.121941708028
0.115467786789
0.110104717314
0.104700937867
0.099310323596
0.093835413456
0.0887811630964
0.0842685997486
0.0791788548231
0.0737243443727
0.0690477564931
0.0645408183336
0.0621890649199
0.0560969933867
0.0520501732826
0.0480566993356
0.0451893769205
0.0409699641168
0.0389651618898
0.0339749194682
0.0308411885053
0.027763677761
0.0257018767297
0.0232131443918
0.0203919485211
0.0183205250651
0.0161720141768
0.0145149221644
0.0128926653415
0.0137869184837
0.010279962793
0.00927615258843
0.00777917262167
0.007473484613
0.0061542163603
0.00551511347294
0.00518933031708
0.00407062890008
0.00355909019709
0.00690883444622
0.00279541034251
0.00256650941446
0.00223027076572
0.0018974362174
0.00171075540129
0.00150188908447
0.00149409787264
0.00134881469421
0.00105217134114
0.000971601053607
0.000805124116596
0.00073007051833
0.000628496229183
0.000668934953865
0.000577834201977
0.00145713647362
0.000484802701976
0.000376769283321
0.000475357141113
0.000353674666258
0.000315339508234
0.000275261787465
0.000249857723247
0.000223224429647
0.000222355127335
0.000199485119083
0.000161249248777
0.000176776142325
0.000195572283701
0.000139894502354
0.000140547403134
0.000137679817271
0.000470944214612
0.000111438770546
0.00119787291624
9.95204100036e-05
0.000174238812178
8.58525381773e-05
0.000228785997024
0.000109202206659
0.0234891138971
9.95531736407e-05
9.02878891793e-05
0.00192729744595
0.000130182801513
9.07134090085e-05
9.19300728128e-05
8.76106350916e-05
0.000102255384263
8.89910807018e-05
0.000102980826341
0.000127957944642
0.000601288164034
0.00438148248941
0.000138893301482
0.0139228226617
7.22550757928e-05
0.000130111569888
5.77994505875e-05
0.000280676613329
0.00095491373213
0.00230371160433
0.00337205105461
0.00163660931867
7.71921913838e-05
0.002431984758
6.58427088638e-05
0.000162559896125
9.29251109483e-05
0.00036304720561
5.95972123847e-05
0.00012137570593
7.30284664314e-05
6.05812601862e-05
6.10030838288e-05
0.00016477725876
7.63798961998e-05
6.80206358084e-05
6.25907123322e-05
6.21990693617e-05
5.7385150285e-05
6.75711344229e-05
0.000203505085665
0.00014991153148
0.000113161710033
0.000216120010009
0.000266394432401
6.2218059611e-05
0.000345274514984
4.96340544487e-05
7.69463586039e-05
0.000703195459209
4.92512190249e-05
4.84962147311e-05
5.72829121666e-05
6.48775021546e-05
0.00368263595738
3.82900288969e-05
5.30172219442e-05
5.08156481374e-05
0.00024977067369
6.89892767696e-05
0.0174832604825
5.02407747263e-05
8.84715409484e-05
0.00555263692513
0.000108499116322
4.37141134171e-05
6.69401924824e-05
0.00116589618847
0.000836102291942
0.000494711566716
0.000149375860929
0.00191694160458
0.0047623263672
0.0391267463565
6.71945235808e-05
4.31932239735e-05
5.62799505133e-05
0.000128513973323
8.71979354997e-05
8.53604215081e-05
6.20612117928e-05
9.62875055848e-05
8.71835582075e-05
0.00436952942982
9.13686526474e-05
7.58908718126e-05
0.000187729441677
8.2325139374e-05
0.0197379160672
8.01177084213e-05
0.000114335744001
0.00078290089732
0.000279945525108
0.0123730730265
0.000104109778476
0.000123077610624
0.000437377864728
0.000134796762723
9.32719485718e-05
0.00046135217417
9.40852987696e-05
0.00173074309714
0.00068626110442
9.78323805612e-05
7.98619585112e-05
9.02620304259e-05
0.000128843486891
0.000107857063995
0.000164176948601
0.000220331043238
9.5119146863e-05
0.000127488630824
0.000123454985442
0.000512571248692
0.00102739874274
0.000262503512204
0.00515209231526
0.000158986702445
0.000151485874085
0.000243712973315
0.000149468236486
0.000115429116704
0.000142480173963
0.00166966684628
0.000134803573019
0.000121615754324
0.000165725010447
0.000107019906864
0.000102480444184
0.0247698239982
0.000564446556382
6.75787960063e-05
6.37544872006e-05
6.59778452246e-05
0.000109262240585
0.0241960715503
7.29582752683e-05
0.000392446294427
0.00429469719529
9.35846328503e-05
8.20831701276e-05
8.51992590469e-05
7.93910585344e-05
8.31036959426e-05
7.6145377534e-05
6.66984269628e-05
0.000171925348695
0.000160955620231
7.29092716938e-05
0.0013502392685
8.81719097379e-05
0.0004021722998
0.000181098104804
0.000112568748591
9.81126650004e-05
7.67719029682e-05
9.71131375991e-05
6.27683402854e-05
7.41289768484e-05
0.0121302464977
8.7469976279e-05
0.000354180781869
8.65584734129e-05
0.000296818296192
6.9200003054e-05
9.55406940193e-05
0.0255716480315
0.000275102123851
6.81143283146e-05
6.7549488449e-05
0.000330175360432
0.000126866128994
0.000439944997197
8.65363326739e-05
0.00011906495638
0.000161451083841
6.45098771201e-05
0.0119404941797
0.000170452476596
0.000779789639637
0.00011022684339
9.15089185582e-05
0.000115747643576
7.20974858268e-05
0.00502124102786
9.54806091613e-05
0.00129297503736
0.000271694065304
0.000254382233834
0.000191146391444
9.15502241696e-05
7.18775336281e-05
7.21594551578e-05
0.000856343714986
7.96619278844e-05
0.00023356458405
0.00693189771846
0.000215669700992
6.64744075038e-05
6.50248402962e-05
0.000387063395465
0.0109697571024
0.000103620564914
5.67499009776e-05
8.64744579303e-05
0.0038865879178
0.000111094734166
0.000170120285475
0.0179863460362
0.00043344128062
0.0232420451939
4.82239265693e-05
0.00467781163752
9.27450091694e-05
0.000810714089312
0.00732256146148
0.00388187216595
0.0057883313857
0.000429406558396
0.00280069373548
0.00334581593052
0.0243293792009
0.000562599219847
0.0347480513155
0.000369487563148
9.42802653299e-05
0.00346287689172
0.000234065373661
0.00941381137818
0.00145287031773
0.000128633895656
0.000304463610519
0.000177985028131
0.000736223068088
0.00711798481643
0.000434749264969
0.000147443977767
0.00110759679228
0.000161531599588
0.000145331185195
0.000358529563528
0.000395871873479
0.000180538292625
0.000143752418808
0.00020262086764
0.000848766823765
0.000153864079039
0.000120052078273
0.000193526837393
0.000455220084405
0.000718345283531
0.000152333974256
0.000153091619723
0.000146794467582
0.000137162118335
0.00592689681798
0.000194425549125
0.000142670702189
0.000135368522024
0.000159338553203
0.000576664751861
0.000140905831358
0.00025405632914
0.000160776078701
0.000190573555301
0.000154359018779
0.000351729831891
0.000134851041366
0.000155418820214
0.000119779295346
0.00207972689532
0.000124886719277
0.000126337836264
0.000141630473081
0.000582579523325
0.000130389758851
0.00451226625592
0.0037658624351
0.000152052307385
0.000152385924594
0.00265083485283
0.000600603234489
0.000155648114742
0.000581218802836
0.000199047324713
0.000147841259604
0.000306564994389
0.000280279491562
0.000125075515825
0.000141753524076
0.000120083524962
0.000209602279938
0.000128617204609
0.000112505709694
0.000208044017199
0.00016269616026
0.00061922747409
0.000119301803352
0.00160319835413
0.000132170083816
0.000300293933833
0.000239905173657
0.000125243517687
0.000419156946009
0.000213655395783
0.000210582336877
0.000162117052241
0.000248766184086
0.00207358878106
0.000733771419618
0.000134428104502
0.000219599140109
0.000129054489662
0.000218729561311
0.000124100144603
0.000363549654139
0.000177170193638
0.000488233083161
0.000143808385474
9.7285148513e-05
0.000108816908323
0.00138088292442
0.000108099637146
0.000250704295468
0.00346849230118
9.93474677671e-05
0.000170386963873
0.00338013935834
0.000511728518177
0.000147668717545
0.000175910245162
0.000178814618266
0.000770214246586
0.000148170191096
0.00010473268776
0.000130119529786
0.000399849901441
0.000125580641907
0.00384358945303
0.000126686296426
0.000102787395008
0.000256300932961
0.000190902559552
9.67797968769e-05
0.000129678111989
