0.726362526417
0.640247821808
0.583827078342
0.520987153053
0.455775409937
0.392317503691
0.338061273098
0.286777019501
0.237860515714
0.194203108549
0.154099494219
0.120314009488
0.0937651321292
0.0705187544227
0.0535888150334
0.0399127081037
0.0305214300752
0.0226692482829
0.0171436816454
0.0126113016158
0.00969083886594
0.00757109560072
0.00581842241809
0.00454420689493
0.00352649344131
0.00265669124201
0.00193358038086
0.00135738076642
0.000946636195295
0.00066940166289
0.000478198024211
0.000347239983967
0.00025555427419
0.000192218620214
0.000147122860653
0.000115130096674
9.17668949114e-05
7.44948265492e-05
6.15410172031e-05
5.17252337886e-05
4.43283461209e-05
3.84486993426e-05
3.37656711054e-05
3.00108458759e-05
2.69682586804e-05
2.44784368988e-05
2.24235209316e-05
2.07121556741e-05
1.92652078113e-05
1.80230363185e-05
1.69708018802e-05
1.60666186275e-05
1.52773227455e-05
1.45758640429e-05
1.39604917422e-05
1.34108495331e-05
1.29187938001e-05
1.24747230075e-05
1.20704971778e-05
1.16985520435e-05
1.13612131827e-05
1.10459786811e-05
1.07624427983e-05
1.0495483366e-05
1.02442281786e-05
1.00153656604e-05
9.8019172583e-06
9.60039142228e-06
9.41282451095e-06
9.23630886973e-06
9.07229787117e-06
8.91526724445e-06
8.76870399225e-06
8.63115656102e-06
8.50175274536e-06
8.37903553474e-06
8.25777533464e-06
8.14930899651e-06
8.04287810752e-06
7.94226343714e-06
7.84717394708e-06
7.75702756073e-06
7.66833727539e-06
7.5866246334e-06
7.50491199142e-06
7.42930615161e-06
7.35660796636e-06
7.2865286711e-06
7.21964670447e-06
7.15189253242e-06
7.09140795152e-06
7.02917941453e-06
6.97131190464e-06
6.91315426593e-06
6.85761369823e-06
6.80498078509e-06
6.75322098687e-06
6.70233202982e-06
6.65406196276e-06
6.6052089096e-06
6.55926533e-06
6.51506479699e-06
6.46795706416e-06
6.42463010081e-06
6.38333767711e-06
6.3420461629e-06
6.30133581581e-06
6.26033443041e-06
6.2210779106e-06
6.18327567281e-06
6.14547343503e-06
6.10738061368e-06
6.0716133703e-06
6.03410217082e-06
5.99862551098e-06
5.96402242081e-06
5.92854621573e-06
5.89539695284e-06
5.86021087656e-06
5.82851544095e-06
5.79623838348e-06
5.7630882111e-06
5.73081069888e-06
5.70027805225e-06
5.66829157833e-06
5.63834009881e-06
5.60809849048e-06
5.57901967113e-06
5.55023143534e-06
5.51940820515e-06
5.49033075004e-06
5.46125102119e-06
5.43391752217e-06
5.40600149179e-06
5.3775042943e-06
5.35046183359e-06
5.32254580321e-06
5.29666613147e-06
5.26875055584e-06
5.24170764038e-06
5.21495485373e-06
5.18820252182e-06
5.16377713211e-06
5.13935083291e-06
5.11376174472e-06
5.08991752213e-06
5.06578226123e-06
5.03873980051e-06
5.01663953401e-06
4.99250472785e-06
4.9706950449e-06
4.94452478961e-06
4.92097115057e-06
4.89799958814e-06
4.87706256536e-06
4.85176451548e-06
4.83140956931e-06
4.80814696857e-06
4.78633819512e-06
4.76511104353e-06
4.74213902635e-06
4.72062083645e-06
4.70259192298e-06
4.67991139885e-06
4.65781204184e-06
4.63513106297e-06
4.61535728391e-06
4.59471175418e-06
4.57435726275e-06
4.55603731098e-06
4.53597385786e-06
4.51503774457e-06
4.49497338195e-06
4.47461889053e-06
4.45339128419e-06
4.43565386377e-06
4.41500833404e-06
4.39552604803e-06
4.37778817286e-06
4.35975925939e-06
4.33969580627e-06
4.32137630924e-06
4.30218506153e-06
4.28328439739e-06
4.26525593866e-06
4.24868130722e-06
4.2286178541e-06
4.21175218435e-06
4.19343314206e-06
4.17685851062e-06
4.15853946834e-06
4.14138321503e-06
4.12597182731e-06
4.10852499044e-06
4.09107815358e-06
4.07566676586e-06
4.05792934544e-06
4.04193633585e-06
4.02507112085e-06
4.00878752771e-06
3.99250393457e-06
3.97854637413e-06
3.96051837015e-06
3.94743301513e-06
3.93173104385e-06
3.91661023968e-06
3.90207105738e-06
3.88578791899e-06
3.87153977499e-06
3.85583780371e-06
3.84188024327e-06
3.82908547181e-06
3.8133837279e-06
3.79971720577e-06
3.78459685635e-06
3.7712206904e-06
3.75610056835e-06
3.7430154407e-06
3.72934891857e-06
3.71597320736e-06
3.69998042515e-06
3.68456926481e-06
3.67148436453e-06
3.65956248061e-06
3.64676793652e-06
3.63310164175e-06
3.62205173587e-06
3.60867625204e-06
3.59442810804e-06
3.58163379133e-06
3.56883970198e-06
3.5566272345e-06
3.54615895048e-06
3.53045697921e-06
3.51824451172e-06
3.50545042238e-06
3.49091169483e-06
3.47957166014e-06
3.46764954884e-06
3.45485523212e-06
3.44118893736e-06
3.42810403708e-06
3.41676422977e-06
3.40484211847e-06
3.39001280736e-06
3.37954475071e-06
3.36849484484e-06
3.35715503752e-06
3.34377932631e-06
3.3336020806e-06
3.32197100761e-06
3.3117937619e-06
3.2990001273e-06
3.28446162712e-06
3.27544739775e-06
3.264398174e-06
3.2524760627e-06
3.24084521708e-06
3.23037716043e-06
3.21787388202e-06
3.20973231283e-06
3.19984587804e-06
3.18676097777e-06
3.17571198138e-06
3.16640694109e-06
3.15593933919e-06
3.14518047162e-06
3.13471264235e-06
3.12657084578e-06
3.1169754493e-06
3.1038907764e-06
3.09313236357e-06
3.08208268507e-06
3.07277787215e-06
3.06260085381e-06
3.05329626826e-06
3.04573609355e-06
3.03236038235e-06
3.02421881315e-06
3.01462296193e-06
3.00299257106e-06
2.99485077448e-06
2.98409213428e-06
2.97769497593e-06
2.96751795759e-06
2.95646873383e-06
2.94832739201e-06
2.94047617899e-06
2.93000834972e-06
2.92273898594e-06
2.91110814032e-06
2.89976856038e-06
2.89220838567e-06
2.88319415631e-06
2.8741803817e-06
2.86545696326e-06
2.85731562144e-06
2.84801103589e-06
2.83899680653e-06
2.82998325929e-06
2.82067844637e-06
2.81311827166e-06
2.80468589153e-06
2.79363666777e-06
2.78607672044e-06
2.77909816759e-06
2.76892114925e-06
2.76252421827e-06
2.75321963272e-06
2.74507783615e-06
2.73635487247e-06
2.72705028692e-06
2.71978115052e-06
2.71193016488e-06
2.70378836831e-06
2.6941931992e-06
2.68750545729e-06
2.6787824936e-06
2.67151290245e-06
2.66337133326e-06
2.65697462964e-06
2.64679738393e-06
2.64156369667e-06
2.63167748926e-06
2.62469893642e-06
2.61772061094e-06
2.61074228547e-06
2.59998364527e-06
2.59329613073e-06
2.58544514509e-06
2.57817600868e-06
2.57061606135e-06
2.56450971392e-06
2.55665872828e-06
2.54909923569e-06
2.54124825005e-06
2.53252551374e-06
2.52583777183e-06
2.51827759712e-06
2.51217170444e-06
2.50490234066e-06
2.49588833867e-06
2.48978221862e-06
2.48367609856e-06
2.47640696216e-06
2.46942840931e-06
2.46128684012e-06
2.45401793109e-06
2.44558555096e-06
2.43802560362e-06
2.43395470534e-06
2.42726673605e-06
2.41970701609e-06
2.41476413976e-06
2.40633175963e-06
2.39964401771e-06
2.39353789766e-06
2.38714096668e-06
2.37899962485e-06
2.37347512666e-06
2.36591517933e-06
2.35690140471e-06
2.35253969549e-06
2.34614299188e-06
2.34090907725e-06
2.33305831898e-06
2.32724300986e-06
2.31939225159e-06
2.31299532061e-06
2.3057261842e-06
2.30020168601e-06
2.29525835493e-06
2.2888618787e-06
2.28246494771e-06
2.27606801673e-06
2.26967108574e-06
2.26472798204e-06
2.25833127843e-06
2.25077133109e-06
2.24553741646e-06
2.24117570724e-06
2.23565120905e-06
2.23012648348e-06
2.2240205908e-06
2.21820528168e-06
2.21064556172e-06
2.20599304157e-06
2.20075935431e-06
2.19232720156e-06
2.18593027057e-06
2.18127775042e-06
2.17488104681e-06
2.16993817048e-06
2.16557646127e-06
2.15685372495e-06
2.15191062125e-06
2.14754913941e-06
2.14289684664e-06
2.13620933209e-06
2.12923077925e-06
2.12457848647e-06
2.11730957744e-06
2.1129480956e-06
2.10626035368e-06
2.09957283914e-06
2.09608379009e-06
2.09114068639e-06
2.08445317185e-06
2.07921948459e-06
2.07573020816e-06
2.06962386073e-06
2.06409936254e-06
2.0597378807e-06
2.05450419344e-06
2.05014248422e-06
2.04490902433e-06
2.03909348784e-06
2.03356898965e-06
2.02833530238e-06
2.02513683689e-06
2.01786792786e-06
2.01263401323e-06
2.00798172045e-06
2.00303884412e-06
1.99664191314e-06
1.99111764232e-06
1.98617453862e-06
1.98239445126e-06
1.97745134756e-06
1.97047324946e-06
1.96814698938e-06
1.96407631847e-06
1.9594240257e-06
1.95360871658e-06
1.94924723473e-06
1.94314134205e-06
1.93732603293e-06
1.93383675651e-06
1.92918469111e-06
1.92482298189e-06
1.92104312191e-06
1.91522804016e-06
1.91115714188e-06
1.90592322724e-06
1.9009804646e-06
1.89545585272e-06
1.89167587905e-06
1.88760520814e-06
1.88324383998e-06
1.87713771993e-06
1.8745208763e-06
1.8695777726e-06
1.86579791261e-06
1.85911039807e-06
1.85271380815e-06
1.84777070444e-06
1.84428142802e-06
1.83992005987e-06
1.83614019988e-06
1.83294162071e-06
1.82887094979e-06
1.82509097613e-06
1.82043868335e-06
1.81753114248e-06
1.81229745522e-06
1.80793585969e-06
1.80473762157e-06
1.80066672328e-06
1.79601465788e-06
1.79165306236e-06
1.78729180789e-06
1.78438392595e-06
1.77827814696e-06
1.77595211426e-06
1.76955518327e-06
1.76635671778e-06
1.7625768578e-06
1.75734305685e-06
1.75356319687e-06
1.74891101778e-06
1.74571243861e-06
1.74106037321e-06
1.73728028585e-06
1.73291903138e-06
1.73001137682e-06
1.72448687863e-06
1.72099760221e-06
1.71692693129e-06
1.71343788224e-06
1.70820430867e-06
1.70558735135e-06
1.70035366409e-06
1.69744600953e-06
1.69366603586e-06
1.6907583813e-06
1.68726910488e-06
1.68145379575e-06
1.67680173035e-06
1.67418488672e-06
1.67098664861e-06
1.6683695776e-06
1.66458960393e-06
1.6611004412e-06
1.65848359757e-06
1.65383141848e-06
1.65121457485e-06
1.64714390394e-06
1.64278264947e-06
1.63842105394e-06
1.63493200489e-06
1.6294075067e-06
1.62649973845e-06
1.62184755936e-06
1.61748607752e-06
1.6142878394e-06
1.61050797942e-06
1.60730940024e-06
1.60382035119e-06
1.60178512942e-06
1.598295853e-06
1.59422518209e-06
1.58986392762e-06
1.58521163485e-06
1.58259479122e-06
1.57968725034e-06
1.57619797392e-06
1.57241811394e-06
1.56776593485e-06
1.56427677211e-06
1.5616598148e-06
1.5578800685e-06
1.55410009484e-06
1.55002942392e-06
1.54624956394e-06
1.54043436851e-06
1.53520068125e-06
1.53025780492e-06
1.52589620939e-06
1.52153495492e-06
1.51688288952e-06
1.51135827764e-06
1.5055430822e-06
1.50060020587e-06
1.49623872403e-06
1.49158665863e-06
1.48867900407e-06
1.48286369495e-06
1.47821162955e-06
1.47355933677e-06
1.46774425502e-06
1.46221964314e-06
1.45873059409e-06
1.45233400417e-06
1.44913553868e-06
1.44506475408e-06
1.44012199144e-06
1.43459760693e-06
1.42994542784e-06
1.42442092965e-06
1.41889665883e-06
1.41366285789e-06
1.40755696521e-06
1.40319559705e-06
1.39941562338e-06
1.39418193612e-06
1.39069288707e-06
1.3860405943e-06
1.37877168527e-06
1.37295626246e-06
1.36743187795e-06
1.36103506065e-06
1.35463824336e-06
1.35027676151e-06
1.34155379783e-06
1.33254036427e-06
1.32207287606e-06
1.31393142055e-06
1.30520868424e-06
1.29677653149e-06
1.28689077883e-06
1.27991233967e-06
1.27467853872e-06
1.26711870507e-06
1.2601403796e-06
1.25403437323e-06
1.24996370232e-06
1.24443920413e-06
1.23920551687e-06
1.23397171592e-06
1.22873814234e-06
1.2220506278e-06
1.21478183246e-06
1.20693130157e-06
1.19995320347e-06
1.19384731079e-06
1.18686898531e-06
1.18250761716e-06
1.17727404358e-06
1.17145896184e-06
1.16622538826e-06
1.15895636554e-06
1.15517650556e-06
1.15110594834e-06
1.14499994197e-06
1.1420924011e-06
1.13627709197e-06
1.13220642106e-06
1.12668215024e-06
1.117668603e-06
1.11447013751e-06
1.11098108846e-06
1.1057474012e-06
1.10225823846e-06
1.09964139483e-06
1.09557072392e-06
1.08742960947e-06
1.08335882487e-06
1.07725304588e-06
1.07231016955e-06
1.07085622858e-06
1.06533184407e-06
1.06155198409e-06
1.05835363229e-06
1.05311994503e-06
1.0513754205e-06
1.04672324142e-06
1.04119885691e-06
1.03625598058e-06
1.03189449874e-06
1.02985916328e-06
1.02607941699e-06
1.02171793515e-06
1.01764737792e-06
1.01386751794e-06
1.01066916613e-06
1.00717988971e-06
1.00310933249e-06
9.99620283437e-07
9.97003439807e-07
9.94095898932e-07
9.9002522802e-07
9.8508235169e-07
9.8159330264e-07
9.77522631729e-07
9.74033468992e-07
9.71416739048e-07
9.67636879068e-07
9.63275510912e-07
9.59786348176e-07
9.56878693614e-07
9.53680455495e-07
9.51063611865e-07
9.48446711391e-07
9.45539170516e-07
9.41759253692e-07
9.3623492603e-07
9.33327328312e-07
9.31291992856e-07
9.29256714244e-07
9.25186043332e-07
9.21696994283e-07
9.18789339721e-07
9.12683503884e-07
9.10357357498e-07
9.07449816623e-07
9.0512372708e-07
9.01925432117e-07
8.98436212537e-07
8.96400933925e-07
8.93202638963e-07
8.89422722139e-07
8.87678197614e-07
8.85933673089e-07
8.82153699422e-07
8.8011859134e-07
8.78373896285e-07
8.74884847235e-07
8.72268003604e-07
8.6848808678e-07
8.64999037731e-07
8.61509988681e-07
8.58602447806e-07
8.5627630142e-07
8.54241022807e-07
8.51042727845e-07
8.49007278703e-07
8.4697200009e-07
8.44064459216e-07
8.41447615585e-07
8.3737705836e-07
8.35923174236e-07
8.33887895624e-07
8.32143371099e-07
8.29526527468e-07
8.26909683838e-07
8.24002142963e-07
8.21676110263e-07
8.19059152946e-07
8.17896193439e-07
8.14407144389e-07
8.12081054846e-07
8.08301251709e-07
8.06265916253e-07
8.04812145816e-07
8.01322983079e-07
7.99578458555e-07
7.96380106749e-07
7.9550790133e-07
7.92600246768e-07
7.89401951806e-07
7.85040640494e-07
7.83877624144e-07
7.82714494107e-07
7.8126072367e-07
7.7893469097e-07
7.7631784734e-07
7.74282511884e-07
7.7282879829e-07
7.7050259506e-07
7.69048824623e-07
7.67304300098e-07
7.64978267398e-07
7.63233742873e-07
7.59744693823e-07
7.5625558793e-07
7.54220252475e-07
7.53057236125e-07
7.51603465687e-07
7.49568187075e-07
7.48405113882e-07
7.46951343444e-07
7.45206762076e-07
7.43171483464e-07
7.42589918445e-07
7.39391623483e-07
7.38519361221e-07
7.37065590783e-07
7.34157993065e-07
7.32122600766e-07
7.30087322154e-07
7.27761289454e-07
7.26016764929e-07
7.24562994492e-07
7.2136469953e-07
7.19329420917e-07
7.17584839549e-07
7.16712577287e-07
7.143864309e-07
7.13514168638e-07
7.12932660463e-07
7.08862103238e-07
7.07408332801e-07
7.06826767782e-07
7.05082243257e-07
7.0362847282e-07
7.01883948295e-07
6.99557915596e-07
6.97813334227e-07
6.9752258014e-07
6.9635956379e-07
6.93742777003e-07
6.92579760653e-07
6.9054448204e-07
6.89381352004e-07
6.87636827479e-07
6.85601548867e-07
6.84729229761e-07
6.82693951148e-07
6.82112442973e-07
6.79495656186e-07
6.78332582993e-07
6.76297361224e-07
6.75134288031e-07
6.73389763506e-07
6.69900600769e-07
6.69319149438e-07
6.67865322157e-07
6.66993059895e-07
6.6524853537e-07
6.63794764932e-07
6.62631691739e-07
6.61177921302e-07
6.59724150864e-07
6.5710725039e-07
6.5565359364e-07
6.53618315027e-07
6.51582922728e-07
6.50419906378e-07
6.48093873679e-07
6.46640046398e-07
6.45186332804e-07
6.44314013698e-07
6.41987980998e-07
6.40824964648e-07
6.39661891455e-07
6.38208177861e-07
6.37335915599e-07
6.35882088318e-07
6.34428317881e-07
6.32974547443e-07
6.31520777006e-07
6.30939268831e-07
6.30357760656e-07
6.28322368357e-07
6.27159352007e-07
6.25705581569e-07
6.25124016551e-07
6.23670246114e-07
6.22216475676e-07
6.20181197064e-07
6.18145918452e-07
6.16110639839e-07
6.15529131665e-07
6.14366115315e-07
6.12330836702e-07
6.11167706666e-07
6.1029555809e-07
6.09423182141e-07
6.07387903528e-07
6.06515584423e-07
6.05061813985e-07
6.04189551723e-07
6.03898797635e-07
6.01863575866e-07
5.98955978148e-07
5.98374469973e-07
5.97792961798e-07
5.96920642693e-07
5.9488536408e-07
5.94013101818e-07
5.93140839555e-07
5.91105560943e-07
5.89651790506e-07
5.89070282331e-07
5.87325700963e-07
5.85871873682e-07
5.85581119594e-07
5.83836595069e-07
5.82092127388e-07
5.80638300107e-07
5.79766037845e-07
5.78312267407e-07
5.7802151332e-07
5.76858440127e-07
5.76276931952e-07
5.74823161514e-07
5.73369391077e-07
5.7307863699e-07
5.7191562064e-07
5.71043301534e-07
5.6958958794e-07
5.68426514747e-07
5.66972687466e-07
5.66391179291e-07
5.65518973872e-07
5.64646654766e-07
5.62320622066e-07
5.60866851629e-07
5.59994589366e-07
5.58540818929e-07
5.57668556667e-07
5.56796237561e-07
5.55342467123e-07
5.53016434424e-07
5.52144172161e-07
5.51271909899e-07
5.50690401724e-07
5.49527328531e-07
5.48655066268e-07
5.47492049918e-07
5.46619787656e-07
5.46619787656e-07
5.45166017218e-07
5.43130681763e-07
5.41676968169e-07
5.41386214081e-07
5.40513951819e-07
5.39932386801e-07
5.37315600013e-07
5.3615252682e-07
5.35861772732e-07
5.35280264558e-07
5.33826550964e-07
5.32954231858e-07
5.32372723683e-07
5.31209707333e-07
5.29755936896e-07
5.29465125965e-07
5.26848339177e-07
5.25976076915e-07
5.23940798303e-07
5.2306853604e-07
5.2190551969e-07
5.21614765603e-07
5.20451749253e-07
5.20160995165e-07
5.1928867606e-07
5.17544151535e-07
5.16671889272e-07
5.15508872923e-07
5.14345799729e-07
5.1347359431e-07
5.12019767029e-07
5.11438258854e-07
5.1085675068e-07
5.0969373433e-07
5.0853071798e-07
5.07949209805e-07
5.07658455717e-07
5.05913931192e-07
5.0504166893e-07
5.04750914843e-07
5.03297087562e-07
5.03006390318e-07
5.02134128055e-07
4.99517284425e-07
4.98645022162e-07
4.97191251725e-07
4.96900497637e-07
4.96028235375e-07
4.95737481288e-07
4.94865162182e-07
4.93992899919e-07
4.91666867219e-07
4.9050385087e-07
4.90503907713e-07
4.89340777676e-07
4.87596309995e-07
4.87305499064e-07
4.86433236802e-07
4.84397958189e-07
4.84107204102e-07
4.82362679577e-07
4.81490417314e-07
4.8090890914e-07
4.80327400965e-07
4.7974589279e-07
4.78873573684e-07
4.78001311421e-07
4.77710614177e-07
4.77129106002e-07
4.76547540984e-07
4.76547540984e-07
4.75093770547e-07
4.74221508284e-07
4.73930754197e-07
4.73640000109e-07
4.73349246022e-07
4.71895447163e-07
4.70732459235e-07
4.69569386041e-07
4.67534107429e-07
4.6666190201e-07
4.65789554482e-07
4.65208046307e-07
4.64335784045e-07
4.64045029958e-07
4.6375427587e-07
4.61718997258e-07
4.6142824317e-07
4.60265198399e-07
4.6026522682e-07
4.6026522682e-07
4.60265198399e-07
4.6026522682e-07
4.6026522682e-07
4.6026522682e-07
4.60265198399e-07
4.6026522682e-07
4.6026522682e-07
4.6026522682e-07
4.6026522682e-07
4.60265141555e-07
4.6026522682e-07
4.6026522682e-07
4.59974472733e-07
4.59974472733e-07
4.59974472733e-07
4.59974472733e-07
4.59683718645e-07
4.59683718645e-07
4.59683718645e-07
4.59683718645e-07
4.59683718645e-07
4.59683718645e-07
4.59683690224e-07
4.59683690224e-07
4.59683718645e-07
4.59392964558e-07
4.59392964558e-07
4.59392936136e-07
4.59392964558e-07
4.59102210471e-07
4.59102182049e-07
4.59102210471e-07
4.59102182049e-07
4.59102210471e-07
4.59102210471e-07
4.59102210471e-07
4.59102210471e-07
4.59102182049e-07
4.59102210471e-07
4.59102210471e-07
4.59102182049e-07
4.59102210471e-07
4.58520673874e-07
4.57939194121e-07
4.57939165699e-07
4.57648440033e-07
4.57357657524e-07
4.57357657524e-07
4.56776149349e-07
4.56776149349e-07
4.56776177771e-07
4.56485395262e-07
4.56485395262e-07
4.56485338418e-07
4.55031596402e-07
4.55031596402e-07
4.55031567981e-07
4.55613132999e-07
4.55613161421e-07
4.55613132999e-07
4.55613132999e-07
4.55322322068e-07
4.5415933414e-07
4.53868636896e-07
4.53868580053e-07
4.53868636896e-07
4.53868580053e-07
4.53868580053e-07
4.53868580053e-07
4.53868636896e-07
4.53868580053e-07
4.53868580053e-07
4.53868580053e-07
4.53868551631e-07
4.54450088228e-07
4.54450059806e-07
4.53868551631e-07
4.53868551631e-07
4.53868636896e-07
4.53868551631e-07
4.53577825965e-07
4.52705535281e-07
4.52705535281e-07
4.53287043456e-07
4.52705563703e-07
4.52705563703e-07
4.52705563703e-07
4.52705563703e-07
4.52705563703e-07
4.52705563703e-07
4.52705535281e-07
4.52705535281e-07
4.52414809615e-07
4.52414781194e-07
4.52996289368e-07
4.52124027106e-07
4.52124055528e-07
4.51833273019e-07
4.51251793265e-07
4.50961010756e-07
4.50961039178e-07
4.50961010756e-07
4.50961010756e-07
4.50961010756e-07
4.50961010756e-07
4.50961010756e-07
4.50961010756e-07
4.50961010756e-07
4.50961010756e-07
4.50961010756e-07
4.50961039178e-07
4.50961010756e-07
4.50670256669e-07
4.50670256669e-07
4.50088748494e-07
4.50088748494e-07
4.50088748494e-07
4.50088748494e-07
4.50088748494e-07
4.50088748494e-07
4.49507240319e-07
4.49507240319e-07
4.49507240319e-07
4.4950726874e-07
4.49507240319e-07
4.49507240319e-07
4.49507240319e-07
4.49507240319e-07
4.49507240319e-07
4.48925732144e-07
4.48634978056e-07
4.48634978056e-07
4.48634978056e-07
4.48634978056e-07
4.48634978056e-07
4.48634978056e-07
4.48634978056e-07
4.48344223969e-07
4.48344223969e-07
4.48344223969e-07
4.48344252391e-07
4.48344223969e-07
4.48344223969e-07
4.48053469881e-07
4.48053469881e-07
4.48053469881e-07
4.48053469881e-07
4.48053469881e-07
4.47762715794e-07
4.47762715794e-07
4.47471961706e-07
4.46890453532e-07
4.46890453532e-07
4.46890453532e-07
4.46890453532e-07
4.46890453532e-07
4.46599699444e-07
4.46599699444e-07
4.46599699444e-07
4.46599699444e-07
4.46599699444e-07
4.46599699444e-07
4.46599699444e-07
4.46599699444e-07
4.46599671022e-07
4.46308945357e-07
4.46308945357e-07
4.45436683094e-07
4.45436683094e-07
4.45436683094e-07
4.45436683094e-07
4.45436654672e-07
4.45436683094e-07
4.44855174919e-07
4.44855174919e-07
4.44855174919e-07
4.44855174919e-07
4.44855174919e-07
4.44855089654e-07
4.44855174919e-07
4.44855146498e-07
4.44855174919e-07
4.4456439241e-07
4.44564420832e-07
4.4456439241e-07
4.44564420832e-07
4.44564420832e-07
4.44564335567e-07
4.44564420832e-07
4.43982912657e-07
4.43982884235e-07
4.43982884235e-07
4.43982912657e-07
4.43982912657e-07
4.4340137606e-07
4.42819896307e-07
4.42819867885e-07
4.42819896307e-07
4.42819867885e-07
4.42529113798e-07
4.42529113798e-07
4.42529142219e-07
4.42529142219e-07
4.41947605623e-07
4.41947605623e-07
4.41366040604e-07
4.41075286517e-07
4.4107534336e-07
4.4107534336e-07
4.41075286517e-07
4.41075286517e-07
4.4107534336e-07
4.41075286517e-07
4.41075286517e-07
4.4107534336e-07
4.41075286517e-07
4.4107534336e-07
4.40784589273e-07
4.40784532429e-07
4.40784532429e-07
4.40784532429e-07
4.40784589273e-07
4.40784589273e-07
4.40784532429e-07
4.40784617695e-07
4.40784589273e-07
4.40784589273e-07
4.40784532429e-07
4.40784532429e-07
4.40784589273e-07
4.40784589273e-07
4.40203052676e-07
4.40203024255e-07
4.40203024255e-07
4.40203024255e-07
4.39912270167e-07
4.39912298589e-07
