0.693609893322
0.693284094334
0.69271761179
0.692835569382
0.693054497242
0.693336427212
0.693228662014
0.692730665207
0.69304227829
0.692974388599
0.692412018776
0.692390680313
0.692413330078
0.692628979683
0.692889750004
0.692844748497
0.692861497402
0.692965269089
0.693078815937
0.692927896976
0.693245172501
0.692643344402
0.692829430103
0.692904949188
0.692938446999
0.692569732666
0.69239616394
0.692351281643
0.692640602589
0.692107856274
0.693231344223
0.692332804203
0.692564368248
0.692326664925
0.691899716854
0.692111253738
0.692479550838
0.692235410213
0.692399799824
0.691600739956
0.692699611187
0.692619502544
0.691886484623
0.691608309746
0.69208419323
0.692487835884
0.692107021809
0.691833376884
0.692056179047
0.69137263298
0.691806554794
0.691580593586
0.691842257977
0.691086769104
0.691513776779
0.691063404083
0.691469192505
0.691619038582
0.692559659481
0.69184166193
0.691284835339
0.691255807877
0.691410720348
0.690933287144
0.691670179367
0.691294014454
0.691354453564
0.691368818283
0.691239237785
0.691258430481
0.691713452339
0.690893828869
0.690874218941
0.69142472744
0.691262602806
0.691560089588
0.690889835358
0.691109836102
0.691673398018
0.691362202168
0.690689206123
0.69168806076
0.690276741982
0.690585613251
0.691113889217
0.690479874611
0.69054287672
0.69042122364
0.690829396248
0.690688252449
0.690807342529
0.690214276314
0.690205574036
0.689980566502
0.690055727959
0.690921545029
0.690824508667
0.689737975597
0.69047242403
0.689893007278
0.689592301846
0.68968051672
0.69098174572
0.689729988575
0.68922996521
0.690127491951
0.690792620182
0.690194189548
0.689769148827
0.689963877201
0.689579725266
0.690175652504
0.690405726433
0.689821720123
0.689507007599
0.690105140209
0.689657568932
0.689715027809
0.68994808197
0.689600527287
0.689213871956
0.689256906509
0.689125299454
0.689808487892
0.689349651337
0.688138484955
0.689774990082
0.68938100338
0.689479768276
0.687771737576
0.688847064972
0.688757002354
0.68813419342
0.688592374325
0.688902795315
0.688252270222
0.688769519329
0.688356101513
0.68874424696
0.68833553791
0.688876271248
0.688208580017
0.688461840153
0.688360869884
0.688475847244
0.688035547733
0.68781799078
0.688677072525
0.68831205368
0.687928676605
0.688408315182
0.687615215778
0.68850594759
0.68834733963
0.688055932522
0.687766909599
0.687703728676
0.687451183796
0.687270402908
0.688221395016
0.687211215496
0.687324345112
0.686244904995
0.687180280685
0.686935305595
0.687465071678
0.686994969845
0.68825095892
0.687453985214
0.68726927042
0.687285125256
0.687382817268
0.686824023724
0.685997962952
0.68764513731
0.687186360359
0.687503397465
0.687080562115
0.686578512192
0.686507284641
0.687213361263
0.686674237251
0.686388790607
0.686888039112
0.686530947685
0.686463952065
0.687327921391
0.686287045479
0.685363888741
0.686036944389
0.685568392277
0.685295164585
0.685283362865
0.685569107533
0.685888826847
0.685346782207
0.68500828743
0.685205817223
0.685401856899
0.685982525349
0.684891045094
0.684996843338
0.686022341251
0.685825526714
0.68619787693
0.683716714382
0.68516099453
0.684349536896
0.684954583645
0.684851586819
0.685445785522
0.684615373611
0.683834314346
0.684894382954
0.684476554394
0.683364808559
0.684153914452
0.684539675713
0.685048818588
0.68453669548
0.68416005373
0.684094786644
0.68408960104
0.684257566929
0.684203505516
0.684595644474
0.683420300484
0.683024704456
0.683070361614
0.683086812496
0.6833127141
0.683771073818
0.683575510979
0.6820961833
0.682251393795
0.682645559311
0.682171463966
0.683629930019
0.683466911316
0.681755006313
0.683230519295
0.682297289371
0.682635426521
0.682828724384
0.683154344559
0.682401716709
0.681893110275
0.682704031467
0.682496130466
0.680641889572
0.681722402573
0.681663870811
0.681550860405
0.681433498859
0.681841731071
0.680091977119
0.681994974613
0.680233776569
0.680849671364
0.680392980576
0.680241405964
0.681273818016
0.681374073029
0.680523097515
0.682357132435
0.681048452854
0.680425107479
0.680316627026
0.680085062981
0.678939521313
0.67944085598
0.680046737194
0.679504692554
0.680577099323
0.680690467358
0.679434359074
0.679227650166
0.679026842117
0.679190039635
0.678024828434
0.678977549076
0.678879976273
0.679854691029
0.678728342056
0.679081022739
0.678970634937
0.679518222809
0.679040968418
0.678643584251
0.677910029888
0.678109824657
0.678084135056
0.678233087063
0.677361190319
0.678281009197
0.677485048771
0.677419245243
0.677385151386
0.678069651127
0.678004205227
0.67590713501
0.677557647228
0.675505876541
0.677117049694
0.676425993443
0.676832258701
0.676578342915
0.676486849785
0.676117658615
0.675569236279
0.677316069603
0.675492286682
0.676183998585
0.676644086838
0.675887107849
0.675291538239
0.674300611019
0.675300657749
0.675635635853
0.675125420094
0.675489425659
0.675531148911
0.674530684948
0.674403190613
0.674816548824
0.674550890923
0.674400568008
0.673874437809
0.673941731453
0.674236774445
0.673707544804
0.674107551575
0.672158420086
0.673388004303
0.67370402813
0.67311924696
0.672491312027
0.673368513584
0.671648144722
0.673731148243
0.672826766968
0.67058300972
0.671888113022
0.672234535217
0.672738134861
0.672168135643
0.671187520027
0.670990109444
0.672588050365
0.671023905277
0.671679258347
0.670946538448
0.670279443264
0.671357691288
0.670796453953
0.670501410961
0.66830933094
0.670058846474
0.670455276966
0.670053780079
0.669907212257
0.668627023697
0.669527947903
0.668508470058
0.668465077877
0.668905436993
0.668922245502
0.668942391872
0.668733477592
0.667950451374
0.668016672134
0.668081045151
0.669525027275
0.668024420738
0.667679071426
0.66754668951
0.667300283909
0.668205976486
0.669000566006
0.665897548199
0.667361915112
0.667372822762
0.666631042957
0.665785193443
0.668468773365
0.665419340134
0.665563166142
0.665251374245
0.665417611599
0.666078448296
0.664691627026
0.665555536747
0.663479089737
0.664206385612
0.664561867714
0.664652884007
0.663927197456
0.663893640041
0.663820505142
0.663230121136
0.664045333862
0.663000702858
0.663306117058
0.662059366703
0.662797749043
0.662713706493
0.661676466465
0.662833809853
0.662055492401
0.662865459919
0.661526858807
0.662326395512
0.6637108922
0.661879360676
0.662395060062
0.660310983658
0.661409556866
0.661935150623
0.662414252758
0.660316109657
0.660006284714
0.659199774265
0.661101996899
0.661110281944
0.660862267017
0.661403775215
0.660294115543
0.660054802895
0.659680306911
0.659249603748
0.659687161446
0.661437749863
0.658173203468
0.658533751965
0.659247994423
0.658204138279
0.658334553242
0.658060669899
0.65812510252
0.659627199173
0.657911479473
0.656946897507
0.658049106598
0.656727313995
0.656147301197
0.657781362534
0.65745806694
0.654549598694
0.657061040401
0.656121432781
0.656478524208
0.657339572906
0.65649497509
0.655648648739
0.656140267849
0.654481232166
0.654613077641
0.656424999237
0.654036581516
0.654899477959
0.655656397343
0.653528749943
0.654374182224
0.652662932873
0.65460562706
0.654707849026
0.652591884136
0.650752007961
0.651883900166
0.653636336327
0.651186585426
0.653689801693
0.650961577892
0.652047455311
0.653412222862
0.652237176895
0.650564789772
0.652772903442
0.650015115738
0.649083971977
0.648387610912
0.649187088013
0.650844097137
0.649757504463
0.648070633411
0.651585400105
0.649978220463
0.649408996105
0.651880502701
0.649244129658
0.649432361126
0.649377524853
0.648876965046
0.648729145527
0.650676727295
0.649777472019
0.646332383156
0.648877263069
0.648701310158
0.647271871567
0.645408153534
0.645706236362
0.647535383701
0.647261142731
0.646189451218
0.646360218525
0.647654533386
0.64550447464
0.64495408535
0.647140443325
0.645454347134
0.647431850433
0.647091150284
0.648654818535
0.644640862942
0.644245266914
0.648222565651
0.645319521427
0.645450055599
0.645048141479
0.644319057465
0.647264480591
0.643124341965
0.643026947975
0.643156766891
0.643141806126
0.642534434795
0.64192044735
0.643824160099
0.644475400448
0.644192039967
0.64226359129
0.641229867935
0.640497148037
0.641947507858
0.642054200172
0.643603503704
0.640335023403
0.640302956104
0.642828941345
0.640190005302
0.637887775898
0.640827178955
0.640237629414
0.63956952095
0.640655100346
0.639232575893
0.639476001263
0.638019680977
0.639495432377
0.639946460724
0.639440894127
0.637516438961
0.638276934624
0.638873159885
0.639106988907
0.637355029583
0.638562560081
0.637912213802
0.638446927071
0.636672854424
0.636480569839
0.636746287346
0.63711732626
0.635937511921
0.637435555458
0.635395944118
0.637700676918
0.634928643703
0.638209283352
0.634765207767
0.635569274426
0.635461270809
0.634049654007
0.635670900345
0.634860873222
0.634980678558
0.635903716087
0.634362578392
0.634693741798
0.631814777851
0.632579505444
0.634966790676
0.634172379971
0.632920563221
0.631782114506
0.633650243282
0.633363723755
0.633067190647
0.632970452309
0.631947278976
0.629856288433
0.630924344063
0.630110085011
0.631034612656
0.633119463921
0.630627214909
0.628899335861
0.630865395069
0.628496110439
0.631257593632
0.630617618561
0.633081197739
0.629031300545
0.630303263664
0.630394756794
0.628662705421
0.628248989582
0.629564583302
0.628798484802
0.627218186855
0.624667704105
0.627067148685
0.62487077713
0.629285991192
0.631293714046
0.631165206432
0.62795072794
0.628247320652
0.626549243927
0.625972986221
0.62698328495
0.627474308014
0.626694858074
0.626050710678
0.623831808567
0.626534759998
0.625454366207
0.626100122929
0.624612629414
0.624772310257
0.623587906361
0.624133348465
0.623619139194
0.624996066093
0.625920593739
0.623564302921
0.623383641243
0.623991131783
0.623618841171
0.622643649578
0.622434735298
0.625523269176
0.623789846897
0.621534764767
0.625811994076
0.626180648804
0.621303379536
0.620930492878
0.621986329556
0.625348269939
0.624444782734
0.624738276005
0.6248447299
0.622844994068
0.623800635338
0.621563374996
0.623348712921
0.624270379543
0.622574150562
0.622224628925
0.623608052731
0.628347158432
0.621825039387
0.624369859695
0.621900200844
0.622272491455
0.620874941349
0.626394033432
0.621680080891
0.622411489487
0.624800205231
0.621524393559
0.623720407486
0.621499359608
0.625151693821
0.621221125126
0.62290674448
0.623203039169
0.622906267643
0.623708188534
0.622049987316
0.624156236649
0.623529195786
0.619193255901
0.621920704842
0.622823596001
0.621117591858
0.625050187111
0.622074842453
0.621640622616
0.622732460499
0.621553301811
0.621511042118
0.618816018105
0.619515299797
0.62264829874
0.6232162714
0.624295771122
0.622101068497
0.621456325054
0.620563745499
0.618811130524
0.624895036221
0.620433628559
0.624461233616
0.622455000877
0.621629536152
0.620736777782
0.625021755695
0.624181389809
0.622342348099
0.623330175877
0.620206713676
0.621927380562
0.620231509209
0.623013794422
0.619449973106
0.62034457922
0.621465623379
0.625054717064
0.623180389404
0.621937096119
0.622111976147
0.621097385883
0.624973297119
0.620238900185
0.619565188885
0.623351931572
0.621767342091
0.621402978897
0.621930480003
0.620323419571
0.625110149384
0.622953355312
0.621367990971
0.622836470604
0.620551943779
0.622396111488
0.622384727001
0.621327757835
0.620629429817
0.621514499187
0.620756566525
0.620280444622
0.621485829353
0.62164580822
0.622082829475
0.622708559036
0.620750725269
0.623142123222
0.620608925819
0.61990749836
0.618935763836
0.621343970299
0.619893491268
0.620521008968
0.620852053165
0.620769679546
0.620586335659
0.620240211487
0.622282087803
0.62222713232
0.620697617531
0.621451616287
0.621605277061
0.619946837425
0.619951188564
0.62215089798
0.621337473392
0.620916008949
0.621365189552
0.61993342638
0.62033444643
0.621172964573
0.621772229671
0.62171536684
0.619967520237
0.621978878975
0.622595608234
0.619889199734
0.621052742004
0.619892179966
0.620993435383
0.620179951191
0.619396805763
0.620327830315
0.624525785446
0.620199918747
0.620875120163
0.622796356678
0.62009125948
0.62155610323
0.61912125349
0.620445668697
0.622834384441
0.620823204517
0.621887683868
0.621111929417
0.622935533524
