0.565853655338
0.56097561121
0.56097561121
0.56097561121
0.56097561121
0.56097561121
0.56097561121
0.56097561121
0.56097561121
0.56097561121
0.56097561121
0.56097561121
0.56097561121
0.619512200356
0.60487806797
0.614634156227
0.697560966015
0.609756112099
0.653658509254
0.624390244484
0.663414657116
0.721951246262
0.707317054272
0.707317054272
0.68292683363
0.692682921886
0.697560966015
0.721951246262
0.7121950984
0.751219511032
0.721951246262
0.717073142529
0.717073142529
0.751219511032
0.7121950984
0.721951246262
0.751219511032
0.7121950984
0.731707334518
0.760975599289
0.756097555161
0.751219511032
0.751219511032
0.751219511032
0.7121950984
0.756097555161
0.746341466904
0.7121950984
0.741463422775
0.72682929039
