0.694502055645
0.694184243679
0.693761467934
0.693105876446
0.693620324135
0.692817926407
0.693189501762
0.693133533001
0.692996740341
0.692714035511
0.692190945148
0.692530095577
0.692391574383
0.692273557186
0.692380011082
0.692022264004
0.692243456841
0.692066013813
0.692050814629
0.691945314407
0.691765367985
0.691773593426
0.69174104929
0.691632330418
0.691415309906
0.690691709518
0.691552221775
0.691467344761
0.691052377224
0.691270530224
0.69147336483
0.691577911377
0.690774321556
0.690485656261
0.690313279629
0.690101861954
0.690352737904
0.690477311611
0.690126121044
0.690412998199
0.689797103405
0.689376235008
0.690005660057
0.688694417477
0.689621806145
0.689658343792
0.690145552158
0.688759982586
0.688243985176
0.689612984657
0.688093364239
0.687957346439
0.688000917435
0.687893927097
0.687852561474
0.687887430191
0.688361465931
0.688021183014
0.68734806776
0.686897516251
0.68715184927
0.687722086906
0.687059223652
0.685838639736
0.68613755703
0.685663759708
0.68516266346
0.685639321804
0.685435533524
0.685723602772
0.684833049774
0.685337364674
0.685777783394
0.682345926762
0.683102190495
0.684330642223
0.68273717165
0.681197106838
0.681991219521
0.680561959743
0.680898964405
0.681175708771
0.679088175297
0.676795184612
0.677415370941
0.677087128162
0.68098205328
0.680395066738
0.678403437138
0.674397706985
0.675026774406
0.675806999207
0.669741272926
0.667328000069
0.659410893917
0.66830354929
0.673912763596
0.667889356613
0.662864267826
0.662128031254
0.658088505268
0.656983137131
0.656295835972
0.652429521084
0.654109895229
0.64698857069
0.652569591999
0.646864116192
0.646716237068
0.64386177063
0.640349805355
0.646131277084
0.645268678665
0.639629304409
0.642318189144
0.624246418476
0.619763970375
0.620031416416
0.6124599576
0.617072880268
0.61156219244
0.612113296986
0.622027933598
0.591702520847
0.596124947071
0.610894382
0.613326191902
0.591945290565
0.625339269638
0.598197817802
0.613834679127
0.593593478203
0.582840502262
0.615798056126
0.571823477745
0.580591261387
0.585918605328
0.569174587727
0.589056074619
0.58895200491
0.574351966381
0.595308125019
0.563735604286
0.598743438721
0.575707554817
0.578070938587
0.568757474422
0.576573967934
0.526676893234
0.550015509129
0.557123839855
0.541732251644
0.572052061558
0.551937997341
0.570708096027
0.540816605091
0.538824856281
0.544882357121
0.549687683582
0.533887803555
0.517766237259
0.516108214855
0.53313523531
0.516301870346
0.49445861578
0.553633451462
0.545675396919
0.523649811745
0.525024294853
0.532545149326
0.475852161646
0.474037587643
0.52134013176
0.502437889576
0.499266505241
0.508086025715
0.488149136305
0.505640387535
0.513762235641
0.509579479694
0.486286401749
0.486541181803
0.48523670435
0.461347550154
0.464267104864
0.475324869156
0.468996495008
0.470440119505
0.455288916826
0.480248302221
0.459743231535
0.466967016459
0.434402167797
0.462597131729
0.461006134748
0.451041251421
0.429724037647
0.443844527006
0.452365994453
0.414666116238
0.432338178158
0.41487005353
0.451178044081
0.449178606272
0.442813336849
0.401984900236
0.404261082411
0.410796523094
0.403935343027
0.428341537714
0.41441899538
0.408880531788
0.383313298225
0.407135754824
0.457106500864
0.401342004538
0.413499861956
0.422554284334
0.363603800535
0.399972647429
0.392138957977
0.408193081617
0.382647037506
0.397535592318
0.390654712915
0.373129487038
0.350385576487
0.370921134949
0.351408839226
0.396304100752
0.376660376787
0.375452548265
0.407606244087
0.395250618458
0.343746423721
0.364900141954
0.367733180523
0.342291474342
0.329826176167
0.324049055576
0.347320497036
0.314564973116
0.370468914509
0.340011566877
0.334268331528
0.316590279341
0.348584532738
0.333033651114
0.35477527976
0.34314596653
0.333251744509
0.317044913769
0.375780552626
0.333046615124
0.327745169401
0.310901552439
0.338953793049
0.339920252562
0.33414760232
0.333321690559
0.361236274242
0.379336029291
0.357703536749
0.349304765463
0.297786176205
0.296421915293
0.334997177124
0.33664509654
0.369849652052
0.338049679995
0.300776779652
0.324122875929
0.30139324069
0.316122591496
0.337517112494
0.298599660397
0.333407819271
0.295681983232
0.320635944605
0.293081671
0.28508746624
0.292659401894
0.306794703007
0.306962370872
0.298645913601
0.326334148645
0.368301063776
0.306728243828
0.298661768436
0.303293526173
0.293387830257
0.314566791058
0.267665922642
0.279805451632
0.285546988249
0.303726762533
0.312489807606
0.288616925478
0.338683128357
0.308012723923
0.297906577587
0.275720268488
0.343177378178
0.285861313343
0.301796734333
0.306541800499
0.313537299633
0.240224331617
0.328737199306
0.258337318897
0.301364332438
0.221716463566
0.280181884766
0.269688308239
0.268516689539
0.282217353582
0.29454010725
0.318370491266
0.354154199362
0.248719453812
0.293856620789
0.258399456739
0.293572545052
0.268659085035
0.262628287077
0.263569384813
0.254727125168
0.281450629234
0.27496907115
0.266225934029
0.299459993839
0.281614631414
0.263698011637
0.277906537056
0.236815154552
0.280717879534
0.262301743031
0.257093846798
0.266356050968
0.248738691211
0.312378793955
0.27941685915
0.251746177673
0.266193181276
0.2969609797
0.261291652918
0.241686716676
0.234414279461
0.279482543468
0.269106388092
0.257307887077
0.298367917538
0.266670048237
0.279052734375
0.265481203794
0.243220627308
0.226769223809
0.267496883869
0.242892637849
0.204964965582
0.269186407328
0.222498372197
0.172166064382
0.241794973612
0.217259734869
0.256928801537
0.250549763441
0.228446930647
0.240007087588
0.24261175096
0.281066447496
0.245947495103
0.22909899056
0.264607518911
0.253056555986
0.224791288376
0.220242723823
0.233151078224
0.197394102812
0.27078768611
0.260220319033
0.235583871603
0.210854753852
0.260498255491
0.226982265711
0.269018828869
0.233404099941
0.274756103754
0.271875053644
0.261282116175
0.164043724537
0.234635457397
0.311501920223
0.226154610515
0.248541072011
0.242132455111
0.250091731548
0.295830190182
0.155199185014
0.184219330549
0.216490060091
0.191429540515
0.249341011047
0.163381546736
0.245328053832
0.242524310946
0.191033557057
0.236749261618
0.239812418818
0.21872189641
0.240745767951
0.233448982239
0.204294636846
0.204202562571
0.23954950273
0.215921655297
0.158814802766
0.185566261411
0.250816613436
0.226452857256
0.226468414068
0.234212100506
0.195048704743
0.230500921607
0.210924342275
0.25623562932
0.171510413289
0.172654271126
0.227168157697
0.225327134132
0.210269570351
0.235200867057
0.196663454175
0.185989826918
0.18607519567
0.192406252027
0.200250431895
0.211542785168
0.184330433607
0.249948754907
0.246732279658
0.187332555652
0.192525759339
0.187381342053
0.254028409719
0.248922765255
0.209155648947
0.246769875288
0.176097035408
0.208791613579
0.266124993563
0.154231697321
0.14716899395
0.153875887394
0.243320837617
0.196117386222
0.178057730198
0.193172514439
0.188207566738
0.196884766221
0.173335120082
0.16876886785
0.228976801038
0.218623742461
0.159742966294
0.202669501305
0.226043522358
0.249814063311
0.218627199531
0.194365531206
0.217000380158
0.19461171329
0.1897559762
0.201741561294
0.182361125946
0.162513509393
0.186923593283
0.230449900031
0.174076512456
0.18804551661
0.192128866911
0.206589415669
0.222011476755
0.236166507006
0.191173121333
0.222073584795
0.201391130686
0.193116426468
0.16818010807
0.188489213586
0.185503587127
0.254328221083
0.151962220669
0.167893007398
0.227033570409
0.179945006967
0.224967777729
0.159402042627
0.209578096867
0.18410243094
0.179009482265
0.197321042418
0.166875347495
0.167317911983
0.175599351525
0.206173405051
0.200774073601
0.235140174627
0.175824582577
0.219030812383
0.194805040956
0.185878053308
0.197458699346
0.21244238317
0.158347085118
0.1684935987
0.190442055464
0.218895405531
0.129416137934
0.194870144129
0.169759273529
0.14227181673
0.177884995937
0.131862640381
0.139057993889
0.140700787306
0.192884758115
0.155355170369
0.182077050209
0.216007292271
0.227796196938
0.182032242417
0.141209468246
0.212076842785
0.1708663553
0.206880524755
0.160462781787
0.186012297869
0.187609449029
0.212765470147
0.199901297688
0.178382277489
0.14076462388
0.156202927232
0.229653701186
0.157285422087
0.177340269089
0.154170021415
0.24498167634
0.208757445216
0.164073720574
0.173260852695
0.161368265748
0.221504211426
0.200464114547
0.209579065442
0.164900586009
0.170823857188
0.230012178421
0.131885513663
0.20885810256
0.193930000067
0.197000309825
0.204333230853
0.165296763182
0.169443681836
0.141113758087
0.152651280165
0.199561148882
0.150961115956
0.154893696308
0.146229192615
0.176515415311
0.186979487538
0.143564045429
0.191658943892
0.148152410984
0.230392828584
0.235320314765
0.145505473018
0.188576027751
0.216882288456
0.242609411478
0.179641351104
0.174702450633
0.170708477497
0.212016031146
0.183523714542
0.159641742706
0.148332476616
0.179489612579
0.161293685436
0.165183350444
0.208649411798
0.221711203456
0.166312277317
0.166335508227
0.165413573384
0.174868911505
0.148984447122
