0.709575176239
0.669799089432
0.656260728836
0.635695576668
0.631214559078
0.597962379456
0.586956501007
0.567329347134
0.586140394211
0.546710550785
0.540193498135
0.533967018127
0.532328546047
0.531280517578
0.501317322254
0.506620585918
0.511625468731
0.492606192827
0.479782611132
0.484084755182
0.445156157017
0.467933237553
0.470809280872
0.447635769844
0.466349899769
0.46253156662
0.454870164394
0.459648489952
0.450772851706
0.427625894547
0.429124087095
0.40394115448
0.421118676662
0.422036617994
0.439183145761
0.402678728104
0.407396942377
0.385843575001
0.382519453764
0.421639829874
0.352933734655
0.359864085913
0.378864556551
0.380556792021
0.40005543828
0.405735582113
0.377714902163
0.353870034218
0.342744767666
0.351740181446
0.344514191151
0.348320484161
0.360312998295
0.370726823807
0.332453817129
0.372040688992
0.347116917372
0.351421713829
0.308902412653
0.351524233818
0.31618514657
0.336120486259
0.331674426794
0.324968189001
0.31072217226
0.29933822155
0.334451138973
0.298148602247
0.342132568359
0.327828317881
0.30297768116
0.306319743395
0.32246235013
0.32363602519
0.259804099798
0.322037667036
0.298739135265
0.336544126272
0.297137647867
0.267713099718
0.281880378723
0.294270217419
0.288113862276
0.318453371525
0.289147377014
0.25509557128
0.288013011217
0.286660790443
0.309875667095
0.284604519606
0.273210078478
0.297892987728
0.272266328335
0.265501856804
0.275281846523
0.278641730547
0.256575673819
0.266704231501
0.307704716921
0.281632483006
0.281736016273
0.271174252033
0.289546489716
0.286352962255
0.271255373955
0.348805487156
0.269184887409
0.308518618345
0.31138959527
0.267285913229
0.2539267838
0.30015656352
0.277597784996
0.275205224752
0.294969886541
0.236093997955
0.251705378294
0.25515973568
0.276208817959
0.275362849236
0.256338983774
0.278961002827
0.257147938013
0.252880036831
0.293900460005
0.310965418816
0.291826695204
0.30376252532
0.302071630955
0.237359300256
0.262600451708
0.257724046707
0.244964540005
0.236976310611
0.243389368057
0.248476207256
0.300479769707
0.262141704559
0.25810983777
0.278534412384
0.24886366725
0.277883529663
0.233142748475
0.258170902729
0.231171786785
0.228010132909
0.247932523489
0.219569727778
0.248969182372
0.2595461905
0.229282289743
0.241508558393
0.24969445169
0.260632514954
0.25375443697
0.204238519073
0.2351680547
0.227836459875
0.209814250469
0.246752411127
0.239816099405
0.245296299458
0.256557643414
0.231327563524
0.235224321485
0.21004101634
0.245926126838
0.258592367172
0.209663182497
0.305039852858
0.214948222041
0.227309435606
0.215369999409
0.255751520395
0.283834904432
0.222365140915
0.186639308929
0.236432522535
0.217859104276
0.260876089334
0.285443305969
0.230201646686
0.196170076728
0.217365548015
0.249082058668
0.248515874147
0.198266029358
0.235310792923
0.273086816072
0.205130830407
0.20575594902
0.267375588417
0.209795504808
0.240021824837
0.188940882683
0.211696907878
0.231700792909
0.257833749056
0.236023575068
0.218411967158
0.205353155732
0.232030332088
0.210971921682
0.183274194598
0.249003320932
0.204436033964
0.237196683884
0.239218175411
0.198999360204
0.210263028741
0.194047510624
0.242585003376
0.18151023984
0.172825619578
0.190603524446
0.229141846299
0.223364338279
0.200431838632
0.246822446585
0.203316271305
0.18765065074
0.230670526624
0.261523216963
0.248638987541
0.195563420653
0.220683738589
0.201536566019
0.187521100044
0.246197134256
0.194636821747
0.181626439095
0.188203051686
0.176922380924
0.195190176368
0.208279773593
0.208699300885
0.172397971153
0.207864999771
0.244928255677
0.220728695393
0.1845703125
0.191477283835
0.151608258486
0.218847230077
0.206123888493
0.15589979291
0.194797307253
0.129907771945
0.172944515944
0.17517696321
0.164655864239
0.172751352191
0.165760874748
0.252868384123
0.191174328327
0.188685014844
0.186868876219
0.237891599536
0.219682723284
0.193479001522
0.170148462057
0.18530601263
0.221080809832
0.1563834548
0.158442527056
0.169473186135
0.209375247359
0.213664114475
0.212043359876
0.166842207313
0.207011058927
0.160556033254
0.186989977956
0.147824019194
0.164074420929
0.217308267951
0.15240240097
0.240895226598
0.263697177172
0.179221153259
0.17336422205
0.191431552172
0.191060975194
0.190639719367
0.170463308692
0.177510976791
0.154177129269
0.189524501562
0.11602716893
0.193131119013
0.202567502856
0.161074712873
0.180118992925
0.149776518345
0.160344973207
0.196642696857
0.161144316196
0.12218311429
0.210943758488
0.177955776453
0.156288221478
0.182996690273
0.130216106772
0.157511413097
0.16055777669
0.158897653222
0.165386170149
0.128147885203
0.163358792663
0.133346006274
0.163935363293
0.112358242273
0.16403709352
0.179932191968
0.141876146197
0.211982280016
0.145790562034
0.159090325236
0.206596359611
0.231019064784
0.181585177779
0.187895089388
0.186067447066
0.209026545286
0.227160602808
0.21130605042
0.150761470199
0.125681266189
0.184011176229
0.116152927279
0.185979664326
0.171105355024
0.173451244831
0.125843018293
0.16083574295
0.155605301261
0.124655522406
0.225963830948
0.163768038154
0.0829444676638
0.157303959131
0.179023340344
0.227868050337
0.138279855251
0.181624755263
0.164499565959
0.150720953941
0.177369236946
0.154661491513
0.152601510286
0.138474404812
0.157030373812
0.166737779975
0.145181447268
0.142538756132
0.160443246365
0.185105636716
0.213381946087
0.148180991411
0.202683463693
0.179887533188
0.160517290235
0.22164683044
0.145317316055
0.140299573541
0.141752108932
0.164269611239
0.127399250865
0.164406135678
0.147399246693
0.16348515451
0.163903564215
0.154198631644
0.211884394288
0.178027257323
0.160879150033
0.144703194499
0.20638050139
0.211980864406
0.184532940388
0.20994374156
0.19381788373
0.11484157294
0.103302672505
0.157915890217
0.166140556335
0.140924841166
0.183258444071
0.227105170488
0.141789615154
0.177980750799
0.170632913709
0.0946647822857
0.149696052074
0.136835798621
0.164625108242
0.169477581978
0.137420862913
0.122152887285
0.142712175846
0.1406160146
0.0928551852703
0.11853338778
0.164675906301
0.270835071802
0.193759679794
0.160052791238
0.195298910141
0.117051489651
0.218734353781
0.130649775267
0.12262160331
0.132578760386
0.152269914746
0.139259278774
0.150338947773
0.184697076678
0.143247142434
0.167623266578
0.202199444175
0.143506914377
0.153285130858
0.176387473941
0.174732282758
0.124828778207
0.168748542666
0.121936634183
0.0980447754264
0.110700003803
0.117730639875
0.135772302747
0.164443194866
0.176631122828
0.155091032386
0.183382168412
0.171639382839
0.103347666562
0.177316918969
0.144608914852
0.177023395896
0.157668560743
0.143784418702
0.167866498232
0.158082127571
0.133215755224
0.152405142784
0.216737031937
0.16752281785
0.147771701217
0.194707661867
0.187215909362
0.159374892712
0.142074272037
0.148434132338
0.19372625649
0.151725783944
0.120018303394
0.188395246863
0.131946727633
0.152092635632
0.148615688086
0.155728533864
0.0918791666627
0.158330827951
0.124296426773
0.147414922714
0.104942172766
0.168884634972
0.205127432942
0.119417607784
0.129097342491
0.160042047501
0.153345987201
0.131893441081
0.130030497909
0.14904782176
0.131983429193
0.173114776611
0.165136873722
0.135169625282
0.134471580386
0.169158130884
0.154620677233
0.150791764259
0.118845276535
0.116177685559
0.190147027373
0.148872047663
0.135093852878
0.111381493509
0.157385364175
0.126966148615
0.154204383492
0.150609761477
0.101370610297
0.112825475633
0.149742156267
0.150611743331
0.166688635945
0.19600841403
0.142316803336
0.15309253335
0.166774272919
0.140251159668
0.130692601204
0.123689077795
0.201922014356
0.160879850388
0.106957279146
0.14941252768
0.140856638551
0.140417903662
0.189398288727
0.105107598007
0.17375600338
0.147521734238
0.14690643549
0.104916378856
0.174901902676
0.14360781014
0.152622759342
0.138513013721
0.121427342296
0.171418383718
0.126405164599
0.101819008589
0.210972264409
0.126271814108
0.12455753237
0.0924727842212
0.109368488193
0.171203091741
0.195746406913
0.151610374451
0.138393759727
0.128494337201
0.167438000441
0.177468255162
0.163914650679
0.148999616504
0.133851870894
0.156993344426
0.175806969404
0.117678783834
0.134630188346
0.113150194287
0.153163105249
0.180874824524
0.16489250958
0.102234855294
0.138077959418
0.203330367804
0.0937840566039
0.165225282311
0.173869982362
0.154339507222
0.094401307404
0.167665749788
0.14021871984
0.135864138603
0.127081915736
0.137688755989
0.204501584172
0.185313791037
0.179816916585
0.172136068344
0.0737658441067
0.20841473341
0.103515200317
0.0859605520964
0.16955371201
0.142287239432
0.11642280221
0.184491530061
0.137533411384
0.127092391253
0.125282615423
0.0872386395931
0.0991517230868
0.150364980102
0.142542213202
0.130818620324
0.116087011993
0.140791729093
0.0978911072016
0.138814792037
0.137153044343
0.115132577717
0.122966140509
0.185646608472
0.0741160809994
0.130967184901
0.138794541359
0.114243522286
0.115536078811
0.114005707204
0.112503625453
0.0888403728604
0.0856433585286
0.17858786881
0.115858629346
0.0603059157729
0.0921491757035
0.123100236058
0.120051957667
0.0833950713277
0.142996609211
0.180211246014
0.170717716217
0.0745359435678
0.200494155288
0.0951255485415
0.125264570117
0.174340426922
0.12582282722
0.127250418067
0.13578106463
0.180482894182
0.18320427835
0.0825255513191
0.107852511108
0.118890762329
0.176408946514
0.184451252222
0.14902818203
0.101474322379
0.0997017845511
0.176282972097
0.138792678714
0.108557760715
0.119561187923
0.124484106898
0.124380975962
0.0847273766994
0.155853360891
0.10792838037
0.128721103072
0.213633239269
0.122031897306
0.10624665767
0.166581198573
0.151129350066
0.111930623651
0.131963267922
0.122074663639
0.146470367908
0.148683860898
0.123220406473
0.16386897862
0.19131962955
0.146863400936
0.127911224961
0.134363889694
0.144746601582
0.0779430270195
0.123815841973
0.202485620975
0.131700113416
0.141357794404
0.196091428399
0.141584828496
0.11665456742
0.144361928105
0.140868976712
0.162220388651
0.148381754756
0.127384722233
0.135526120663
0.135113090277
0.130113512278
0.171486586332
0.155992567539
0.132561907172
0.115076363087
0.130329430103
0.125084549189
0.130414426327
0.146980419755
0.10918854177
0.150607556105
0.133192002773
0.0867054834962
0.159334287047
0.12526550889
0.153581008315
0.118760198355
0.120757371187
0.149572610855
0.156031534076
0.101566039026
0.145136579871
0.120629034936
0.199208900332
0.0912925899029
0.106601566076
0.141345441341
0.109133154154
0.153033524752
0.118000790477
0.12871132791
0.148570433259
0.126185119152
0.121240831912
0.10023509711
0.159548610449
0.131845444441
0.108968354762
0.093632824719
0.157330587506
0.199401602149
0.196857079864
0.103041663766
0.165704190731
0.0636041164398
0.0813470855355
0.108765281737
0.112161740661
0.184418126941
0.136462166905
0.161860764027
0.117228090763
0.12114084512
0.112943731248
0.11562179029
0.0942142233253
0.171818584204
0.140401273966
0.164776355028
0.0840037763119
0.124861299992
0.171254009008
0.130436182022
0.110833071172
0.12116535753
0.145667672157
0.137653246522
0.144300207496
0.0946502611041
0.145472347736
0.123372405767
0.113221608102
0.102321922779
0.131962805986
0.145019009709
0.0978613942862
0.0933127775788
0.143521621823
0.110645130277
0.165965005755
0.115059994161
0.138874426484
0.105158254504
0.121625602245
0.134997844696
0.121479682624
0.119407527149
0.124667719007
0.110975347459
0.11458388716
0.191476851702
0.164420694113
0.104890301824
0.134825631976
0.179310724139
0.127223446965
0.120892316103
0.099175542593
0.168325379491
0.0915649756789
0.132020875812
0.140113294125
0.151603356004
0.110953427851
0.0982148498297
0.118278853595
0.133749142289
0.065598115325
0.137491509318
0.079151570797
0.228731662035
0.0983736664057
0.211756706238
0.117850027978
0.100646145642
0.115347981453
0.116523489356
0.0937338545918
0.148305356503
0.221335381269
0.0987741425633
0.111759901047
0.0896318405867
0.134550631046
0.103632301092
0.123846068978
0.0874531939626
0.0694612488151
0.136381715536
0.0718422010541
0.105245262384
