0.801815927029
0.721677064896
0.68311214447
0.628303408623
0.595515489578
0.582651436329
0.56941229105
0.56436342001
0.50857013464
0.511592626572
0.505321085453
0.47597232461
0.474169582129
0.479004502296
0.430502802134
0.46478971839
0.44873470068
0.456286013126
0.423141926527
0.432187110186
0.370406985283
0.420510500669
0.372016966343
0.393793910742
0.371591329575
0.360123485327
0.384699255228
0.372853338718
0.372394055128
0.364904075861
0.39776930213
0.338027596474
0.376796752214
0.322736501694
0.31080570817
0.361471146345
0.299974828959
0.340137243271
0.287551254034
0.293772220612
0.303149014711
0.350620627403
0.345900267363
0.295941233635
0.331820309162
0.289621651173
0.31014585495
0.267478168011
0.29881426692
0.285672545433
0.356844037771
0.267812639475
0.322452455759
0.319660305977
0.326093584299
0.309165596962
0.268429964781
0.304544150829
0.275133192539
0.211892351508
0.282374352217
0.276473641396
0.312885016203
0.285077691078
0.246221661568
0.26678994298
0.235465452075
0.275662571192
0.20037086308
0.281875103712
0.25636857748
0.22394067049
0.263461798429
0.270729184151
0.251943558455
0.285768330097
0.364781677723
0.227935165167
0.266778737307
0.261333525181
0.316831707954
0.307402968407
0.302981644869
0.224897280335
0.227386146784
0.217342838645
0.281552255154
0.25009137392
0.254594534636
0.255273610353
0.230921000242
0.242846339941
0.246432587504
0.245325446129
0.220524892211
0.285841286182
0.235796317458
0.233605980873
0.269125372171
0.244871765375
0.223170042038
0.262977153063
0.194073751569
0.186262622476
0.313852608204
0.32325103879
0.250526130199
0.278147429228
0.259925961494
0.223823845387
0.251823395491
0.25307148695
0.181454882026
0.220748201013
0.222958818078
0.239246502519
0.24063269794
0.217485040426
0.248287856579
0.221655473113
0.266904383898
0.238319575787
0.274906277657
0.226964220405
0.201652079821
0.183827728033
0.237874865532
0.23405584693
0.209846869111
0.223528012633
0.221400678158
0.196513399482
0.202672600746
0.227027118206
0.210750371218
0.228178441525
0.22781033814
0.231727749109
0.166726380587
0.185702353716
0.167470082641
0.278403609991
0.237895652652
0.196233719587
0.183816358447
0.186008438468
0.225637987256
0.235809728503
0.193401202559
0.224102690816
0.238422676921
0.215200066566
0.236764281988
0.349405527115
0.198762983084
0.257177829742
0.189487069845
0.216637358069
0.151896029711
0.255502998829
0.182762593031
0.230649143457
0.180905118585
0.226524055004
0.231498196721
0.212967604399
0.174563154578
0.194888934493
0.226483613253
0.203918173909
0.235571369529
0.195628508925
0.251283466816
0.187191918492
0.19684651494
0.184359923005
0.226237252355
0.19853721559
0.226407960057
0.210707589984
0.1918066293
0.195946887136
0.242564082146
0.216460555792
0.179955363274
0.206629663706
0.2176322788
0.21617667377
0.211445257068
0.202545017004
0.183279573917
0.210070356727
0.213689297438
0.215613499284
0.198439881206
0.20784804225
0.210489556193
0.24810564518
0.166153281927
0.150925531983
0.166538774967
0.170209005475
0.163008600473
0.164924785495
0.148072957993
0.233767434955
0.269157528877
0.209124937654
0.194432854652
0.252673506737
0.172618404031
0.189626261592
0.185168609023
0.216295346618
0.191494598985
0.181940406561
0.198346629739
0.183566078544
0.195176899433
0.209798261523
0.157348871231
0.195231959224
0.192610189319
0.165413826704
0.201131641865
0.20364280045
0.150003120303
0.17693080008
0.204361721873
0.184829637408
0.178069770336
0.181893512607
0.15283177793
0.193733766675
0.215909227729
0.151512950659
0.192335218191
0.188743337989
0.20685428381
0.165772154927
0.276558250189
0.182023316622
0.221015751362
0.188073128462
0.217919588089
0.245362892747
0.199174910784
0.277668863535
0.169304937124
0.147725522518
0.189814984798
0.193299114704
0.16191855073
0.177829444408
0.215888142586
0.209698930383
0.169230669737
0.159540876746
0.257755696774
0.164789676666
0.221087157726
0.162357985973
0.189452722669
0.217449128628
0.144926264882
0.165898740292
0.191636800766
0.15737016499
0.19035962224
0.218443393707
0.152780145407
0.208409950137
0.157445177436
0.179273873568
0.175617650151
0.227390602231
0.17427355051
0.172151505947
0.192476093769
0.190123587847
0.19337785244
0.132355183363
0.22067938745
0.164461240172
0.176004752517
0.17400445044
0.206121087074
0.18012714386
0.17877624929
0.127296686172
0.123745523393
0.151052162051
0.140042960644
0.1837759763
0.120264433324
0.184100434184
0.186008438468
0.122017651796
0.247870475054
0.180096447468
0.166458308697
0.150631338358
0.115443475544
0.167333349586
0.1231700629
0.160966336727
0.169816419482
0.221033781767
0.148616492748
0.120562076569
0.240328609943
0.138734653592
0.223797902465
0.245492443442
0.198336675763
0.158642470837
0.179684519768
0.117987059057
0.158811882138
0.137794494629
0.156624615192
0.211609959602
0.162698581815
0.164016798139
0.126569360495
0.145916238427
0.178877294064
0.176295727491
0.196839228272
0.156088784337
0.171802163124
0.175606608391
0.145918235183
0.174751833081
0.21256378293
0.182582452893
0.163108125329
0.215108022094
0.136145710945
0.152289748192
0.142065659165
0.144184812903
0.142323881388
0.182504191995
0.105558328331
0.127964735031
0.168960675597
0.186627343297
0.16346950829
0.183667853475
0.195986509323
0.192272767425
0.11418248713
0.148999333382
0.221505731344
0.208454221487
0.145260155201
0.145866885781
0.173330411315
0.160637199879
0.150641769171
0.141749531031
0.145164653659
0.144384890795
0.11471016705
0.179106980562
0.162357196212
0.14788903296
0.165106013417
0.154033511877
0.154378026724
0.178687155247
0.120852924883
0.204394906759
0.190744444728
0.149631947279
0.189784169197
0.16348233819
0.142538577318
0.127060607076
0.128352954984
0.164570242167
0.133194699883
0.190426230431
0.164141714573
0.167224824429
0.152760177851
0.12905138731
0.141976475716
0.150323778391
0.145955100656
0.166674315929
0.174156039953
0.17616905272
0.154192119837
0.15215715766
0.131002932787
0.0816431865096
0.177075281739
0.169947251678
0.186122581363
0.179901257157
0.200367495418
0.205402433872
0.151364967227
0.15131354332
0.111160501838
0.126583531499
0.140824705362
0.191666916013
0.12609860301
0.148166269064
0.103315591812
0.153529345989
0.146600618958
0.142737522721
0.167773619294
0.175061479211
0.110347792506
0.164009198546
0.160319462419
0.165138676763
0.140707835555
0.196639925241
0.152598708868
0.148002773523
0.161562815309
0.11303011328
0.198421403766
0.202188923955
0.115972556174
0.165658384562
0.199335411191
0.154696419835
0.128616094589
0.143987551332
0.18262206018
0.154979690909
0.131838619709
0.179976269603
0.162682384253
0.136625990272
0.147558867931
0.134768873453
0.158600896597
0.137962624431
0.126293048263
0.153184100986
0.10206039995
0.190672263503
0.208461910486
0.127097800374
0.15349213779
0.14851886034
0.115523010492
0.113422237337
0.12776774168
0.0960767045617
0.138900518417
0.127330929041
0.138837873936
0.156197622418
0.115385837853
0.123153053224
0.116492964327
0.140631332994
0.185630947351
0.115425117314
0.125309377909
0.186315104365
0.130391359329
0.123693391681
0.131442859769
0.133907824755
0.162815973163
0.132748693228
0.115770302713
0.101276293397
0.131469577551
0.131371155381
0.110571034253
0.176705554128
0.10803809762
0.147629141808
0.135505750775
0.130757182837
0.111269198358
0.103139363229
0.112871475518
0.131811723113
0.15284961462
0.150722891092
0.133801460266
0.171226277947
0.147628411651
0.12808996439
0.0947698205709
0.200806960464
0.153629779816
0.139469206333
0.094826169312
0.0888281837106
0.119624756277
0.166553556919
0.134147286415
0.200056776404
0.14666903019
0.116328783333
0.121212229133
0.149316623807
0.109107099473
0.135365754366
0.189664036036
0.130838349462
0.102046392858
0.1774328053
0.132393792272
0.181197747588
0.0934415459633
0.167422965169
0.139527395368
0.105085782707
0.114616967738
0.154803544283
0.0850516706705
0.147694930434
0.115391783416
0.148510858417
0.147887349129
0.121077395976
0.121158614755
0.0961210206151
0.135843843222
0.108232095838
0.164813861251
0.153665453196
0.113407768309
0.113045610487
0.159309372306
0.135436013341
0.149741441011
0.179206445813
0.147883102298
0.0625986531377
0.155217289925
0.138403728604
0.156987294555
0.161711975932
0.115713372827
0.142332166433
0.137598574162
0.109719403088
0.120383307338
0.0851244479418
0.141651913524
0.177054733038
0.136145353317
0.120831653476
0.155315697193
0.119968228042
0.179255858064
0.15143366158
0.160344019532
0.13934391737
0.128545477986
0.109780289233
0.126124173403
0.118854358792
0.124265901744
0.100902177393
0.105457901955
0.212086454034
0.122596025467
0.170101314783
0.161912858486
0.130128875375
0.103654868901
0.142390981317
0.165087133646
0.133901953697
0.126030191779
0.148922950029
0.142716914415
0.127699896693
0.147114574909
0.137962654233
0.0937248393893
0.185464844108
0.133988395333
0.151734098792
0.165573790669
0.0920505598187
0.125101834536
0.150983303785
0.167287647724
0.12737211585
0.154111176729
0.124883525074
0.0801114737988
0.0986782982945
0.115095846355
0.100630894303
0.126824319363
0.0825961902738
0.129640936852
0.164834946394
0.0843448266387
0.144984021783
0.150873467326
0.167733564973
0.0992669463158
0.107866220176
0.100144706666
0.149975076318
0.170640096068
0.10003528744
0.0851515978575
0.0977106392384
0.141587972641
0.125279605389
0.112203836441
0.177117690444
0.147045791149
0.152099534869
0.128711938858
0.163790106773
0.162162169814
0.129896104336
0.0995263084769
0.106772638857
0.161245971918
0.0927054807544
0.116515502334
0.145764306188
0.0764827802777
0.136474147439
0.116391263902
0.135574728251
0.171363472939
0.14311388135
0.110493689775
0.112394243479
0.124694220722
0.0977086722851
0.129925325513
0.0756865814328
0.109924949706
0.123232528567
0.193484187126
0.162792935967
0.124854840338
0.105757944286
0.112619973719
0.0965185388923
0.109090492129
0.0976585000753
0.111165322363
0.13803319633
0.147243127227
0.107486687601
0.0856423154473
0.0930555388331
0.126479431987
0.146056503057
0.11411345005
0.135220304132
0.10837329179
0.125333741307
0.1025769189
0.100082501769
0.0900622680783
0.0882149934769
0.0856398418546
0.070294894278
0.119356036186
0.0860258489847
0.0955195724964
0.0990191921592
0.106810174882
0.145403772593
0.102550767362
0.0646593496203
0.106101490557
0.118749171495
0.163788467646
0.150896593928
0.131461799145
0.102589488029
0.123172089458
0.0978110507131
0.101439744234
0.0888192355633
0.178724855185
0.099048435688
0.0739294812083
0.143596723676
0.163818821311
0.0996859222651
0.145979687572
0.157443627715
0.0873092859983
0.0964353978634
0.100805796683
0.110656015575
0.0871157422662
0.182857602835
0.0825511962175
0.117395840585
0.151286900043
0.125044137239
0.119335018098
0.116015739739
0.12008446455
0.123537428677
0.149589896202
0.0764207392931
0.101314969361
0.100656986237
0.169724181294
0.0893929898739
0.120469406247
0.0841827392578
0.0955355018377
0.130186632276
0.116671621799
0.10256703198
0.11772313714
0.112369656563
0.109178096056
0.081905066967
0.125086545944
0.0992540046573
0.100494682789
0.108888447285
0.136036738753
0.0944693461061
0.113423004746
0.126071378589
0.094117693603
0.0820311233401
0.0984775424004
0.123184174299
0.17947499454
0.14007294178
0.0999883264303
0.113294042647
0.0964109674096
0.132750689983
0.0953707844019
0.104729250073
0.072785384953
0.131928727031
0.0927139744163
0.102224618196
0.140726029873
0.147332966328
0.121730059385
0.104651756585
0.145799130201
0.111119411886
0.0781087949872
0.111627884209
0.116914220154
0.108629986644
0.117468222976
0.0665051788092
0.140379011631
0.0912852957845
0.099853605032
0.121042706072
0.122708082199
0.126586154103
0.11982550472
0.092564933002
0.106857329607
0.081931643188
0.0787437707186
0.17362357676
0.0981935486197
0.167449325323
0.113537445664
0.131517276168
0.114742167294
0.103295281529
0.080427005887
0.101202078164
0.0760934576392
0.1218835935
0.135562196374
0.104723654687
0.102029763162
0.125574469566
0.118457555771
0.133517086506
0.160794302821
0.156917288899
0.196435168386
0.133217975497
0.0922268927097
0.137065082788
