0.721026778221
0.707544088364
0.713625192642
0.707246899605
0.722105622292
0.709850788116
0.721270918846
0.71755027771
0.711485803127
0.705323815346
0.708947479725
0.704087853432
0.696949005127
0.707413434982
0.701241850853
0.712409615517
0.71090400219
0.705091834068
0.701996743679
0.705273151398
0.703862547874
0.698132276535
0.704531610012
0.702128052711
0.703762292862
0.695892572403
0.69991350174
0.69368904829
0.693640708923
0.699423730373
0.684331476688
0.692553758621
0.69432914257
0.690441131592
0.688650608063
0.689311981201
0.696803689003
0.694597959518
0.689720511436
0.694869697094
0.689246416092
0.695324063301
0.689175069332
0.690277814865
0.69121336937
0.692495942116
0.697043836117
0.697848141193
0.687724947929
0.686548173428
