0.695300281048
0.693076848984
0.692077219486
0.690772950649
0.689670920372
0.689558148384
0.688018083572
0.686096489429
0.686784267426
0.684498846531
0.684258341789
0.682987213135
0.681588947773
0.681035757065
0.679512798786
0.678195357323
0.676752746105
0.673587679863
0.672840833664
0.670453310013
0.666033267975
0.664613008499
0.656058609486
0.653759181499
0.649378478527
0.64400947094
0.63820952177
0.622603952885
0.625543951988
0.610682010651
0.616560876369
0.610172986984
0.605685293674
0.587914526463
0.605185925961
0.601924419403
0.577720105648
0.60593110323
0.585501253605
0.589035868645
0.572397053242
0.560391187668
0.574200391769
0.566737353802
0.578565955162
0.565828919411
0.558344960213
0.544322490692
0.548584401608
0.537777841091
0.55123770237
0.562486350536
0.52177220583
0.535250663757
0.546550154686
0.527371704578
0.538091242313
0.517825603485
0.539533436298
0.506831049919
0.517490506172
0.510489761829
0.51966804266
0.477591067553
0.499791055918
0.491492301226
0.46949249506
0.485257357359
0.492215484381
0.465721398592
0.489971041679
0.470999956131
0.468149542809
0.444188326597
0.477785289288
0.479601085186
0.452634036541
0.417814165354
0.445534616709
0.452906757593
0.422310352325
0.425295799971
0.431034594774
0.397013664246
0.411759585142
0.464189291
0.411257714033
0.391094446182
0.405350506306
0.382152348757
0.377395778894
0.404880255461
0.377101331949
0.449423998594
0.380484461784
0.367485791445
0.391491860151
0.39636439085
0.394066423178
0.326352447271
0.37579497695
0.421950429678
0.368603676558
0.366593211889
0.370448201895
0.388047963381
0.341139554977
0.359800547361
0.351822078228
0.415784209967
0.374368816614
0.383262991905
0.356964915991
0.408469080925
0.353066593409
0.37420335412
0.3434022367
0.408530712128
0.316362410784
0.344353079796
0.278843432665
0.359685599804
0.313276350498
0.345375537872
0.325553953648
0.339168339968
0.313160359859
0.329299420118
0.338120698929
0.339022070169
0.337595134974
0.332125306129
0.29325824976
0.313633471727
0.364904493093
0.322974681854
0.257461130619
0.266127347946
0.275231957436
0.358621954918
0.29609721899
0.314380079508
0.317803621292
0.2873018682
0.285171300173
0.302649259567
0.276684880257
0.263796180487
0.23543381691
0.314044445753
0.266391545534
0.262828558683
0.314043849707
0.290242999792
0.275778532028
0.304931402206
0.294958055019
0.270659476519
0.247073575854
0.291429013014
0.237778410316
0.293628334999
0.248421907425
0.282102376223
0.22067566216
0.275446772575
0.22645150125
0.254298835993
0.279882878065
0.286977261305
0.230689704418
0.311571240425
0.278449714184
0.296792894602
0.21590963006
0.25573438406
0.287880510092
0.252697765827
0.291757196188
0.250237226486
0.252929955721
0.20870000124
0.243862092495
0.212427929044
0.270368635654
0.29869762063
0.223222255707
0.256433606148
0.248921468854
0.254328906536
0.276509344578
0.234284043312
0.257429331541
0.278535991907
0.287017703056
0.292658895254
0.206955760717
0.197543337941
0.22136284411
0.214141950011
0.296072900295
0.196945667267
0.193033054471
0.25653257966
0.233857110143
0.204796910286
0.237448588014
0.197025358677
0.294910222292
0.226190596819
0.221133589745
0.212905496359
0.236374437809
0.264437109232
0.241435572505
0.256642967463
0.182814702392
0.226966187358
0.198367312551
0.248916625977
0.188069671392
0.189436689019
0.231930136681
0.209231749177
0.170583933592
0.194390997291
0.163019299507
0.247610107064
0.262060523033
0.241249337792
0.226139947772
0.163880690932
0.185346797109
0.16911201179
0.212481722236
0.261461615562
0.186140745878
0.181051895022
0.212570741773
0.166582047939
0.219941034913
0.200577527285
0.194245681167
0.187655642629
0.206170648336
0.212806597352
0.222870573401
0.233861207962
0.155783966184
0.200992435217
0.233372181654
0.194905757904
0.21983858943
0.171582475305
0.143295228481
0.202476575971
0.213322743773
0.192751288414
0.198557674885
0.202829897404
0.229101151228
0.192249089479
0.246980637312
0.201356351376
0.250161617994
0.161750093102
0.182116106153
0.151974216104
0.198260977864
0.261016637087
0.214115679264
0.20216318965
0.180943220854
0.176548138261
0.213520303369
0.187691479921
0.165426373482
0.138538897038
0.185234442353
0.186447173357
0.176518470049
0.183026686311
0.179045334458
0.214096546173
0.213556408882
0.167432382703
0.191808834672
0.192549616098
0.196121439338
0.244117364287
0.170483365655
0.187876626849
0.216045692563
0.163396522403
0.138970762491
0.177396312356
0.176442846656
0.186002776027
0.179583162069
0.209481477737
