0.693132579327
0.692883729935
0.692633867264
0.692292749882
0.691976487637
0.691672205925
0.691319227219
0.691047251225
0.690647006035
0.690259695053
0.689939379692
0.689722061157
0.689289212227
0.688958823681
0.688765287399
0.688430547714
0.688065767288
0.687810897827
0.687619686127
0.687338232994
0.686996221542
0.686779201031
0.68644708395
0.686130106449
0.685691893101
0.685440421104
0.684942781925
0.684696674347
0.684177100658
0.683927834034
0.683185398579
0.682579398155
0.682118654251
0.681448817253
0.680931031704
0.680876672268
0.679936170578
0.678593158722
0.678613126278
0.677256286144
0.676393389702
0.675835072994
0.675356090069
0.674585461617
0.671323955059
0.670683979988
0.668915092945
0.667640626431
0.666204631329
0.663868367672
0.663047969341
0.660489141941
0.659757435322
0.654647111893
0.652134001255
0.649893581867
0.649359107018
0.644809424877
0.644579350948
0.640039741993
0.636754453182
0.635052263737
0.629152178764
0.63037866354
0.623057126999
0.622088372707
0.615960657597
0.609901785851
0.612229824066
0.605872690678
0.601688086987
0.601945996284
0.589164197445
0.595697999001
0.583807766438
0.572881579399
0.571938276291
0.57151556015
0.571246504784
0.561308801174
0.555211782455
0.550786674023
0.548774063587
0.544642031193
0.537186324596
0.524595737457
0.525260925293
0.514787197113
0.51583969593
0.505858719349
0.500761568546
0.488803952932
0.508253931999
0.490684479475
0.468040406704
0.500163197517
0.467119008303
0.460092246532
0.466912776232
0.45869204402
0.458811849356
0.428469896317
0.453560322523
0.417921930552
0.423777282238
0.417072713375
0.429097920656
0.397049516439
0.395948797464
0.410588890314
0.39582580328
0.39866143465
0.390838652849
0.398225486279
0.373702377081
0.355488777161
0.384910553694
0.384749591351
0.361419528723
0.343183159828
0.357212424278
0.357754081488
0.349256873131
0.369157075882
0.377576380968
0.346885621548
0.351622492075
0.347934991121
0.34431412816
0.328927308321
0.35732331872
0.371316224337
0.301227480173
0.33034157753
0.326128154993
0.330593794584
0.308412373066
0.334158033133
0.296186685562
0.318164646626
0.306985199451
0.281719267368
0.308063238859
0.278108686209
0.282181560993
0.302233576775
0.267784893513
0.27841630578
0.301048874855
0.271033883095
0.289031296968
0.287910461426
0.228008583188
0.2444049716
0.260798245668
0.234985500574
0.250148206949
0.262297213078
0.233585938811
0.254549533129
0.262203902006
0.221160158515
0.221569433808
0.22948217392
0.211719661951
0.219401910901
0.192691490054
0.235146746039
0.214214220643
0.212399363518
0.201062500477
0.195767521858
0.19876486063
0.186150729656
0.189100071788
0.213789641857
0.159367263317
0.184774801135
0.184503465891
0.162166193128
0.207360014319
0.213529258966
0.153949514031
0.152480661869
0.228856176138
0.158192902803
0.16191123426
0.159212827682
0.161210611463
0.16370421648
0.164151862264
0.187952011824
0.131903648376
0.127906247973
0.140035048127
0.187095552683
0.112389542162
0.135233163834
0.153314977884
0.143616765738
0.126407161355
0.124435126781
0.172882765532
0.123914152384
0.159800291061
0.139594972134
0.113462410867
0.157862722874
0.126564592123
0.124133378267
0.164891138673
0.162853226066
0.147355049849
0.104109436274
0.109503813088
0.104807823896
0.139487192035
0.142612591386
0.121682286263
0.135435074568
0.114014856517
0.113092124462
0.109446801245
0.125195100904
0.130603164434
0.181382715702
0.137215867639
0.090884745121
0.148359268904
0.105460584164
0.134890452027
0.137963294983
0.16121442616
0.173995390534
0.124477513134
0.149607762694
0.139761298895
0.172079518437
0.107652597129
0.106618098915
0.0984567627311
0.151757463813
0.0771878734231
0.0920092687011
0.181599989533
0.0995528772473
0.153691142797
0.156892761588
0.123896770179
0.120362363756
0.0922854244709
0.122873000801
0.138058438897
0.115774519742
0.086437702179
0.118006400764
0.127531707287
0.178431123495
0.135372966528
0.121822446585
0.115935668349
0.136836975813
0.107366494834
0.0867210477591
0.102356657386
0.110942162573
0.119202584028
0.105677895248
0.106307640672
0.170680478215
0.0693788677454
0.0922765508294
0.0999810770154
0.0791466385126
0.132205858827
0.113142192364
0.168557435274
0.078591838479
0.111319862306
0.113758169115
0.180164560676
0.180523142219
0.109846241772
0.113967619836
0.141455754638
0.0926006510854
0.0784107968211
0.12502630055
0.101300917566
0.0619514621794
0.131453320384
0.0986514464021
0.0885251015425
0.0901667177677
0.113690815866
0.109161101282
0.109902560711
0.103484332561
0.12198202312
0.0797749757767
0.110937207937
0.0930108502507
0.124775469303
0.0903509035707
0.0808080285788
0.0781608149409
0.112623557448
0.0624447613955
0.0968332067132
0.0882461667061
0.0955433920026
0.112273275852
0.0914323553443
0.136731296778
0.111748293042
0.0985829234123
0.133010655642
0.111239813268
0.0757339224219
0.127250418067
0.0442915596068
0.100052289665
0.125140964985
0.126620441675
0.18505948782
0.119003623724
0.133750453591
0.108221814036
0.113216243684
0.118079118431
0.0762127935886
0.0992420166731
0.141408458352
0.0815049111843
0.105899810791
0.10325383395
0.108955033123
0.102419659495
0.104096978903
0.0786894187331
0.108059726655
0.145637378097
0.111965864897
0.111583888531
0.0795949324965
0.114923588932
0.120676532388
0.0897076651454
0.12261339277
0.155691981316
0.0922738015652
0.131990551949
0.127800762653
0.176034197211
0.11265283078
0.0919615700841
0.105554066598
0.102688096464
0.111404582858
0.083756275475
0.0855148285627
0.0743473246694
0.0816754251719
0.0834158733487
0.0927109792829
0.101511456072
0.0935833081603
0.0802547186613
0.166088715196
0.0770046785474
0.0640248656273
0.0962996780872
0.0876297950745
0.0757676586509
0.0795899257064
0.0928200259805
0.0451352968812
0.129110559821
0.0763573721051
0.0988349467516
0.0855484306812
0.112190626562
0.11753359437
0.106665857136
0.0652297288179
0.101815901697
0.099479265511
0.0658777281642
0.0623635426164
0.0963766723871
0.126302599907
0.0719728916883
0.0474013313651
0.104616723955
0.0778845325112
0.0829708650708
0.100889928639
0.0958700403571
0.121052078903
0.168506681919
0.0390894785523
0.0834909975529
0.14155164361
0.108460336924
0.100405052304
0.0871442109346
0.0789973288774
0.103966318071
0.121741533279
0.11649787426
0.0750434026122
0.118828862906
0.167414292693
0.121318340302
0.0924766734242
0.109711810946
0.101411901414
0.119277089834
0.0949408486485
0.0792215391994
0.0842205584049
0.0792033970356
0.106600396335
0.0863475129008
0.0538096353412
0.136081367731
0.116190582514
0.137223735452
0.0946431383491
0.0901098921895
0.0991361141205
0.138712197542
0.0654340162873
0.11166113615
0.033323969692
0.0980272516608
0.116056792438
0.0818113386631
0.0719248354435
0.0643878877163
0.129745721817
0.0824374705553
0.0868649706244
0.093168348074
0.0992157533765
0.110716469586
0.110319562256
0.0880820602179
0.0681886523962
0.0921730399132
0.0840248391032
0.0983323976398
0.0984224081039
0.077656544745
0.0859778150916
0.0690482631326
0.0577482692897
0.101208969951
0.0680846124887
0.11759737879
0.0625002905726
0.0873591005802
0.0773324668407
0.124536275864
0.0872423127294
0.0793123915792
0.124007277191
0.10193797946
0.107011780143
0.0817637220025
0.0986041873693
0.0904347747564
0.0653121173382
0.0822594240308
0.113340295851
0.0766355544329
0.0711340457201
0.0734699741006
0.131299555302
0.0960886254907
0.0607197917998
0.0950266644359
0.141669303179
0.10019107163
0.0809659063816
0.0731675103307
0.0950558930635
0.0977182090282
0.0845468565822
0.0868124738336
0.149348288774
0.106967464089
0.0982183814049
0.114016264677
0.0608041919768
0.0717986673117
0.0720065534115
0.104815267026
0.107440419495
0.0815844461322
