1.23161268234
1.2575006485
1.3154143095
1.24653410912
1.14657247066
1.26568722725
1.40148091316
1.29162895679
1.07386338711
1.37545728683
1.39489984512
1.1914768219
1.22278428078
1.07593429089
1.33112311363
1.29235589504
1.0432331562
1.3453040123
1.18430876732
1.31837189198
1.28462660313
1.23387849331
1.20075237751
1.34614789486
1.25352013111
1.06236183643
1.21745252609
1.32188904285
1.24337232113
1.2080321312
1.19975018501
1.12513124943
1.31963634491
1.11720228195
1.24205183983
1.22484529018
1.15879929066
1.2364449501
1.06102478504
1.05464982986
1.10275745392
1.31396245956
1.31214570999
1.26321899891
1.16155493259
1.18962430954
1.16752791405
1.30905234814
1.17232453823
1.21822679043
