0.693042457104
0.692949414253
0.692860364914
0.692784428596
0.692721903324
0.692660450935
0.692597270012
0.692531704903
0.692463874817
0.692394852638
0.692325413227
0.692258059978
0.692191362381
0.692125499249
0.692059874535
0.691992938519
0.691924154758
0.691854953766
0.691785633564
0.691716015339
0.691646397114
0.691577017307
0.691507577896
0.691437184811
0.691366255283
0.691295444965
0.691224038601
0.691151976585
0.691079139709
0.691005647182
0.690931499004
0.690857231617
0.690781772137
0.690706133842
0.690630078316
0.690553247929
0.69047576189
0.690397679806
0.690318346024
0.69023758173
0.690154910088
0.690070748329
0.689985334873
0.689898848534
0.689810633659
0.689720630646
0.689629256725
0.68953359127
0.68943464756
0.689334332943
0.689229846001
0.689119577408
0.689003765583
0.688887417316
0.688771307468
0.68865698576
0.688542962074
0.688431143761
0.688320279121
0.68821066618
0.688100159168
0.687989413738
0.687874555588
0.687756001949
0.687634587288
0.687512457371
0.687388062477
0.687261819839
0.687134623528
0.68700504303
0.686871707439
0.686734557152
0.686592042446
0.686446547508
0.686298668385
0.68614679575
0.68599230051
0.685837030411
0.685681581497
0.685524106026
0.685362875462
0.685198843479
0.685030817986
0.684857130051
0.684679210186
0.684500336647
0.684320867062
0.684139966965
0.68395626545
0.683769881725
0.683579444885
0.683385491371
0.683189749718
0.682988584042
0.682782351971
0.682569921017
0.682351768017
0.682128369808
0.681896805763
0.681659579277
0.681415855885
0.681168854237
0.680916965008
0.680658578873
0.680394232273
0.680122494698
0.67983853817
0.679547727108
0.679249286652
0.67894423008
0.678630828857
0.678307712078
0.677977263927
0.677638351917
0.677291810513
0.676933944225
0.676563680172
0.676176667213
0.675777554512
0.675366640091
0.674947738647
0.674519777298
0.674077630043
0.673616409302
0.673140585423
0.672649264336
0.672140419483
0.671613693237
0.671073436737
0.670521199703
0.669961929321
0.669392943382
0.668816626072
0.668231487274
0.667635440826
0.667029082775
0.666410565376
0.665784060955
0.665147721767
0.664489209652
0.663812696934
0.663119852543
0.662408471107
0.661680221558
0.660934388638
0.660169124603
0.659384548664
0.658597707748
0.657795965672
0.65697914362
0.656143844128
0.655287504196
0.654413461685
0.653522968292
0.652613580227
0.651683986187
0.650733828545
0.64976722002
0.648784279823
0.647790849209
0.646782577038
0.645758807659
0.644715845585
0.643649637699
0.642565190792
0.641465723515
0.640353322029
0.639231145382
0.638086438179
0.636921346188
0.635737001896
0.634538948536
0.633327186108
0.632096767426
0.630848824978
0.629586100578
0.628309428692
0.6270160079
0.62570220232
0.624371945858
0.623026132584
0.621663630009
0.620280504227
0.618875622749
0.61745351553
0.616015672684
0.614556849003
0.613077580929
0.611583709717
0.610075712204
0.608550727367
0.607006013393
0.605445921421
0.603867530823
0.602272331715
0.600661456585
0.59902960062
0.597372591496
0.595693945885
0.593992829323
0.592274188995
0.590536773205
0.588782846928
0.587011277676
0.585219860077
0.583408534527
0.581583559513
0.579736948013
0.577871024609
0.575987279415
0.57408618927
0.57216501236
0.570224940777
0.568266451359
0.566287815571
0.564289867878
0.56227093935
0.560234665871
0.558182001114
0.556110143661
0.554019987583
0.551912605762
0.549786329269
0.547640383244
0.545477688313
0.54329764843
0.541098356247
0.53888052702
0.536643922329
0.534388780594
0.532114565372
0.529822647572
0.527513623238
0.525185883045
0.522839069366
0.520472764969
0.51808822155
0.515684664249
0.513260602951
0.51082187891
0.508366942406
0.508120179176
0.507873594761
0.507627367973
0.507381439209
0.507136106491
0.506891310215
0.506647229195
0.50640386343
0.506161212921
0.505919396877
0.505678296089
0.505438148975
0.505198776722
0.504960358143
0.504722952843
0.504486441612
0.504251003265
0.504016578197
0.503782987595
0.503550410271
0.503318727016
0.503088057041
0.50285834074
0.502629458904
0.502401411533
0.502174317837
0.501947999001
0.501722514629
0.501497924328
0.501274049282
0.501051008701
0.500828802586
0.500607252121
0.500386655331
0.500166893005
0.499947816133
0.49972948432
0.499511927366
0.499295055866
0.499078899622
0.498863399029
0.498648554087
0.498434364796
0.498220831156
0.498007923365
0.49779561162
0.497583895922
0.497372746468
0.49716219306
0.496952265501
0.496742963791
0.496534258127
0.496325969696
0.496118307114
0.495911091566
0.495704472065
0.495498299599
0.49529260397
0.495087325573
