0.690503776073
0.687844455242
0.686817824841
0.685710608959
0.677656948566
0.67845004797
0.67496740818
0.667562067509
0.66381675005
0.66671025753
0.665988743305
0.665553867817
0.646185457706
0.662203013897
0.654822647572
0.641432464123
0.640454411507
0.625875532627
0.652965128422
0.646316885948
0.655529558659
0.614114999771
0.624761343002
0.616571843624
0.609248459339
0.621219277382
0.608348786831
0.611615300179
0.602187991142
0.621755361557
0.613103449345
0.628222048283
0.611114799976
0.6227684021
0.619083583355
0.63431841135
0.598890304565
0.622680425644
0.607445776463
0.634146094322
0.607587516308
0.597053289413
0.603066504002
0.618415355682
0.606876850128
0.609336435795
0.596477150917
0.601211488247
0.592499375343
0.608782887459
0.588169455528
0.586100876331
0.578203201294
0.58914899826
0.565014302731
0.604692399502
0.592294931412
0.609975457191
0.603952169418
0.608798503876
0.599629759789
0.58456069231
0.576866328716
0.594803512096
0.585865080357
0.578707814217
0.579088687897
0.589668393135
0.608886003494
0.56398421526
0.575803637505
0.566335082054
0.587881982327
0.59489685297
0.614970386028
0.586890399456
0.551954865456
0.609504163265
0.571716368198
0.583588540554
0.590168178082
0.600278615952
0.568517684937
0.5903236866
0.557521224022
0.564305841923
0.60801422596
0.598205029964
0.560442209244
0.56478202343
0.555436491966
0.614952921867
0.591497063637
0.570139229298
0.53829652071
0.582145571709
0.577624261379
0.565573573112
0.56496912241
0.581754267216
0.563237130642
0.570163726807
0.598981618881
0.603419661522
0.585687577724
0.57345944643
0.558927178383
0.604832947254
0.59442281723
0.60652756691
0.595191597939
0.577502012253
0.60101467371
0.582864403725
0.578301727772
0.582547307014
0.605678975582
0.578184306622
0.59548085928
0.578232467175
0.574849069118
0.577963650227
0.561199605465
0.575009167194
0.620058476925
0.564537286758
0.574035108089
0.562877953053
0.536538302898
0.552201151848
0.523724973202
0.567821085453
0.569009125233
0.59626185894
0.543963015079
0.571713626385
0.580318272114
0.578169822693
0.564427912235
0.580100893974
0.544470131397
0.580010175705
0.583527088165
0.572956800461
0.588302910328
0.576863825321
0.566593408585
0.588022589684
0.560799598694
0.587002396584
0.57234287262
0.562531113625
0.56960195303
0.601600587368
0.572296440601
0.587115049362
0.559980869293
0.557527959347
0.576973080635
0.548503398895
0.565841913223
0.572284519672
0.574946701527
0.548124909401
0.556123614311
0.518465638161
0.592719852924
0.596467018127
0.54012298584
0.562841176987
0.562407493591
0.549589514732
0.566802859306
0.582244634628
0.55453389883
0.599859476089
0.553530275822
0.574769318104
0.570458889008
0.509820640087
0.581609070301
0.561771214008
0.543354332447
0.578801453114
0.56682741642
0.547867238522
0.557477712631
0.546459376812
0.559828221798
0.543740928173
0.555962979794
0.577588438988
0.573517739773
0.559394657612
0.580607116222
0.595743715763
0.538661181927
0.565765142441
0.580503761768
0.561580836773
0.56590461731
0.554879128933
0.569568812847
0.562604367733
0.560112118721
0.58015370369
0.575788378716
0.573000788689
0.55010920763
0.580280721188
0.563611865044
0.561800122261
0.59306871891
0.561013519764
0.576827824116
0.562120139599
0.555812478065
0.583757579327
0.600451648235
0.579571783543
0.507700443268
0.566742002964
0.525970220566
0.562152922153
0.567672610283
0.552046597004
0.541908204556
0.568405091763
0.560822486877
0.568910598755
0.572871208191
0.585579931736
0.521980941296
0.568701148033
0.54475903511
0.574608504772
0.568857192993
0.550986886024
0.575383603573
0.577879011631
0.554222166538
0.553860902786
0.577940106392
0.55914080143
0.563457906246
0.563560068607
0.561569094658
0.578541278839
0.550358712673
0.536726593971
0.543481171131
0.616602897644
0.573418796062
0.558275520802
0.547007679939
0.589779138565
0.555273771286
0.564538478851
0.532942771912
0.533586740494
0.556451022625
0.572184741497
0.566001713276
0.575947999954
0.559644281864
0.531784772873
0.531938374043
0.525794148445
0.549151360989
0.535799920559
0.568818807602
0.576217591763
0.541367411613
0.599942922592
0.58689647913
0.5595895648
0.565888285637
0.573227882385
0.559053659439
0.608623147011
0.539018273354
0.568653404713
0.537139773369
0.566050112247
0.588852465153
0.531516671181
0.566021502018
0.567577838898
0.532438099384
0.565082848072
0.529396474361
0.552950799465
0.603705108166
0.568602800369
0.563002109528
0.551483273506
0.560122728348
0.544558644295
0.546139955521
0.586075246334
0.549480617046
0.567486584187
0.527253031731
0.56683576107
0.548003256321
0.535207867622
0.523076593876
0.522362887859
0.556226491928
0.57633036375
0.558949112892
0.53038173914
0.566047430038
0.548997461796
0.543801903725
0.5347661376
0.574200153351
0.572030067444
0.534503042698
0.511309683323
0.578584074974
0.542911887169
0.566055953503
0.561145782471
0.54560571909
0.519128203392
0.553301334381
0.535250842571
0.515037417412
0.519015729427
0.55719602108
0.530089259148
0.552382707596
0.562575936317
0.558666825294
0.553724646568
0.571919083595
0.535157859325
0.547874867916
0.590915679932
0.526753127575
0.570693314075
0.542494475842
0.555061101913
0.573592185974
0.560047447681
0.533536791801
0.53865480423
0.535998940468
0.565300643444
0.541412115097
0.561952412128
0.573303461075
0.539978504181
0.527648210526
0.545827150345
0.53663533926
0.535921096802
0.547451138496
0.53956258297
0.556111216545
0.562899172306
0.556295752525
0.57592689991
0.542744755745
0.541648745537
0.54756706953
0.564673066139
0.535550236702
0.57211625576
0.512394189835
0.56705892086
0.552907824516
0.546027600765
0.572254180908
0.535857796669
0.555122971535
0.577587246895
0.566496431828
0.512112259865
0.541144907475
0.527796804905
0.553851008415
0.558251976967
0.532456099987
0.532996118069
0.575317203999
0.483930647373
0.545383095741
0.569112122059
0.560067892075
0.480843007565
0.514991343021
0.557428956032
0.566629827023
0.55804669857
0.568394362926
0.542253911495
0.536180198193
0.555564939976
0.549453854561
0.543760478497
0.528062999249
0.544678449631
0.534141302109
0.519712209702
0.544015109539
0.571010231972
0.50693744421
0.551076054573
0.510886669159
0.533582270145
0.550171911716
0.536268413067
0.545393705368
0.572432696819
0.521580934525
0.54484218359
0.552564203739
0.502487838268
0.587415575981
0.571369349957
0.537172436714
0.553149938583
0.535489618778
0.527616202831
0.498347073793
0.57412302494
0.560059845448
0.581807434559
0.525393009186
0.591367423534
0.580075740814
0.562326967716
0.551558196545
0.552190840244
0.531249463558
0.531379759312
0.536440968513
0.516560733318
0.509777843952
0.566351294518
0.57274967432
0.592763245106
0.54639518261
0.505582690239
0.537262499332
0.523976147175
0.526176571846
0.519703984261
0.516321778297
0.567232728004
0.545098781586
0.598336398602
0.526803970337
0.536116361618
0.546307444572
0.555206358433
0.574461400509
0.569287359715
0.508005321026
0.537581145763
0.616046726704
0.581936657429
0.555998384953
0.550495505333
0.515557467937
0.512047052383
0.566011488438
0.561769485474
0.503313601017
0.535233974457
0.551811873913
0.573914349079
0.559813916683
0.550714313984
0.557813346386
0.572027862072
0.556016266346
0.554234683514
0.515592336655
0.525892674923
0.517379403114
0.522727429867
0.52300965786
0.569439768791
0.550448060036
0.529865205288
0.510281920433
0.557967424393
0.534059226513
0.509634912014
0.52362459898
0.573019266129
0.551804244518
0.548491001129
0.510437011719
0.554592251778
0.547512412071
0.523905336857
0.574567317963
0.581966280937
0.527438700199
0.524900615215
0.516231834888
0.517397940159
0.551236927509
0.571566402912
0.533514082432
0.519512414932
0.517742156982
0.566552937031
0.531325399876
0.545459747314
0.506800055504
0.54201900959
0.590138494968
0.575304448605
0.568029284477
0.498996257782
0.514471888542
0.578431725502
0.548504710197
0.520442187786
0.540092110634
0.515832722187
0.56391119957
0.553851127625
0.523432433605
0.555533587933
0.517731547356
0.518297851086
0.552627444267
0.56137830019
0.559903740883
0.554498076439
0.536974489689
0.53912204504
0.53951895237
0.540828406811
0.595628380775
0.562206566334
0.564631402493
0.521664261818
0.543504297733
0.540752887726
0.5683349967
0.553175330162
0.565555930138
0.559900224209
0.563003599644
0.516180336475
0.526657104492
0.531871199608
0.547222435474
0.490168362856
0.542549610138
0.52828001976
0.564217925072
0.543213903904
0.526157796383
0.543700575829
0.538884997368
0.534853279591
0.550213992596
0.594993591309
0.574698388577
0.537130594254
0.518985271454
0.550370395184
0.509330272675
0.513674855232
0.538592755795
0.56688117981
0.553401172161
0.544670820236
0.59396904707
0.51647400856
0.535563409328
0.530477285385
0.539787590504
0.580340862274
0.575220108032
0.563711643219
0.538173854351
0.570896744728
0.565715789795
0.570402562618
0.496593385935
0.521418273449
0.504422962666
0.55340462923
0.530495882034
0.537086367607
0.572801828384
0.497940808535
0.516951024532
0.513417482376
0.530359089375
0.561822354794
0.542091786861
0.536192297935
0.561289191246
0.550273120403
0.541227161884
0.552947044373
0.586852014065
0.526687800884
0.571941494942
0.500876069069
0.510400354862
0.538901865482
0.522220373154
0.532950639725
0.528432250023
0.532103002071
0.548650503159
0.513081908226
0.537704885006
0.505987167358
0.545867204666
0.563129425049
0.56838709116
0.540397167206
0.554085493088
0.563212394714
0.529024362564
0.5434268713
0.512294650078
0.54570966959
0.544172763824
0.517935633659
0.530438840389
0.549796521664
0.552807807922
0.543039977551
0.563686907291
0.540630459785
0.531614661217
0.571512937546
0.538605332375
0.56274086237
0.533420562744
0.481028556824
0.552967250347
0.5256716609
0.535522699356
0.537895441055
0.563573181629
0.550992131233
0.574573934078
0.529544174671
0.543720245361
0.523508667946
0.548201799393
0.545596837997
0.509806096554
0.513285040855
0.524809956551
0.554693937302
0.577611267567
0.559424459934
0.527959346771
0.497249215841
0.506443798542
0.51295953989
0.501680672169
0.557104587555
0.570788562298
0.559483110905
0.563472747803
0.529318809509
0.538886904716
0.50832504034
0.508661389351
0.56810939312
0.546995460987
0.558579742908
0.53906840086
0.553667545319
0.510079205036
0.535396397114
0.55000269413
0.580536484718
0.564914762974
0.527126431465
0.524282634258
0.587765216827
0.551941275597
0.526536285877
0.521199703217
0.504403889179
0.525390028954
0.529733002186
0.519264161587
0.583485126495
0.544882416725
0.516357958317
0.567510306835
0.542524516582
0.528445899487
0.515763163567
0.532734870911
0.573005139828
0.559667050838
0.535259187222
0.535385072231
0.550787448883
0.55002707243
0.569292962551
0.528080642223
0.548423111439
0.576313793659
0.527724981308
0.535846829414
0.534866392612
0.525110065937
0.51989531517
0.572366476059
0.539575219154
0.559903204441
0.50535774231
0.525998711586
0.534619271755
0.497640550137
0.491976410151
0.55362290144
0.542447805405
0.534041941166
0.559568762779
0.547882020473
0.490382939577
0.565458416939
0.54239153862
0.537073194981
0.549530088902
0.538312494755
0.540245056152
0.535223901272
0.534204721451
0.476458579302
0.549679279327
0.559839248657
0.523022115231
0.517243742943
0.571796000004
0.532407581806
0.490113019943
0.563791811466
0.548845827579
0.5256742239
0.573916971684
0.531960606575
0.560215115547
0.564857900143
0.503832817078
0.592091917992
0.528067231178
0.531117975712
0.540956735611
0.541215538979
0.58314538002
0.533289015293
0.550328791142
0.532037556171
0.557085633278
0.536422371864
0.526056587696
0.532676935196
0.491020321846
0.520633995533
0.51414090395
0.533325850964
0.536937057972
0.534910619259
0.538873970509
0.505522549152
0.539412438869
0.532914578915
0.539577424526
0.530444085598
0.525935411453
0.563434123993
0.575002908707
0.498457163572
0.536911070347
0.483108490705
0.589872658253
0.488981068134
0.552559435368
0.537687897682
0.533996641636
0.520906627178
0.563070595264
0.524059712887
0.566809475422
0.518706321716
0.512773036957
0.531637251377
0.538195014
