0.693097174168
0.692877471447
0.693081080914
0.692802965641
0.693026483059
0.692934334278
0.692756295204
0.692908585072
0.692896544933
0.692445635796
0.692963838577
0.692707479
0.692980051041
0.692723631859
0.692759513855
0.692291557789
0.692517697811
0.692506492138
0.69251960516
0.692509293556
0.692295849323
0.692537784576
0.692230522633
0.692224562168
0.692574679852
0.692239105701
0.692114412785
0.691991984844
0.692290961742
0.691751301289
0.692284762859
0.691989481449
0.692212164402
0.692005574703
0.692090153694
0.691978573799
0.691886126995
0.691954553127
0.692245543003
0.692053675652
0.691735684872
0.691535711288
0.691368877888
0.691420614719
0.691791653633
0.691873013973
0.691517293453
0.691877841949
0.691648304462
0.691507041454
0.691638767719
0.691745221615
0.691147506237
0.691197216511
0.691727876663
0.691523730755
0.691160023212
0.691393435001
0.691505849361
0.69074422121
0.69037592411
0.690968632698
0.691163241863
0.690931141376
0.691210925579
0.69071751833
0.691172361374
0.69054967165
0.691016316414
0.691030502319
0.690696179867
0.69050860405
0.690415382385
0.691041946411
0.69028955698
0.690455079079
0.690383374691
0.690480470657
0.690090119839
0.690206229687
0.690464317799
0.690473914146
0.690274953842
0.690324425697
0.690199673176
0.689640104771
0.690345346928
0.689799666405
0.689443230629
0.689984858036
0.689538419247
0.689755916595
0.689240455627
0.690319895744
0.689831972122
0.688728868961
0.689125537872
0.690023720264
0.689718127251
0.689293444157
0.689495027065
0.689529180527
0.689231038094
0.689238607883
0.689068138599
0.689850509167
0.688998281956
0.688731431961
0.688925683498
0.689139544964
0.689349532127
0.689024090767
0.688371479511
0.688573420048
0.688821852207
0.689076244831
0.688829064369
0.688212633133
0.688826680183
0.68928194046
0.688862144947
0.688053190708
0.687913119793
0.688639104366
0.688738882542
0.688211143017
0.687574982643
0.68822914362
0.686712741852
0.687890052795
0.687423050404
0.687742292881
0.688727378845
0.686840295792
0.68768119812
0.687490999699
0.688108146191
0.687106251717
0.687447547913
0.687760949135
0.686994373798
0.686958432198
0.687102556229
0.687949001789
0.687300503254
0.688058197498
0.688736796379
0.685794234276
0.686063289642
0.686897516251
0.685684561729
0.687437534332
0.685970425606
0.686366915703
0.685940027237
0.687509596348
0.686493515968
0.686498701572
0.685731470585
0.685690999031
0.686276912689
0.686156213284
0.687147438526
0.687396109104
0.685398578644
0.687871277332
0.685758590698
0.685056388378
0.684779345989
0.68480193615
0.687032103539
0.685818910599
0.685249447823
0.68646967411
0.685573518276
0.685427904129
0.685014545918
0.684378862381
0.68504524231
0.683420300484
0.684691667557
0.684647142887
0.68467104435
0.686200380325
0.683001577854
0.683946192265
0.684905409813
0.683997392654
0.68486225605
0.686939656734
0.683840513229
0.686443805695
0.685210883617
0.685340106487
0.684949755669
0.683938682079
0.682762920856
0.682031273842
0.684317886829
0.682399570942
0.682511627674
0.681624114513
0.682877719402
0.682878613472
0.683502793312
0.682539880276
0.684421002865
0.683286488056
0.68408793211
0.682971954346
0.682337641716
0.685043692589
0.682809233665
0.683637619019
0.683134138584
0.682570874691
0.681739151478
0.684623777866
0.684151530266
0.683430790901
0.682160317898
0.680622398853
0.680920183659
0.680746614933
0.681152760983
0.682313203812
0.682823836803
0.682005524635
0.681196272373
0.679543972015
0.682862818241
0.682630717754
0.684067726135
0.680412173271
0.680803537369
0.680514514446
0.68172878027
0.680988430977
0.678723752499
0.680750250816
0.682811617851
0.681372642517
0.680238127708
0.678666889668
0.682771861553
0.683672964573
0.680541396141
0.681958377361
0.679145395756
0.680387079716
0.678721666336
0.679516732693
0.683656692505
0.681119024754
0.68187636137
0.681649565697
0.680556714535
0.681347966194
0.681064486504
0.678973138332
0.681931436062
0.680803537369
0.682458043098
0.680202782154
0.683139383793
0.684017896652
0.680415034294
0.682068824768
0.682942450047
0.679014027119
0.681004583836
0.683530628681
0.682722806931
0.68140655756
0.67952299118
0.68202662468
0.681712508202
0.681331932545
0.681653439999
0.679004967213
0.681678414345
0.680136799812
0.683247208595
0.682614505291
0.680634438992
0.680478453636
0.680172801018
0.679683983326
0.680983066559
0.679937899113
0.67994260788
0.679471850395
0.681252658367
0.682466506958
0.684219121933
0.682827174664
0.682373344898
0.683630526066
0.681650996208
0.681881546974
