0.693347394466
0.693038225174
0.692964792252
0.692476868629
0.692792773247
0.691740214825
0.691282987595
0.69082224369
0.691287279129
0.691309928894
0.690297424793
0.689913630486
0.690232813358
0.689845979214
0.689263641834
0.687997877598
0.689090251923
0.688958644867
0.687237799168
0.687613904476
0.687965035439
0.687669456005
0.68622982502
0.686503052711
0.687835395336
0.685088694096
0.686979472637
0.684554636478
0.684171199799
0.685347557068
0.684224247932
0.684465289116
0.684613883495
0.685436546803
0.685052275658
0.682211220264
0.684511780739
0.682729721069
0.681969225407
0.683892250061
0.683574318886
0.681134283543
0.682526648045
0.681295156479
0.680692136288
0.68002384901
0.683574020863
0.680997371674
0.681347727776
0.681244432926
0.682069063187
0.682261765003
0.679281592369
0.678208231926
0.679517745972
0.681718409061
0.681958317757
0.679718852043
0.679557621479
0.679168462753
0.678687334061
0.677056908607
0.677786111832
0.676598072052
0.67629379034
0.675255000591
0.676286280155
0.674911618233
0.672179341316
0.67249840498
0.675556898117
0.674349844456
0.674499750137
0.670360684395
0.673220872879
0.663838148117
0.670943081379
0.669459402561
0.666771948338
0.662067532539
0.668131291866
0.667347311974
0.659270405769
0.6657371521
0.664686977863
0.655701816082
0.666985869408
0.657295107841
0.656655967236
0.656836032867
0.65911501646
0.655121207237
0.657265245914
0.65204513073
0.648309111595
0.648620724678
0.652012586594
0.645281255245
0.644385814667
0.640164852142
0.640455961227
0.640263974667
0.637738466263
0.631597101688
0.643842995167
0.624267280102
0.633155465126
0.633157074451
0.629422962666
0.631784498692
0.623049914837
0.625192582607
0.640744268894
0.614893496037
0.605635404587
0.611267268658
0.604445457458
0.629675745964
0.600376784801
0.60757625103
0.604328453541
0.608824372292
0.597539722919
0.586607515812
0.597903192043
0.594692707062
0.593547463417
0.604635238647
0.56628203392
0.582192540169
0.583900868893
0.608166158199
0.591602325439
0.59329867363
0.57644790411
0.577022075653
0.579160511494
0.618950128555
0.578878104687
0.582191467285
0.584769487381
0.575283229351
0.554586410522
0.583241581917
0.566432535648
0.546084523201
0.58349198103
0.572712242603
0.572400331497
0.578578650951
0.550923109055
0.575792312622
0.559603273869
0.571353316307
0.560256958008
0.536559998989
0.562464118004
0.572327673435
0.52490144968
0.545964717865
0.546022713184
0.550612092018
0.573643267155
0.53092199564
0.522774279118
0.53825712204
0.550947666168
0.561352074146
0.548118829727
0.545188963413
0.540746510029
0.532847046852
0.543742060661
0.53516304493
0.566379666328
0.527492284775
0.555902600288
0.553570389748
0.533625841141
0.545916795731
0.54890614748
0.512064218521
0.540997266769
0.522309303284
0.546996593475
0.518338143826
0.52053630352
0.584980547428
0.531163334846
0.518755853176
0.528732299805
0.538704812527
0.516380667686
0.547535896301
0.535691559315
0.545203208923
0.579946219921
0.558384716511
0.549550592899
0.524083852768
0.538647294044
0.538593292236
0.532034516335
0.535737395287
0.542101085186
0.516550898552
0.539127826691
0.525572419167
0.529375493526
0.524031162262
0.538156211376
0.548474490643
0.515097916126
0.556198835373
0.535439550877
0.521944463253
0.526133716106
0.504001736641
0.511044621468
0.567763626575
0.543080806732
0.514056622982
0.494928270578
0.569873034954
0.514814317226
0.498109400272
0.517792165279
0.508481562138
0.525458097458
0.52489233017
0.529254376888
0.502836227417
0.529679894447
0.524079203606
0.501317441463
0.522570371628
0.476212501526
0.50658005476
0.541206300259
0.544451892376
0.486228972673
0.510508775711
0.543893814087
0.514773607254
0.527116477489
0.522955238819
0.538246929646
0.533038973808
0.508549809456
0.54877024889
0.55553907156
0.491391003132
0.511171162128
0.53051751852
0.473369956017
0.528760015965
0.536947607994
0.535036027431
0.502691030502
0.550277650356
0.541442394257
0.557193934917
0.540721654892
0.530188918114
0.533601999283
0.52928340435
0.533161699772
0.474574804306
0.535512924194
0.520029306412
0.504888296127
0.520015358925
0.50818502903
0.493013709784
0.513766407967
0.529705047607
0.553492069244
0.533465862274
0.537850737572
0.532154858112
0.502825737
0.529336094856
0.511263906956
0.522100865841
0.503757417202
0.491079777479
0.524505734444
0.500420153141
0.500374257565
0.490777760744
0.55056399107
0.511314034462
0.517871439457
0.524760186672
0.555520653725
0.524498045444
0.521190047264
0.480914533138
0.521071255207
0.52377974987
0.521941542625
0.531106948853
0.533571243286
0.527293026447
0.4989605546
0.498405873775
0.4968957901
0.498013347387
0.521451234818
0.488161087036
0.499503642321
0.521437227726
0.52647536993
0.496325284243
0.535504281521
0.50393897295
0.494829237461
0.520396649837
0.525431990623
0.510589361191
0.514931261539
0.520092070103
0.513790905476
0.506435215473
0.507275640965
0.508638083935
0.516289353371
0.510455429554
0.520101845264
0.488003343344
0.480354011059
0.505008637905
0.501178920269
0.497787982225
0.504684984684
0.515250384808
0.520011782646
0.568767249584
0.488828063011
0.506373345852
0.51369279623
0.497110515833
0.488418310881
0.483732938766
0.515403926373
0.549156069756
0.482422947884
0.522828698158
0.515694439411
0.553674697876
0.49428793788
0.533632397652
0.48431918025
0.507118225098
0.500220835209
0.481058478355
0.487896054983
0.52780008316
0.526612102985
0.480145484209
0.52818363905
0.491778641939
0.517807126045
0.468460232019
0.533832669258
0.507269501686
0.50916916132
0.506206393242
0.525459170341
0.485958665609
0.50045979023
0.502654016018
0.498737871647
0.515319705009
0.493933141232
0.515438497066
0.484527528286
0.559591293335
0.504120111465
0.506011843681
0.518615007401
0.486400872469
0.499414503574
0.491098582745
0.51522731781
0.481678724289
0.486892133951
0.499570041895
0.502837002277
0.496366858482
0.509104132652
0.496507227421
0.511386871338
0.491395413876
0.493479132652
0.490083187819
0.485244750977
0.486542671919
0.479011267424
0.484895795584
0.510134220123
0.480239063501
0.505551457405
0.498311042786
0.501883149147
0.49626404047
0.479085922241
0.46258983016
0.50318223238
0.493523597717
0.497218459845
0.522861659527
0.489823162556
0.478219091892
0.491912990808
0.518544912338
0.487036198378
0.469790995121
0.480074137449
0.49044623971
0.533765554428
0.487059593201
0.479949742556
0.488673061132
0.494100242853
0.529930353165
0.503895103931
0.493825912476
0.520706474781
0.515703439713
0.519526720047
0.528201937675
0.494736671448
0.50079447031
0.472331166267
0.494216054678
0.530267953873
0.496991306543
0.475218474865
0.503066122532
0.47900468111
0.477091193199
0.480229854584
0.448376238346
0.443224191666
0.499088078737
0.470273643732
0.472318589687
0.523313343525
0.539719462395
0.480881512165
0.461870789528
0.529891252518
0.553781449795
0.477815538645
0.462952077389
0.462743610144
0.479269325733
0.47450864315
0.45276838541
0.475330621004
0.507200241089
0.52236777544
0.473080307245
0.525164544582
0.451325505972
0.460103213787
0.454794883728
0.518294036388
0.44639390707
0.487697482109
0.488331407309
0.522941291332
0.514835119247
0.466878682375
0.505639672279
0.470702379942
0.484753638506
0.448361992836
0.510583758354
0.538622379303
0.505817055702
0.450752049685
0.473383873701
0.475372374058
0.511630296707
0.479123592377
0.488386839628
0.476761490107
0.465473502874
0.499295681715
0.453024625778
0.527069151402
0.537845492363
0.471077114344
0.467281073332
0.501620292664
0.466032087803
0.511944770813
0.468613773584
0.461807996035
0.492761015892
0.48257547617
0.458022326231
0.490428119898
0.4915625453
0.452151715755
0.490425974131
0.511609137058
0.498787730932
0.469122737646
0.481211394072
0.466648191214
0.478249937296
0.448623359203
0.48785635829
0.47589251399
0.460941284895
0.507501542568
0.560466349125
0.4668405056
0.472318768501
0.476855695248
0.539510011673
0.498381972313
0.473963320255
0.505187630653
0.483498781919
0.511790037155
0.471260786057
0.498648792505
0.510074794292
0.463110923767
0.461487084627
0.499661773443
0.450674951077
0.485477358103
0.466568410397
0.487571716309
0.495852410793
0.535557568073
0.483578205109
0.507770419121
0.535962820053
0.474704086781
0.469564288855
0.488180369139
0.480696260929
0.468651145697
0.492774248123
0.504176855087
0.488263130188
0.49323964119
0.484175622463
0.514394283295
0.498079627752
0.518709182739
0.523116409779
0.527310550213
0.496747225523
0.498650789261
0.445378214121
0.493938356638
0.477858692408
0.48543715477
0.496383726597
0.511095285416
0.480316191912
0.51787519455
0.459170818329
0.511802434921
0.514328122139
0.524648845196
0.525620818138
0.46430644393
0.481164813042
0.465727984905
0.468733221292
0.481883913279
0.450988560915
0.478195816278
0.488963365555
0.489468604326
0.475616782904
0.462404280901
0.48245793581
0.463324785233
0.499860078096
0.499699294567
0.446754962206
0.458596169949
0.456062465906
0.454459637403
0.477692395449
0.473125100136
0.50574529171
0.46792575717
0.49770283699
0.504054307938
0.496746599674
0.479254037142
0.485754370689
0.493584483862
0.462285220623
0.529754459858
0.499668926001
0.496127903461
0.484085530043
0.455888986588
0.518590331078
0.458910346031
0.458824306726
0.490167379379
0.489132940769
0.466802358627
0.477526813745
0.45597076416
0.485505461693
0.463681697845
0.477704375982
0.516099750996
0.497099429369
0.441487669945
0.486427754164
0.476583689451
0.467830866575
0.532029211521
0.454789251089
0.457960635424
0.490250945091
0.471386879683
0.486391663551
0.479521006346
0.474674761295
0.47374483943
0.512647688389
0.499346762896
0.479900866747
0.485030710697
0.499871909618
0.460130304098
0.48820784688
0.474411934614
0.49378156662
0.456742495298
0.498633623123
0.516258358955
0.470727771521
0.49178057909
0.473398447037
0.470314890146
0.47956982255
0.475336015224
0.488847911358
0.493993252516
0.466176092625
0.453939288855
0.425943613052
0.508334696293
0.487958222628
0.501041054726
0.517506957054
0.476358771324
0.470822751522
0.474655419588
0.52385109663
0.500760912895
0.491445094347
0.468313068151
0.46990197897
0.500377237797
0.503405988216
0.457829236984
0.485249638557
0.444858431816
0.492695063353
0.468141198158
0.466574311256
0.480917662382
0.47461950779
0.483136236668
0.479708850384
0.512769162655
0.491221427917
0.485528081656
0.448729842901
0.467785835266
0.502666592598
0.47576546669
0.498087912798
0.457185000181
0.480319648981
0.491113990545
0.455537110567
0.462955057621
0.490305274725
0.517805874348
0.439826399088
0.495976954699
0.487928211689
0.414602965117
0.462786972523
0.469216883183
0.459806829691
0.439148545265
0.453044056892
0.463865846395
0.483806073666
0.479551553726
0.451714336872
0.483234196901
0.470493882895
0.487713098526
0.459853261709
0.414415419102
0.471200793982
0.522584676743
0.478361785412
0.467183530331
0.452006429434
0.482472896576
0.426563054323
0.536195158958
0.500671267509
0.471609205008
0.477914005518
0.47192004323
0.456428706646
0.463317394257
0.479236096144
0.493914425373
0.517842054367
0.477813899517
0.482398569584
0.502883970737
0.455624848604
0.461776167154
0.46848103404
0.502584934235
0.486111551523
0.464726030827
0.443609178066
0.448555499315
0.487537652254
0.457372367382
0.487289994955
0.470730304718
0.461903035641
0.439670354128
0.478287041187
0.426092267036
0.472276091576
0.506254673004
0.436226069927
0.522019147873
0.501326203346
0.503456652164
0.488571494818
0.456012994051
0.494647651911
0.46060603857
0.463396012783
0.447722196579
0.467194199562
0.493411928415
0.513765335083
0.451999723911
0.490812897682
0.415680408478
0.52726316452
0.424670606852
0.434119224548
0.469372272491
0.453156769276
0.467199981213
0.480574637651
0.451740771532
0.479814589024
0.480385303497
0.473562538624
0.474279969931
0.465170621872
0.470827877522
0.515498042107
0.44388115406
0.451699078083
0.479009449482
0.476715862751
0.462953925133
0.475465863943
0.450214415789
0.518004596233
0.457076102495
0.427969932556
0.476155757904
0.47702306509
0.450911819935
0.524416208267
0.477425277233
0.455003023148
