0.690485417843
0.694547176361
0.692585587502
0.698877871037
0.694502770901
0.689739763737
0.697441875935
0.691477954388
0.694482028484
0.688336014748
0.697604238987
0.689058303833
0.691266596317
0.690430283546
0.688978850842
0.688599824905
0.686641335487
0.691194236279
0.690197587013
0.68619042635
0.687247872353
0.691150844097
0.688598573208
0.686590433121
0.684116840363
0.686272025108
0.694352447987
0.688114225864
0.68520373106
0.685437619686
0.684267520905
0.685766160488
0.687549591064
0.682370662689
0.683517694473
0.679792284966
0.680368840694
0.680603325367
0.682861328125
0.682369053364
0.680410444736
0.680030286312
0.682875037193
0.680060386658
0.678427934647
0.678661227226
0.677818417549
0.684075713158
0.674393296242
0.679892778397
0.674676835537
0.674608767033
0.679397642612
0.674763321877
0.67546492815
0.676132619381
0.678977489471
0.673231840134
0.674661338329
0.678545236588
0.67694401741
0.673844337463
0.675257980824
0.673296511173
0.672072529793
0.674375236034
0.672909677029
0.673139154911
0.668842315674
0.678382158279
0.669187903404
0.669169306755
0.669265806675
0.671944975853
0.67502617836
0.676495492458
0.671065032482
0.670308947563
0.672233939171
0.672714650631
0.667984068394
0.670588195324
0.66763150692
0.668181180954
0.670181512833
0.667636275291
0.666850745678
0.669438481331
0.667170286179
0.672870635986
0.664065539837
0.669516205788
0.669113993645
0.660024225712
0.663742005825
0.663341462612
0.662843227386
0.668009221554
0.666510760784
0.667416155338
0.664345741272
0.663629353046
0.661215662956
0.661905109882
0.659897983074
0.660437226295
0.667577207088
0.660732805729
0.66016292572
0.660505771637
0.663694500923
0.6585111022
0.66218739748
0.65886849165
0.657939016819
0.658379554749
0.656294941902
0.65942054987
0.660623788834
0.661723315716
0.658327400684
0.648758590221
0.655620276928
0.661297023296
0.66120070219
0.662301421165
0.654612779617
0.651660084724
0.654544591904
0.653856873512
0.645065069199
0.654525458813
0.658759117126
0.652483522892
0.656027019024
0.652049541473
0.658661603928
0.651267468929
0.651867747307
0.65150731802
0.655846297741
0.652848541737
0.64926725626
0.646207332611
0.648369908333
0.653188109398
0.65366268158
0.650279581547
0.65139991045
0.647472321987
0.653287112713
0.641841828823
0.651003479958
0.650796890259
0.649445593357
0.641263186932
0.646705150604
0.646423220634
0.645420253277
0.649591445923
0.641915202141
0.643474459648
0.647039055824
0.645709097385
0.642804026604
0.636882126331
0.643582582474
0.642375767231
0.639888942242
0.641653239727
0.640361070633
0.641681373119
0.644139587879
0.642377436161
0.639767765999
0.640672624111
0.641682326794
0.638913810253
0.643326401711
0.63742929697
0.633364200592
0.636184811592
0.6361951828
0.637898147106
0.634473919868
0.635299801826
0.629758656025
0.634796857834
0.63335442543
0.626036465168
0.636390626431
0.633687257767
0.633783340454
0.636310875416
0.635640978813
0.634417712688
0.636694192886
0.634305655956
0.63202470541
0.631838321686
0.629212617874
0.629714608192
0.625874936581
0.634537100792
0.631246209145
0.631500601768
0.62954813242
0.631894767284
0.626391530037
0.626184999943
0.626265048981
0.628109812737
0.628619909286
0.627845704556
0.626665651798
0.627610743046
0.625898241997
0.628378808498
0.627415955067
0.624368369579
0.626138985157
0.618403375149
0.623243033886
0.627965390682
0.625508844852
0.626199424267
0.624511480331
0.629132926464
0.624661028385
0.624855279922
0.621857047081
0.61947953701
0.627557873726
0.621126711369
0.620737075806
0.615929484367
0.623777210712
0.616611599922
0.619024574757
0.614052951336
0.617587447166
0.615447342396
0.612586140633
0.618079006672
0.616367459297
0.617082238197
0.623168349266
0.61681240797
0.620256364346
0.615575969219
0.612985432148
0.618398368359
0.611557364464
0.621945500374
0.618412613869
0.619832456112
0.621226370335
0.620466947556
0.617599368095
0.61778396368
0.618447959423
0.623030662537
0.616155803204
0.618254423141
0.619117856026
0.621391952038
0.621246576309
0.609795153141
0.615616679192
0.617310523987
0.614549517632
0.61201608181
0.610511124134
0.620095908642
0.613323807716
0.613285183907
0.617026507854
0.620402097702
0.617029905319
0.617213010788
0.620645105839
0.616891920567
0.61442220211
0.617598950863
0.61947953701
0.613560140133
0.617368578911
0.616135776043
0.613875389099
0.607958555222
0.616067886353
0.619840443134
0.611035883427
0.616881072521
0.612927317619
0.619312047958
0.620612204075
0.61585432291
0.620795488358
0.611625015736
