0.738268435001
0.713901281357
0.687002956867
0.700765192509
0.676462113857
0.712141096592
0.665450453758
0.652120471001
0.661466419697
0.655457139015
0.673466145992
0.655759811401
0.669633507729
0.631279349327
0.649949073792
0.648377478123
0.637316226959
0.619856953621
0.618721425533
0.634276807308
0.608377695084
0.598848342896
0.605424702168
0.624469518661
0.598345220089
0.593144536018
0.58067882061
0.586030304432
0.599856734276
0.567754507065
0.570288181305
0.587751567364
0.567361533642
0.561361789703
0.565799713135
0.541534543037
0.53019964695
0.535495817661
0.524178266525
0.534854769707
0.538862943649
0.54197794199
0.550145089626
0.500739455223
0.524429619312
0.508230090141
0.482727646828
0.490567624569
0.526474177837
0.467568993568
0.52244502306
0.46059396863
0.466514855623
0.494982302189
0.474117517471
0.477654993534
0.482642650604
0.455609440804
0.441927045584
0.468745529652
0.452761679888
0.419511198997
0.429753184319
0.42706233263
0.447334170341
0.414394408464
0.407295703888
0.419667303562
0.406806617975
0.422601342201
0.393464297056
0.390721678734
0.369145452976
0.375582396984
0.373740971088
0.37720054388
0.380990087986
0.376093000174
0.371119141579
0.360767006874
0.344996571541
0.341973572969
0.323048651218
0.357346475124
0.323445290327
0.342819333076
0.331804335117
0.309593826532
0.295902758837
0.29993852973
0.283396959305
0.285946011543
0.294655948877
0.322634369135
0.295555710793
0.28208360076
0.275225073099
0.278570204973
0.265153795481
0.256228327751
0.294488012791
0.259674102068
0.255598753691
0.259942054749
0.272698014975
0.268469542265
0.246913000941
0.235095575452
0.245023846626
0.239207983017
0.220334306359
0.241568475962
0.223148241639
0.233283936977
0.220213323832
0.217850923538
0.216478258371
0.19643753767
0.218814685941
0.211514785886
0.190662249923
0.219386652112
0.176716908813
0.17564946413
0.18744122982
0.184625655413
0.178003594279
0.18924459815
0.194452404976
0.179652109742
0.194486111403
0.205931991339
0.171361267567
0.190480530262
0.173646435142
0.157902866602
0.192571744323
0.17135605216
0.156894251704
0.173367202282
0.15526163578
0.140482261777
0.165550380945
0.158939838409
0.15473562479
0.147129073739
0.148060768843
0.146400928497
0.121561266482
0.1605566293
0.150518208742
0.149594530463
0.144518017769
0.142791509628
0.112937577069
0.127632796764
0.113568581641
0.115427069366
0.113734103739
0.107812203467
0.116681903601
0.132566809654
0.117992199957
0.114119201899
0.121551670134
0.122114777565
0.116054423153
0.105415031314
0.103724040091
0.11065325141
0.112550325692
0.104042626917
0.114700771868
0.116025969386
0.102895669639
0.119772583246
0.0996396318078
0.0868701264262
0.106599166989
0.0980177223682
0.0935610309243
0.0885436907411
0.0782709941268
0.0939225703478
0.101325392723
0.0901703909039
0.070750169456
0.0717224553227
0.101711623371
0.079756744206
0.0689387246966
0.0893793255091
0.0660224556923
0.0801578462124
0.0647283494473
0.0708192661405
0.0753970891237
0.0818519890308
0.0700387135148
0.0703111067414
0.0658415481448
0.08784352988
0.0689993277192
0.0959485694766
0.0729563906789
0.0726533383131
0.0634976550937
0.0824839696288
0.0828762799501
0.0796923860908
0.0616247095168
0.0803337991238
0.055675406009
0.060880381614
0.0686012580991
0.0631884858012
0.0843236446381
0.0794869959354
0.0814983472228
0.0509171374142
0.0612596198916
0.0814154446125
0.0643308758736
0.0699224919081
0.0668350160122
0.0622644871473
0.0531930662692
0.0686801373959
0.0522164702415
0.0619737282395
0.0617598481476
0.0529084540904
0.0565650016069
0.0625968426466
0.0547433421016
0.0450174733996
0.0424853526056
0.0481097884476
0.0525829605758
0.0433296561241
0.0467239283025
0.0447125099599
0.0484981201589
0.0537592172623
0.0584625527263
0.04199161008
0.0537185296416
0.077928416431
0.0487362854183
0.0644414275885
0.0558124370873
0.0375248640776
0.0561804696918
0.0625547766685
0.0477159284055
0.0492771603167
0.0548744276166
0.0525207594037
0.0614616200328
0.0491831228137
0.0494241081178
0.0484193973243
0.0439979471266
0.0587769113481
0.0417133010924
0.0545530281961
0.0473421439528
0.0569067597389
0.0661491677165
0.0401864312589
0.0384911261499
0.042607460171
0.0427651107311
0.0528742335737
0.0417569689453
0.053024686873
0.0414073653519
0.0519126057625
0.0438468828797
0.0452696084976
0.0402063056827
0.0589034743607
0.0455693826079
0.0582014285028
0.0476585403085
0.0522256977856
0.0529139079154
0.0637045949697
0.037789169699
0.0517242476344
0.0451368950307
0.0632598176599
0.0409925878048
0.0488522127271
0.0416872948408
0.0404684990644
0.0522317662835
0.041220895946
0.0507171526551
0.073570355773
