0.693148434162
0.693067252636
0.692995250225
0.692918479443
0.692853808403
0.692769289017
0.692696452141
0.692615926266
0.692551910877
0.692479968071
0.692389428616
0.692324876785
0.692257344723
0.69218981266
0.69209498167
0.692028522491
0.691956102848
0.691883146763
0.69178378582
0.691746354103
0.691654622555
0.691536664963
0.691489934921
0.691426932812
0.69132745266
0.691269218922
0.691170275211
0.691133379936
0.691089212894
0.690979897976
0.690832436085
0.690803647041
0.690709650517
0.690712809563
0.690626442432
0.690510451794
0.690460145473
0.690176188946
0.690187096596
0.690022230148
0.690055787563
0.689813435078
0.689696550369
0.689682364464
0.68944644928
0.689542174339
0.689659535885
0.688883543015
0.688930153847
0.689160883427
0.688535273075
0.688927471638
0.68843460083
0.687936782837
0.687938570976
0.687809050083
0.687901735306
0.688089072704
0.687951207161
0.687456607819
0.686895310879
0.68651676178
0.687129676342
0.685935616493
0.685508608818
0.685296535492
0.685562074184
0.685612142086
0.684761166573
0.684995651245
0.683255970478
0.683155417442
0.683185994625
0.6827647686
0.681842207909
0.681746542454
0.681738555431
0.678754508495
0.679952502251
0.67739802599
0.674787044525
0.67767894268
0.678243815899
0.67442882061
0.677286565304
0.674634754658
0.672574102879
0.671525239944
0.673410058022
0.669404506683
0.666541695595
0.666646301746
0.667026519775
0.666111171246
0.661309242249
0.662933766842
0.663419425488
0.655651330948
0.655020952225
0.650148272514
0.648207604885
0.656074762344
0.65068089962
0.650114715099
0.642999768257
0.638662576675
0.641031503677
0.63447022438
0.632034003735
0.632168233395
0.633399486542
0.619493484497
0.623789727688
0.617957532406
0.611367940903
0.611290991306
0.59892386198
0.608422338963
0.607997477055
0.599038600922
0.613103866577
0.583685159683
0.608360528946
0.584564507008
0.581927061081
0.592773675919
0.567030072212
0.555637061596
0.576731920242
0.560139834881
0.549868702888
0.571001172066
0.554219782352
0.54509717226
0.549122035503
0.534357070923
0.541197001934
0.540246009827
0.533654987812
0.532017350197
0.513862490654
0.501604497433
0.532060980797
0.495981156826
0.488597393036
0.501703560352
0.511181056499
0.53431892395
0.471398204565
0.509887397289
0.503024280071
0.480210453272
0.479891270399
0.464921206236
0.48589938879
0.452638328075
0.432675123215
0.436121672392
0.458746701479
0.459020972252
0.411066561937
0.447420328856
0.440102338791
0.450126975775
0.409092366695
0.455243080854
0.447637706995
0.442065984011
0.522871315479
0.40166592598
0.421360373497
0.399496942759
0.433312773705
0.417288929224
0.484682589769
0.4377348423
0.393715679646
0.427039474249
0.415385067463
0.417555063963
0.423793524504
0.393429726362
0.423851758242
0.425977766514
0.438636004925
0.42529001832
0.406715601683
0.440630108118
0.457555919886
0.393098384142
0.398448228836
0.473698526621
0.452086150646
0.468021303415
0.344763994217
0.389215320349
0.429837673903
0.405871629715
0.386128932238
0.410942703485
0.394333809614
0.430413663387
0.46810773015
0.384478390217
0.399716585875
0.426459938288
0.395777344704
0.424727380276
0.421444267035
0.376236706972
0.400513470173
0.426472276449
0.477352231741
0.430459290743
0.429321914911
0.446379005909
0.374292999506
0.416014313698
0.424697548151
0.385581016541
0.433421015739
0.399480491877
0.346848160028
0.421518087387
0.427632659674
0.411195367575
0.405942618847
0.433301120996
0.408154547215
0.440238773823
0.361256420612
0.472672015429
0.433601975441
0.406436890364
0.445959985256
0.42950579524
0.388983875513
0.44718515873
0.375009477139
0.392286062241
0.398621231318
0.441953033209
0.379113286734
0.449435204268
0.400806844234
0.427099764347
0.373259335756
0.416945815086
0.370427042246
0.395896852016
0.492883592844
0.426160812378
0.449008524418
0.378059446812
0.469511121511
0.377038121223
0.447599649429
0.416388392448
0.418017625809
0.457072973251
0.408482730389
0.433494091034
0.46186324954
0.416772276163
0.390461087227
0.441507935524
0.426055490971
0.39717015624
0.403485298157
0.504859507084
0.435580998659
0.318468272686
0.406128585339
0.430400013924
0.398173928261
0.396092176437
0.410492241383
0.405755847692
0.405980378389
0.391839146614
0.324132233858
0.412019789219
0.384002864361
0.40424990654
0.405506789684
0.344863861799
0.416080445051
0.422203838825
0.383868902922
0.424017608166
0.378061145544
0.40162089467
0.410210072994
0.408687204123
0.404660433531
0.399780988693
0.383908569813
0.349035471678
0.371692717075
0.498552948236
0.376908153296
0.404785811901
0.390961885452
0.384065389633
0.481983840466
0.386187970638
0.38263168931
0.418726742268
0.433242917061
0.486944645643
0.436185181141
0.386311948299
0.374226391315
0.469075828791
0.384991765022
0.365206152201
0.408519238234
0.408198028803
0.373017817736
0.424716860056
0.372562736273
0.41456708312
0.40009611845
0.419755190611
0.463913708925
0.362687408924
0.458755016327
0.369011968374
0.350610941648
0.406976938248
0.41425833106
0.378824591637
0.450367003679
0.423208504915
0.459731340408
0.436485230923
0.364688366652
0.400680243969
0.469543755054
0.384991556406
0.355653464794
0.401725560427
0.366687864065
0.381251484156
0.421381831169
0.368357479572
0.383015066385
0.428405404091
0.388971060514
0.423253953457
0.354370117188
0.405240237713
0.389796286821
0.386515647173
0.424943685532
0.392952889204
0.392186880112
0.35720422864
0.390694528818
0.403557151556
0.385710507631
0.415015310049
0.393652498722
0.43189099431
0.413256973028
0.416974812746
0.400659948587
0.401073634624
0.417551785707
0.37442663312
0.39298671484
0.418682456017
0.379941850901
0.425684779882
0.343063384295
0.375088423491
0.429634898901
0.44281616807
0.437926054001
0.38651034236
0.376652449369
0.476326882839
0.401600986719
0.398983240128
0.405387997627
0.453312546015
0.437476634979
0.466053545475
0.389469563961
0.421724379063
0.387955725193
0.393449395895
0.416985303164
0.44653609395
0.399642288685
0.35671710968
0.353381931782
0.439595371485
0.403565078974
0.426855355501
0.449590057135
0.386148989201
0.429694622755
0.460927575827
0.42855745554
0.4493303895
0.415635228157
0.408501774073
0.414027482271
0.392087250948
0.328888714314
0.430178970098
0.421362221241
0.38374453783
0.426317602396
0.383882403374
0.375220358372
0.453574687243
0.406839847565
0.438109278679
0.384935975075
0.411513924599
0.386930316687
0.338440090418
0.418618261814
0.379848599434
0.372515797615
0.369042754173
0.398750960827
0.39829325676
0.424982756376
0.466196358204
0.385819286108
0.463711649179
0.414922863245
0.401020914316
0.373775720596
0.385384231806
0.453134387732
0.349206477404
0.431276619434
0.43180423975
0.401014715433
0.355947941542
0.355251729488
0.406003624201
0.390625119209
0.371338635683
0.324911355972
0.406606197357
0.36804369092
0.367592871189
0.432079792023
0.451237589121
0.371515035629
0.334638446569
0.397845745087
0.428273975849
0.333109945059
0.423071920872
0.372867166996
0.372840613127
0.424017757177
0.388650506735
0.382674157619
0.406609207392
0.355588018894
0.318893104792
0.401990443468
0.448826700449
0.384501427412
0.426577717066
0.441847681999
0.417966157198
0.357992112637
0.415382117033
0.413442224264
0.376569151878
0.438435316086
0.396850556135
0.397437274456
0.422961115837
0.435335218906
0.412527382374
0.36415335536
0.383072465658
0.416987419128
0.346082985401
0.383011609316
0.403264224529
0.426957994699
0.327216804028
0.41194409132
0.385787039995
0.407940894365
0.426399022341
0.34958383441
0.361383080482
0.354493230581
0.398169726133
