0.763269066811
0.750843703747
0.759101450443
0.754478931427
0.756416499615
0.743522107601
0.755162537098
0.74024194479
0.737728655338
0.757622122765
0.738377988338
0.731507658958
0.740868389606
0.735285818577
0.738132178783
0.742331922054
0.72842502594
0.743377029896
0.730588912964
0.721112787724
0.714924275875
0.730511784554
0.720435738564
0.719661056995
0.708953619003
0.716173350811
0.716567635536
0.724747657776
0.703758597374
0.722307026386
0.706623673439
0.707950770855
0.70009303093
0.711098790169
0.711305320263
0.715395450592
0.705405473709
0.701410353184
0.700648963451
0.699523627758
0.710993170738
0.692637681961
0.708190619946
0.700369775295
0.696293592453
0.691498339176
0.692009627819
0.702825009823
0.693369626999
0.702017009258
0.693047642708
0.693402767181
0.695072591305
0.688479363918
0.692707359791
0.683423161507
0.694595694542
0.700723290443
0.693057775497
0.685429930687
0.692512094975
0.693709731102
0.684342384338
0.690856695175
0.686062097549
0.691982388496
0.678352236748
0.687461912632
0.683624863625
0.679312050343
0.673286557198
0.689927637577
0.677060067654
0.675296187401
0.682988584042
0.681191861629
0.681765675545
0.683753907681
0.685910105705
0.68241918087
0.675631046295
0.674310803413
0.680801153183
0.665623724461
0.670896708965
0.675341963768
0.668667376041
0.673471271992
0.667774498463
0.68238556385
0.673578858376
0.680154621601
0.66859292984
0.679451465607
0.669177770615
0.669380307198
0.676316618919
0.682583868504
0.665079474449
0.681095182896
0.664593935013
0.666639626026
0.66477060318
0.674704670906
0.663288891315
0.670547246933
0.665987432003
0.656037271023
0.664648532867
0.661961078644
0.662672221661
0.667838931084
0.651959955692
0.656921684742
0.647597908974
0.65822249651
0.66200697422
0.656010389328
0.654643833637
0.656247496605
0.653757810593
0.650812089443
0.654398262501
0.652458667755
0.647998332977
0.652755796909
0.650686264038
0.641130387783
0.660791158676
0.656283915043
0.647530972958
0.647539556026
0.649565160275
0.637671470642
0.654206931591
0.642068266869
0.646037757397
0.658464550972
0.645196974277
0.644216418266
0.640058338642
0.650500953197
0.641506671906
0.634656131268
0.64957690239
0.637308418751
0.633416593075
0.648793458939
0.636251330376
0.629940748215
0.638403594494
0.631427943707
0.632500052452
0.623111307621
0.622944653034
0.611676394939
0.633083939552
0.630477964878
0.628558516502
0.625963032246
0.630077064037
0.634033560753
0.628172934055
0.630977451801
0.629807770252
0.612832784653
0.633038878441
0.629564702511
0.619100272655
0.617078959942
0.618722677231
0.618635654449
0.612770199776
0.608499348164
0.625495731831
0.610479652882
0.619479060173
0.609080374241
0.61378800869
0.612654805183
0.614060461521
0.61775124073
0.604132473469
0.608448505402
0.614263117313
0.597622394562
0.594446957111
0.604473829269
0.605979681015
0.588340222836
0.602729916573
0.594033002853
0.607294738293
0.609563708305
0.581263542175
0.595026910305
0.603933215141
0.594180345535
0.585861086845
0.597023487091
0.595601737499
0.586691558361
0.584481716156
0.584627509117
0.577865302563
0.592084228992
0.576705873013
0.588376283646
0.582754611969
0.583088934422
0.584694623947
0.573356986046
0.584377884865
0.578017115593
0.581436514854
0.565196812153
0.56376594305
0.567400693893
0.57206761837
0.568281292915
0.560454547405
0.569350659847
0.571547806263
0.550535857677
0.562463700771
0.564648449421
0.549794316292
0.548041462898
0.558805942535
0.545670211315
0.550319850445
0.557581484318
0.547066748142
0.555211305618
0.547662377357
0.555174708366
0.545955955982
0.540873169899
0.556238949299
0.554166793823
0.563325107098
0.562904417515
0.538808166981
0.555061161518
0.566275835037
0.543084919453
0.541856586933
0.539620697498
0.536336004734
0.542244076729
0.546049237251
0.528650522232
0.543577075005
0.550832211971
0.55316400528
0.534357666969
0.550812005997
0.540963172913
0.56194549799
0.538845300674
0.544921457767
0.545275330544
0.549630761147
0.558431625366
0.535860776901
0.545311689377
0.527613162994
0.550380825996
0.555113494396
0.534941732883
0.536495387554
0.535209178925
0.547808468342
0.555923461914
0.534907698631
0.555212914944
0.538061797619
0.540923535824
0.545766234398
0.545736193657
0.539985895157
0.540137529373
0.557252705097
0.528531014919
0.532375812531
0.548875927925
0.528407096863
0.526153445244
0.542607784271
0.533921301365
0.550479829311
0.527585566044
0.534207999706
0.54695379734
0.534512996674
0.530758500099
0.513298988342
0.53464859724
0.551927864552
0.543396651745
