0.693131327629
0.690278291702
0.687748610973
0.685185849667
0.682540893555
0.679520189762
0.67494648695
0.667344152927
0.655249476433
0.638196468353
0.61389619112
0.582152664661
0.540702104568
0.489185750484
0.437499672174
0.386848717928
0.352073013783
0.330534994602
0.317251205444
0.306376606226
0.298773109913
0.295190185308
0.292917013168
0.289481401443
0.286902755499
0.284220814705
0.281745940447
0.279281616211
0.276853561401
0.274438589811
0.272051870823
0.269661307335
0.267299234867
0.264943540096
0.26258534193
0.259620845318
0.255665391684
0.251042097807
0.246696174145
0.242473453283
0.23650996387
0.230645790696
0.224180713296
0.21583597362
0.2057698071
0.194136425853
0.182758718729
0.163568809628
0.14382635057
0.120372273028
0.0948050171137
0.0679694116116
0.0430135317147
0.0230895485729
0.0105775557458
0.00403064861894
0.00119511655066
0.000333422940457
8.24823437142e-05
3.42135172104e-05
0.0184771809727
2.25510666496e-06
1.50029882207e-06
2.00796534955e-06
4.38678307546e-06
1.6345828044e-05
9.29004163481e-05
0.000142508084537
0.0189122334123
3.73899092665e-06
1.55844375627e-07
1.19209303762e-07
1.19209303762e-07
4.2326253606e-05
0.0155390109867
4.21021468355e-07
1.19790811937e-07
1.22116844636e-07
1.19209303762e-07
1.19209303762e-07
1.19209303762e-07
1.19209303762e-07
1.19209303762e-07
1.19209303762e-07
1.19209303762e-07
1.19209303762e-07
1.19209303762e-07
1.19209303762e-07
1.19209303762e-07
1.19209303762e-07
1.19209303762e-07
1.19209303762e-07
1.19209303762e-07
1.19209303762e-07
1.20372320112e-07
1.19209303762e-07
1.20372320112e-07
1.20372320112e-07
1.21535336461e-07
1.26768924247e-07
1.21535336461e-07
1.22116844636e-07
1.29676465122e-07
1.29094956947e-07
1.23861383372e-07
1.25024399722e-07
1.21535336461e-07
1.20953828286e-07
1.36654577432e-07
1.34328544732e-07
1.43051195778e-07
1.27931940597e-07
1.25024399722e-07
1.28513448772e-07
1.46540244828e-07
1.25024399722e-07
1.29094956947e-07
1.30257973296e-07
1.25605907897e-07
1.28513448772e-07
1.42469659181e-07
1.33165514171e-07
1.25605907897e-07
1.32002497821e-07
1.29676465122e-07
1.32002497821e-07
1.31420989646e-07
1.74452793544e-07
1.28513448772e-07
1.32002497821e-07
1.30839481471e-07
1.46540273249e-07
1.26187416072e-07
1.26768924247e-07
1.28513448772e-07
1.30257973296e-07
1.25605907897e-07
1.32584005996e-07
1.49447785702e-07
1.38980610132e-07
1.25605907897e-07
1.25024399722e-07
1.31420989646e-07
1.27350432422e-07
1.27931940597e-07
1.29094956947e-07
1.30257973296e-07
1.37236085607e-07
1.27350432422e-07
1.29094956947e-07
1.33165514171e-07
1.61659585274e-07
1.44214212128e-07
1.27350432422e-07
1.26187416072e-07
1.29676465122e-07
1.31420989646e-07
1.25024399722e-07
1.28513448772e-07
1.24442891547e-07
1.45958750863e-07
1.28513448772e-07
1.30839481471e-07
1.45958736653e-07
1.27350432422e-07
1.38980610132e-07
1.26768924247e-07
1.25605907897e-07
1.33747022346e-07
1.25024399722e-07
1.23279875197e-07
1.32584005996e-07
1.24442891547e-07
1.26768924247e-07
1.58751987556e-07
1.29676465122e-07
1.28513448772e-07
1.27350432422e-07
1.25605907897e-07
1.31421003857e-07
1.34328530521e-07
1.28513448772e-07
1.24442891547e-07
1.91898294588e-07
1.24442891547e-07
1.25024399722e-07
1.27350432422e-07
1.26187416072e-07
1.27350432422e-07
1.23861383372e-07
1.32584005996e-07
1.36073055046e-07
1.45958736653e-07
1.31420989646e-07
1.23861383372e-07
1.74452836177e-07
1.29676465122e-07
1.26187416072e-07
1.34910067118e-07
1.30839481471e-07
1.61659571063e-07
1.58170479381e-07
1.48866305949e-07
1.65730128288e-07
2.82034250176e-07
1.33165514171e-07
1.24442891547e-07
1.26768924247e-07
1.24442891547e-07
1.38399101957e-07
1.29094956947e-07
1.52355354999e-07
3.65192875051e-07
1.21535336461e-07
1.25024399722e-07
1.28513448772e-07
1.33747022346e-07
1.29094956947e-07
1.42469673392e-07
1.24442891547e-07
1.25024399722e-07
1.29094956947e-07
1.24442891547e-07
1.57007463031e-07
2.33186170817e-07
1.44214212128e-07
1.32584005996e-07
1.26768924247e-07
1.32002497821e-07
1.31420989646e-07
1.27931940597e-07
1.25024399722e-07
1.32584005996e-07
1.30839481471e-07
1.39562118306e-07
1.23279875197e-07
1.41306642831e-07
1.83757151717e-07
1.25024399722e-07
1.34910038696e-07
1.27931940597e-07
1.26768924247e-07
1.24442891547e-07
1.27350432422e-07
1.28513448772e-07
1.29676465122e-07
1.43051167356e-07
1.29094956947e-07
1.38399101957e-07
1.36654577432e-07
1.33165514171e-07
1.73289819827e-07
1.25605907897e-07
1.26768924247e-07
1.36073055046e-07
1.25024399722e-07
1.26768924247e-07
1.31420989646e-07
1.29676465122e-07
1.28513448772e-07
1.26768924247e-07
1.32002497821e-07
1.25024399722e-07
1.26768924247e-07
1.29094956947e-07
1.32002497821e-07
1.27350432422e-07
1.27350432422e-07
1.25024399722e-07
1.32584005996e-07
1.25024399722e-07
1.29094956947e-07
1.32584005996e-07
1.29094956947e-07
1.26768924247e-07
1.27931940597e-07
1.29676465122e-07
1.27931940597e-07
1.28513448772e-07
1.26187416072e-07
1.31420989646e-07
3.98921628175e-07
1.32002497821e-07
1.36073055046e-07
1.27931940597e-07
1.25605907897e-07
1.29094956947e-07
1.42469687603e-07
1.45377228478e-07
1.33165514171e-07
1.36073055046e-07
1.28513448772e-07
1.25605907897e-07
1.32584005996e-07
1.33165514171e-07
1.24442891547e-07
1.29094956947e-07
1.99457900862e-07
1.23861383372e-07
1.23279875197e-07
