0.704669952393
0.708739638329
0.698774814606
0.696092545986
0.6937713027
0.693225860596
0.692140758038
0.692902326584
0.690895617008
0.691901385784
0.688806593418
0.686208128929
0.68851339817
0.685602605343
0.681370377541
0.685361981392
0.680993855
0.681898474693
0.685333371162
0.6824619174
0.67956507206
0.675502419472
0.676204800606
0.676309108734
0.676947116852
0.674888372421
0.676020622253
0.66885638237
0.673955917358
0.671019792557
0.671119332314
0.671300828457
0.660255789757
0.669054269791
0.668059706688
0.663282573223
0.663163125515
0.663913011551
0.656416356564
0.655424535275
0.655564308167
0.655283927917
0.652179539204
0.651149630547
0.651450037956
0.646155238152
0.644622504711
0.644338190556
0.647803544998
0.635532557964
0.630575537682
0.630780339241
0.638694107533
0.628084778786
0.624713003635
0.619865298271
0.627781271935
0.621414422989
0.622621357441
0.621087551117
0.602622270584
0.605404019356
0.603129327297
0.609886050224
0.600196957588
0.592835187912
0.598304867744
0.596699476242
0.594322085381
0.594290733337
0.589701592922
0.592016100883
0.581961870193
0.584397315979
0.571350038052
0.582191586494
0.58644425869
0.571349382401
0.561520814896
0.563334167004
0.548580050468
0.567215502262
0.5650421381
0.551833152771
0.542382240295
0.547263681889
0.546245217323
0.547445237637
0.546683013439
0.524221479893
0.514232575893
0.522413551807
0.516012072563
0.52941942215
0.508963108063
0.50873696804
0.50914144516
0.500293910503
0.510921657085
0.526775479317
0.503546476364
0.496582388878
0.506018221378
0.508133471012
0.488067120314
0.469320744276
0.508087992668
0.484033882618
0.497324645519
0.476611673832
0.475935399532
0.464898318052
0.472636163235
0.475910842419
0.446877837181
0.448347657919
0.456481873989
0.456070691347
0.456206202507
0.447803705931
0.451628834009
0.41294631362
0.432024031878
0.43218010664
0.410464912653
0.40078535676
0.42759013176
0.415979385376
0.407355666161
0.422499001026
0.405376762152
0.393239676952
0.393256664276
0.390950113535
0.389277905226
0.380946308374
0.402730196714
0.39621976018
0.380448639393
0.376774996519
0.382611274719
0.368674367666
0.382300853729
0.391052246094
0.362169593573
0.377245098352
0.354226529598
0.34231248498
0.364180266857
0.371049821377
0.374362766743
0.330042332411
0.332948416471
0.339154064655
0.340482026339
0.361406624317
0.341541320086
0.340751051903
0.321003079414
0.352361768484
0.304199248552
0.319172143936
0.326853901148
0.319570630789
0.314384609461
0.328431367874
0.311042308807
0.334648787975
0.342239439487
0.292023301125
0.308224767447
0.323390692472
0.294792205095
0.294266939163
0.287227720022
0.313216358423
0.282088577747
0.271233648062
0.302574753761
0.290235817432
0.271736711264
0.26825132966
0.289550036192
0.265321284533
0.293224364519
0.255807667971
0.25853267312
0.275932639837
0.281112611294
0.299596339464
0.233034163713
0.248186662793
0.26964867115
0.268799543381
0.253306508064
0.249669715762
0.259582221508
0.249162837863
0.250610381365
0.245732426643
0.249044746161
0.239402398467
0.24543812871
0.252669304609
0.236828029156
0.248577401042
0.273816287518
0.224816352129
0.257409363985
0.228496715426
0.220863118768
0.214075565338
0.226666599512
0.214680403471
0.216407775879
0.210593625903
0.219014123082
0.229113355279
0.235879436135
0.212371826172
0.209224537015
0.248057767749
0.176596105099
0.215830355883
0.240727290511
0.204910337925
0.19655521214
0.222904294729
0.188500747085
0.2149438411
0.202457025647
0.206824198365
0.216746777296
0.173225656152
0.180081188679
0.189749076962
0.239311471581
0.201507821679
0.238312214613
0.172505110502
0.198983356357
0.213578924537
0.185794964433
0.177695825696
0.215791001916
0.213994622231
0.187229633331
0.214280590415
0.201017096639
0.214426890016
0.199299901724
0.211644485593
0.249413743615
0.184213757515
0.173701405525
0.219769269228
0.18720433116
0.155467540026
0.217027276754
0.260897517204
0.155338689685
0.180243000388
0.181406527758
0.175643667579
0.215379580855
0.188991650939
0.205378308892
0.167841389775
0.202383682132
0.210821628571
0.200467035174
0.186299189925
0.204543247819
0.203905910254
0.19601778686
0.20066948235
0.148469984531
0.171356424689
0.178713455796
0.1618822366
0.155843630433
0.223019018769
0.191995576024
0.187218979001
0.164284795523
0.199224963784
0.180497959256
0.177657574415
0.151713266969
0.184680730104
0.195830225945
0.18399618566
0.182429745793
0.172234877944
0.177064880729
0.197320014238
0.165085837245
0.152265042067
0.142430484295
0.184313073754
