0.692904293537
0.69354146719
0.6924700737
0.69270658493
0.693450987339
0.692920506001
0.692822813988
0.694097161293
0.691827178001
0.692671239376
0.69236689806
0.691478669643
0.693231701851
0.692740380764
0.69195908308
0.692803263664
0.691398441792
0.691999256611
0.691783189774
0.692133784294
0.691338658333
0.692573666573
0.691697716713
0.692098617554
0.692058801651
0.691653132439
0.692371368408
0.692138969898
0.691857933998
0.692300200462
0.692230582237
0.691608250141
0.691393911839
0.692061543465
0.691751778126
0.691890120506
0.691289067268
0.690819203854
0.692290067673
0.691712737083
0.692056715488
0.691359460354
0.692002356052
0.691728711128
0.692133307457
0.691070199013
0.69169574976
0.692278027534
0.691115915775
0.692095518112
0.691821277142
0.691820144653
0.691469669342
0.691607892513
0.691503703594
0.69229054451
0.691862523556
0.690863728523
0.692709267139
0.690995693207
0.691605269909
0.692179858685
0.691097199917
0.691078543663
0.691246390343
0.690881669521
0.691258788109
0.691622555256
0.691129863262
0.691566228867
0.691564202309
0.691074252129
0.691021561623
0.690646529198
0.689908742905
0.691022992134
0.691448390484
0.689531862736
0.690991461277
0.691251516342
0.690132796764
0.691019773483
0.691313147545
0.691191077232
0.690910816193
0.69084495306
0.691065430641
0.69006639719
0.691400289536
0.689894616604
0.690093755722
0.689945876598
0.691393971443
0.690818965435
0.691510438919
0.689940452576
0.690963864326
0.690337240696
0.690869569778
0.689916014671
0.689660727978
0.690474629402
0.689677476883
0.690336406231
0.689518392086
0.690101504326
0.689631044865
0.68950676918
0.689718008041
0.689381420612
0.689403772354
0.690248370171
0.689529836178
0.689594745636
0.689090490341
0.690554201603
0.690003573895
0.689656078815
0.689244627953
0.688868165016
0.689502894878
0.690282821655
0.689150452614
0.689939022064
0.690279006958
0.689123153687
0.689814507961
0.688737690449
0.688681542873
0.68928283453
0.688700735569
0.690388798714
0.689674437046
0.689220905304
0.688712656498
0.689966917038
0.690608263016
0.6889295578
0.689065933228
0.687565147877
0.688758730888
0.6873716712
0.689111530781
0.688713014126
0.689410984516
0.687519490719
0.687997937202
0.688604950905
0.689996063709
0.689331591129
0.687917292118
0.688048660755
0.689355552197
0.688705682755
0.688733279705
0.688199818134
0.687939465046
0.688358724117
0.689067721367
0.687389373779
0.689441502094
0.687795877457
0.688919723034
0.688757836819
0.68819630146
0.688572406769
0.689792633057
0.687774777412
0.687982916832
0.688539683819
0.686868011951
0.687325835228
0.687298417091
0.688791871071
0.688751459122
0.688705742359
0.688049912453
0.686991930008
0.687856972218
0.687912642956
0.686395049095
0.688078224659
0.686922609806
0.687887847424
0.687269628048
0.688281595707
0.687498688698
0.68560218811
0.687266409397
0.685899734497
0.687316060066
0.686974048615
0.686599433422
0.687351346016
0.687953472137
0.685328423977
0.688331186771
0.686676859856
0.685793757439
0.685165345669
0.686707735062
0.684778749943
0.688445210457
0.687396466732
0.686404705048
0.68506872654
0.689218521118
0.689464688301
0.68626922369
0.687433242798
0.683991491795
0.685210883617
0.686880111694
0.6866979599
0.686179041862
0.687229812145
0.686605989933
0.686022698879
0.683670282364
0.688644647598
0.684456884861
0.685753047466
0.684760272503
0.687209129333
0.68782544136
0.685483515263
0.684698879719
0.685991883278
0.687425196171
0.687412142754
0.687135219574
0.684440076351
0.686244606972
0.686267912388
0.686322152615
0.685576379299
0.685751438141
0.686384558678
0.687209844589
0.687099099159
0.687240660191
0.686369419098
0.685422897339
0.683944642544
0.684553921223
0.683345735073
0.685138761997
0.685432195663
0.684130132198
0.686479568481
0.683875799179
0.685803830624
0.685349106789
0.6876693964
0.68432623148
0.682837665081
0.685157299042
0.6839620471
0.683041214943
0.685751736164
0.683591246605
0.684419453144
0.683765292168
0.686785042286
0.682247757912
0.684457182884
0.684701681137
0.685424923897
0.684894621372
0.685845136642
0.682251930237
0.685603380203
0.685874223709
0.685335457325
0.683373034
0.683028638363
0.683133661747
0.68434715271
0.685384094715
0.681597530842
0.68223541975
0.683051049709
0.681614041328
0.686049461365
0.681291699409
0.682264924049
0.684664964676
0.684696853161
0.683087587357
0.682418465614
0.684393882751
0.682015776634
0.681928932667
0.685215115547
0.684516787529
0.682989120483
0.683320999146
0.684021413326
0.682616770267
0.683586359024
0.680972278118
0.683148741722
0.683357775211
0.682057976723
0.682117283344
0.681207358837
0.683714389801
0.683316290379
0.684684038162
0.684836268425
0.682395517826
0.681662738323
0.682066679001
0.680776357651
0.682050168514
0.680837094784
0.682516932487
0.682364165783
0.681329846382
0.683828890324
0.682577073574
0.68255764246
0.682815015316
0.683422088623
0.684106588364
0.682722210884
0.681392550468
0.681045174599
0.682087004185
0.684672057629
0.685191452503
0.680694639683
0.682233870029
0.68186122179
0.683225154877
0.681839823723
0.683448970318
0.682352900505
0.68226146698
0.682502508163
0.681471288204
0.682343661785
0.678554832935
0.679857552052
0.6796413064
0.681022524834
0.67972022295
0.679110348225
0.679435074329
0.679222524166
0.681934475899
0.6800557971
0.680046260357
0.681827664375
0.68350559473
0.680942833424
0.681887805462
0.680935502052
0.677699148655
0.681428551674
0.678840398788
0.684661626816
0.681331515312
0.676863729954
0.680749952793
0.679715335369
0.681511700153
0.679043412209
0.682978034019
0.677113831043
0.679430186749
0.680915415287
0.679005920887
0.677899301052
0.67970764637
0.680831611156
0.677938818932
0.680339634418
0.678142547607
0.679976463318
0.675749182701
0.676937222481
0.682023823261
0.67741304636
0.681705534458
0.675016462803
0.678301751614
0.676688373089
0.678291261196
0.680566728115
0.678154945374
0.678244769573
0.678574323654
0.679370999336
0.679924190044
0.679235935211
0.675947785378
0.679302930832
0.682126820087
0.671828508377
0.678468346596
0.678774952888
0.678234994411
0.674601256847
0.678152143955
0.674849510193
0.673730909824
0.679899990559
0.67489027977
0.676698207855
0.676816344261
0.677199959755
0.673574149609
0.678695678711
0.678549647331
0.677174389362
0.675724804401
0.677263557911
0.676864981651
0.675907790661
0.674115121365
0.675329148769
0.675639331341
0.676250040531
0.678059279919
0.674095571041
0.674540996552
0.679514348507
0.675036549568
0.671692311764
0.675083756447
0.676023840904
0.676895678043
0.680741548538
0.674825251102
0.677241683006
0.674445092678
0.673142790794
0.676974534988
0.673678636551
0.673641443253
0.675200581551
0.670626878738
0.672792375088
0.678994774818
0.676793932915
0.674298465252
0.679248690605
0.672045648098
0.671698451042
0.670860469341
0.672352194786
0.675794303417
0.675493478775
0.671807408333
0.672547876835
0.678857624531
0.673320770264
0.679250955582
0.67059057951
0.676585435867
0.672309815884
0.674806416035
0.674855470657
0.670601725578
0.674247026443
0.671806395054
0.672281980515
0.675586819649
0.668789684772
0.674248218536
0.672153353691
0.670159399509
0.672840237617
0.668801009655
0.668165564537
0.668719172478
0.668132901192
0.672105491161
0.667968034744
0.670317292213
0.674296617508
0.668396532536
0.671473562717
0.67016261816
0.670580029488
0.669920384884
0.670691788197
0.672643363476
0.674969613552
0.666219770908
0.667172372341
0.676851809025
0.667827308178
0.67107129097
0.668727815151
0.671655476093
0.671599030495
0.671633303165
0.670218765736
0.669230103493
0.671118736267
0.669122517109
0.665761649609
0.66863745451
0.668028771877
0.66717338562
0.664918005466
0.66539388895
0.668316364288
0.668625414371
0.670044958591
0.670586407185
0.670108258724
0.666249275208
0.669279515743
0.670016527176
0.66761380434
0.66924059391
0.673262953758
0.672580838203
0.667029500008
0.667633652687
0.666598856449
0.665456116199
0.663525938988
0.668559610844
0.664967358112
0.670736551285
0.66674053669
0.668080031872
0.669895172119
0.665566265583
0.667482793331
0.664892375469
0.668275415897
0.664974808693
0.661985456944
0.663206875324
0.665830671787
0.665076971054
0.669302523136
0.665760695934
0.670233249664
0.661762237549
0.666476786137
0.666443884373
0.673814952374
0.667248785496
0.664013743401
0.663307249546
0.666236460209
0.668457329273
0.661144673824
0.663028776646
0.66382586956
0.665723204613
0.663391113281
0.656418859959
0.657190561295
0.660143971443
0.669465065002
0.663859724998
0.665187776089
0.663709640503
0.659062743187
0.658058643341
0.660035014153
0.658282458782
0.665591597557
0.661416769028
0.66439396143
0.657963275909
0.656073153019
0.662651538849
0.662060916424
0.668319821358
0.665206491947
0.65948587656
0.660312235355
0.664723038673
0.662983953953
0.660936295986
0.662632584572
0.654304563999
0.662093102932
0.659149885178
0.6612585783
0.65920060873
0.663572609425
0.660259068012
0.659291028976
0.655247211456
0.659759283066
0.659874737263
0.663259267807
0.659664928913
0.657425820827
0.649397611618
0.66410189867
0.656894207001
0.660885095596
0.656839311123
0.656758248806
0.652732372284
0.661032497883
0.65307289362
0.659730553627
0.661239624023
0.655888557434
0.641828715801
0.6518907547
0.656717419624
0.656344532967
0.659626126289
0.658796668053
0.654758214951
0.65030425787
0.655413210392
0.656026542187
0.657463550568
0.655257284641
0.656578779221
0.655050814152
0.649673521519
0.650623619556
0.653737902641
0.653160870075
0.647249400616
0.659731924534
0.658267080784
0.655126929283
0.653392791748
0.664800345898
0.65302413702
0.656286478043
0.65994822979
0.650562167168
0.64814555645
0.654262185097
0.651654064655
0.647980034351
0.653162717819
0.653739571571
0.650971591473
0.65186715126
0.652746796608
0.649478971958
0.656531870365
0.649363279343
0.649693310261
0.655211985111
0.654416620731
0.653443694115
0.646153390408
0.643189072609
0.649672567844
0.65009534359
0.651751756668
0.656971693039
0.656228840351
0.650161623955
0.645731627941
0.652348458767
0.653474390507
0.642764627934
0.648840546608
0.640250742435
0.65072530508
0.653640210629
0.650032818317
0.64595490694
0.646326303482
0.644967854023
0.644258677959
0.645911455154
0.646858036518
0.648637056351
0.642483174801
0.638867199421
0.643546998501
0.641068160534
0.648197352886
0.647220432758
0.645617544651
0.649435400963
0.64139932394
0.646013855934
0.643019139767
0.648500442505
0.649128437042
0.642306208611
0.652714550495
0.642240583897
0.653688907623
0.649989664555
0.646953761578
0.65141505003
0.649735033512
0.639889955521
0.646888315678
0.639433026314
0.645391106606
0.640849351883
0.647720932961
0.6447301507
0.634331226349
0.643843352795
0.643432915211
0.642249286175
0.645193755627
0.641523778439
0.652729809284
0.646726131439
0.63365405798
0.643213689327
0.642851471901
0.642824590206
0.638566315174
0.644554793835
0.641419053078
0.636993825436
0.634339988232
0.638136327267
0.648625910282
0.638943314552
0.629920423031
0.642537772655
0.64296579361
0.635433375835
0.641833245754
0.6419095397
0.635171413422
0.639640152454
0.640210211277
0.644278228283
0.639221131802
0.624559223652
0.637267410755
0.630570292473
0.632517397404
0.628165543079
0.639448165894
0.63353574276
0.640118122101
0.632754266262
0.632666707039
0.64848780632
0.632927417755
0.632305622101
0.635562896729
0.632690727711
0.626618146896
0.628877580166
0.632242500782
0.633200526237
0.642304599285
0.636985063553
0.634416759014
0.635771214962
0.641250729561
0.630736112595
0.637622594833
0.630374789238
0.636273264885
0.631130516529
0.638653635979
0.634068250656
0.620849788189
0.632053673267
0.634583473206
0.625450074673
0.629483699799
0.631052136421
0.644932746887
0.623662412167
0.627470016479
0.626928687096
0.633916556835
0.625711858273
0.628666996956
0.63191473484
0.633229255676
0.623478829861
0.636357665062
0.627008974552
0.623373806477
0.62323975563
0.619456827641
0.62804120779
0.611083269119
0.634465873241
0.622792601585
0.632747590542
0.621750116348
0.632118999958
0.629702627659
0.630288600922
0.63036262989
0.62994235754
0.630313575268
0.635218977928
0.619104504585
0.622424781322
0.631018340588
0.623517453671
0.610168337822
0.625268876553
0.622657060623
0.61515390873
0.627912044525
0.635582685471
0.625528037548
0.617660403252
0.621745765209
0.634421050549
0.625989377499
0.631810843945
0.63246011734
0.633748948574
0.632589817047
0.629136264324
0.620927989483
0.623136639595
0.622147202492
0.62173974514
0.625420629978
0.617777585983
0.632921338081
0.623715639114
0.627025783062
0.612556695938
0.629250526428
0.627140522003
0.623295485973
0.636909902096
0.62233877182
0.631354808807
0.618896901608
0.627530813217
0.625090360641
0.626081168652
0.627972245216
0.619415700436
0.621407806873
0.616668641567
0.630113244057
0.632437944412
0.625076532364
0.626856088638
0.621619343758
0.613260984421
0.637684762478
0.617469191551
0.628201901913
0.625636339188
0.630709826946
0.6311378479
0.616401791573
0.623008430004
0.619490325451
0.627274692059
0.621645689011
0.628559589386
0.615956962109
0.619445204735
0.625345170498
0.619838118553
0.615472376347
0.626463651657
0.617223620415
0.637277126312
0.623335957527
0.635230660439
0.627193570137
0.627994060516
0.614615797997
0.633848309517
0.626437425613
0.617069065571
0.627776741982
0.632222890854
0.622956991196
0.63208925724
0.627388119698
0.617520034313
0.633706152439
0.622532129288
0.621692955494
0.622604131699
0.634125649929
0.6268273592
0.621331870556
0.619061112404
0.613445699215
0.626284837723
0.614073395729
0.621168017387
0.62409311533
0.618147790432
0.624274909496
0.622209489346
0.633940637112
0.6273650527
0.619437277317
0.619533777237
0.624795019627
0.629354655743
0.623104274273
0.627801120281
0.633078157902
0.632670760155
0.61136162281
0.635939717293
0.623992323875
0.624540746212
0.613030254841
0.630848050117
0.624341666698
0.614691674709
0.611991345882
0.617709517479
0.626040518284
0.621161341667
0.626746118069
0.623805344105
0.617074251175
0.620930492878
0.61920851469
0.617377519608
0.60543692112
0.619180738926
0.624471366405
0.617404997349
0.62842130661
0.624855875969
0.623049020767
0.626047790051
0.628234803677
0.636968791485
0.628049373627
0.617416441441
0.629561781883
0.630829274654
0.624135077
0.622110068798
0.621695876122
0.623517394066
0.621866106987
0.620228648186
0.621110022068
0.622742712498
0.617305278778
0.624474406242
0.622613430023
0.633541822433
0.614346027374
0.624974012375
0.6348990798
0.618757247925
0.616577684879
0.627464473248
0.623258292675
0.626912355423
0.612132310867
0.629109501839
0.615808069706
0.608919799328
0.617583394051
0.621581077576
0.624929428101
0.621433496475
0.634210526943
0.619152247906
0.628382027149
0.608281552792
0.622729539871
0.619207978249
0.616059839725
0.627753973007
0.627044081688
0.633311867714
0.6189032197
0.617617249489
0.629145205021
0.613908946514
0.62625426054
0.621853172779
0.614609181881
0.621725082397
0.617860734463
0.618659794331
0.620386838913
0.619405686855
0.619385123253
0.616643667221
0.615287840366
0.62521904707
0.617440700531
0.624642670155
