0.721505522728
0.720857739449
0.720214724541
0.719573378563
0.718930959702
0.718287408352
0.71763920784
0.716987073421
0.716329872608
0.715672016144
0.715017974377
0.714370787144
0.713727355003
0.713087379932
0.712445437908
0.711799144745
0.711154639721
0.710506141186
0.709859490395
0.709215044975
0.708571970463
0.70792901516
0.707288563251
0.706648468971
0.706003725529
0.705353021622
0.704706192017
0.704059958458
0.703417122364
0.7027785182
0.702143073082
0.701512396336
0.700885474682
0.700261771679
0.699643671513
0.699029147625
0.698412358761
0.697808027267
0.697207212448
0.696608841419
0.696009218693
0.695418477058
0.694843113422
0.694266498089
0.693694651127
0.69313532114
0.692582964897
0.692030549049
0.69148015976
0.690931379795
0.690387248993
0.689853191376
0.689324498177
0.688800096512
0.688274085522
0.687748372555
0.687223255634
0.686695873737
0.686160206795
0.68562656641
0.685103774071
0.684589087963
0.684075951576
0.683561444283
0.683053195477
0.682551026344
0.682050824165
0.681552767754
0.681052803993
0.680547893047
0.680044412613
0.679544270039
0.679050147533
0.678558588028
0.678073704243
0.677583694458
0.677085638046
0.676580965519
0.676073253155
0.675564289093
0.675066709518
0.674575805664
0.674087822437
0.673606455326
0.673136889935
0.672668576241
0.672195672989
0.671713829041
0.671230494976
0.670735895634
0.67024230957
0.669752776623
0.66926664114
0.668784976006
0.668282210827
0.667786061764
0.667305409908
0.666831195354
0.666360616684
0.665895938873
0.66543507576
0.664976418018
0.664517462254
0.664062082767
0.663610517979
0.663161873817
0.662715435028
0.662276566029
0.661836862564
0.66139960289
0.660964548588
0.660531759262
0.66010093689
0.65967208147
0.659250617027
0.658841013908
0.658438205719
0.658041059971
0.657643079758
0.657236993313
0.656830191612
0.656423449516
0.656020820141
0.655623435974
0.655222535133
0.654825747013
0.654429018497
0.654043495655
0.65366345644
0.653290748596
0.652928292751
0.652573525906
0.652223527431
0.651880860329
0.65154671669
0.651215851307
0.6508872509
0.65056437254
0.650244057178
0.649924814701
0.649604380131
0.649288713932
0.648974776268
0.648666322231
0.648361504078
0.648059129715
0.647760748863
0.647460281849
0.647158563137
0.646855890751
0.6465523839
0.646250426769
0.645947277546
0.645641565323
0.645336270332
0.645028471947
0.644717872143
0.644406795502
0.64408993721
0.643762528896
0.643429636955
0.643094420433
0.642755806446
0.642412781715
0.642069220543
0.641729593277
0.641394257545
0.641059696674
0.640728712082
0.640398442745
0.640066802502
0.639735519886
0.639405310154
0.639074325562
0.638745725155
0.638408839703
0.638072252274
0.637740790844
0.637408673763
0.637079238892
0.636751711369
0.63642334938
0.636090934277
0.635761678219
0.6354342103
0.635107934475
0.634783923626
0.634460687637
0.634138166904
0.633811533451
0.63348031044
0.633147954941
0.632825434208
0.632503807545
0.632178425789
0.631852209568
0.631525397301
0.631197988987
0.630872428417
0.63054639101
0.630221605301
0.629904031754
0.629586338997
0.629269182682
0.6289524436
0.628637254238
0.628322482109
0.628004491329
0.627682209015
0.627358257771
0.627038776875
0.626718878746
0.62639605999
0.626074492931
0.625754594803
0.62543451786
0.625113606453
0.624788582325
0.624466061592
0.624141991138
0.623818695545
0.623495042324
0.623171985149
0.622852265835
0.622534096241
0.622220277786
0.621906876564
0.621594071388
0.621279060841
0.620963275433
0.62064820528
0.620332539082
0.620014548302
0.619693636894
0.619375705719
0.61905926466
0.618745923042
0.618436872959
0.61812710762
0.61781591177
0.617504894733
0.617194831371
0.616885304451
0.616578400135
0.616274297237
0.615973174572
0.615676522255
0.615383803844
0.61509257555
0.614802122116
0.614511311054
0.61421662569
0.613921940327
0.613627314568
0.613332629204
0.613035857677
0.612735450268
0.612432181835
0.612127244473
0.61182320118
0.611515760422
0.611202061176
0.610875368118
0.610552072525
0.610229730606
0.609906733036
0.609577953815
0.609250426292
0.608921647072
0.608590602875
0.608258605003
0.607923090458
0.607584655285
0.607249140739
0.60691857338
0.606588959694
0.606252849102
0.605913281441
0.60557192564
0.605229735374
0.6048874259
0.604543149471
0.604195892811
0.603844940662
0.603494763374
0.603143453598
0.602791130543
0.602438628674
0.602086126804
0.601736605167
0.601378977299
0.601020216942
0.600664794445
0.600310623646
0.599960267544
0.599612295628
0.599265098572
0.598919093609
0.598566353321
0.598206818104
