0.681021809578
0.683168292046
0.69012606144
0.688998758793
0.685936450958
0.682665765285
0.685267388821
0.688149213791
0.684506177902
0.68702852726
0.681109070778
0.680714666843
0.685993075371
0.682302474976
0.688043892384
0.683935821056
0.688859164715
0.685298621655
0.684385120869
0.684183120728
0.683907091618
0.687078535557
0.685498356819
0.683381915092
0.684209227562
0.683243155479
0.682273447514
0.682049691677
0.68672066927
0.686880111694
0.682916879654
0.681657135487
0.677902162075
0.683375537395
0.683590471745
0.686972618103
0.687506258488
0.683433413506
0.677189469337
0.680624306202
0.685896277428
0.682939827442
0.679954111576
0.683101296425
0.67292624712
0.683769106865
0.676118373871
0.677949011326
0.673089027405
0.684479773045
0.680065333843
0.683434903622
0.682535171509
0.680700063705
0.683036565781
0.682455956936
0.669491887093
0.676949083805
0.676303684711
0.674400746822
0.677072584629
0.678152263165
0.679239034653
0.682111859322
0.671771764755
0.683985292912
0.681729376316
0.68405777216
0.680448353291
0.683536410332
0.680701255798
0.674773454666
0.67434066534
0.686821162701
0.681181132793
0.675500094891
0.671201407909
0.675910830498
0.675927579403
0.67942905426
0.679400920868
0.669135272503
0.676483511925
0.676160991192
0.678149402142
0.679799318314
0.676637768745
0.678897023201
0.67652618885
0.677690029144
0.676224291325
0.676688909531
0.678463876247
0.677759826183
0.677596330643
0.67955249548
0.673765778542
0.675998747349
0.676156520844
0.670815169811
0.67791557312
0.675295591354
0.678361713886
0.682154595852
0.677276730537
0.678639054298
0.679429352283
0.671780407429
0.677138626575
0.671971857548
0.676305115223
0.67666465044
0.675343871117
0.672860860825
0.674271762371
0.673820078373
0.678550541401
0.670545041561
0.672043383121
0.675321340561
0.674821794033
0.672083437443
0.678051769733
0.671297550201
0.672711491585
0.669327020645
0.669495522976
0.667278826237
0.670053601265
0.665975272655
0.669493436813
0.672008216381
0.67596501112
0.672147452831
0.67045211792
0.667513608932
0.669377028942
0.669824659824
0.670708954334
0.678422868252
0.670102477074
0.670422613621
0.67203783989
0.671056628227
0.668418943882
0.667092323303
0.664522767067
0.667233705521
0.672059893608
0.668845057487
0.666470587254
0.660735487938
0.670082032681
0.668842434883
0.673835098743
0.668840944767
0.670130312443
0.666896402836
0.672245621681
0.670704007149
0.667562782764
0.666980862617
0.668347597122
0.668397605419
0.660718739033
0.665215790272
0.667574226856
0.664714157581
0.662526726723
0.670959353447
0.665016114712
0.67011064291
0.669193446636
0.659499883652
0.668379426003
0.662467896938
0.667426109314
0.661410868168
0.663874864578
0.662777662277
0.66259098053
0.666987597942
0.670928299427
0.660562217236
0.666668057442
0.659684538841
0.666970252991
0.657768011093
0.666626632214
0.659698724747
0.662464261055
0.667089939117
0.663082540035
0.663314878941
0.660508692265
0.671273589134
0.666666984558
0.660935401917
0.667809307575
0.665277540684
0.658503234386
0.664811611176
0.660926878452
0.667110562325
0.659610629082
0.662233829498
0.66077953577
0.661869645119
0.653028249741
0.655440747738
0.659662783146
0.656386435032
0.655677735806
0.660124599934
0.667951107025
0.656257867813
0.664827048779
0.6581402421
0.658826112747
0.659537315369
0.659994602203
0.657226979733
0.66421610117
0.655849277973
0.664632678032
0.649844586849
0.662980079651
0.65874427557
0.653185427189
0.662628591061
0.657571136951
0.662679255009
0.65920996666
0.665223360062
0.654721081257
0.655402064323
0.663004517555
0.653992235661
0.658327698708
0.660995423794
0.657736718655
0.655783355236
0.654537975788
0.669141173363
0.658779084682
0.65393525362
0.651486337185
0.653086423874
0.659238815308
0.658880591393
0.652003526688
0.655542492867
0.656020104885
0.659844219685
0.653913080692
0.654851198196
0.656677365303
0.654571175575
0.651937365532
0.653974115849
0.64803570509
0.655538201332
0.650668680668
0.650032222271
0.650323927402
0.648293793201
0.659156739712
0.657606601715
0.654187619686
0.658684551716
0.658608317375
0.663180589676
0.654593706131
0.648431003094
0.656813144684
0.649666547775
0.659052848816
0.650574088097
0.645367741585
0.654570698738
0.645884811878
0.652237594128
0.648436486721
0.655771255493
0.656606316566
0.654969751835
0.652152776718
0.653274893761
0.645804703236
0.646712899208
0.650003552437
0.647436797619
0.655594527721
0.653362154961
0.650870740414
0.649341106415
0.651128828526
0.65031850338
0.655283391476
0.647260725498
0.656906723976
0.643233001232
0.649539232254
0.647565722466
0.64550024271
0.651459753513
0.652627468109
0.653331577778
0.651068687439
0.641841113567
0.645884275436
0.649089813232
0.653421521187
0.645760715008
0.650547087193
0.654798686504
0.649735987186
0.652312517166
0.643508374691
0.644400596619
0.652985870838
0.642588973045
0.64526039362
0.644572913647
0.651225566864
0.651020348072
0.647541761398
0.641922831535
0.646293818951
0.648102402687
0.646242856979
0.642682611942
0.645904123783
0.637511074543
0.643054425716
0.649035811424
0.642742931843
0.650205790997
0.649310290813
0.640924692154
0.651603758335
0.644061923027
0.644756734371
0.640733659267
0.648210406303
0.641339123249
0.642347753048
0.648209452629
0.636258840561
0.649344146252
0.639759123325
0.639243960381
0.644702315331
0.63961315155
0.646260976791
0.643525183201
0.639328658581
0.644446372986
0.641202151775
0.644900739193
0.650829195976
0.633599996567
0.641865372658
0.649413704872
0.644980311394
0.643207550049
0.639647722244
0.63694435358
0.644948065281
0.636722326279
0.637619972229
0.641420662403
0.640857875347
0.637136697769
0.637136340141
0.632038295269
0.642423808575
0.63889592886
0.64682674408
0.634934127331
0.635537922382
0.635928869247
0.643793702126
0.641108095646
0.633000016212
0.63240480423
0.642118275166
0.638041734695
0.635732889175
0.647466242313
0.630690574646
0.639156460762
0.636336326599
0.627140700817
0.639417111874
0.632610917091
0.637775599957
0.631306886673
0.631408393383
0.641319692135
0.638434529305
0.638001084328
0.632021725178
0.634589672089
0.629931390285
0.635319948196
0.627105474472
0.637099683285
0.635393679142
0.630841910839
0.635264158249
0.635491251945
0.637129545212
0.640213668346
0.640661180019
0.645973145962
0.642874836922
0.641395032406
0.635382950306
0.630402803421
0.637993395329
0.640382051468
0.636811733246
0.634706795216
0.629268169403
0.636757910252
0.633426725864
0.639191091061
0.642910301685
0.63829189539
0.631498038769
0.640484452248
0.627204120159
0.622941851616
0.631408929825
0.631712853909
0.638879418373
0.636382699013
0.636539936066
0.646308720112
0.637971580029
0.629705667496
0.636588096619
0.637270569801
0.629067182541
0.639538705349
0.644428610802
0.633030593395
0.63939166069
0.643301188946
0.632690370083
0.635284423828
0.644759476185
0.623999595642
0.643174767494
0.63792771101
0.629882872105
0.632662892342
0.623698472977
0.62609654665
0.642129004002
0.641288936138
0.632475674152
0.644974052906
0.635803520679
0.637599825859
0.636049687862
0.631370902061
0.63449960947
0.638817191124
0.629838585854
0.639857769012
0.635670125484
0.644644320011
0.638277649879
0.63254570961
0.634392857552
0.635395348072
0.642264783382
0.640127360821
0.635365009308
0.633208692074
0.640165627003
0.632676422596
0.629914164543
0.63648557663
0.634709715843
0.629287064075
0.629513680935
0.636125147343
0.632598280907
0.628706336021
0.63222694397
0.634698092937
0.628614485264
0.635300338268
0.642673075199
0.630278229713
0.646556854248
0.634643673897
