1.13924527168
1.10305190086
0.760836362839
0.789454758167
0.782656013966
0.701814472675
0.704117178917
0.743407905102
0.712128698826
0.706199228764
0.698062062263
0.665583014488
0.705501496792
0.628253161907
0.650199234486
0.621988415718
0.641085267067
0.606995403767
0.641992211342
0.61169975996
0.604015350342
0.636153161526
0.605420768261
0.619478821754
0.601164460182
0.5892187953
0.598087310791
0.594562113285
0.585012495518
0.608605563641
0.573880791664
0.604135751724
0.613216757774
0.615427613258
0.618083655834
0.608997642994
0.614535748959
0.591710448265
0.580363929272
0.616496443748
0.595812082291
0.623195528984
0.582325518131
0.611084997654
0.573392093182
0.578965246677
0.564750134945
0.573718845844
0.586878061295
0.57185459137
0.564026534557
0.566152334213
0.588249444962
0.570961415768
0.624252736568
0.619882047176
0.579717278481
0.583467543125
0.572120010853
0.585997700691
0.605781555176
0.554437875748
0.608797669411
0.544784605503
0.545448660851
0.580014646053
0.57340413332
0.582407832146
0.550799012184
0.569455265999
0.562763512135
0.604921936989
0.516466259956
0.598372280598
0.583260416985
0.594191610813
0.566374838352
0.561998069286
0.580299377441
0.56018024683
0.575892210007
0.551496267319
0.562096178532
0.574994027615
0.5593957901
0.550173938274
0.551410198212
0.585369288921
0.564815223217
0.569951295853
0.562233269215
0.573423206806
0.55969697237
0.550917625427
0.531677007675
0.564267516136
0.549928069115
0.527732610703
0.565177202225
0.565185129642
0.554546058178
0.558112680912
0.537027001381
0.60355257988
0.560190677643
0.53895175457
0.515586555004
0.546025812626
0.603789687157
0.483695536852
0.590241312981
0.566680967808
0.542015016079
0.578032374382
0.602279901505
0.575889229774
0.546813130379
0.546217918396
0.571524381638
0.547851979733
0.563844263554
0.525393664837
0.556522250175
0.591124951839
0.546199500561
0.570300281048
0.557644307613
0.534464895725
0.556480586529
0.524996221066
0.540322422981
0.56684088707
0.547925055027
0.521906256676
0.579920828342
0.551447808743
0.569791257381
0.576891064644
0.494303405285
0.540132820606
0.521698355675
0.529499709606
0.496016800404
0.575594365597
0.554670393467
0.555430948734
0.555506229401
0.55472099781
0.536087989807
0.553806126118
0.517105817795
0.520475447178
0.538805305958
0.5377343297
0.545598566532
0.562699973583
0.533131599426
0.537655174732
0.538255274296
0.566981673241
0.548852920532
0.542561113834
0.530471563339
0.535294771194
0.507708370686
0.554229021072
0.573194384575
0.563298881054
0.536357223988
0.537507414818
0.527293086052
0.510434985161
0.543252408504
0.523697018623
0.512678205967
0.573837995529
0.545823216438
0.549725651741
0.53843921423
0.539879798889
0.517934143543
0.54142510891
0.50470495224
0.516553044319
0.567015171051
0.600561141968
0.536109268665
0.575736641884
0.526426017284
0.554892361164
0.516230940819
0.490149140358
0.563102006912
0.529279708862
0.530188500881
0.514509558678
0.554952025414
0.562534749508
0.512209236622
0.516984283924
0.55704843998
0.501503109932
0.548337697983
0.509552955627
0.517573177814
0.515326738358
0.58032053709
0.552199482918
0.509773254395
0.538061082363
0.518325269222
0.56172066927
0.520773470402
0.549235582352
0.545670211315
0.490531563759
0.547077536583
0.49160194397
0.570756316185
0.511827230453
0.50809520483
0.510646164417
0.523591697216
0.51925098896
0.482412695885
0.508986234665
0.523482501507
0.502733051777
0.525354087353
0.586413919926
0.520302593708
0.548443377018
0.534829258919
0.531290352345
0.502015948296
0.552245020866
0.578235805035
0.532431423664
0.521159112453
0.529732167721
0.533475577831
0.552581369877
0.509680271149
0.517866134644
0.52507174015
0.506120800972
0.568358182907
0.5287129879
0.542513072491
0.558645248413
0.496314436197
0.527144610882
0.54810988903
0.513086378574
0.524724841118
0.528775155544
0.514615416527
0.498259246349
0.55200201273
0.488453835249
0.540319681168
0.522645235062
0.534646213055
0.51166754961
0.498695254326
0.503385126591
0.550596952438
0.501227736473
0.501881718636
0.484827399254
0.504055440426
0.519110918045
0.538274526596
0.538223385811
0.485963910818
0.557597219944
0.533851206303
0.489670306444
0.525195240974
0.558317661285
0.49258646369
0.527200400829
0.503920674324
0.542566895485
0.553587973118
0.473168760538
0.551551282406
0.538443505764
0.500428676605
0.501051425934
0.4960899055
0.539081692696
0.510111749172
0.542767286301
0.505759835243
0.533626317978
0.526399731636
0.494080543518
0.487083435059
0.450383514166
0.527747154236
0.51727616787
0.529369056225
0.48084872961
0.490889847279
0.500372886658
0.487476289272
0.466307789087
0.488379359245
0.502205610275
0.499588668346
0.547124803066
0.493131607771
0.488175362349
0.564080834389
0.500340998173
0.538257598877
0.550314903259
0.489966422319
0.485889792442
0.507791936398
0.511270701885
0.538411855698
0.524635672569
0.499466598034
0.513872623444
0.514530241489
0.516123890877
0.49483910203
0.534893214703
0.510703623295
0.500487864017
0.480985939503
0.479554027319
0.504080414772
0.500224471092
0.546528637409
0.495484054089
0.51686000824
0.484468787909
0.520052790642
0.521584093571
0.501653075218
0.486883968115
0.492492616177
0.484393507242
0.5301014781
0.517883956432
0.533632457256
0.530246675014
0.515709757805
0.491195619106
0.486935943365
0.498238921165
0.538378357887
0.52246773243
0.516282379627
0.489128232002
0.479073911905
0.536955595016
0.513626813889
0.518632113934
0.495547413826
0.504013955593
0.506723403931
0.471776604652
0.48738104105
0.477472811937
0.51403003931
0.508994042873
0.47960421443
0.531782746315
0.553252756596
0.473822236061
0.546722769737
0.527484178543
0.486091166735
0.524335980415
0.547851204872
0.543733119965
0.524615228176
0.533096134663
0.491861402988
0.521958947182
0.517220795155
0.537640333176
0.526862502098
0.508891522884
0.490542382002
0.476140528917
0.482848912477
0.476385563612
0.498866796494
0.492092907429
0.520296871662
0.51369959116
0.487675219774
0.493543148041
0.545066297054
0.469663977623
0.483409553766
0.502602636814
0.494266688824
0.528248250484
0.527022480965
0.54155755043
0.499797463417
0.485425621271
0.50782841444
0.489288628101
0.513810634613
0.525539398193
0.520594954491
0.515537977219
0.482804745436
0.465503156185
0.461323559284
0.502973735332
0.518554449081
0.528516054153
0.49928894639
0.469055384398
0.538578629494
0.549961984158
0.518728017807
0.48031526804
0.513703107834
0.477057695389
0.478462070227
0.493575453758
0.486917287111
0.504817664623
0.492912948132
0.527581989765
0.482530683279
0.473538666964
0.445433914661
0.472650468349
0.455555945635
0.496575623751
0.439781397581
0.48674890399
0.519721031189
0.492775022984
0.468026727438
0.482403129339
0.48609149456
0.486922860146
0.461909115314
0.479966700077
0.520916104317
0.5212906003
0.487448781729
0.510120511055
0.479420959949
0.483012467623
0.415014237165
0.454210221767
0.478557318449
0.536913454533
0.51284122467
0.475528895855
0.500747263432
0.507373988628
0.478375136852
0.478265076876
0.498065173626
0.497737765312
0.453016191721
0.471960902214
0.466662526131
0.49438777566
0.50127530098
0.472734391689
0.510960102081
0.466541022062
0.476198375225
0.542907357216
0.444172978401
0.529673457146
0.507350087166
0.474566698074
0.446703135967
0.535608232021
0.478417605162
0.506273806095
0.498163074255
0.417767435312
0.463010251522
0.477929472923
0.53291028738
0.477959573269
0.491504609585
0.515766859055
0.461060613394
0.43175137043
0.490993082523
0.405521899462
0.459810465574
0.400286048651
0.514105916023
0.502222180367
0.432750195265
0.426844984293
0.475091964006
0.480701029301
0.520335793495
0.452188849449
0.446761637926
0.483948528767
0.532514750957
0.4526925385
0.402583569288
0.415947884321
0.552958369255
0.460168302059
0.516505718231
0.495633780956
0.483949005604
0.477272301912
0.510041356087
0.502136230469
0.432495325804
0.429221361876
0.501380980015
0.495392352343
0.535423457623
0.510216474533
0.485011637211
0.498046129942
0.474831938744
0.46360117197
0.511928260326
0.485789895058
0.469755738974
0.473889678717
0.471552044153
0.538556396961
0.479292362928
0.484874665737
0.4677516222
0.503393769264
0.466482669115
0.510361075401
0.533923685551
0.470483273268
0.502246558666
0.473809987307
0.484207928181
0.445031225681
0.520002484322
0.499354064465
0.491996794939
0.438055187464
0.466760843992
0.519190430641
0.487090557814
0.500057399273
0.503394722939
0.443366080523
0.482818156481
0.428113490343
0.461400985718
0.473853647709
0.48091173172
0.507554352283
0.535328447819
0.476658850908
0.466879040003
0.444810718298
0.510398626328
0.485128253698
0.473008722067
0.530327379704
0.454776823521
0.455820977688
0.456407576799
0.458545714617
0.486896038055
0.482625067234
0.486611276865
0.459711968899
0.458396852016
0.438671350479
0.423543781042
0.481896191835
0.4463095963
0.445156931877
0.493828296661
0.505391955376
0.414077460766
0.464967280626
0.478677481413
0.499282091856
0.475125133991
0.489138931036
0.447838902473
0.434372246265
0.491681575775
0.474670529366
0.52115470171
0.504213094711
0.460406303406
0.445332825184
0.510114073753
0.440860658884
0.484071314335
0.489729881287
0.495425313711
0.519340753555
0.423727244139
0.491768538952
0.467759132385
0.480438023806
0.484066784382
0.498923629522
0.474076420069
0.469259411097
0.440176010132
0.467706382275
0.488332539797
0.490868836641
0.541111886501
0.491356015205
0.444372564554
0.492685079575
0.446809858084
0.46037581563
0.447990983725
0.492304354906
0.454397767782
0.4796461761
0.459446161985
0.538659512997
0.446208775043
0.499687612057
0.489510297775
0.448421448469
0.450720518827
0.425508439541
0.469602137804
0.490491628647
0.472657948732
0.538017213345
0.482964634895
0.501249313354
0.508280158043
0.476764500141
0.471166610718
0.481786131859
0.457841873169
0.468689858913
0.476386904716
0.436486452818
0.459463655949
0.502786755562
0.446816056967
0.47725892067
0.460755735636
0.512359559536
0.454376727343
0.524860680103
0.43369603157
0.459004968405
0.489700168371
0.447111696005
0.434372603893
0.485811471939
0.446376472712
0.464764595032
0.473239570856
0.444043278694
0.488790005445
0.508299291134
0.4190582335
0.481279164553
0.506223022938
0.470891952515
0.506062030792
0.447766035795
0.456740826368
0.483272492886
0.457439690828
0.426963627338
0.530033111572
0.490537911654
0.482356160879
0.448006391525
0.441388249397
0.501865446568
0.456464856863
0.458998292685
0.473513484001
0.503156423569
0.474929183722
0.440667808056
0.47189065814
0.488444298506
0.468956023455
0.482063621283
0.439879626036
0.430423110723
0.420369327068
0.433200448751
0.46419236064
0.482739031315
0.480056554079
0.474634021521
0.481236428022
0.477578222752
0.473820835352
0.489557564259
0.427961200476
0.439347863197
0.539630889893
0.46949967742
0.496913403273
0.463495105505
0.504650652409
0.490544766188
0.488402664661
0.477594256401
0.453635692596
0.454557210207
0.486475497484
0.434991180897
0.467722833157
0.472265779972
0.481368809938
0.506743431091
0.495877891779
0.45951962471
0.440935373306
0.46467640996
0.471917361021
0.481002449989
0.458512723446
0.468737602234
0.444778501987
0.452457696199
0.516143798828
0.478071451187
0.449526160955
0.532557487488
0.439702391624
0.450435370207
0.473161756992
0.448154956102
0.490246087313
0.419763445854
0.431123435497
0.466688841581
0.458677560091
0.476485311985
0.434945076704
0.475930213928
0.470499932766
0.511413455009
0.463108330965
0.427865892649
0.47583797574
0.478957474232
0.525150239468
0.513291954994
0.468972295523
0.463880002499
0.505495548248
0.472185671329
0.480358093977
0.478696346283
0.491801053286
0.441138774157
0.501606404781
0.452754437923
0.43445828557
0.494874119759
0.473374634981
0.447891682386
0.450762718916
0.473004549742
0.447523802519
0.481253951788
0.478073060513
0.502727985382
0.421555191278
0.452853769064
0.485255777836
0.471938639879
0.495655924082
0.476944923401
0.474044024944
0.508101582527
0.462981820107
0.505298137665
0.492958188057
0.48784199357
0.460860490799
0.52402561903
0.497000485659
0.507069051266
0.43612486124
0.474747270346
0.47766327858
0.457426637411
0.523592591286
0.461969852448
0.47975730896
0.454860776663
0.488794386387
0.47651925683
0.487312793732
0.439495176077
0.539421975613
0.442697167397
0.475520223379
0.509336292744
0.48750525713
0.487745940685
0.449907034636
0.465207457542
0.472918480635
0.40780505538
0.449271589518
0.508280932903
0.446551352739
0.493419736624
0.501338541508
0.446781933308
0.457739472389
0.451104998589
0.461357533932
0.445168852806
0.444645643234
0.459839731455
0.463819026947
0.473744809628
0.433008491993
0.501370072365
0.440807014704
0.504043877125
0.408769756556
0.42782998085
0.493442863226
0.442088723183
0.442538261414
0.473548591137
0.446123152971
0.430237293243
0.486490905285
0.455155521631
0.449583619833
0.467423677444
0.455630630255
0.468352377415
0.447663456202
0.477947026491
0.447395443916
0.454273730516
0.519113183022
0.457431703806
0.460237592459
0.49126932025
0.470784902573
0.419157713652
0.446585536003
0.485846847296
0.469235241413
0.478321045637
0.48300781846
0.426257997751
0.444617301226
0.447914302349
0.434703618288
0.396629303694
0.431328445673
0.495848119259
0.475112468004
0.488789319992
0.462628513575
0.435954988003
0.506617844105
0.439049988985
0.444437384605
0.457541823387
0.466978013515
0.42689165473
0.462454587221
0.447587013245
0.480638861656
0.402806282043
0.455898761749
0.450390994549
0.449408113956
0.49857005477
0.416373580694
0.413375347853
0.462648183107
0.40930095315
0.46841070056
0.426350802183
0.474121838808
0.446642756462
0.475188702345
0.446507006884
0.45237249136
0.441875785589
0.445072948933
0.492627561092
0.441387742758
0.481487244368
0.471489578485
0.475336432457
0.496637225151
0.433629959822
0.45273154974
0.439208507538
0.452930361032
0.433025926352
0.47726842761
0.476715296507
0.419265896082
0.420516401529
0.498352766037
0.450044572353
0.464156776667
0.432971566916
0.495886266232
0.454218149185
0.470048844814
0.453693598509
0.477401435375
0.458008021116
0.462731361389
0.439209580421
0.464976340532
0.478478431702
0.468311101198
0.453239023685
0.484363585711
0.437327384949
0.430563867092
0.411766052246
0.452971100807
0.457682460546
0.451291501522
0.470763206482
0.47865614295
0.437834650278
0.4332036376
0.454346001148
0.506107926369
0.510250985622
0.47032135725
0.434163987637
0.449015319347
0.47613093257
0.465059161186
0.482181757689
0.455727934837
0.468203365803
0.470642536879
0.481540739536
0.489031046629
0.463939130306
0.47581449151
0.416819244623
0.426793247461
0.423193126917
0.474004983902
0.428827673197
0.448664337397
0.445019632578
0.45139041543
0.458716869354
0.479666471481
0.498461812735
0.450370460749
0.448891013861
0.456578463316
0.428105682135
0.437601834536
0.449701964855
0.428548455238
0.485419511795
0.450267970562
0.452740132809
0.475385963917
0.49252563715
0.468475997448
0.431702524424
0.382365643978
0.492817163467
0.430045962334
0.468915611506
0.466236829758
0.426945149899
0.48040920496
0.411760807037
0.476024240255
0.472379803658
