0.69314968586
0.692129433155
0.691193938255
0.690270781517
0.689314842224
0.688629031181
0.687605321407
0.686827421188
0.686294913292
0.685737729073
0.684884130955
0.684280753136
0.684058666229
0.683573901653
0.683036983013
0.682323098183
0.682998359203
0.68189650774
0.681444406509
0.679529309273
0.680369317532
0.678624987602
0.676330327988
0.676830708981
0.673873245716
0.672947824001
0.669152081013
0.668016016483
0.667555510998
0.664691030979
0.660046458244
0.659780681133
0.656413137913
0.650502502918
0.654432296753
0.643867909908
0.64369982481
0.633567690849
0.627960324287
0.625116169453
0.630165874958
0.619143426418
0.620550513268
0.611379921436
0.607595562935
0.583228826523
0.59541863203
0.57909476757
0.573880970478
0.568525195122
0.558187544346
0.597172737122
0.545177817345
0.566323339939
0.555037021637
0.548675775528
0.53583329916
0.519877493382
0.551753461361
0.539815843105
0.514195263386
0.564877510071
0.527117073536
0.536730349064
0.522530853748
0.458752632141
0.539413034916
0.503005862236
0.542315244675
0.544675707817
0.547558903694
0.516300678253
0.494195282459
0.517349898815
0.506455898285
0.539906024933
0.545682370663
0.504340708256
0.528700470924
0.470196396112
0.505165874958
0.504300951958
0.479641735554
0.478421628475
0.520722091198
0.461078554392
0.50409090519
0.495557487011
0.484487593174
0.483569830656
0.539260804653
0.455726742744
0.465473741293
0.492093503475
0.489674419165
0.491385668516
0.484025895596
0.462672203779
0.518262565136
0.49257132411
0.420739233494
0.454396277666
0.464295387268
0.517164647579
0.464809089899
0.478402674198
0.484320789576
0.507264316082
0.479550689459
0.493504136801
0.481498539448
0.473631441593
0.509435772896
0.553633153439
0.49627545476
0.468512326479
0.528464615345
0.45298692584
0.480625241995
0.485766410828
0.444758981466
0.47410312295
0.460423916578
0.448792546988
0.523203253746
0.487620204687
0.443344086409
0.509809374809
0.514920830727
0.479254513979
0.481865823269
0.452226817608
0.505531251431
0.470949828625
0.477443665266
0.421187788248
0.444635719061
0.440628528595
0.477832585573
0.476034402847
0.492389172316
0.454259723425
0.492766320705
0.450548648834
0.4685587883
0.460535734892
0.448278963566
0.405820786953
0.529248833656
0.429355382919
0.446399450302
0.445175945759
0.459024459124
0.444437533617
0.437309086323
0.470684826374
0.487369000912
0.45784792304
0.450285941362
0.469512224197
0.437152206898
0.436532974243
0.454222917557
0.486215353012
0.438771545887
0.432353466749
0.452001541853
0.472778141499
0.437421441078
0.423664599657
0.412069320679
0.444520056248
0.460724592209
0.426972538233
0.515200793743
0.425085037947
0.480329871178
0.398636817932
0.420591056347
0.472517073154
0.425355255604
0.467369347811
0.423158347607
0.453910380602
0.45557820797
0.422320455313
0.480482816696
0.461751937866
0.40287438035
0.435054242611
0.469107359648
0.455722421408
0.483556509018
0.37881025672
0.422376275063
0.396723031998
0.442941308022
0.386520981789
0.440744310617
0.41052159667
0.442806512117
0.488759756088
0.490114241838
0.493743389845
0.447384089231
0.442541211843
0.415855884552
0.430463016033
0.462492287159
0.420641303062
0.425494194031
0.407463490963
0.438673555851
0.427542090416
0.395656943321
0.431506723166
0.424506932497
0.412478864193
0.432706177235
0.450199604034
0.384770900011
0.458140969276
0.421505779028
0.396692156792
0.407710701227
0.480192095041
0.416426151991
0.450368255377
0.493248641491
0.430080920458
0.444851458073
0.364036977291
0.396366000175
0.417440921068
0.445722937584
0.45513522625
0.467526465654
0.398987859488
0.423008829355
0.435511380434
0.46047347784
0.422454178333
0.435313642025
0.464960098267
0.466162621975
0.386771559715
0.382012009621
0.402913987637
0.449804723263
0.437170177698
0.390070766211
0.374353259802
0.38901001215
0.453502774239
0.465604543686
0.39009141922
0.420754879713
0.420209974051
0.473243147135
0.388232350349
0.479927420616
0.4057520926
0.414428085089
0.453008562326
0.419913381338
0.42377436161
0.471380054951
0.389052629471
0.422429442406
0.435922265053
0.415529042482
0.439656257629
0.39779394865
0.377977281809
0.428002715111
0.42999073863
0.424691915512
0.432650506496
0.399291813374
0.402043104172
0.439368784428
0.452597796917
0.429516226053
0.355345368385
0.482423663139
0.439980715513
0.380625218153
0.388672202826
0.440246611834
0.413589805365
0.424274086952
0.431821614504
0.419602930546
0.510257065296
0.35230538249
0.433646291494
0.441115617752
0.426821440458
0.421257317066
0.454098671675
0.420987784863
0.454325824976
0.433428108692
0.373230755329
0.384227186441
0.412704467773
0.423305571079
0.40987610817
0.365640640259
0.470260053873
0.399436295033
0.475243240595
0.500885844231
0.430692017078
0.413309007883
0.378068804741
0.434544861317
0.440598428249
0.400731414557
0.430184751749
0.457689493895
0.442729115486
0.418646097183
0.442970484495
0.403914660215
0.457357943058
0.375448644161
0.426347970963
0.392379432917
0.410496175289
0.430204361677
0.42189052701
0.347426563501
0.435617655516
0.458396971226
0.374526768923
0.431762337685
0.385944396257
0.41419968009
0.426963478327
0.376000165939
0.442562371492
0.466697096825
0.389006823301
0.444704085588
0.377907365561
0.436839044094
0.415318220854
0.403129935265
0.405319988728
0.410300254822
0.40766826272
0.474817931652
0.406845599413
0.354710847139
0.410769104958
0.369115799665
0.421986937523
0.393579870462
0.416345626116
0.455416500568
0.363243848085
0.398561984301
0.402375876904
0.372736781836
0.417801320553
0.425567984581
0.362090021372
0.430144995451
0.367718607187
0.44185513258
0.430749773979
0.382978647947
0.386819005013
0.428557008505
0.40704408288
0.393171697855
0.421726316214
0.439602613449
0.480962067842
0.482470005751
0.444278478622
0.434716492891
0.415191173553
0.369437843561
0.437182843685
0.398201406002
0.423131287098
0.449403226376
0.383675515652
0.401032090187
0.446777671576
0.414605438709
0.402899384499
0.402093887329
0.436559170485
0.419493257999
0.40176910162
0.408215343952
0.3881726861
0.350503712893
0.385724931955
0.426487773657
0.405675113201
0.372566342354
0.378970772028
0.406507492065
0.383524566889
0.48829638958
0.430837243795
0.435491859913
0.375084131956
0.378688782454
0.442387014627
0.436572700739
0.378563731909
0.340001404285
0.351777464151
0.391818165779
0.350532263517
0.435098558664
0.384498924017
0.346614718437
0.338671416044
0.370565772057
0.414717376232
0.366680502892
0.484769284725
0.438468158245
0.432122826576
0.383730262518
0.398501127958
0.42063370347
0.405432790518
0.416117757559
0.365146011114
0.388334840536
0.426341801882
0.380228430033
0.372880101204
0.466052830219
0.409797787666
0.369238048792
0.43010610342
0.458704888821
0.405504435301
0.404156506062
0.382113486528
0.406270593405
0.437832653522
0.380955278873
0.434057086706
0.382789134979
0.404059022665
0.407925158739
0.473525196314
0.416867256165
0.404875606298
0.434526592493
0.422070980072
0.42877137661
0.422213435173
0.397343844175
0.394160360098
0.429203987122
0.448545515537
0.423639088869
0.456743985415
0.449852913618
0.410009533167
0.461602479219
0.420516461134
0.431834548712
0.427849382162
0.444373518229
0.418175905943
0.424213439226
0.438063830137
0.402993559837
0.418559253216
0.393916994333
0.524056434631
0.391009181738
0.472075045109
0.435605973005
0.448243647814
0.402503013611
0.422084718943
0.473822772503
0.383507549763
0.399645805359
0.39271363616
0.447488278151
0.408176213503
0.368465989828
0.402505069971
0.435467422009
0.417500764132
0.393331170082
0.431410104036
0.395237028599
0.412195116282
0.426455527544
0.396246343851
0.392937213182
0.399851173162
0.403836667538
0.497221559286
0.430620640516
0.404065430164
0.431389808655
0.41703364253
0.432577848434
0.386443793774
0.423837572336
0.437106907368
0.399184256792
0.375087112188
0.414737313986
0.379803627729
0.430071622133
0.442588686943
0.470067948103
0.40756085515
0.439925521612
0.443945169449
0.436420917511
0.388415664434
0.436269670725
0.392907649279
0.394217073917
0.393287181854
0.407993525267
0.463881969452
0.393360555172
0.421865254641
0.434237658978
0.366906762123
0.366876333952
0.436319410801
0.407022058964
0.389238893986
0.398946255445
0.40656748414
0.415592104197
0.378233969212
0.40702688694
0.401594817638
0.427001386881
0.355276942253
0.412879765034
0.389363735914
0.385390520096
0.399223357439
0.47179672122
0.507159352303
0.425121366978
0.44459438324
0.449192404747
0.44785925746
0.475848764181
0.390068620443
0.38106584549
0.450446814299
0.369485497475
0.419590502977
0.382234334946
0.406215190887
0.416484206915
0.440574347973
0.407828211784
0.465125441551
0.416639178991
0.378039926291
0.383748322725
0.431605428457
0.426679879427
0.415975809097
0.395980626345
0.434735953808
0.423710286617
0.384855687618
0.439106047153
0.4087844491
0.449042409658
0.412174135447
0.379493862391
0.464041352272
0.451395183802
0.403331071138
0.360227584839
0.378220796585
0.390761226416
0.412860184908
0.432547181845
0.367571175098
0.403422683477
0.445092409849
0.369628787041
0.467792719603
0.404357612133
0.421534657478
0.412923365831
0.41226541996
0.398323863745
0.415264517069
0.400479525328
0.392930239439
0.369064033031
0.395918399096
0.356739223003
0.375092864037
0.3816806674
0.400612592697
0.392915606499
0.374265581369
0.367083132267
0.403764903545
0.456189781427
0.374070882797
0.40302708745
0.411367088556
0.422472506762
0.400966763496
0.394151091576
0.393275648355
0.383124381304
0.373234599829
0.423719346523
0.331277608871
0.420292705297
0.398801118135
0.357149302959
0.420250147581
0.428288161755
0.442301750183
0.437478452921
0.416458189487
0.422642081976
0.389498561621
0.390713959932
0.370110064745
0.394990235567
0.40078124404
0.365502268076
0.366523176432
0.447867393494
0.403080821037
0.351641505957
0.444006025791
0.381459802389
0.353712081909
0.42417627573
0.384093493223
0.386837661266
0.47372508049
0.394113540649
0.402776360512
0.386309027672
0.386778533459
0.383882820606
0.425582915545
0.397509157658
0.436860650778
0.463287562132
0.376599133015
0.393260389566
0.443181037903
0.400570750237
0.378187447786
0.389636516571
0.41768014431
0.376454621553
0.412617981434
0.42542591691
0.425227612257
0.383808761835
0.387758553028
0.361867666245
0.452807724476
0.456849068403
0.436800032854
0.405195057392
0.360977143049
0.339797526598
0.419448912144
0.390225410461
0.444680631161
0.344049394131
0.408353596926
0.441961437464
0.43703764677
0.39958947897
0.414749741554
0.404097884893
0.392063945532
0.420958459377
0.351309090853
0.357098042965
0.337098836899
0.398127138615
0.424612551928
0.349052935839
0.321702003479
0.395493596792
0.444172680378
0.415964365005
0.413400709629
0.416871756315
0.435147345066
0.353820025921
0.408567100763
0.453575015068
0.368241071701
0.409619837999
0.421649545431
0.375126719475
0.422454506159
0.366326868534
0.383518576622
0.407138854265
0.44506496191
0.393322080374
0.439895927906
0.458032220602
0.41680508852
0.390541791916
0.382051855326
0.382435709238
0.430124908686
0.432955265045
0.441199600697
0.388178497553
0.445121407509
0.391880005598
0.438684850931
0.442819803953
0.432274639606
0.428378224373
0.405172616243
0.374622434378
0.349297165871
0.379536241293
0.418750345707
0.425395876169
0.42750158906
0.436502486467
0.388219743967
0.381355166435
0.391258716583
0.406880289316
0.385567754507
0.400671809912
0.391557902098
0.401384264231
0.430456995964
0.391081750393
0.38839828968
0.436901956797
0.393747538328
0.415273487568
0.41705802083
0.46287676692
0.424413323402
0.44790661335
0.362966001034
0.373584419489
0.456783622503
0.346906602383
0.428434610367
0.365941822529
0.388173997402
0.403472542763
0.383172869682
0.448194175959
0.43118724227
0.391965121031
0.399469524622
0.349976480007
0.408874720335
0.466461002827
0.412237405777
0.405301451683
0.419928282499
0.398893564939
0.374540150166
0.455242693424
0.385378271341
0.430625975132
0.40759152174
0.33816498518
0.383554369211
0.350441873074
0.428412079811
0.369439691305
0.383006066084
0.385506927967
0.377281218767
0.398871898651
0.363005816936
