0.728754878044
0.708381474018
0.74215310812
0.73755133152
0.720899760723
0.71734970808
0.737667024136
0.749228179455
0.701226055622
0.708200991154
0.744954109192
0.710138440132
0.741667807102
0.713213682175
0.714120566845
0.71759313345
0.727063596249
0.701991677284
0.686232209206
0.72170817852
0.696106672287
0.726991891861
0.695656597614
0.696434497833
0.720956802368
0.704874038696
0.708542585373
0.706292808056
0.699157178402
0.718891561031
0.692626059055
0.729846656322
0.680537819862
0.677441418171
0.711452126503
0.700252473354
0.683805048466
0.695264577866
0.691640436649
0.703878641129
0.695705533028
0.707069039345
0.709229230881
0.690359652042
0.675668537617
0.697764158249
0.712143480778
0.675525248051
0.688342630863
0.684398651123
0.681956470013
0.685938894749
0.680857121944
0.698244869709
0.681580483913
0.682730317116
0.681649684906
0.67995673418
0.678340554237
0.664093911648
0.670128583908
0.679695367813
0.664354741573
0.692504167557
0.685593307018
0.655318081379
0.704551935196
0.690039515495
0.65842628479
0.665304243565
0.674575209618
0.69856107235
0.66559523344
0.688981056213
0.666336297989
0.679162800312
0.662577211857
0.659591555595
0.671846628189
0.664727270603
0.654994308949
0.672267317772
0.669286906719
0.673271238804
0.673641979694
0.678479015827
0.671465933323
0.653740048409
0.67742228508
0.691519916058
0.669671356678
0.664284706116
0.672400772572
0.657614707947
0.654189109802
0.665752351284
0.674401342869
0.688300132751
0.683489441872
0.666728913784
