0.692413032055
0.692479491234
0.692113637924
0.691490828991
0.691829502583
0.691179871559
0.691124677658
0.690780222416
0.689950048923
0.68993896246
0.690383374691
0.689659297466
0.689793050289
0.689227819443
0.688966989517
0.688362896442
0.68873244524
0.688366353512
0.688508689404
0.688220381737
0.687257885933
0.687664568424
0.687488555908
0.686536848545
0.686153650284
0.68639588356
0.685819327831
0.68576747179
0.685347318649
0.684396862984
0.684894740582
0.684016823769
0.68360966444
0.682877600193
0.682796418667
0.68222373724
0.682399868965
0.6820936203
0.680905520916
0.680777847767
0.681257903576
0.679998159409
0.679190635681
0.679446160793
0.678345739841
0.677558124065
0.676417529583
0.676500737667
0.675812423229
0.675950944424
0.674984872341
0.674559652805
0.674061596394
0.673636078835
0.674001157284
0.672303438187
0.671711564064
0.672463476658
0.669812977314
0.669683337212
0.669058024883
0.667608499527
0.667885303497
0.667781114578
0.66641753912
0.666583180428
0.665273547173
0.664566874504
0.664932250977
0.663911223412
0.663155913353
0.663555145264
0.66296684742
0.661444962025
0.662178277969
0.659721434116
0.658420145512
0.658049583435
0.65716791153
0.657201528549
0.655324876308
0.655631303787
0.655242085457
0.655277252197
0.654232501984
0.653318822384
0.652530670166
0.65023624897
0.650075316429
0.649752378464
0.649357199669
0.6495398283
0.645986735821
0.647419929504
0.646096587181
0.643523156643
0.643290758133
0.643576145172
0.643053650856
0.642155766487
0.641202330589
0.641089320183
0.63927334547
0.639615833759
0.636745035648
0.63671207428
0.636440992355
0.635142862797
0.633819520473
0.635235130787
0.634372830391
0.630911827087
0.632754385471
0.631001710892
0.629779994488
0.630422592163
0.627654314041
0.626080930233
0.627240717411
0.624852836132
0.624986469746
0.622716665268
0.622595310211
0.621166646481
0.622820138931
0.620888292789
0.621562480927
0.620049059391
0.617976844311
0.61631333828
0.616402328014
0.613078355789
0.615557014942
0.618335187435
0.612478494644
0.613157868385
0.611672282219
0.610174298286
0.608140647411
0.608851075172
0.606485903263
0.60541510582
0.607331931591
0.605032145977
0.603745043278
0.603512525558
0.599816322327
0.601575672626
0.601861715317
0.598634958267
0.59806740284
0.597729802132
0.600678801537
0.598477303982
0.596050620079
0.592066764832
0.592357456684
0.593071520329
0.588781416416
0.589246809483
0.590590894222
0.589239478111
0.585908234119
0.588894426823
0.582334697247
0.583601474762
0.585590720177
0.58286267519
0.581117928028
0.579298377037
0.579267084599
0.580815076828
0.575699210167
0.574991822243
0.577206790447
0.575650453568
0.575712382793
0.575800597668
0.576037347317
0.570847570896
0.571990072727
0.568889737129
0.568369030952
0.569552481174
0.567285358906
0.569527089596
0.566027998924
0.567018687725
0.564535915852
0.564871132374
0.562496483326
0.562972187996
0.561398744583
0.558782756329
0.55969440937
0.558302819729
0.555692255497
0.55673211813
0.555969297886
0.552968561649
0.551327466965
0.553718328476
0.551659941673
0.551852464676
0.550428390503
0.552316784859
0.54869312048
0.548114359379
0.545117616653
0.542900502682
0.542447388172
0.545316159725
0.538451611996
0.54118680954
0.540092110634
0.539488852024
0.537522017956
0.53923791647
0.534891426563
0.536130785942
0.531092524529
0.53387773037
0.532291293144
0.529313445091
0.530965030193
0.529224693775
0.531241238117
0.52900737524
0.526140034199
0.529129624367
0.526749372482
0.525835871696
0.523063004017
0.52705091238
0.526597499847
0.522909760475
0.518054783344
0.520876765251
0.51237642765
0.514948010445
0.516046643257
0.513447523117
0.512293219566
0.510964214802
0.510772585869
0.514942765236
0.509328305721
0.506832957268
0.508121430874
0.510705769062
0.50805836916
0.505455732346
0.501538455486
0.501739263535
0.503966748714
0.50005453825
0.505045473576
0.497185111046
0.497517436743
0.500805020332
0.499992549419
0.493319988251
0.494083583355
0.489775896072
0.488743633032
0.487793564796
0.48791384697
0.487795114517
0.490713059902
0.491706132889
0.490700393915
0.488482803106
0.48622533679
0.484915524721
0.482920140028
0.483887732029
0.480732828379
0.478752344847
0.478200018406
0.481148988008
0.47659650445
0.476596564054
0.472127109766
0.468466699123
0.474627315998
0.471543699503
0.469103634357
0.471006214619
0.467162132263
0.46303576231
0.46755567193
0.46433994174
0.464446872473
0.456680774689
0.460710853338
0.459651678801
0.460938692093
0.458733081818
0.461636871099
0.463169306517
0.456618398428
0.458691716194
0.453916549683
0.449867904186
0.453593790531
0.452259033918
0.445460408926
0.44558173418
0.44844648242
0.447298973799
0.449183344841
0.447743743658
0.435756415129
0.444531410933
0.444539070129
0.448149442673
0.44413036108
0.443273246288
0.433522045612
0.430321007967
0.434359669685
0.435891270638
0.431326806545
0.43786495924
0.429369807243
0.42494276166
0.433528959751
0.431543529034
0.425802022219
0.430650740862
0.425251930952
0.429484158754
0.423035085201
0.424806237221
0.42449003458
0.418285906315
0.424607634544
0.421715646982
0.418252408504
0.42097428441
0.41429322958
0.411247372627
0.412322878838
0.411845594645
0.412867873907
0.409521102905
0.412507295609
0.408044010401
0.407112836838
0.403737574816
0.406651705503
0.400936514139
0.393920242786
0.400302797556
0.398331880569
0.400064826012
0.400817424059
0.396870583296
0.391292601824
0.395612776279
0.401148080826
0.401279062033
0.39405977726
0.397084444761
0.389026522636
0.390443861485
0.39224177599
0.39894759655
0.389586448669
0.388398110867
0.393386244774
0.3934918046
0.381050527096
0.379042476416
0.386196494102
0.384549349546
0.383697241545
0.376405060291
0.379223704338
0.379292786121
0.384838938713
0.374210625887
0.375763684511
0.372625797987
0.371955007315
0.372392684221
0.377896785736
0.368988245726
0.371734559536
0.372417092323
0.370581030846
0.370350241661
0.363453328609
0.368037611246
0.365855783224
0.368706613779
0.362593382597
0.362389951944
0.359776496887
0.362258851528
0.357247173786
0.35716354847
0.362673938274
0.361598938704
0.357903748751
0.363606125116
0.356830358505
0.361163139343
0.361040204763
0.36482706666
0.365236878395
0.363093465567
0.360350757837
0.353148818016
0.355517089367
0.361234426498
0.358003169298
0.358754307032
0.3637791574
0.362930297852
0.360437840223
0.366009712219
0.360151439905
0.360705375671
0.356221914291
0.359043687582
0.35204064846
0.358266144991
0.361505657434
0.359404057264
0.359468489885
0.353716492653
0.352999091148
0.355758816004
0.356028974056
0.355279505253
0.360506147146
0.356492877007
0.350815176964
0.358553260565
0.358927875757
0.349206924438
0.361051678658
0.362670719624
0.35870090127
0.355821847916
0.363427877426
0.358631789684
0.359356164932
0.359465360641
0.358126014471
0.350591659546
0.361857682467
0.355046987534
0.361688375473
0.349657952785
0.359010756016
0.35904353857
0.358775228262
0.354458212852
0.357461571693
0.353679448366
0.358490794897
0.354020506144
0.361613363028
0.362615406513
0.354129701853
0.350284934044
0.356621742249
0.351288497448
0.35316541791
0.35930454731
0.35311421752
0.36380892992
0.357012540102
0.351268857718
0.352850019932
0.356150507927
0.35740596056
0.356637120247
0.35540753603
0.356631994247
0.357764929533
0.358411997557
0.359027922153
0.349312543869
0.359601646662
0.353682875633
0.351824045181
0.352804630995
0.355677604675
0.362969011068
0.355277657509
0.35619494319
0.359411478043
0.357980728149
0.349976748228
0.350876659155
0.355533540249
0.352613836527
