0.679388523102
0.687825143337
0.682885468006
0.688850045204
0.688976585865
0.690482735634
0.679112792015
0.689240336418
0.69037759304
0.685573875904
0.683782756329
0.683019280434
0.681337952614
0.682018876076
0.687782406807
0.68627178669
0.695024073124
0.683840572834
0.686173200607
0.689336419106
0.685480952263
0.680726230145
0.682070672512
0.683916687965
0.6860653162
0.682812035084
0.683726072311
0.685329079628
0.682639539242
0.680290699005
0.691312789917
0.683419585228
0.687278628349
0.685657501221
0.688836991787
0.681995153427
0.687957882881
0.678328812122
0.68105083704
0.679856300354
0.683555364609
0.68637740612
0.678208231926
0.680143177509
0.68069589138
0.680007517338
0.678783655167
0.683404386044
0.678361773491
0.681442022324
0.680989921093
0.691823422909
0.67654967308
0.683888077736
0.678706467152
0.681448280811
0.672969341278
0.677737772465
0.675900876522
0.674525856972
0.679860115051
0.679489076138
0.671277761459
0.685275316238
0.673456728458
0.678786993027
0.669916749001
0.668481469154
0.681211829185
0.673665583134
0.673900425434
0.686337828636
0.677805066109
0.67044365406
0.674656331539
0.670505046844
0.679981231689
0.671274602413
0.670586705208
0.676710307598
0.669740080833
0.678703069687
0.663810074329
0.664283275604
0.675559580326
0.669094502926
0.674111425877
0.668139815331
0.662062168121
0.677058398724
0.672309696674
0.675931096077
0.667852759361
0.668670237064
0.668989956379
0.670630156994
0.666761279106
0.670832514763
0.67372739315
0.683623433113
0.669531702995
0.661890268326
0.659789323807
0.663488030434
0.666566133499
0.670698165894
0.668697595596
0.670505225658
0.668489456177
0.656225860119
0.669396102428
0.673423111439
0.660155117512
0.666612267494
0.675020813942
0.656306862831
0.665582120419
0.662262558937
0.664892733097
0.653505921364
0.663888037205
0.675981760025
0.660474359989
0.664881467819
0.659670650959
0.653130590916
0.660318911076
0.654541432858
0.658781468868
0.654071927071
0.647372186184
0.646277606487
0.666462421417
0.671459317207
0.660777032375
0.662404716015
0.657077670097
0.650445580482
0.645254015923
0.647572577
0.658480763435
0.662274003029
0.652503192425
0.666643857956
0.65615683794
0.64471501112
0.645325303078
0.653306901455
0.66550976038
0.653276383877
0.629809498787
0.630740106106
0.646400094032
0.653329610825
0.644026577473
0.634230732918
0.65192848444
0.65422719717
0.654177010059
0.652383625507
0.637608885765
0.644672214985
0.649760425091
0.667074501514
0.659517467022
0.659919857979
0.62812680006
0.658263504505
0.636933505535
0.653749346733
0.626922726631
0.634290754795
0.651058197021
0.643094182014
0.63298779726
0.642996907234
0.629392683506
0.669824063778
0.623575925827
0.641026735306
0.633461534977
0.641088545322
0.628099143505
0.635369122028
0.64039349556
0.630695521832
0.652114927769
0.618186116219
0.647124648094
0.62045866251
0.654085457325
0.653763055801
0.616832494736
0.653370797634
0.622496128082
0.632268667221
0.632948279381
0.6451202631
0.623412132263
0.616438925266
0.639608860016
0.632711708546
0.623211622238
0.649605035782
0.614531040192
0.62657314539
0.632973968983
0.617008924484
0.626627862453
0.616253435612
0.611289322376
0.631215333939
0.636338710785
0.625131547451
0.630425453186
0.61944013834
0.632139623165
0.631558537483
0.610543966293
0.639065802097
0.634160459042
0.637706458569
0.610711693764
0.607113182545
0.607150316238
0.622270107269
0.628719329834
0.626912534237
0.622418940067
0.610517799854
0.617705643177
0.611770987511
0.62837523222
0.600366055965
0.63352304697
0.602347373962
0.618063569069
0.631475090981
0.614769756794
0.607614338398
0.597277224064
0.611690938473
0.59651529789
0.600093066692
0.597598016262
0.605615258217
0.601010799408
0.574589669704
0.598727762699
0.619517147541
0.604412734509
0.597763001919
0.589193344116
0.605038702488
0.609111785889
0.637636065483
0.612397551537
0.588143646717
0.621454536915
0.601452708244
0.591501057148
0.597031831741
0.578108608723
0.609105467796
0.61767578125
0.605353057384
0.598396480083
0.581025719643
0.586104691029
0.581002533436
0.589537918568
0.587310433388
0.608507871628
0.603188991547
0.580772101879
0.578524053097
0.560835063457
0.597932755947
0.580406308174
0.60754519701
0.570424616337
0.621548831463
0.588170349598
0.571677207947
0.598065555096
0.591794133186
0.569688379765
0.593652784824
0.599486768246
0.618233382702
0.571483135223
0.573016881943
0.57007008791
0.584151268005
0.576344788074
0.555934786797
0.611618161201
0.55663305521
0.559949457645
0.604114353657
0.568112909794
0.599657952785
0.579192876816
0.571532666683
0.582903146744
0.552088677883
0.553751885891
0.547871530056
0.583806276321
0.587145984173
0.590263605118
0.567133784294
0.554368674755
0.563706696033
0.593128621578
0.559620857239
0.55675137043
0.579237997532
0.576350986958
0.577399492264
0.563751161098
0.548994481564
0.602442741394
0.588704705238
0.563046634197
0.57152223587
0.551461040974
0.578967571259
0.574524581432
0.560309886932
0.555894076824
0.551379859447
0.603433907032
0.573818266392
0.555639624596
0.582958221436
0.546205163002
0.526222765446
0.533700406551
0.549306750298
0.564780414104
0.542435050011
0.542090058327
0.52271515131
0.540383160114
0.560740113258
0.53593146801
0.533661901951
0.52478903532
0.53358823061
0.517374515533
0.549115896225
0.589998364449
0.580918312073
0.54078155756
0.540091216564
0.491683393717
0.55420935154
0.524327397346
0.559781014919
0.509260952473
0.555223107338
0.545954763889
0.508980512619
0.529034733772
0.581797659397
0.567189157009
0.52508699894
0.543953180313
0.533957898617
0.494983553886
0.555746376514
0.517691016197
0.527560114861
0.536507666111
0.575322806835
0.569531679153
0.534277260303
0.54623901844
0.556867063046
0.533150851727
0.541547358036
0.508203804493
0.526613712311
0.508842051029
0.496180176735
0.524773478508
0.52916932106
0.534464418888
0.51060295105
0.513257682323
0.522466361523
0.498995482922
0.462413221598
0.560456752777
0.537162125111
0.54202401638
0.54146361351
0.547995388508
0.555001020432
0.482164233923
0.496143847704
0.558134257793
0.525175690651
0.526533305645
0.505304515362
0.504199981689
0.566569209099
0.506481587887
0.563252091408
0.558943390846
0.508222401142
0.521623015404
0.528572797775
0.493649810553
0.508121013641
0.543263494968
0.488432496786
0.507627367973
0.475526839495
0.517394959927
0.597239077091
0.512565791607
0.535404682159
0.494088083506
0.503924131393
0.498791366816
0.520643234253
0.54530954361
0.5589402318
0.470838963985
0.498924523592
0.512019991875
0.525697946548
0.488784939051
0.4975233078
0.468720078468
0.537325203419
0.533530831337
0.497155100107
0.515352547169
0.462459504604
0.481454700232
0.500272393227
0.494774490595
0.475815594196
0.489144682884
0.43721267581
0.488619625568
0.415578365326
0.47922578454
0.492068856955
0.439847111702
0.463760107756
0.540322124958
0.477319359779
0.487840086222
0.480326503515
0.490304857492
0.510086297989
0.470124155283
0.469270467758
0.521094620228
0.469125956297
0.496360987425
0.535645961761
0.51376491785
0.524629056454
0.461353868246
0.517942488194
0.482029527426
0.475359499454
0.485941290855
0.499825745821
0.479528784752
0.500068187714
0.487120985985
0.425888001919
0.467517971992
0.496837824583
0.517354130745
0.467362374067
0.457860767841
0.442817717791
0.49195715785
0.461119413376
0.470084071159
0.49480009079
0.485002398491
0.446162462234
0.522973299026
0.422867327929
0.471081405878
0.437950253487
0.475750535727
0.49578115344
0.433772355318
0.459266602993
0.482590079308
0.498254388571
0.522300899029
0.484618037939
0.460837006569
0.464587986469
0.516258895397
0.477973014116
0.472536683083
0.483141601086
0.468331545591
0.441076993942
0.448226034641
0.465127706528
0.503268361092
0.495567142963
0.4584454
0.436374485493
0.473732054234
0.469904005527
0.474403560162
0.491135448217
0.478323042393
0.446157753468
0.436340332031
0.476645201445
0.536815226078
0.511574804783
0.485211372375
0.511685073376
0.460374474525
0.483829855919
0.446564376354
0.510620236397
0.483007580042
0.460699021816
0.475159704685
0.508359074593
0.49096801877
0.433777630329
0.432506650686
0.489170342684
0.506228029728
0.506986677647
0.466413021088
0.502166330814
0.465636610985
0.460957676172
0.465502113104
0.45378279686
0.496066182852
0.522232472897
0.521234333515
0.446629375219
0.485972106457
0.476317703724
0.463156104088
0.496611654758
0.527242898941
0.470352321863
0.42552152276
0.480036228895
0.488758295774
0.508837640285
0.46178689599
0.421138703823
0.430593848228
0.456260085106
0.518429517746
0.477808445692
0.457139104605
0.49874907732
0.440873742104
0.446623504162
0.438761234283
0.483949393034
0.475727498531
0.456949025393
0.50463116169
0.47408503294
0.453715324402
0.444075733423
0.476434201002
0.466196209192
0.470585644245
0.478455632925
0.42412519455
0.52798140049
0.465437650681
0.445167869329
0.445300281048
0.449754446745
0.446990400553
0.424768954515
0.456358402967
0.488501399755
0.475463122129
0.459769129753
0.468818992376
0.465570509434
0.500003695488
0.491028636694
