0.692113757133
0.69187349081
0.691384732723
0.690936505795
0.69108992815
0.690155029297
0.690135002136
0.689710080624
0.688884437084
0.688612878323
0.68810993433
0.68857973814
0.687839984894
0.686542332172
0.686938524246
0.686824321747
0.685695469379
0.684750497341
0.68511903286
0.684815108776
0.683992505074
0.683845102787
0.683671951294
0.682537853718
0.682539105415
0.680489420891
0.681523442268
0.680851876736
0.680819272995
0.680260777473
0.679067075253
0.679660081863
0.677707731724
0.676785588264
0.676678776741
0.675630450249
0.675181090832
0.67458564043
0.673546493053
0.675454437733
0.672777056694
0.671111762524
0.670725762844
0.668194115162
0.671616137028
0.669776678085
0.66987156868
0.665980815887
0.665755867958
0.664023935795
0.665301084518
0.663122713566
0.660806357861
0.662150084972
0.658476352692
0.658110976219
0.655172884464
0.653059720993
0.649887800217
0.65170955658
0.649417281151
0.647616803646
0.64803570509
0.642612636089
0.641641736031
0.641646146774
0.636139512062
0.636998713017
0.632364928722
0.630634307861
0.626226961613
0.625963330269
0.626052200794
0.619860053062
0.62236148119
0.612266600132
0.608024060726
0.614153921604
0.602083921432
0.599339365959
0.597584605217
0.590022444725
0.590506732464
0.585740923882
0.588187754154
0.586925625801
0.583531916142
0.575539171696
0.569893240929
0.566394209862
0.5635638237
0.559248626232
0.556779265404
0.555004239082
0.552581131458
0.557086825371
0.545954287052
0.538414299488
0.546594023705
0.536393821239
0.519479930401
0.522083222866
0.520102441311
0.511844694614
0.513550519943
0.512878656387
0.506179630756
0.504779219627
0.503928899765
0.508639276028
0.488103836775
0.476572811604
0.487719804049
0.484850227833
0.472178637981
0.481931328773
0.474769532681
0.480677306652
0.465480148792
0.475888520479
0.458395719528
0.448841780424
0.454147845507
0.467781484127
0.429692000151
0.459522902966
0.435124546289
0.451150089502
0.438183158636
0.446219176054
0.451787292957
0.431942820549
0.422349393368
0.44849473238
0.414980709553
0.439373940229
0.426389366388
0.419469296932
0.410253286362
0.404994785786
0.40639719367
0.408049941063
0.39259365201
0.42107334733
0.394689083099
0.390686035156
0.414866417646
0.40405318141
0.383196502924
0.38452488184
0.387901455164
0.412711799145
0.385294497013
0.396543413401
0.404198557138
0.394705027342
0.401982069016
0.400126695633
0.369933068752
0.384497523308
0.406910181046
0.370304465294
0.368172049522
0.366334795952
0.372203946114
0.390756040812
0.362107276917
0.371500074863
0.354073524475
0.383985191584
0.363329231739
0.366951704025
0.374402552843
0.391881167889
0.352447152138
0.366407513618
0.373656302691
0.38146841526
0.364517837763
0.371068418026
0.340145766735
0.33809903264
0.334525853395
0.370736330748
0.36136496067
0.342010557652
0.315344274044
0.371107965708
0.353674471378
0.355098754168
0.346191585064
0.332055896521
0.339394062757
0.336121767759
0.330071657896
0.346567183733
0.331264555454
0.336010754108
0.324169516563
0.328426599503
0.314013034105
0.317728251219
0.327859073877
0.324908077717
0.339407503605
0.302107512951
0.32958099246
0.288876742125
0.305800259113
0.307584524155
0.301801025867
0.305195242167
0.311382502317
0.306727170944
0.280640363693
0.335095733404
0.301591038704
0.304978966713
0.333836555481
0.278705179691
0.312243133783
0.27374124527
0.314176499844
0.297813773155
0.300848215818
0.278958708048
0.296035379171
0.31103900075
0.268673121929
0.274674624205
0.276880055666
0.294554293156
0.271646916866
0.299523562193
0.284692108631
0.292710095644
0.283360630274
0.268478065729
0.276061236858
0.261259377003
0.309056311846
0.285758644342
0.295630276203
0.295887410641
0.267427116632
0.264067649841
0.238150402904
0.26564899087
0.2443074435
0.239272162318
0.264618575573
0.252075314522
0.273071944714
0.276520431042
0.220533281565
0.26486620307
0.258313775063
0.240787118673
0.241203293204
0.219960302114
0.252948373556
0.260559439659
0.289068520069
0.213651314378
0.249349698424
0.232561126351
0.291930943727
0.202340096235
0.218097895384
0.232713863254
0.210235655308
0.235279858112
0.229625567794
0.254698604345
0.211931183934
0.265518605709
0.23152244091
0.217352569103
0.244890421629
0.194646790624
0.213453024626
0.190824568272
0.249873504043
0.23185069859
0.19745016098
0.246791675687
0.203879356384
0.274025738239
0.200126096606
0.214544355869
0.21771080792
0.196931928396
0.220815375447
0.251753985882
0.190886572003
0.192928820848
0.210269838572
0.198097735643
0.232743352652
0.224352315068
0.18152295053
0.182171151042
0.220507085323
0.170657962561
0.188138455153
0.230730175972
0.18804974854
0.210507512093
0.227927312255
0.19808870554
0.20550173521
0.199407234788
0.197461202741
0.1859549582
0.222543224692
0.199097588658
0.204968467355
0.197993531823
0.221474811435
0.211969181895
0.159088298678
0.179899871349
0.210335209966
0.208867460489
0.193508952856
0.191016003489
0.185954228044
0.187212184072
0.197963967919
0.180165931582
0.191862910986
0.186138287187
0.157649368048
0.191760912538
0.169947743416
0.179669573903
0.175444930792
0.17077948153
0.151541650295
0.173149555922
0.188441455364
0.172699347138
0.161987006664
0.158115968108
0.181820198894
0.182540342212
0.183896616101
0.196007549763
0.158903732896
0.172666460276
0.210493043065
0.195532977581
0.178998664021
0.173824071884
0.137299612164
0.141116812825
0.190880551934
0.153461411595
0.17238265276
0.14896696806
0.227279871702
0.130875259638
0.234444439411
0.201332166791
0.182365432382
0.17163130641
0.165348798037
0.176778674126
0.193352356553
0.145570382476
0.169747695327
0.194657117128
0.124549895525
0.183294162154
0.21942153573
0.174685314298
0.155000850558
0.155735775828
0.17704513669
0.19478212297
0.17281806469
0.185145303607
0.145857483149
0.18523542583
0.177410304546
0.150627553463
0.159578949213
0.214545309544
0.204260274768
0.193761438131
0.184229433537
0.147082552314
0.168693304062
0.144875615835
0.186924219131
0.172056823969
0.18897716701
0.158969327807
0.153816998005
0.213402554393
0.149125963449
0.149480909109
0.185518369079
0.165068298578
0.167072683573
0.191037029028
0.167997047305
0.149031057954
0.165780901909
0.200041547418
0.203709334135
0.247585877776
0.20906701684
0.155925348401
0.189655005932
0.183083564043
0.200975626707
0.144581392407
0.134299010038
0.158038392663
0.160262897611
0.208987221122
0.142129734159
0.179125189781
0.156314998865
0.153206333518
0.178293257952
0.208572462201
0.133510410786
0.15833491087
0.162155389786
0.167657077312
0.203035667539
0.169409558177
0.154040709138
0.169689640403
0.166435241699
0.122847773135
0.181152790785
0.158225640655
0.126597523689
0.147070765495
0.162125974894
0.180933773518
0.154953747988
0.157619029284
0.176317080855
0.135939732194
0.148631319404
0.141049817204
0.190364837646
0.206639334559
0.215287297964
0.154861390591
0.143690720201
0.139362037182
0.155172586441
0.183984294534
0.158133327961
0.153410494328
0.167089119554
0.138460978866
0.152138665318
0.120732910931
0.117504045367
0.121647745371
0.122360646725
0.125357672572
0.153201431036
0.175372302532
0.10259616375
0.172251135111
0.180760383606
0.137674733996
0.128796622157
0.137523964047
0.151622474194
0.185176953673
0.130577370524
0.172735646367
0.161966562271
0.120875366032
0.159566223621
0.18558897078
0.126075446606
0.161314368248
0.186197385192
0.160378709435
0.175916239619
0.122461877763
0.0933498442173
0.164889037609
0.119734272361
0.150653511286
0.132646143436
0.15977114439
0.174424439669
0.172005444765
0.0926521196961
0.139219835401
0.130868688226
0.146608412266
0.17225664854
0.159263148904
0.143830031157
0.161726355553
0.133216008544
0.128441482782
0.158939689398
0.122697450221
0.12578715384
0.16085100174
0.133808985353
0.184861183167
0.155202537775
0.163974776864
0.145113453269
0.163421094418
0.157012417912
0.119519487023
0.157137170434
0.184128433466
0.193239539862
0.128904104233
0.133677780628
0.149819180369
0.0900551304221
0.142960608006
0.19190095365
0.107241921127
0.143109872937
0.174930423498
0.160255327821
0.172847777605
0.146296754479
0.116288974881
0.192242801189
0.154393300414
0.143357634544
0.125633254647
0.151443839073
0.130351036787
0.154298231006
0.133454293013
0.136182963848
0.13380472362
0.161184355617
0.139791324735
0.145521327853
0.167876690626
0.199184730649
0.151352196932
0.142940431833
0.163654193282
0.146646246314
0.139189019799
0.131537526846
0.157799139619
0.134669914842
0.1104946509
0.169490948319
0.166935071349
0.122654035687
0.142194360495
0.161874890327
0.137800469995
0.132556393743
0.142260208726
0.154769912362
0.120396219194
0.165470868349
0.181432828307
0.151190504432
0.134245112538
0.115745425224
0.122135579586
0.119386598468
0.132697895169
0.179620653391
0.162842035294
0.14059869945
0.172410100698
0.10889467597
0.151962324977
0.176372215152
0.112875729799
0.126500710845
0.134270787239
0.151919081807
0.12863227725
0.136439815164
0.141635224223
0.154784590006
0.162461951375
0.112663410604
0.118095844984
0.149389341474
0.147653132677
0.117852449417
0.158889517188
0.0983032807708
0.123534597456
0.118387266994
0.130688741803
0.141385003924
0.103665582836
0.148037195206
0.13660274446
0.139693930745
0.139873713255
0.134318843484
0.176915884018
0.147771865129
0.10396976769
0.179738596082
0.141952171922
0.172939524055
0.0942589268088
0.147155687213
0.113656423986
0.131822913885
0.166634485126
0.110435754061
0.159781575203
0.130880743265
0.128652408719
0.136653929949
0.143089666963
0.155385911465
0.197638332844
0.134382098913
0.142739549279
0.143375441432
0.134153753519
0.124240390956
0.163716882467
0.128158852458
0.118707105517
0.130395457149
0.12704308331
0.102334104478
0.157636553049
0.167431563139
0.12873019278
0.0870320945978
0.213975518942
0.0773124843836
0.167614221573
0.145603448153
0.126588225365
0.138638108969
0.168620452285
0.12794598937
0.0911586359143
0.165574073792
0.134366825223
0.127574592829
0.132198944688
0.145257771015
0.111498132348
0.0936541929841
0.166200816631
0.109122373164
0.158397749066
0.188587889075
0.138449385762
0.0907433927059
0.129783645272
0.115610696375
0.0892356112599
0.164128988981
0.163404226303
0.178632840514
0.147026866674
0.10724247992
0.110073417425
0.137300282717
0.103592000902
0.138753771782
0.109649248421
0.143658533692
0.103048659861
0.143804192543
0.109189003706
0.130363240838
0.125285446644
0.122604258358
0.125833496451
0.114927306771
0.120143339038
0.161187142134
0.140614405274
0.128076717257
0.137720361352
0.187612563372
0.149543523788
0.128473967314
0.0984068736434
0.114557392895
0.116430670023
0.127573952079
0.128259032965
0.107380390167
0.138243600726
0.1055380404
0.131864309311
0.165329068899
0.127705588937
0.0972456410527
0.120662026107
0.101300343871
0.109776578844
0.198522612453
0.109755158424
0.146502897143
0.147427886724
0.106586404145
0.11672089994
0.14918191731
0.133039906621
0.117673560977
0.119568288326
0.138776421547
0.160255685449
0.149176120758
0.132574811578
0.111791305244
0.141558289528
0.119561813772
0.134437054396
0.106022879481
0.161127030849
0.100067168474
0.154332175851
0.0949965342879
0.165226712823
0.0961427763104
0.101973749697
0.106821857393
0.200450837612
0.167918875813
0.105354398489
0.0996685549617
0.0808417275548
0.148611307144
0.145317390561
0.103352859616
0.0991450920701
0.123483277857
0.136173427105
0.129666939378
0.124105289578
0.101670779288
0.11246689409
0.118524968624
0.140205785632
0.0810117870569
0.122974254191
0.124319091439
0.160251006484
0.123088806868
0.117691628635
0.145971924067
0.116812340915
0.0877079069614
0.164855927229
0.128162667155
0.122111551464
0.0961667150259
0.15706191957
0.121057897806
0.148128196597
0.174132496119
0.106188431382
0.0819200351834
0.101067110896
0.143036916852
0.0790585204959
0.115153901279
0.117713399231
0.09848767519
0.146951690316
0.15670016408
0.0846171230078
0.11065030098
0.135473743081
0.13547731936
0.118547514081
0.149161964655
0.063382640481
0.134259000421
0.108270823956
0.197347253561
0.112648710608
0.146449878812
0.149890169501
0.148569181561
0.16314060986
0.0972462892532
0.113808587193
0.121119990945
0.129175022244
0.115455538034
0.104751877487
0.137728542089
0.0885633602738
0.140436381102
0.115554511547
0.138059809804
0.073326960206
0.112046591938
0.132629960775
0.0875061750412
0.132436543703
0.130654096603
0.174649104476
0.136532902718
0.170360550284
0.151335179806
0.11638468504
0.128880798817
0.121513068676
0.0973445922136
0.102150574327
0.121408507228
0.0965366512537
0.150833964348
0.0976092517376
0.138457134366
0.155045762658
0.126708820462
0.1649017483
0.177379965782
0.0846397578716
0.0971689447761
0.155272558331
0.0864907056093
0.101252652705
0.0785455554724
0.11085435003
0.100764110684
0.0949959605932
0.0834760144353
0.115910880268
0.138042479753
0.0728450715542
0.142655298114
0.114660643041
0.142874896526
0.120137684047
0.119957752526
0.0925706326962
0.0944982022047
0.0794777572155
0.0731502845883
0.0900731086731
0.107074551284
0.134981051087
0.113808125257
0.120566606522
0.151803985238
0.112799972296
0.114866070449
0.113281711936
0.09643240273
0.136372298002
0.0812036916614
0.101508319378
0.101241320372
0.0888165235519
0.11778550595
0.128287792206
0.124264113605
0.165411025286
0.141169577837
0.114807203412
0.105460733175
0.156209409237
0.138119801879
0.151446685195
0.0753317549825
0.125368282199
0.105913549662
0.125729382038
0.159468874335
0.092523381114
0.100504957139
0.146134898067
0.125677332282
0.089031599462
0.116018712521
0.142598390579
0.110476434231
0.135487899184
0.134341686964
0.109128654003
0.123826950788
0.158364668489
0.122016385198
0.1086980775
0.151078596711
0.144217982888
0.0671107023954
0.0861549898982
0.0708350092173
0.127818062901
0.10812741518
0.154624730349
0.0899925976992
0.10818516463
0.110652014613
0.0935205444694
0.141212612391
0.104880273342
0.141689285636
0.126460805535
0.141816467047
0.152180686593
0.142453014851
0.117805205286
0.150251328945
0.111814282835
0.116599991918
0.0809617042542
0.0945319235325
0.165354505181
0.107511356473
0.11591706425
0.0669171065092
0.135628595948
0.140029713511
0.135069400072
0.137589395046
0.155814349651
0.147866293788
0.120873384178
0.115603432059
0.110568039119
0.157622262836
0.108606182039
0.136520296335
0.110935628414
0.123051583767
0.119640775025
0.134983599186
0.0810201764107
0.0973695963621
0.117401644588
0.110512793064
0.0796255841851
0.108088321984
0.14219802618
0.102198183537
0.133825942874
0.131208449602
0.112981110811
0.111565351486
0.107976831496
0.140962705016
0.0925930589437
0.119126789272
0.111851908267
0.100567117333
0.101534627378
0.135099440813
0.177397191525
0.0692650824785
0.229267299175
0.152698755264
0.115683302283
0.10001681
0.0758415162563
0.153208360076
0.204127967358
0.125632852316
0.154136702418
0.0957923978567
0.0798921063542
0.0884216800332
0.144001826644
0.119893737137
0.111974239349
0.0850598439574
0.0967645868659
0.0660746842623
0.0601488500834
0.135333046317
0.120909325778
0.10705884546
0.093633942306
0.10873875767
0.112083382905
0.109492123127
0.105955824256
0.103449426591
0.0791691169143
0.122844778001
0.0908358618617
0.0811560377479
0.105337232351
0.123535223305
0.0896922796965
0.153925478458
0.11752871424
0.0871939063072
0.108662262559
0.0952627286315
0.12326310575
0.0972539409995
0.122234731913
0.0909518897533
0.122650682926
0.0536102466285
0.0874469727278
0.104964025319
0.139333993196
0.117278158665
0.105333998799
0.107794173062
0.15677537024
0.0640271604061
0.102602422237
0.0785987377167
0.116376981139
0.131212100387
0.102264918387
0.127725288272
0.127263739705
0.0725362077355
0.0927693098783
0.106185317039
0.122839361429
0.0897602438927
0.11813159287
0.116163961589
0.123104773462
0.113412290812
0.0856772437692
0.0886116027832
0.100807718933
0.111386157572
0.111207507551
0.103846952319
0.144424766302
0.0620453394949
0.116021245718
0.0758239924908
0.125285416842
0.134966135025
0.10299962014
0.134066715837
0.111936897039
0.093286767602
0.102729998529
0.103499025106
0.212000891566
0.102388083935
0.0815332755446
0.105302512646
0.103414721787
0.133658915758
0.114205561578
0.134081915021
0.130438402295
0.083977766335
0.102928303182
0.0804732590914
0.132863983512
0.107514560223
0.131572201848
0.16962069273
0.10422154516
0.120309859514
0.0950649380684
0.0981837287545
0.157915011048
0.129459023476
0.0890976712108
0.0994895547628
0.148121550679
0.096789047122
0.103287726641
0.128037646413
0.0907927155495
0.105971813202
0.0535678528249
0.0734884217381
0.181146562099
0.168383300304
0.088727734983
0.143185779452
0.11577064544
0.0592848323286
0.0835782662034
0.12694208324
0.143303781748
0.107240267098
0.0747825801373
0.100980825722
0.0887406766415
0.098808221519
0.136000886559
0.0897253081203
0.15951821208
0.0812314227223
0.136736944318
0.0883140414953
0.082702383399
0.118142195046
0.1344525069
0.119563087821
0.108174532652
0.0744646787643
0.0789343863726
0.0732959955931
0.111841537058
0.117326617241
0.12148347497
0.0930736362934
0.0766746997833
0.118241623044
0.0802690014243
0.128134921193
0.0842553079128
0.0789285451174
0.153648018837
0.0965810343623
0.114568173885
0.12774720788
0.104174248874
0.111812524498
0.127947121859
0.0967660471797
0.0916775837541
0.10460588336
0.0901283696294
0.137578204274
0.111586838961
0.107970550656
0.159672692418
0.156425490975
0.150849997997
0.103478997946
0.102762550116
0.0679360330105
0.147263601422
0.0977652817965
0.101614668965
0.105342954397
0.111179284751
0.098604619503
0.0898270308971
0.0944449231029
0.101106718183
0.156007006764
0.0983365029097
0.105463057756
0.11231815815
0.0745933800936
0.0906383320689
0.123857304454
0.105713531375
0.136691629887
0.156438991427
0.100509256124
0.167420759797
0.131873950362
0.12313914299
0.0908091068268
0.103503882885
0.107908017933
0.0890695080161
0.106097586453
0.121425203979
0.107008010149
0.0839124694467
0.0876677930355
0.110685698688
0.130065053701
0.127216532826
0.121658235788
0.128551125526
0.117874480784
0.166112840176
0.144707962871
0.105381771922
0.143790230155
0.0728997960687
0.126167699695
0.0699908062816
0.122738525271
0.0668796002865
0.0675865337253
0.0877442136407
0.0855279862881
0.105438984931
0.0561358183622
0.102070607245
0.0922393426299
0.0896650254726
