0.702086985111
0.694356679916
0.691477417946
0.689593732357
0.688222289085
0.687062978745
0.685282766819
0.682855606079
0.680923521519
0.676905214787
0.676963627338
0.673202872276
0.66854429245
0.663666784763
0.657339394093
0.651990354061
0.643035769463
0.63201457262
0.625340521336
0.612531661987
0.601153731346
0.579082071781
0.588883638382
0.569690644741
0.543797135353
0.549556434155
0.53932851553
0.518082916737
0.510388970375
0.511303126812
0.516291201115
0.510681509972
0.479659318924
0.480153441429
0.471914499998
0.462791919708
0.462747424841
0.486890912056
0.462148070335
0.440572142601
0.446951657534
0.447149783373
0.4297709167
0.436233639717
0.444811046124
0.405553728342
0.451487839222
0.429491579533
0.403411567211
0.404572308064
0.447511553764
0.391138404608
0.402034848928
0.374509185553
0.390295982361
0.401979386806
0.379101157188
0.366475909948
0.382476001978
0.418090045452
0.367144405842
0.382183015347
0.411372870207
0.373746186495
0.362975567579
0.393767744303
0.369033664465
0.346928268671
0.363092601299
0.374350607395
0.366979449987
0.341916590929
0.40047070384
0.35492375493
0.340141296387
0.332832276821
0.354353368282
0.331224530935
0.332079231739
0.379723221064
0.316760927439
0.364597290754
0.358833134174
0.31377196312
0.335890173912
0.332004755735
0.37017673254
0.314224600792
0.348542034626
0.322249263525
0.325643509626
0.357756704092
0.293307334185
0.322820752859
0.305245220661
0.283228605986
0.305158257484
0.306770086288
0.288826346397
0.320878267288
0.284964412451
0.280836760998
0.278863549232
0.296829015017
0.274249523878
0.305425316095
0.310065597296
0.247336387634
0.294574379921
0.273168206215
0.296926140785
0.280406981707
0.283472061157
0.282112568617
0.310152262449
0.302618473768
0.26546767354
0.297668427229
0.279791176319
0.293431937695
0.25641015172
0.271018564701
0.262455254793
0.275135964155
0.287957191467
0.303956508636
0.27952966094
0.274145662785
0.250637888908
0.293171405792
0.251625031233
0.253103017807
0.264714390039
0.300597190857
0.26550167799
0.264716356993
0.272202193737
0.311607807875
0.222720965743
0.223140776157
0.275289803743
0.276309877634
0.237862929702
0.272289603949
0.275090873241
0.320492267609
0.262618243694
0.274983078241
0.288268297911
0.230927288532
0.256715983152
0.222357437015
0.213635623455
0.243650406599
0.274777829647
0.239396259189
0.2264072299
0.244663849473
0.243347257376
0.251537591219
0.240894034505
0.222782030702
0.282191008329
0.245677396655
0.205686509609
0.258616298437
0.192963853478
0.175162941217
0.257406294346
0.234008178115
0.229628965259
0.252895563841
0.244622498751
0.280215263367
0.231955215335
0.191775426269
0.206283420324
0.196891456842
0.208429396152
0.203937202692
0.265104264021
0.298783838749
0.2174397856
0.223652541637
0.227703854442
0.235896006227
0.204990327358
0.24355378747
0.222708210349
0.208384796977
0.251214772463
0.213852077723
0.266802757978
0.18154296279
0.214949339628
0.264785647392
0.201809227467
0.1807513237
0.214653491974
0.208509638906
0.200601711869
0.207595646381
0.246639549732
0.156568542123
0.228147700429
0.200775891542
0.217389136553
0.211012795568
0.21957834065
0.198868393898
0.177308157086
0.201502025127
0.161714583635
0.218715056777
0.181769967079
0.198082596064
0.219626605511
0.237566784024
0.202121376991
0.214828416705
0.208492517471
0.176368191838
0.207457080483
0.217660039663
0.165016204119
0.217508286238
0.196940869093
0.221459776163
0.232766225934
0.17745372653
0.185355141759
0.150986999273
0.209985047579
0.2147667557
0.166507169604
0.160337939858
0.173395812511
0.20449846983
0.170393243432
0.156858772039
0.206203252077
0.179166093469
0.150672093034
0.181960657239
0.193884134293
0.149914264679
0.183695495129
0.197313338518
0.132534876466
0.183898046613
0.23039342463
0.189042359591
0.160113453865
0.157679319382
0.135974109173
0.126896709204
0.165075257421
0.125490963459
0.129803657532
0.17317584157
0.168113157153
0.179399833083
0.20401224494
0.198697701097
0.151725366712
0.168462872505
0.15748514235
0.121984601021
0.130071341991
0.13940949738
0.152711883187
0.151292130351
0.137044504285
0.131709128618
0.141041964293
0.117113865912
0.157500639558
0.135493576527
0.170261904597
0.132206350565
0.141829073429
0.144555136561
0.107757866383
0.190245136619
0.120692722499
0.160508409142
0.172895669937
0.158677518368
0.134908437729
0.152685150504
0.176780566573
0.143562495708
0.119411423802
0.143078491092
0.139881372452
0.136675864458
0.162528291345
0.171690970659
0.146586209536
0.149216428399
