0.517073154449
0.56097561121
0.56097561121
0.56097561121
0.56097561121
0.56097561121
0.56097561121
0.56097561121
0.56097561121
0.56097561121
0.56097561121
0.56097561121
0.56097561121
0.56097561121
0.785365879536
0.775609731674
0.814634144306
0.843902468681
0.84878051281
0.858536601067
0.863414645195
0.858536601067
0.902438998222
0.892682909966
0.87804877758
0.907317101955
0.902438998222
0.917073190212
0.921951234341
0.917073190212
0.926829278469
0.926829278469
0.926829278469
0.926829278469
0.917073190212
0.921951234341
0.926829278469
0.926829278469
0.926829278469
0.926829278469
0.926829278469
0.926829278469
0.917073190212
0.926829278469
0.926829278469
0.926829278469
0.926829278469
0.926829278469
0.926829278469
0.926829278469
0.926829278469
0.926829278469
0.926829278469
0.926829278469
0.926829278469
0.926829278469
0.926829278469
0.921951234341
0.926829278469
0.926829278469
0.926829278469
0.926829278469
0.926829278469
0.926829278469
0.926829278469
0.926829278469
0.926829278469
0.926829278469
0.926829278469
0.926829278469
0.926829278469
0.926829278469
0.926829278469
0.926829278469
0.926829278469
0.926829278469
0.926829278469
0.926829278469
0.926829278469
0.926829278469
0.926829278469
0.926829278469
0.926829278469
0.926829278469
0.926829278469
0.926829278469
0.926829278469
0.926829278469
0.926829278469
0.926829278469
0.926829278469
0.926829278469
0.926829278469
0.926829278469
0.926829278469
0.926829278469
0.926829278469
0.926829278469
0.926829278469
0.926829278469
0.926829278469
0.926829278469
0.926829278469
0.926829278469
0.926829278469
0.926829278469
0.926829278469
0.926829278469
0.926829278469
0.926829278469
0.926829278469
0.926829278469
0.926829278469
0.926829278469
0.926829278469
0.926829278469
0.926829278469
0.926829278469
0.926829278469
0.926829278469
0.926829278469
0.926829278469
0.926829278469
0.926829278469
0.926829278469
0.926829278469
0.926829278469
0.926829278469
0.926829278469
0.926829278469
0.926829278469
0.926829278469
0.926829278469
0.926829278469
0.926829278469
0.926829278469
0.926829278469
0.926829278469
0.926829278469
0.926829278469
0.926829278469
0.926829278469
0.926829278469
0.926829278469
0.926829278469
0.926829278469
0.926829278469
0.926829278469
0.926829278469
0.926829278469
0.926829278469
0.926829278469
0.926829278469
0.926829278469
0.926829278469
0.926829278469
0.926829278469
0.926829278469
0.926829278469
0.926829278469
0.926829278469
0.926829278469
0.926829278469
0.926829278469
0.926829278469
0.926829278469
0.926829278469
0.926829278469
0.926829278469
0.926829278469
0.926829278469
0.926829278469
0.926829278469
0.926829278469
0.926829278469
0.926829278469
0.926829278469
0.926829278469
0.926829278469
0.926829278469
0.926829278469
0.926829278469
0.926829278469
0.926829278469
0.926829278469
0.926829278469
0.926829278469
0.926829278469
0.926829278469
0.926829278469
0.926829278469
0.926829278469
0.926829278469
0.926829278469
0.926829278469
0.926829278469
0.926829278469
0.926829278469
0.926829278469
0.926829278469
0.926829278469
0.926829278469
0.926829278469
0.926829278469
0.926829278469
0.926829278469
0.926829278469
0.926829278469
0.926829278469
0.926829278469
0.926829278469
0.926829278469
0.926829278469
0.926829278469
0.926829278469
0.926829278469
0.926829278469
0.926829278469
0.926829278469
0.926829278469
0.926829278469
0.926829278469
0.926829278469
0.926829278469
0.926829278469
0.926829278469
0.926829278469
0.926829278469
0.926829278469
0.926829278469
0.926829278469
0.926829278469
0.926829278469
0.926829278469
0.926829278469
0.926829278469
0.926829278469
0.926829278469
0.926829278469
0.926829278469
0.926829278469
0.926829278469
0.926829278469
0.926829278469
0.926829278469
0.926829278469
0.926829278469
0.926829278469
0.926829278469
0.926829278469
0.926829278469
0.926829278469
0.926829278469
0.926829278469
0.926829278469
0.926829278469
0.926829278469
0.926829278469
0.926829278469
0.926829278469
0.926829278469
0.926829278469
0.926829278469
0.926829278469
0.926829278469
0.926829278469
0.926829278469
0.926829278469
0.926829278469
0.926829278469
0.926829278469
0.926829278469
0.926829278469
0.926829278469
0.926829278469
0.926829278469
0.926829278469
0.926829278469
0.926829278469
0.926829278469
0.926829278469
0.926829278469
0.926829278469
0.926829278469
0.926829278469
0.926829278469
0.926829278469
0.926829278469
0.926829278469
0.926829278469
0.926829278469
0.926829278469
0.926829278469
0.926829278469
0.926829278469
0.926829278469
0.926829278469
0.926829278469
0.926829278469
0.926829278469
0.926829278469
0.926829278469
0.926829278469
0.926829278469
0.926829278469
0.926829278469
0.926829278469
0.926829278469
0.926829278469
0.926829278469
0.926829278469
0.926829278469
0.926829278469
0.926829278469
0.926829278469
0.926829278469
0.926829278469
0.926829278469
0.926829278469
0.926829278469
0.926829278469
0.926829278469
0.926829278469
0.926829278469
0.926829278469
0.926829278469
0.926829278469
0.926829278469
0.926829278469
0.926829278469
0.926829278469
0.926829278469
0.926829278469
0.926829278469
0.926829278469
0.926829278469
0.926829278469
0.926829278469
0.926829278469
0.926829278469
0.926829278469
0.926829278469
0.926829278469
0.926829278469
0.926829278469
0.926829278469
0.926829278469
0.926829278469
0.926829278469
0.926829278469
0.926829278469
0.926829278469
0.926829278469
0.926829278469
0.926829278469
0.926829278469
0.926829278469
0.926829278469
0.926829278469
0.926829278469
0.926829278469
0.926829278469
0.926829278469
0.926829278469
0.926829278469
0.926829278469
0.926829278469
0.926829278469
0.926829278469
0.926829278469
0.926829278469
0.926829278469
0.926829278469
0.926829278469
0.926829278469
0.926829278469
0.926829278469
0.926829278469
0.926829278469
0.926829278469
0.926829278469
0.926829278469
0.926829278469
0.926829278469
0.926829278469
0.926829278469
0.926829278469
0.926829278469
0.926829278469
0.926829278469
0.926829278469
0.926829278469
0.926829278469
0.926829278469
0.926829278469
0.926829278469
0.926829278469
0.926829278469
0.926829278469
0.926829278469
0.926829278469
0.926829278469
0.926829278469
0.926829278469
0.926829278469
0.926829278469
0.926829278469
0.926829278469
0.926829278469
0.926829278469
0.926829278469
0.926829278469
0.926829278469
0.926829278469
0.926829278469
0.926829278469
0.926829278469
0.926829278469
0.926829278469
0.926829278469
0.926829278469
0.926829278469
0.926829278469
0.926829278469
0.926829278469
0.926829278469
0.926829278469
0.926829278469
0.926829278469
0.926829278469
0.926829278469
0.926829278469
0.926829278469
0.926829278469
0.926829278469
0.926829278469
0.926829278469
0.926829278469
0.926829278469
0.926829278469
0.926829278469
0.926829278469
0.926829278469
0.926829278469
0.926829278469
0.926829278469
0.926829278469
0.926829278469
0.926829278469
0.926829278469
0.926829278469
0.926829278469
0.926829278469
0.926829278469
0.926829278469
0.926829278469
0.926829278469
0.926829278469
0.926829278469
0.926829278469
0.926829278469
0.926829278469
0.926829278469
0.926829278469
0.926829278469
0.926829278469
0.926829278469
0.926829278469
0.926829278469
0.926829278469
0.926829278469
0.926829278469
0.926829278469
0.926829278469
0.926829278469
0.926829278469
0.926829278469
0.926829278469
0.926829278469
0.926829278469
0.926829278469
0.926829278469
0.926829278469
0.926829278469
0.926829278469
0.926829278469
0.926829278469
0.926829278469
0.926829278469
0.926829278469
0.926829278469
0.926829278469
0.926829278469
0.926829278469
0.926829278469
0.926829278469
0.926829278469
0.926829278469
0.926829278469
0.926829278469
