1.04507184029
1.01981949806
1.05853128433
0.977647066116
0.927278697491
0.947493612766
0.904550492764
0.847246646881
0.82435631752
0.846496999264
0.794980108738
0.823814749718
0.748813807964
0.748092651367
0.712396979332
0.789911091328
0.74058175087
0.647926449776
0.705230295658
0.69567912817
0.730813205242
0.665220379829
0.693279981613
0.697307229042
0.68405932188
0.707778275013
0.662152469158
0.648374140263
0.644192516804
0.646254777908
0.641957223415
0.66144567728
0.649214684963
0.611351966858
0.65526175499
0.671151161194
0.617407977581
0.611971735954
0.597412645817
0.608883976936
0.626974880695
0.590830206871
0.616036057472
0.632085800171
0.598214387894
0.604691803455
0.574028551579
0.627664625645
0.602364420891
0.613597631454
0.594532549381
0.593730092049
0.583760976791
0.555992901325
0.605922162533
0.583715736866
0.556870937347
0.601524829865
0.569916367531
0.597128093243
0.567572057247
0.567372739315
0.567841410637
0.609792292118
0.566761314869
0.585484862328
0.583121597767
0.577002823353
0.562845885754
0.596962511539
0.587316572666
0.547648489475
0.548391640186
0.56869328022
0.569390177727
0.567241609097
0.551227092743
0.580501198769
0.562698543072
0.567063629627
0.562448501587
0.569467484951
0.54721224308
0.548844456673
0.569283545017
0.532293975353
0.586774885654
0.535438001156
0.558325469494
0.552029967308
0.549666285515
0.54413330555
0.545778095722
0.531231045723
0.544167995453
0.575196743011
0.578798115253
0.538917601109
0.587813019753
0.562628626823
0.560077190399
0.542923033237
0.530536293983
0.539262115955
0.543488264084
0.53372913599
0.502153635025
0.52177298069
0.563112616539
0.53751283884
0.567140042782
0.518957972527
0.528297841549
0.542323112488
0.535537004471
0.530874609947
0.530256509781
0.526789486408
0.528493762016
0.541736960411
0.534621834755
0.545411109924
0.532222807407
0.545427322388
0.526272714138
0.52461463213
0.503167688847
0.521139025688
0.534703791142
0.519551575184
0.537281155586
0.527570128441
0.542616486549
0.516367256641
0.48534283042
0.49102255702
0.556183576584
0.545512020588
0.501530706882
0.535778641701
0.515393257141
0.527690768242
0.535147190094
0.477395772934
0.488551080227
0.489641875029
0.514796435833
0.513834476471
0.519266664982
0.472839862108
0.504047334194
0.526111900806
0.518752992153
0.492171317339
0.531625032425
0.4681686759
0.501509964466
0.494848757982
0.515619874001
0.495197683573
0.479889512062
0.51441526413
0.538229942322
0.469794899225
0.506946980953
0.485187113285
0.493644714355
0.535330057144
0.544458389282
0.508404910564
0.512442350388
0.496295362711
0.539215147495
0.4755384624
0.493889063597
0.512841284275
0.48225453496
0.488014787436
0.482439696789
0.481080919504
0.483502388
0.453871667385
0.497718065977
0.536472856998
0.505896747112
0.475182443857
0.490866661072
0.504634380341
0.523557245731
0.502795636654
0.491922587156
0.478045344353
0.479102194309
0.536467909813
0.500969946384
0.49662783742
0.450038641691
0.500665724277
0.517570853233
0.474266171455
0.470917105675
0.465407699347
0.483640164137
0.481517970562
0.507008194923
0.48485147953
0.461560994387
0.485555797815
0.454427927732
0.4785836339
0.437948793173
0.512321293354
0.481696665287
0.488949507475
0.457833051682
0.48574334383
0.448841422796
0.451043248177
0.459540098906
0.494574397802
0.482074767351
0.487936228514
0.479213446379
0.505376577377
0.492540240288
0.515465140343
0.486293077469
0.479025095701
0.457563787699
0.476845443249
0.474701046944
0.499972134829
0.495112687349
0.486524969339
0.46732199192
0.455078303814
0.473268389702
0.434086084366
0.455164313316
0.445802092552
0.443488568068
0.485720187426
0.496630609035
0.474609583616
0.487752407789
0.467283159494
0.439789712429
0.463446110487
0.444559901953
0.480970352888
0.460923790932
0.502239823341
0.45907112956
0.435361623764
0.434368759394
0.474047809839
0.448978185654
0.44476339221
0.480720460415
0.467209666967
0.44071367383
0.467995852232
0.443846613169
0.447051644325
0.455546975136
0.479437410831
0.473209321499
0.430258929729
0.462024956942
0.412487000227
0.426780760288
0.426135212183
0.42994555831
0.468314230442
0.481350958347
0.44119694829
0.456784367561
0.467034548521
0.471818506718
0.451275885105
0.450694680214
0.440684944391
0.461689978838
0.415896266699
0.451691329479
0.442202419043
0.463107347488
0.442763656378
0.449278891087
0.445070356131
0.38977086544
0.426320970058
0.443045556545
0.426904380322
0.451795220375
0.444651335478
0.420567333698
0.423049032688
0.431236684322
0.453273892403
