0.693061590195
0.688858866692
0.684890031815
0.678223669529
0.672016620636
0.663770258427
0.65175974369
0.635262966156
0.619357228279
0.596828520298
0.57272028923
0.549658596516
0.530040323734
0.513082265854
0.485070735216
0.460111826658
0.463681936264
0.463404357433
0.45747166872
0.412380903959
0.435891509056
0.407221823931
0.400181472301
0.406854838133
0.377879232168
0.336799293756
0.407201975584
0.374030768871
0.392550051212
0.335586249828
0.351232618093
0.357598394156
0.406179219484
0.318149983883
0.30870077014
0.316917866468
0.330339282751
0.296294659376
0.276660889387
0.299012064934
0.277911484241
0.281549811363
0.28066688776
0.212690398097
0.221736982465
0.219556748867
0.201796188951
0.223973304033
0.199130237103
0.220716908574
0.237017080188
0.18029089272
0.194726154208
0.204634621739
0.152640938759
0.160808056593
0.165770590305
0.149389624596
0.220730602741
0.155316457152
0.173757523298
0.105482280254
0.149313077331
0.182253062725
0.176021292806
0.157368153334
0.129620730877
0.194899588823
0.121130079031
0.168602019548
0.155103221536
0.17070260644
0.159180834889
0.201831236482
0.0996767431498
0.116007044911
0.155096262693
0.132754415274
0.159427791834
0.122754268348
0.115611761808
0.120007127523
0.116913825274
0.115368612111
0.135533183813
0.162563577294
0.102234855294
0.14073741436
0.148400872946
0.12924169004
0.23151178658
0.153967246413
0.141687884927
0.179719954729
0.110691510141
0.110267743468
0.13270509243
0.141371890903
0.155551433563
0.116503961384
0.130469217896
0.0694823637605
0.144297212362
0.0842918977141
0.094248637557
0.115031398833
0.158933237195
0.118616968393
0.104460798204
0.132370889187
0.0995793417096
0.167314782739
0.125641405582
0.0827564895153
0.124130398035
0.106697008014
0.11637955904
0.150768667459
0.156989663839
0.127613499761
0.0690161883831
0.0946082696319
0.0880162417889
0.0945013538003
0.0900638774037
0.106435336173
0.0953106880188
0.0945696681738
0.0856017172337
0.130789443851
0.136957421899
0.0870289131999
0.115433052182
0.0862087085843
0.123599693179
0.0721053108573
0.0913327634335
0.108765855432
0.0870057791471
0.0997565761209
0.101066805422
0.082037948072
0.0670150592923
0.113209888339
0.138744920492
0.11026147753
0.0850519314408
0.0830193683505
0.0764488130808
0.0993592590094
0.0516692921519
0.111162304878
0.154108703136
0.0643943324685
0.157716095448
0.0940753370523
0.13913294673
0.131628200412
0.108743004501
0.0826001912355
0.097353965044
0.120698913932
0.0922563523054
0.0772086754441
0.148496389389
0.0856571495533
0.172873526812
0.0846029669046
0.133376404643
0.136795029044
0.0897282138467
0.115412458777
0.0945755764842
0.100508473814
0.13458634913
0.0612389557064
0.0903196409345
0.0779389888048
0.0955807417631
0.101447835565
0.140279695392
0.0736842751503
0.080918751657
0.0759339779615
0.0794732049108
0.113522440195
0.0702094659209
0.087511241436
0.125608995557
0.0563170611858
0.0785132423043
0.100636936724
0.0911814421415
0.112235054374
0.0883244946599
0.12298168987
0.0776500329375
0.1250141114
0.108014091849
0.0780920907855
0.0742086619139
0.076945990324
0.0605700388551
0.0809468328953
0.0827392190695
0.126159876585
0.0728234797716
0.139176428318
0.0670704990625
0.071256108582
0.0865499600768
0.0369328223169
0.0555265210569
0.0408903062344
0.0580325052142
0.0975386053324
0.0474403649569
0.0831825435162
0.0428964979947
0.104039773345
0.0291169285774
0.0549311675131
0.0698660165071
0.039116282016
0.0443360880017
0.0991690829396
0.0467185713351
0.125834271312
0.0474544465542
0.107575073838
0.0398437045515
0.0785395056009
0.0378307960927
0.113787546754
0.0465281121433
0.115190453827
0.0950556620955
0.0590437836945
0.0683278217912
0.0603262223303
0.0645801201463
0.0823093131185
0.0374683625996
0.0759348347783
0.0974714681506
0.10252340138
0.0834480822086
0.0711063221097
0.0698669403791
0.113507673144
0.0800219252706
0.0466144196689
0.0751805603504
0.106688223779
0.0746406763792
0.0843973830342
0.102882735431
0.043828368187
0.141032963991
0.0593485683203
0.0778669565916
0.0894289463758
0.058214597404
0.0677243769169
0.076505407691
0.0655364096165
0.0521439313889
0.0791674628854
0.126325279474
0.0720354020596
0.0550624281168
0.0955093950033
0.0556366369128
0.0622712485492
0.0655931681395
0.0471430420876
0.0787832885981
0.0498959757388
0.0512696988881
0.0534624420106
0.0634313821793
0.14070032537
0.0546840280294
0.0824380666018
0.0436989478767
0.0410794764757
0.0789221227169
0.0960248187184
0.0920140892267
0.0500498339534
0.0483013354242
0.0608936026692
0.0598456971347
0.131030827761
0.0897149145603
0.0789180025458
0.0796433165669
0.0881401151419
0.0808868557215
0.0767918676138
