0.693215370178
0.692918300629
0.692721188068
0.692557036877
0.692259728909
0.692106842995
0.691947519779
0.691800475121
0.691462695599
0.691294431686
0.691109240055
0.690942108631
0.690640628338
0.690431416035
0.690397441387
0.690047979355
0.690069437027
0.689837574959
0.689612627029
0.689369738102
0.689362883568
0.689156889915
0.688751876354
0.688806474209
0.688448727131
0.688460767269
0.688216626644
0.688026249409
0.687856674194
0.687900006771
0.687664449215
0.687589466572
0.687213718891
0.687269568443
0.687165915966
0.687057137489
0.686973810196
0.686906993389
0.68679356575
0.68660402298
0.68672722578
0.686490416527
0.686455845833
0.685934662819
0.686186134815
0.686192810535
0.68614846468
0.686115026474
0.685791909695
0.685631155968
0.685738682747
0.685767889023
0.685719490051
0.685655415058
0.685743808746
0.685537576675
0.685807287693
0.6853941679
0.685413062572
0.685477375984
0.685553789139
0.68596726656
0.685873508453
0.685787677765
0.685862004757
0.685232639313
0.685774326324
0.685670673847
0.685573816299
0.684947967529
0.685107290745
0.685489177704
0.685841083527
0.68535810709
0.685870230198
0.68585985899
0.685113549232
0.685507118702
0.685467004776
0.685160279274
0.685057580471
0.685035765171
0.685358345509
0.685294687748
0.685625314713
0.685032844543
0.684921205044
0.685460627079
0.684097528458
0.685139596462
0.685515463352
0.685085833073
0.685498476028
0.684120237827
0.684803903103
0.685165643692
0.684701859951
0.684818923473
0.682510018349
0.685496032238
0.684064030647
0.683924555779
0.684512019157
0.685420632362
0.683162212372
0.683518588543
0.685029923916
0.685224711895
0.683057188988
0.682602882385
0.682674229145
0.682959258556
0.685240745544
0.684092819691
0.684313416481
0.685796678066
0.682279884815
0.68182516098
0.682699739933
0.681706488132
0.682456552982
0.679808974266
0.681834101677
0.684291779995
0.68197453022
0.68436229229
0.681850016117
0.682218968868
0.684401869774
0.684225380421
0.681704878807
0.678632199764
0.676076292992
0.679087340832
0.676676809788
0.672430098057
0.677390635014
0.676135420799
0.681472837925
0.668586671352
0.673963725567
0.671858549118
0.667309701443
0.677817225456
0.673252463341
0.670124948025
0.678267896175
0.6685090065
0.655760467052
0.670110762119
0.672049999237
0.668502926826
0.654303848743
0.665785491467
0.682705461979
0.668569326401
0.668237924576
0.682675540447
0.661088526249
0.658777654171
0.655413389206
0.668163180351
0.66360861063
0.66149532795
0.660048007965
0.650185286999
0.677223742008
0.665245115757
0.640290796757
0.650492608547
0.651480197906
0.650336563587
0.659341931343
0.660951495171
0.646421730518
0.664063751698
0.644152402878
0.658125579357
0.642775654793
0.652209341526
0.640376567841
0.655665099621
0.630718827248
0.644150912762
0.652231514454
0.65765529871
0.666471600533
0.634559869766
0.619556248188
0.664340138435
0.629917740822
0.649987578392
0.643670380116
0.644777476788
0.645658016205
0.6399487257
0.647151887417
0.630466580391
0.65298473835
0.636112034321
0.649243414402
0.631196200848
0.667812764645
0.630478560925
0.632268667221
0.632784664631
0.635026574135
0.633131086826
0.62526589632
0.62071698904
0.634620785713
0.660493135452
0.641558110714
0.626251637936
0.629687547684
0.631605863571
0.635730862617
0.623615264893
0.644579708576
0.650934457779
0.618890762329
0.625481426716
0.624116301537
0.64347910881
0.634166359901
0.615603148937
0.626812398434
0.630745470524
0.622702717781
0.636713266373
0.619020342827
0.625361442566
0.611667811871
0.62369787693
0.631056785583
0.611450254917
0.62942045927
0.625300049782
0.633140027523
0.617019295692
0.638967514038
0.636295676231
0.633446097374
0.598245918751
0.600134789944
0.626181602478
0.615977168083
0.594504356384
0.621345579624
0.610931158066
0.614256680012
0.610184848309
0.62505209446
0.608812749386
0.625349342823
0.617785334587
0.627926409245
0.569853067398
0.605567157269
0.627809941769
0.598938286304
0.607607662678
0.615695655346
0.621480882168
0.608222305775
0.627312362194
0.604697465897
0.625606417656
0.611526310444
0.629673659801
0.609535217285
0.598604202271
0.629117786884
0.619407773018
0.607214033604
0.607780396938
0.624009013176
0.605626046658
0.582983493805
0.596985459328
0.636275529861
0.629581809044
0.599508047104
0.630074560642
0.610270082951
0.61026930809
0.588701784611
0.611518681049
0.605227708817
0.616245090961
0.634302198887
0.63364392519
0.603855252266
0.606126725674
0.591979384422
0.594018399715
0.615124464035
0.626850426197
0.592488706112
0.605499923229
0.605656981468
0.617911756039
0.596840441227
0.591842353344
0.615531086922
0.606925308704
0.588167965412
0.590812981129
0.595461845398
0.601568758488
0.600749492645
0.576221466064
0.590909540653
0.574956297874
0.602436184883
0.610531032085
0.601745963097
0.622661948204
0.604615569115
0.616860330105
0.583236992359
0.624457299709
0.630976617336
0.593104064465
0.592994391918
0.585219323635
0.586141049862
0.607772886753
0.600046813488
0.5901927948
0.600045859814
0.599396109581
0.594432473183
0.623908281326
0.588168859482
0.579408347607
0.597567617893
0.584263622761
0.597799181938
0.57905703783
0.586926341057
0.620296835899
0.597828865051
0.599703669548
0.607036888599
0.606965363026
0.586597263813
0.603233456612
0.598533689976
0.574134767056
0.599245488644
0.606293618679
0.62070953846
0.602973878384
0.597142636776
0.614690840244
0.612238526344
0.577238857746
0.611684501171
0.591774642467
0.584344625473
0.612432181835
0.599188923836
0.614352107048
0.593395888805
0.561606585979
0.584444582462
0.576138973236
0.574115216732
0.602764368057
0.602360665798
0.586847960949
0.614798367023
0.588236749172
0.600275635719
0.597810328007
0.581933140755
0.589625120163
0.601651132107
0.564152181149
0.593867063522
0.59275329113
0.611976861954
0.574175298214
0.614390969276
0.606971025467
0.595242261887
0.585682988167
0.592241406441
0.599375426769
0.608445346355
0.585228323936
0.587248623371
0.587598025799
0.547430217266
0.579393029213
0.611674547195
0.588928282261
0.600484609604
0.588492453098
0.581991791725
0.599069297314
0.58720767498
0.58047491312
0.5790823102
0.568787515163
0.56943076849
0.570953130722
0.57894641161
0.601522684097
0.608665108681
0.586043298244
0.565574288368
0.570969879627
0.581193566322
0.61212682724
0.570573151112
0.586574375629
0.598251402378
0.562238991261
0.597018122673
0.580117046833
0.57705873251
0.579534232616
0.610095858574
0.566015183926
0.576887845993
0.552500605583
0.59314930439
0.579153358936
0.584818840027
0.562476396561
0.593893408775
0.580650985241
0.585321426392
0.59891474247
0.58452630043
0.587624907494
0.574014306068
0.598835706711
0.574043691158
0.589600503445
0.600977659225
0.574196398258
0.5904520154
0.59255284071
0.571544468403
0.589185714722
0.567273259163
0.576641261578
0.588617384434
0.554233074188
0.592525184155
0.572832226753
0.560412466526
0.586160838604
0.552824378014
0.581975460052
0.588996350765
0.557880580425
0.568382024765
0.610531508923
0.583558142185
0.550674200058
0.576279163361
0.532566547394
0.579639077187
0.613172888756
0.568786680698
0.611312866211
0.556948423386
0.559742033482
0.565509855747
0.602467179298
0.597396552563
0.579637765884
0.573901891708
0.570531785488
0.560077786446
0.603724241257
0.546174287796
0.564078629017
0.603745281696
0.567759752274
0.549132704735
0.54330855608
0.590193390846
0.588040649891
0.551755309105
0.577081501484
0.527904331684
0.589407861233
0.621069848537
0.578671097755
0.577021181583
0.590676724911
0.603628993034
0.588140249252
0.564451098442
0.593636333942
0.579336285591
0.576140403748
0.544855356216
0.592299461365
0.562183737755
0.586809635162
0.594814777374
0.569318532944
0.593525111675
0.577149093151
0.558444261551
0.570728957653
0.579644382
0.605427980423
0.569105148315
0.5898899436
0.56711179018
0.596409380436
0.609874844551
0.588629245758
0.565331876278
0.569415867329
0.547868907452
0.581760883331
0.552867233753
0.575534820557
0.548720002174
0.565060675144
0.5919226408
0.555252790451
0.553646802902
0.587515175343
0.545822322369
0.603457629681
0.581659317017
0.582308828831
0.574241578579
0.55402982235
0.560564875603
0.56779718399
0.584540367126
0.536469221115
0.568107068539
0.546830713749
0.58305811882
0.599221408367
0.563820302486
0.560298860073
0.528189897537
0.564380049706
0.551613152027
0.582433819771
0.543696761131
0.599258482456
0.59552025795
0.561022698879
0.570680558681
0.593601346016
0.606146454811
0.582914292812
0.558323979378
0.597015976906
0.585267663002
0.556289255619
0.564716815948
0.555193841457
0.594571232796
0.565442144871
0.559197247028
0.529816031456
0.585716307163
0.555310964584
0.57298797369
0.558128356934
0.547445058823
0.567799091339
0.56642472744
0.565268754959
0.555066227913
0.56844830513
0.530870854855
0.544749319553
0.559111297131
0.600025475025
0.543945372105
0.560407042503
0.577963232994
0.548860490322
0.545185685158
0.557148039341
0.542599141598
0.574712157249
0.564335525036
0.558570742607
0.556489408016
0.548921108246
0.578688383102
0.611539721489
0.548897564411
0.54314994812
0.548754692078
0.556806206703
0.554108321667
0.544349551201
0.557211697102
0.557279407978
0.568611204624
0.55738902092
0.546225130558
0.567499220371
0.545237541199
0.567047178745
0.560863494873
0.568584501743
0.568442046642
0.569644153118
0.551437139511
0.578796029091
0.573794007301
0.564042150974
0.592801570892
0.564086616039
0.584719538689
0.575228154659
0.573071300983
0.576268017292
0.537042558193
0.549921751022
0.587684333324
0.565004587173
0.544311404228
0.548837780952
0.543548762798
0.576435446739
0.564134001732
0.554780781269
0.556381285191
0.554531097412
0.578732550144
0.552922666073
0.532555520535
0.598780632019
0.578261017799
0.537099719048
0.58883279562
0.558219671249
0.598998904228
0.562088310719
0.555153906345
0.581122279167
0.56822681427
0.578667402267
0.563156425953
0.529835760593
0.596074938774
0.551845192909
0.570079088211
0.581269562244
0.568060576916
0.554665446281
0.562625169754
0.531894266605
0.561854660511
0.576318442822
0.573978245258
0.608202576637
0.566850185394
0.552339375019
0.57135361433
0.549964666367
0.537520647049
0.5301451087
0.581556022167
0.545518815517
0.5375649333
0.533636689186
0.575368881226
0.560622751713
0.561917483807
0.563445746899
0.532117307186
0.569994568825
0.544162750244
0.583165228367
0.570170283318
0.540142655373
0.546478033066
0.569868862629
0.545266747475
0.53574103117
0.56231957674
0.579954445362
0.570481598377
0.570541083813
0.554022192955
0.534498214722
0.553553819656
0.537326693535
0.577101767063
0.573308110237
0.529676020145
0.583504140377
0.57159781456
0.577420890331
0.561987996101
0.574049830437
0.565049469471
0.557901978493
0.545119404793
0.580086767673
0.564099431038
0.583344936371
0.569424569607
0.571556329727
0.55811715126
0.562872171402
0.56151175499
0.574729025364
0.546501994133
0.601141929626
0.58957028389
0.560619354248
0.548551857471
0.557131588459
0.572944879532
0.545492470264
0.551908791065
0.577609241009
0.540318250656
0.544819116592
0.541058659554
0.507851600647
0.550838172436
0.546382546425
0.597665846348
0.571488976479
0.570246875286
0.560864090919
0.529736876488
0.502667188644
0.533968389034
0.593209683895
0.559342622757
0.550985336304
0.562847912312
0.584788680077
0.560987532139
0.555317521095
0.566825985909
0.530858576298
0.562100112438
0.57070428133
0.591368615627
0.531909406185
0.560498952866
0.557572066784
0.541985869408
0.548007547855
0.571571230888
0.553368389606
0.515895187855
0.60050702095
0.547801494598
0.554032683372
0.556957840919
0.550973713398
0.571444690228
0.545058131218
0.563864707947
0.549593985081
0.53451693058
0.562549412251
0.577934920788
0.545151412487
0.594003081322
0.576088011265
0.541047275066
0.579861521721
0.531883776188
0.60642850399
0.563323378563
0.547147512436
0.5806209445
0.573279201984
0.584552824497
0.559036612511
0.568853735924
0.575307428837
0.559235572815
0.542909443378
0.577323377132
0.545694470406
0.565015494823
0.520714521408
0.557224392891
0.567421376705
0.535929322243
0.568429172039
0.528983533382
0.562321424484
0.542764425278
0.517140924931
0.575424790382
0.531589925289
0.561465501785
0.575578808784
0.547374904156
0.580704391003
0.538158357143
0.580549299717
0.570193171501
0.560500979424
0.537059903145
0.563499569893
0.561686694622
0.575256466866
0.55248850584
0.567390024662
0.560989677906
0.55470854044
0.583625733852
0.535778999329
0.555103957653
0.557853579521
0.5277146101
0.5457046628
0.544473767281
0.538705408573
0.575492084026
0.557024002075
0.549654126167
0.575176417828
0.546258628368
0.564136624336
0.528825640678
0.592060923576
0.533999323845
0.538846075535
0.558972120285
0.539667546749
0.536160647869
0.568415701389
0.545637071133
0.554355382919
0.561488568783
0.548570334911
0.590880334377
0.56022554636
0.580515384674
0.523566067219
0.50819671154
0.547180235386
0.526007056236
0.558727741241
0.560388207436
0.533127427101
0.527670264244
0.586916863918
0.535967588425
0.546139836311
0.505002677441
0.562500238419
0.565722584724
0.537850558758
0.541080832481
0.500652194023
0.528776586056
0.56463932991
0.539712250233
0.572151601315
0.555114865303
0.535407304764
0.514644145966
0.576976120472
0.53135150671
0.542005419731
0.51561152935
0.552723646164
0.566014230251
0.568249046803
0.539524257183
0.573638498783
0.514948546886
0.548429787159
0.558391869068
0.569164991379
0.554931223392
0.552220821381
0.563329398632
0.538338661194
0.537843108177
0.547795653343
0.532721459866
0.539617776871
0.534089326859
0.584974944592
0.554596185684
0.568285405636
0.567261636257
0.528181254864
0.548761963844
0.57413315773
0.536371946335
0.543839156628
0.544301569462
0.567306160927
0.538264751434
0.541246056557
0.574568092823
0.577467858791
0.544202685356
0.517824292183
0.54872661829
0.54502260685
0.580777585506
0.544877231121
0.533452212811
0.521792173386
0.545749485493
0.541743695736
0.556386947632
0.533367574215
0.540193200111
0.55170404911
0.531592011452
0.559534192085
0.602158844471
0.586707234383
0.572546124458
0.561330378056
0.533793985844
0.600405156612
0.539556384087
0.561393857002
0.541067659855
0.534004628658
0.510277926922
0.533772289753
0.565034389496
0.559418559074
0.598597586155
0.562745630741
0.535579800606
0.550639748573
0.54856801033
0.540143847466
0.571199417114
0.533475339413
0.586831271648
0.532878696918
0.576498806477
0.53972452879
0.556427061558
0.537696421146
0.532461345196
0.526158392429
0.521879553795
0.54582542181
0.539001464844
0.528439700603
0.551514744759
0.568120956421
0.540730416775
0.543900728226
0.60109770298
0.512709319592
0.539316177368
0.573339402676
0.544660389423
0.555854737759
0.554821014404
0.577203035355
0.568104565144
0.532550096512
0.568286955357
0.512802839279
0.598881065845
0.543246328831
0.574292898178
0.588679134846
0.563332080841
0.565893054008
0.572503983974
0.576547920704
0.573559582233
0.536271572113
0.561543703079
0.555521607399
0.58201032877
0.571124911308
0.535083770752
0.548744618893
0.538554668427
0.595817029476
0.563364863396
0.565877556801
0.544550001621
0.570954442024
0.553475677967
0.575674295425
