0.692981421947
0.692096531391
0.691428363323
0.690491676331
0.689269602299
0.688330948353
0.686872303486
0.685060322285
0.683583974838
0.68216329813
0.678742289543
0.677448689938
0.674210548401
0.671726822853
0.667364060879
0.664734482765
0.661632180214
0.659644603729
0.652508318424
0.653583824635
0.643527448177
0.647693455219
0.638880133629
0.641281962395
0.641684710979
0.630527973175
0.63425052166
0.630489885807
0.631657540798
0.630812168121
0.63228058815
0.618604719639
0.626248836517
0.624803185463
0.622544944286
0.619283914566
0.616049110889
0.605887830257
0.615490794182
0.608474373817
0.604084312916
0.599301576614
0.602498590946
0.595270395279
0.598909676075
0.591828525066
0.596798241138
0.59898430109
0.572471618652
0.577801525593
0.583884239197
0.569188773632
0.569352328777
0.572990298271
0.553508102894
0.571203291416
0.55421346426
0.561334729195
0.57209020853
0.554925978184
0.557785689831
0.542698919773
0.54493534565
0.543304562569
0.539508223534
0.533192098141
0.534415364265
0.531508862972
0.526123046875
0.538087487221
0.520847737789
0.538465321064
0.525368571281
0.503623187542
0.518325567245
0.547892212868
0.506498038769
0.52300632
0.502247154713
0.4939430058
0.526800215244
0.505775630474
0.506562054157
0.503379464149
0.490838289261
0.521255612373
0.493938833475
0.490735054016
0.467092305422
0.467917501926
0.451332509518
0.481900274754
0.48967859149
0.462604045868
0.510357201099
0.462285250425
0.489385545254
0.467098325491
0.487316161394
0.467775136232
0.487442374229
0.471461713314
0.457793027163
0.432222157717
0.52702909708
0.45148858428
0.445494711399
0.50529807806
0.472947478294
0.478926539421
0.467822790146
0.448529362679
0.454517573118
0.456603974104
0.439072698355
0.478694051504
0.431136876345
0.45053550601
0.452868461609
0.431890189648
0.448804229498
0.440180748701
0.429233491421
0.425174087286
0.42813795805
0.430208384991
0.423816114664
0.417049497366
0.434915095568
0.438491553068
0.458850353956
0.421640604734
0.43024367094
0.443639665842
0.463382035494
0.429330855608
0.424080818892
0.421809136868
0.429731667042
0.434865623713
0.40586078167
0.427527070045
0.414334475994
0.46531227231
0.443919271231
0.415193945169
0.415354728699
0.389020591974
0.418619602919
0.413989782333
0.446418464184
0.407518982887
0.408907622099
0.408619880676
0.414749890566
0.387296140194
0.39141368866
0.38238543272
0.3980897367
0.394578039646
0.404377758503
0.365224093199
0.392574936152
0.392171919346
0.397382408381
0.396589964628
0.369724065065
0.39295104146
0.385760754347
0.411551564932
0.396211713552
0.376157999039
0.393221735954
0.374134421349
0.377707511187
0.399837523699
0.364362776279
0.388618767262
0.405013412237
0.397015243769
0.409261107445
0.395786195993
0.362061738968
0.355211138725
0.373014867306
0.375628292561
0.391300529242
0.347416937351
0.371449679136
0.364556819201
0.391707152128
0.373974680901
0.38646709919
0.394457310438
0.37554821372
0.397583723068
0.372487097979
0.387138664722
0.367756992579
0.370080709457
0.386954754591
0.366189211607
0.354328513145
0.389879912138
0.356454402208
0.370392143726
0.337231636047
0.361832737923
0.388024002314
0.371160596609
0.349429309368
0.364339739084
0.359262615442
0.369710028172
0.360403597355
0.373752325773
0.372972339392
0.355560868979
0.360836207867
0.39065861702
0.363711625338
0.344540864229
0.379028022289
0.359055906534
0.356557905674
0.348450183868
0.348119050264
0.339820742607
0.351138830185
0.380186825991
0.364924013615
0.353430777788
0.339923083782
0.355832576752
0.372525781393
0.344008654356
0.332442641258
0.340993493795
0.336073189974
0.336865454912
0.356375277042
0.336464196444
0.346608072519
0.349719673395
0.357273072004
0.330177426338
0.347116947174
0.336477816105
0.395864784718
0.350631058216
0.35247528553
0.33533346653
0.32273760438
0.380230724812
0.322479128838
0.367299228907
0.327711373568
0.329304099083
0.349340707064
0.343412011862
0.301042228937
0.333089381456
0.368135243654
0.368700057268
0.309431165457
0.344814240932
0.335781723261
0.306926101446
0.355496376753
0.309997051954
0.319100648165
0.331305712461
0.299534648657
0.352948367596
0.29743462801
0.310700535774
0.319609373808
0.337521582842
0.322692513466
0.351276159286
0.33960005641
0.297396600246
0.315818607807
0.331161439419
0.300991177559
0.342786699533
0.305780023336
0.311794966459
0.304501205683
0.294301688671
0.310795843601
0.344109535217
0.304465889931
0.34723931551
0.291669875383
0.3029717803
0.305560857058
0.302158683538
0.297576338053
0.342040389776
0.315149486065
0.351885169744
0.291288793087
0.270027309656
0.304834544659
0.324123769999
0.308507025242
0.341639101505
0.373824328184
0.317526310682
0.305322647095
0.320877104998
0.304511159658
0.292141139507
0.297390222549
0.335467904806
0.285834759474
0.281352967024
0.281364113092
0.319504439831
0.28912115097
0.303293526173
0.316125512123
0.310722202063
0.348488479853
0.311587691307
0.253653466702
0.289877414703
0.319380670786
0.331814616919
0.30987110734
0.274129211903
0.309099733829
0.305007755756
0.297418177128
0.280128896236
0.263794332743
0.277459174395
0.29718080163
0.269724339247
0.272190034389
0.27163630724
0.261556446552
0.297013789415
0.249110519886
0.30080345273
0.264605075121
0.317340910435
0.322154790163
0.289375245571
0.252696812153
0.269913733006
0.31569981575
0.294808983803
0.291602611542
0.293307036161
0.282618701458
0.25947406888
0.287499457598
0.298874795437
0.267099201679
0.273307055235
0.249224871397
0.292319297791
0.258258253336
0.259502887726
0.299599051476
0.304087519646
0.278161108494
0.276610374451
0.304833084345
0.282725274563
0.333938956261
0.23668807745
0.29372343421
0.266213685274
0.276163816452
0.277479410172
0.284535676241
0.247463256121
0.275029838085
0.250521183014
0.292754650116
0.232864513993
0.26448854804
0.28785225749
0.247980922461
0.228994637728
0.322139918804
0.274301022291
0.247089669108
0.282377809286
0.314792901278
0.274281919003
0.276387959719
0.263807862997
0.260155826807
0.274271905422
0.282664388418
0.25040152669
0.267564386129
0.267615616322
0.243632912636
0.236050307751
0.3197478652
0.23450499773
0.280877768993
0.286291241646
0.228530704975
0.232021868229
0.239257484674
0.251717507839
0.261562347412
0.301446020603
0.232809126377
0.219876140356
0.241389900446
0.250091135502
0.250930130482
0.241555079818
0.260543048382
0.252244800329
0.262615084648
0.257417887449
0.237878158689
0.241126924753
0.245462372899
0.268189936876
0.255309283733
0.245712801814
0.237508043647
0.24008962512
0.281088858843
0.233356043696
0.25511905551
0.23275308311
0.221837714314
0.224930554628
0.230565413833
0.268132835627
0.23469029367
0.278903335333
0.227210178971
0.2406450212
0.222028031945
0.261958032846
0.225283920765
0.255961567163
0.233002379537
0.261599689722
0.238659277558
0.204743102193
0.261890888214
0.246095821261
0.250857919455
0.254941791296
0.234556093812
0.233065456152
0.234717398882
0.214057072997
0.249078705907
0.23882868886
0.207022026181
0.243534073234
0.290320456028
0.254784375429
0.264319419861
0.242622345686
0.229398325086
0.258360743523
0.229606702924
0.239645704627
0.238682821393
0.244358763099
0.271305590868
0.249671578407
0.202749863267
0.235091641545
0.303929954767
0.242157414556
0.216696500778
0.257381498814
0.240358307958
0.222573071718
0.215398058295
0.229521781206
0.211559519172
0.212224781513
0.23555187881
0.211977466941
0.238816216588
0.210550963879
0.234707564116
0.192357540131
0.242087483406
0.222795322537
0.223187997937
0.213359385729
0.218750596046
0.220979645848
0.206371337175
0.192679435015
0.222955659032
0.210914582014
0.277276098728
0.197187885642
0.209962710738
0.184812352061
0.232970431447
0.197289139032
0.214520558715
0.215276986361
0.183487966657
0.208249390125
0.197353109717
0.225372090936
0.208336248994
0.194833695889
0.205865368247
0.217207685113
0.198993980885
0.198924690485
0.23638227582
0.236838519573
0.204181909561
0.279279857874
0.181943207979
0.183366909623
0.218000978231
0.231328487396
0.198679223657
0.200839757919
0.204169377685
0.21459390223
0.220674782991
0.178557470441
0.209863841534
0.195118024945
0.227300912142
0.211291611195
0.176879554987
0.186569392681
0.214679330587
0.196993529797
0.246712550521
0.217864885926
0.19173066318
0.222599640489
0.19565500319
0.23673415184
0.197063699365
0.233335897326
0.195105358958
0.213439121842
0.186338692904
0.213873893023
0.232349798083
0.234022632241
0.210189640522
0.253429740667
0.183248341084
0.222486585379
0.195738613605
0.220655053854
0.233917161822
0.221173629165
0.217297330499
0.179916456342
0.205183967948
0.220466509461
0.219799771905
0.197473868728
0.190484523773
0.180270418525
0.272655516863
0.176286309958
0.179733097553
0.187155157328
0.20172162354
0.209057971835
0.20155864954
0.180818468332
0.193591013551
0.191728755832
0.19775941968
0.174592509866
0.17978489399
0.16617295146
0.221872732043
0.201650559902
0.181576877832
0.229152470827
0.17242474854
0.189153090119
0.186280399561
0.264328330755
0.201641261578
0.243645101786
0.18237657845
0.223391875625
0.188883379102
0.187244877219
0.222117558122
0.1815559268
0.212210267782
0.21342985332
0.170314356685
0.205751702189
0.166582450271
0.172681853175
0.187549844384
0.237834692001
0.15581548214
0.165260016918
0.169660389423
0.2006059587
0.176291018724
0.180211097002
0.207562834024
0.206286773086
0.157753318548
0.20811098814
0.166101485491
0.201222002506
0.216461494565
0.160662546754
0.19638876617
0.184349834919
0.194884121418
0.1790445894
0.192919135094
0.196020394564
0.195025995374
0.220443502069
0.198444291949
0.202048629522
0.18718200922
0.190043568611
0.198256760836
0.180728703737
0.201809436083
0.180006787181
0.17722953856
0.20051522553
0.177129775286
0.238710001111
0.152398601174
0.178271815181
0.209066852927
0.171205729246
0.157051533461
0.191723749042
0.163044288754
0.152306079865
0.157915145159
0.171552076936
0.165271103382
0.187567025423
0.17424325645
0.197262763977
0.173668980598
0.194173321128
0.149776548147
0.179975450039
0.167959481478
0.130698040128
0.196699902415
0.214649572968
0.168992817402
0.138941273093
0.158961966634
0.186332881451
0.157090976834
0.164537340403
0.176546707749
0.174563243985
0.211456298828
0.176125004888
0.148200526834
0.202030092478
0.18282173574
0.191448792815
0.164773449302
0.168678447604
0.199549823999
0.154908448458
0.193747669458
0.18061389029
0.181591808796
0.240582928061
0.160517424345
0.160493656993
0.148369595408
0.189154237509
0.156387940049
0.161099106073
0.156535282731
0.177012056112
0.158092707396
0.196540936828
0.144356876612
0.150985255837
0.153079837561
0.173303693533
0.169266924262
0.187869295478
0.159997105598
0.140620648861
0.152788922191
0.160286575556
0.149644494057
0.170286417007
0.153403177857
0.166139066219
0.183355912566
0.156903713942
0.177765145898
0.178345993161
0.163613513112
0.165802598
0.171135395765
0.173250705004
0.123837418854
0.194521933794
0.193209573627
0.167839959264
0.121069289744
0.134946122766
0.140967547894
0.198043897748
0.141481414437
0.162009939551
0.16638161242
0.172524645925
0.182426199317
0.165294393897
0.168959215283
0.224565193057
0.18201687932
0.137670442462
0.160982891917
0.123634152114
0.18317052722
0.191026046872
0.159307271242
0.214034050703
0.106003627181
0.180317386985
0.195499494672
0.181222423911
0.134047240019
0.176246121526
0.166120693088
0.149600967765
0.160441547632
0.157804459333
0.162934377789
0.162958502769
0.208314061165
0.141526907682
0.13217908144
0.146756783128
0.184792414308
0.138783201575
0.14647500217
0.1565130651
0.127598807216
0.143246501684
0.157702341676
0.225554153323
0.145083129406
0.145788133144
0.221970304847
0.199074268341
0.110207736492
0.121101908386
0.203548073769
0.144983232021
0.135782152414
0.134973928332
0.144191175699
0.137466371059
0.145890817046
0.130415990949
0.12431871146
0.199719205499
0.159734621644
0.145141988993
0.150772467256
0.182090818882
0.217489138246
0.130389124155
0.142441019416
0.174984484911
0.151914328337
0.170911878347
0.12370300293
0.154012620449
0.145095542073
0.154227018356
0.169848933816
0.15075057745
0.168511986732
0.141017138958
0.159284830093
0.148602992296
0.186148628592
0.171818837523
0.173755854368
0.183866292238
0.169863238931
0.134256780148
0.141327559948
0.108852513134
0.215411379933
0.126277774572
0.127737253904
0.127298548818
0.133632406592
0.175702124834
0.162892371416
0.120159670711
0.154127448797
0.13158620894
0.147151783109
0.130586653948
0.110973231494
0.124761998653
0.153094410896
0.152506500483
0.152214512229
0.145700767636
0.152944132686
0.134039670229
0.126541376114
0.136113360524
0.19044265151
0.127781152725
0.120584182441
0.124890394509
0.116589196026
0.143130198121
0.124706864357
0.140597373247
0.114500671625
0.14994584024
0.12361626327
0.114716880023
0.141104355454
0.148202478886
0.13210400939
0.149716034532
0.17582629621
0.153512939811
0.138331696391
0.178982838988
0.13250541687
0.111876867712
0.127838507295
0.177350819111
0.119242265821
0.119754478335
0.141693592072
0.107350811362
0.156788304448
0.135888338089
0.163783594966
0.164629742503
0.144945800304
0.137391015887
0.121037311852
0.132976457477
0.162383779883
0.116257727146
0.156959712505
0.12082439661
0.160848215222
0.16014547646
0.125838652253
0.134881496429
0.137280508876
0.140954986215
0.169764518738
0.135199204087
0.1229904145
0.159259110689
0.155386283994
0.15295919776
0.151224374771
0.146569743752
0.131438270211
0.135115101933
0.115603342652
0.177404493093
0.16316357255
0.129484415054
0.113503366709
0.117990799248
0.14106272161
0.158867880702
0.120215326548
0.162296652794
0.185115128756
0.155412882566
0.132858932018
0.12538138032
0.161788016558
0.102412305772
0.153740957379
0.141365677118
0.135097503662
0.118934363127
0.132785409689
0.131992846727
0.0992007777095
0.206426888704
0.147264122963
0.13078430295
0.119867444038
0.179052904248
0.110070317984
0.142821133137
0.15390701592
0.105913937092
0.14644575119
0.176743775606
0.155029699206
0.166804879904
0.111092336476
0.181147575378
0.158126160502
0.189866602421
0.107632704079
0.147535994649
0.138161823153
0.134621828794
0.0848179683089
0.136508405209
0.135961681604
0.162981882691
0.117091909051
0.135651618242
0.12230604142
0.165538698435
0.132966890931
0.160603538156
0.191713750362
0.115843303502
0.117232114077
0.122225619853
0.12248095125
0.141046643257
0.118642359972
0.113521799445
0.141389131546
0.1763035357
0.15234157443
0.113428607583
0.114337578416
0.135218575597
0.135538905859
0.1044017151
0.1114282161
0.18154785037
0.127404332161
0.124899514019
0.135033801198
0.108274839818
0.113470092416
0.156608149409
0.139000043273
0.192719399929
0.120760440826
0.14851936698
0.120913378894
0.118774913251
0.13810069859
0.135192126036
0.130361884832
0.134809881449
0.138902872801
0.127235323191
0.139240205288
0.16637609899
0.188813850284
0.113317191601
0.12374587357
0.139707237482
0.123198069632
0.14056263864
0.144353762269
0.123568631709
0.0986429452896
0.17062151432
0.109443053603
0.138305678964
0.0891388878226
0.152320861816
0.153873622417
0.168327510357
