0.692992150784
0.693003356457
0.692988991737
0.692929387093
0.692952394485
0.692885518074
0.692897796631
0.692926466465
0.692882835865
0.692834496498
0.692841887474
0.692783474922
0.69273853302
0.692755401134
0.692747592926
0.692731559277
0.692716181278
0.692757487297
0.692669391632
0.692685365677
0.692655742168
0.692630946636
0.692585170269
0.692584514618
0.692538499832
0.692544639111
0.692549526691
0.692505598068
0.692503988743
0.692511260509
0.692484915257
0.692467987537
0.692412912846
0.692399382591
0.692398369312
0.692386806011
0.692325115204
0.69233161211
0.692297160625
0.69231569767
0.692281424999
0.692237973213
0.692215025425
0.692267715931
0.692207098007
0.692206978798
0.692185878754
0.692149817944
0.692097723484
0.692067205906
0.692084014416
0.692062139511
0.692103385925
0.692031800747
0.69199514389
0.692020535469
0.691960632801
0.691983401775
0.691972732544
0.691926956177
0.691953420639
0.691916704178
0.691909790039
0.691866934299
0.69186681509
0.691846728325
0.691763699055
0.691780924797
0.691779732704
0.691793620586
0.691751539707
0.691784381866
0.691742837429
0.691718101501
0.691709518433
0.691613376141
0.691664814949
0.691619455814
0.691595375538
0.691586732864
0.691551983356
0.691554963589
0.69157654047
0.691574454308
0.691498637199
0.691446602345
0.691429615021
0.69138354063
0.691403567791
0.691440343857
0.691351771355
0.691412627697
0.691426634789
0.691398084164
0.691335558891
0.691308915615
0.691338717937
0.691250085831
0.691305220127
0.691308140755
0.691258192062
0.691185772419
0.691167593002
0.691152513027
0.691168963909
0.69112443924
0.691137254238
0.691071748734
0.691076815128
0.691083490849
0.691063165665
0.69098418951
0.691067278385
0.691068470478
0.691007614136
0.69098263979
0.690951526165
0.690992534161
0.690926074982
0.690965175629
0.690921664238
0.690899729729
0.690865337849
0.690895736217
0.69080555439
0.690782368183
0.690748035908
0.690797328949
0.690727412701
0.690719366074
0.690759062767
0.690689206123
0.690805375576
0.690698742867
0.690672814846
0.69057059288
0.690624117851
0.690604329109
0.690614283085
0.69062435627
0.690538823605
0.690531015396
0.690554440022
0.690475702286
0.69052875042
0.690441429615
0.690458714962
0.690411090851
0.690371334553
0.690343797207
0.690373837948
0.690367102623
0.69035255909
0.690335988998
0.690300762653
0.690308213234
0.690335452557
0.690275609493
0.690315961838
0.690265953541
0.690277159214
0.690289616585
0.690274298191
0.690138936043
0.690230369568
0.690220832825
0.690261423588
0.690176308155
0.690113544464
0.690068364143
0.690111398697
0.690046429634
0.690013110638
0.690075755119
0.689988017082
0.689937710762
0.690026342869
0.689904689789
0.690018832684
0.689971208572
0.68988186121
0.689940571785
0.689933955669
0.689820885658
0.689874053001
0.689750552177
0.689757585526
0.689835786819
0.689757704735
0.689753115177
0.689740538597
0.689749360085
0.689738512039
0.689615249634
0.689684510231
0.689633250237
0.68957811594
0.689667999744
0.689668834209
0.689631044865
0.68958902359
0.68965446949
0.689466655254
0.689473986626
0.689513325691
0.689442336559
0.689449429512
0.689549446106
0.689492702484
0.689359366894
0.689441502094
0.689370036125
0.689354121685
0.689459621906
0.689408779144
0.689306914806
0.689345180988
0.689388692379
0.689285337925
0.689235508442
0.689265727997
0.689228057861
0.689254820347
0.689219653606
0.68922239542
0.68922162056
0.689124703407
0.689075767994
0.689151525497
0.689162969589
0.689259469509
0.6891258955
0.689060389996
0.689038932323
0.689024865627
0.689028680325
0.689047694206
0.68896573782
0.688970625401
0.688902795315
0.689010679722
0.688951015472
0.688930034637
0.688869655132
0.688760578632
0.688934326172
0.688853263855
0.688968837261
0.68880033493
0.688854217529
0.68900424242
0.68886911869
0.688904821873
0.689012408257
0.688911676407
0.68898665905
0.688950300217
0.688922286034
0.688942015171
0.688953995705
0.688812613487
0.688974022865
0.688862025738
0.689006090164
0.68888759613
0.689022243023
0.689077615738
0.688906908035
0.688966393471
0.688882529736
0.688921511173
0.688787698746
0.688796937466
0.688899219036
0.688922703266
0.68883651495
0.68881726265
0.688818514347
0.688718318939
0.688758194447
0.68875092268
0.688909888268
0.688795566559
0.688764631748
0.688836097717
0.688756525517
0.688871741295
0.688877284527
0.688995420933
0.688911676407
0.688784480095
0.688819527626
0.688873052597
0.688823878765
0.688779234886
0.688933491707
0.688798904419
0.688938140869
0.688959777355
0.688723683357
