0.695001542568
0.694083333015
0.693354904652
0.69309347868
0.692365467548
0.692032873631
0.69191300869
0.691503882408
0.69120901823
0.691205561161
0.690744519234
0.690589725971
0.689850509167
0.689987540245
0.689472317696
0.689217269421
0.688593566418
0.6880671978
0.687781512737
0.687085270882
0.686935067177
0.685971200466
0.686225652695
0.684944093227
0.684279441833
0.683897435665
0.683274745941
0.682091236115
0.682023942471
0.681196987629
0.679674744606
0.678061783314
0.677879989147
0.675906300545
0.675465583801
0.672115027905
0.672341227531
0.669869720936
0.668477475643
0.665675759315
0.664667963982
0.661897063255
0.660506367683
0.657483637333
0.65584987402
0.64972192049
0.647604286671
0.64582157135
0.637845516205
0.636112987995
0.633778333664
0.629550218582
0.620953321457
0.615190327168
0.611411809921
0.604328453541
0.602592945099
0.599067628384
0.58668333292
0.578966021538
0.568398952484
0.560252964497
0.560303986073
0.559438169003
0.548856914043
0.548239588737
0.536015748978
0.544612705708
0.521933197975
0.524147152901
0.524157583714
0.519890069962
0.512918591499
0.506514787674
0.497674435377
0.489501446486
0.483854502439
0.48485454917
0.478293508291
0.477917999029
0.466976493597
0.466169714928
0.4507419765
0.43953794241
0.475363463163
0.431934326887
0.438619166613
0.455006301403
0.452543616295
0.421343296766
0.441580623388
0.413684457541
0.439735889435
0.400450408459
0.395441710949
0.387897133827
0.386742979288
0.401618182659
0.392557442188
0.389498233795
0.399429529905
0.375260800123
0.352268189192
0.388735592365
0.351017713547
0.396693527699
0.372456669807
0.364441245794
0.355869203806
0.359826892614
0.336813658476
0.354220658541
0.367079645395
0.362287342548
0.311217218637
0.32191246748
0.350722938776
0.35570538044
0.331619411707
0.336583048105
0.325705170631
0.354494929314
0.322671830654
0.336856514215
0.30518835783
0.327215611935
0.297307908535
0.295753836632
0.335158824921
0.31004524231
0.307500213385
0.32415547967
0.312719553709
0.279663562775
0.284258872271
0.304738521576
0.29109659791
0.306313484907
0.317377448082
0.299044311047
0.275564879179
0.303666681051
0.273180782795
0.297107309103
0.300612866879
0.2649538517
0.260964483023
0.275360226631
0.285289794207
0.278052181005
0.28078815341
0.273631840944
0.274753421545
0.260852456093
0.245411679149
0.224373817444
0.279084652662
0.219155132771
0.266800016165
0.235921964049
0.26288998127
0.269846796989
0.244737148285
0.256008923054
0.246088787913
0.230520427227
0.265899449587
0.235181108117
0.298228770494
0.270348548889
0.256738305092
0.213179498911
0.263646095991
0.197632133961
0.249773308635
0.232365697622
0.225746229291
0.293571174145
0.22328402102
0.227925270796
0.200507685542
0.231463998556
0.202881976962
0.250641673803
0.22945921123
0.237093403935
0.190651193261
0.220098167658
0.242005765438
0.173187687993
0.201523199677
0.22586633265
0.229843661189
0.220498755574
0.222977727652
0.194207504392
0.228014677763
0.171158879995
0.180455356836
0.208110138774
0.23298317194
0.168522790074
0.205178648233
0.200201675296
0.204748466611
0.227374792099
0.192938014865
0.180173784494
0.206961080432
0.179700270295
0.193395778537
0.224641084671
0.220936208963
0.173493862152
0.166271492839
0.191288873553
0.191476210952
0.177390605211
0.190888643265
0.169516846538
0.165536120534
0.188830956817
0.185913696885
0.201600626111
0.185536161065
0.146307528019
0.209155797958
0.194286063313
0.152386710048
0.191978812218
0.176927298307
0.160718113184
0.201823502779
0.176635563374
0.208872407675
0.167590469122
0.154557541013
0.238828927279
0.153579950333
0.234029531479
0.205842733383
0.180378913879
0.214182436466
0.21005371213
0.171546310186
0.199575513601
0.203036829829
0.196541130543
0.152869105339
0.217577368021
0.197523593903
0.147529795766
0.195895984769
0.164940729737
0.197399824858
0.160435527563
0.190772637725
0.150553449988
0.154098257422
0.186716407537
0.141651600599
0.172768488526
0.166866064072
0.162656664848
0.19584313035
0.131104394794
0.166111588478
0.172280922532
0.197477310896
0.159022480249
0.17733643949
0.166642069817
0.172010168433
0.122972309589
0.174801021814
0.182484418154
0.164389789104
0.139978721738
0.135377168655
0.189952045679
0.211462259293
0.161790832877
0.121850900352
0.134704992175
0.137937858701
0.134000688791
0.114979617298
0.138852640986
0.11602319777
0.157118231058
0.153457894921
0.175293639302
0.155836433172
0.132456466556
0.240563184023
0.194580972195
0.143692985177
0.159653380513
0.142605006695
0.161640301347
0.166471540928
0.161716014147
0.154855966568
0.199587181211
0.138103559613
0.155706346035
0.123295553029
0.11545188725
0.13914129138
0.192216187716
0.128414049745
0.186358124018
0.147785395384
0.157274901867
0.148677900434
0.126677021384
0.150487646461
0.163767799735
0.158127948642
0.162080034614
0.127033174038
0.137156665325
0.166131287813
0.209015250206
0.132802754641
0.124616503716
0.161265730858
0.163308396935
0.132329702377
0.170740321279
0.171651288867
0.151143074036
0.142900958657
0.146385923028
0.152873978019
0.109693646431
0.138120144606
0.127543732524
0.145170971751
0.116447284818
0.123303927481
0.14958691597
0.124739214778
0.146270409226
0.112155750394
0.121895208955
0.143675625324
0.10724671185
0.103771477938
0.14551782608
0.154683157802
0.102953523397
0.095921933651
0.178227007389
0.154926612973
0.118727214634
0.146071687341
0.123296402395
0.159137189388
0.152758941054
0.127607002854
0.109007783234
0.153516307473
0.0975072905421
0.113266788423
0.155681997538
0.20381847024
0.140475302935
0.134906992316
0.141411334276
0.146657034755
0.109772630036
0.157356634736
0.134341046214
0.178563117981
0.0943233370781
0.112508840859
0.123368404806
0.149202823639
0.0969813019037
0.125978186727
0.134832337499
0.142526298761
0.109693460166
0.167358934879
0.132206559181
0.132673338056
0.127056062222
0.102900154889
0.128748849034
0.100915037096
0.101989977062
0.108233906329
0.115197695792
0.103123351932
0.118619441986
0.131104469299
0.15541601181
0.127391576767
0.134002536535
0.0895374417305
0.121250748634
0.0827959775925
0.148173034191
0.113060384989
0.135970398784
0.0914058312774
0.146432369947
0.11834705621
0.126811370254
0.125462725759
0.102278761566
0.12018763274
0.0783462226391
0.0951561182737
0.113662458956
0.116882286966
0.137817397714
0.117919072509
0.104637786746
0.124711312354
0.113371863961
0.114350557327
0.102072685957
0.119333148003
0.125625818968
0.143344789743
0.123358406126
0.0948323607445
0.150680452585
0.0854783803225
0.0982987582684
0.17444999516
0.19076512754
0.0708726122975
0.103473253548
0.0949017852545
0.0972665920854
0.128170743585
0.128769025207
0.0786560773849
0.105079390109
0.0946015045047
0.120298877358
0.0809963345528
0.12041914463
0.138742387295
0.0956407040358
0.105246178806
0.113238766789
0.134584739804
0.0936132669449
0.0868587568402
0.12995903194
0.140228241682
0.12606741488
0.0960996672511
0.0893274173141
0.109171889722
0.13899089396
0.0947592556477
0.0967446118593
0.090134523809
0.118556819856
0.129262059927
0.0858963951468
0.0704130753875
0.0900421589613
0.0944128185511
0.126834541559
0.112466782331
0.10436090827
0.173986107111
0.132374212146
0.124436318874
0.0693537816405
0.100948862731
0.0863784775138
0.0898567736149
0.126750707626
0.134882852435
0.112232662737
0.136412143707
0.133617475629
0.122754745185
0.083883985877
0.122306153178
0.121943198144
0.102543525398
0.130350589752
0.0910478830338
0.117250621319
0.09391926229
0.123660817742
0.0827062129974
0.101530276239
0.114739879966
0.0978061705828
0.102058775723
0.180863767862
0.135421454906
0.080946341157
0.0637973248959
0.131788149476
0.0667002126575
0.102550052106
0.106461890042
0.145830512047
0.102370582521
0.132192850113
0.072228692472
0.0999047011137
0.0765989273787
0.140236824751
0.111626677215
0.109786190093
0.0677897408605
0.125253424048
0.109006404877
0.129200443625
0.101730793715
0.100547663867
0.115596346557
0.118711598217
0.0936893001199
0.066760674119
0.0879260078073
0.12909810245
0.137040227652
0.0875213220716
0.0690343603492
0.101920299232
0.123370811343
0.086698487401
0.0760469138622
0.0884576290846
0.122103340924
0.0804040208459
0.110739909112
0.116507723927
0.107856139541
0.0875085219741
0.122435227036
0.0799537301064
0.104703187943
0.09202183038
0.12287543714
0.0871204212308
0.0952345505357
0.10239199549
0.112572021782
0.107259444892
0.0624813623726
0.0926882326603
0.0811800435185
0.127860546112
0.0936358645558
0.101699791849
0.0588748939335
0.101814806461
0.0742867141962
0.108026497066
0.0719635859132
0.08953217417
0.0762701705098
0.0922421365976
0.084473580122
0.0793852061033
0.0865034982562
0.0626110807061
0.0827908888459
0.061499170959
0.0687165632844
0.060285475105
0.0728086829185
0.0846659615636
0.0687576010823
0.079336732626
0.138814911246
0.0963004529476
0.0705052390695
0.0786850899458
0.130956664681
0.110256463289
0.0690081417561
0.0894059091806
0.111115075648
0.0798192024231
0.0984717458487
0.0746138840914
0.112641610205
0.0852291956544
0.122098520398
0.0465725511312
0.0996248945594
0.122789807618
0.124861598015
0.0868508145213
0.0888399630785
0.0591386668384
0.120116442442
0.0646596550941
0.118487626314
0.0957897305489
0.0876749455929
0.0675085037947
0.0676503330469
0.0731553807855
0.0657378062606
0.129751473665
0.120971634984
0.0779275298119
0.0955194160342
0.101070657372
0.113349154592
0.0911504030228
0.0878468975425
0.0795630142093
0.0670633092523
0.129840552807
0.0974551513791
0.0729586407542
0.0814493298531
0.0685575976968
0.0719031170011
0.102807998657
0.0586797334254
0.0763514712453
0.0586459189653
0.0979444906116
0.0889725089073
0.0704858899117
0.0997333824635
0.0791714116931
0.0649382993579
0.0699051916599
0.128558903933
0.129722759128
0.0631981492043
0.0717004984617
0.0715098381042
0.151158258319
0.100503593683
0.0758685991168
0.0621117949486
0.0787213593721
0.0979329198599
0.061047334224
0.0791791602969
0.050652500242
0.0849734023213
0.0941204503179
0.0796998366714
0.100571401417
0.0582770481706
0.0603188760579
0.0839136838913
0.112852923572
0.0576521791518
0.0713649392128
0.0660186186433
0.0634497180581
0.0972232669592
0.0907939895988
0.102569833398
0.0623645596206
0.0481167249382
0.097075894475
0.102164782584
0.0604393035173
0.0844882279634
0.0697906017303
0.0661080405116
0.0786316543818
0.116644173861
0.0709867030382
0.0718940421939
0.0442866459489
0.102295599878
0.0924433916807
0.0922313779593
0.0573263950646
0.0870842561126
0.0755423232913
0.0519997216761
0.0505991876125
0.0605511590838
0.0702969357371
0.102941207588
0.0931681320071
0.0472058840096
0.0848176106811
0.0548557937145
0.0780046060681
0.0566753856838
0.0783772319555
0.0953726917505
0.0701130777597
0.111116588116
0.0592161938548
0.0882848128676
0.0665055960417
0.07631585747
0.0781831890345
0.0869265273213
0.0834159851074
0.064523935318
0.120412781835
0.116117805243
0.122133739293
0.0854520499706
0.123223505914
0.0860106498003
0.0583754852414
0.0726943537593
0.0607647038996
0.055287797004
0.0799450278282
0.0622882917523
0.0861447378993
0.101584494114
0.0524088777602
0.0898761600256
0.0915334224701
0.0640667378902
0.0668509602547
0.0567293949425
0.0511958785355
0.0815668702126
0.0749977827072
0.0705804526806
0.0863710939884
0.0406299419701
0.0887263342738
0.0841308385134
0.0628878548741
0.10174369067
0.0636509507895
0.0802706107497
0.0999807789922
0.076537065208
0.0723758488894
0.0606082156301
0.0580509640276
0.0694660097361
0.0749126374722
0.0672172904015
0.0675536990166
0.107466131449
0.0620836131275
0.0503116138279
0.0643180906773
0.0343951843679
0.0507368892431
0.0688309520483
0.0732062608004
0.0715076476336
0.0794336721301
0.0941698923707
0.0516276136041
0.0673916339874
0.0814353078604
0.0621450394392
0.0450126193464
0.0682212710381
0.0485340431333
0.10959263891
0.0683869719505
0.046726167202
0.0566333569586
0.0689036548138
0.0601344779134
0.0562712773681
0.0860858634114
0.0623751096427
0.0415463037789
0.0384517982602
0.0409463122487
0.0585022941232
0.0538426265121
0.087664090097
0.0755144879222
0.0800848901272
0.0682757422328
0.0410163700581
0.0842328891158
0.0696419849992
0.0377238020301
0.06585945189
0.0394351929426
0.0571753419936
0.0527864694595
0.047539845109
0.0895650014281
0.0855394229293
0.0604289583862
0.100001677871
0.0448797084391
0.0454635359347
0.062542386353
0.0590411201119
0.0654219686985
0.0518345870078
0.0554695762694
0.0597746260464
0.0710833966732
0.0658333972096
0.0627300664783
0.0579320751131
0.0880041196942
0.0813399553299
0.0360438004136
0.0676697790623
0.0386248342693
0.0406408943236
0.0939378961921
0.0887279361486
0.0307253170758
0.0516731180251
0.0542995259166
0.0620747506618
0.0835215374827
0.0846805945039
0.109885856509
0.0717180296779
0.0983437076211
0.0585555769503
0.0745273903012
0.0538553707302
0.0566073916852
0.0690835937858
0.073465436697
0.059084739536
0.0505013801157
0.0551782920957
0.0430853292346
0.0697840377688
0.0543044395745
0.0755403190851
0.0565676428378
0.0587527453899
0.047742176801
0.0505251586437
0.0647805407643
0.0995830968022
0.0734879896045
0.0836994722486
0.0995682701468
0.0912001356483
0.0759667158127
0.0441601015627
0.0635765567422
0.0536016188562
0.0360810346901
0.066403619945
0.0646150186658
0.073320813477
0.0939451009035
0.063488855958
0.0843989700079
0.0349494330585
0.038860168308
0.053992304951
0.0645406618714
0.047450274229
0.0404292792082
0.0603559203446
0.0443911664188
0.0929798707366
0.0728135257959
0.0491336137056
0.0470428057015
0.0355521179736
0.103292480111
0.0979806855321
0.0391139723361
0.0733763054013
0.0681506246328
0.0507485494018
0.0599329508841
0.0854458287358
0.0590359680355
0.0458294861019
0.116034924984
0.0423810184002
0.0606417693198
0.0990954488516
0.051455501467
0.0812555253506
0.0642797872424
0.05617242679
0.0846999287605
0.063651189208
0.0692422538996
0.0741543993354
0.0485861748457
0.0700066238642
0.0727839544415
0.0480428263545
0.069814234972
0.0481864213943
0.0610005371273
0.0835047066212
0.0565617084503
0.0404543802142
0.0697646960616
0.0369291305542
0.037537317723
0.0768441930413
0.0805530026555
0.0630533844233
0.0320764109492
0.0746636390686
0.0859470739961
0.0935334712267
0.0803406238556
0.0304576829076
0.0384148955345
0.150307759643
0.0468621850014
0.0422817990184
0.0683145672083
0.0627500042319
0.071192920208
0.100860580802
0.056098613888
0.0424148365855
0.0604832917452
0.0639565214515
0.0491556450725
0.0695145502687
0.0746860355139
0.0559850558639
0.0967899262905
0.0505192726851
0.104503646493
0.133698940277
0.0660573095083
0.0536272078753
0.0639882162213
0.0761633962393
0.0364348404109
0.0441661924124
0.0556261017919
0.0493105649948
0.069437071681
0.0676057338715
0.0608104690909
0.0459142252803
0.0871530398726
0.0591744035482
0.0465656742454
0.0515797138214
0.0612344667315
0.0419666841626
0.0509955137968
0.0635178759694
0.0634551271796
0.0448063910007
0.0458362773061
0.0858065932989
0.0351177603006
0.0799707919359
0.0643133148551
0.0502896010876
0.0500033088028
0.0448096990585
0.0455984808505
0.0771006047726
0.0654048621655
0.0458012372255
0.0750296264887
0.0836421251297
0.0728835240006
0.0651729404926
0.0514167696238
0.0550004988909
0.0468257851899
0.0420946255326
0.0454859025776
0.079323336482
0.0971214324236
0.113283410668
0.0712814480066
0.0859794765711
0.06819986552
0.0441547296941
0.0658073350787
0.0639488697052
0.0660659298301
0.0835972875357
0.0367205031216
0.0605207122862
0.0562981106341
0.0379747487605
0.0398402102292
0.0628430321813
0.065536223352
0.0418986566365
0.102817416191
