1.06544589996
1.04099905491
0.980362772942
0.997536361217
0.993448853493
0.991409063339
0.971289038658
0.973289072514
0.976674735546
0.988534331322
0.999403297901
0.943590760231
1.03150367737
0.983069300652
0.972059965134
0.945475757122
0.978903353214
0.969797730446
0.937536597252
0.950971782207
0.936110794544
0.952520251274
0.926063776016
0.969514787197
0.923142671585
0.993817269802
0.91410523653
0.926300883293
0.929363071918
0.88963586092
0.942782640457
0.896268129349
0.950087845325
0.922487437725
0.89572173357
0.929157972336
0.890159845352
0.859967589378
0.894663453102
0.909209787846
0.915530443192
0.853568911552
0.859653532505
0.908867955208
0.866234898567
0.906266689301
0.880588233471
0.883110523224
0.893226742744
0.891364216805
0.897428810596
0.830058693886
0.860873162746
0.9119374156
0.824979186058
0.844772398472
0.852620184422
0.879429221153
0.844948351383
0.825067162514
0.847880244255
0.855243504047
0.829029738903
0.87213909626
0.827121496201
0.839350402355
0.839380502701
0.796937584877
0.86020052433
0.855623066425
0.872159183025
0.851394891739
0.815014898777
0.813948392868
0.843640804291
0.85218578577
0.870528519154
0.819379091263
0.842516124249
0.868682324886
0.807688653469
0.803093016148
0.80201792717
0.806952178478
0.786106109619
0.843002676964
0.833741366863
0.780641496181
0.807334363461
0.781202375889
0.801296412945
0.79880297184
0.777567267418
0.80043810606
0.807137668133
0.804444313049
0.783725261688
0.753059208393
0.77963155508
0.770008087158
0.754080891609
0.79060781002
0.818462610245
0.811733067036
0.749797999859
0.783795595169
0.754503786564
0.766267359257
0.749746799469
0.799056887627
0.764800965786
0.770199298859
0.773769378662
0.777802705765
0.793425321579
0.770254790783
0.762427806854
0.778682231903
0.742683827877
0.783937752247
0.740332901478
0.796738862991
0.756300151348
0.775285243988
0.78004014492
0.763992071152
0.742082715034
0.756558477879
0.730251908302
0.731459736824
0.741666257381
0.718030512333
0.721047878265
0.741749227047
0.772312581539
0.727661192417
0.739682078362
0.752094089985
0.735854208469
0.721196770668
0.714206695557
0.750666320324
0.721875846386
0.737480044365
0.739162564278
0.695485234261
0.742263436317
0.773913562298
0.794024825096
0.736188590527
0.741988003254
0.713198900223
0.72997123003
0.732946753502
0.704499900341
0.721675097942
0.716464161873
0.691092014313
0.730215370655
0.715931653976
0.749893248081
0.722801864147
0.719448626041
0.758353471756
0.719990074635
0.713923454285
0.715975224972
0.713755369186
0.711388707161
0.680731356144
0.710597634315
0.711187303066
0.717393815517
0.722803771496
0.664524137974
0.721736848354
0.711305618286
0.701188266277
0.694666266441
0.69071751833
0.670363426208
0.71975171566
0.682674229145
0.696976542473
0.690331935883
0.678651034832
0.670557618141
0.693104505539
0.684736728668
0.709911584854
0.677085936069
0.696270167828
0.708660423756
0.684684514999
0.68643707037
0.666922092438
0.709790945053
0.701696932316
0.664832293987
0.691310763359
0.668186247349
0.68931812048
0.675676524639
0.708081781864
0.697054684162
0.65104585886
0.650211036205
0.664918720722
0.677246510983
0.67047816515
0.664898812771
0.679075539112
0.660593152046
0.668773770332
0.679967939854
0.678300201893
0.681558251381
0.671613812447
0.664730191231
0.672660708427
0.69388127327
0.690973222256
0.692015588284
0.708517968655
0.628188431263
0.662895023823
0.667891800404
0.688909769058
0.671070456505
0.64120721817
0.646713793278
0.649569094181
0.642164051533
0.68676674366
0.65901362896
0.647197425365
0.639237999916
0.65660238266
0.640655219555
0.653012931347
0.654753923416
0.665801286697
0.661480426788
0.66393917799
0.644456505775
0.642949819565
0.603616476059
0.612680673599
0.630049705505
0.665551781654
0.620230853558
0.622777223587
0.633578538895
0.643161535263
0.623543262482
0.65038305521
0.640498042107
0.640821814537
0.621846199036
0.619715750217
0.653003394604
0.644828915596
0.615588247776
0.605408728123
0.634538531303
0.652873694897
0.6182898283
0.629466891289
0.627363979816
0.613563120365
0.616470456123
0.611578464508
0.633651316166
0.643191158772
0.608908355236
0.61913049221
0.61581492424
0.656537592411
0.630005538464
0.642163336277
0.644438683987
0.609772980213
0.604835093021
0.609544456005
0.624693095684
0.623344182968
0.611185491085
0.622159659863
0.609748005867
0.591118514538
0.589333295822
0.59536755085
0.58275616169
0.60083347559
0.59174734354
0.599102854729
0.603004336357
0.639118492603
0.619098424911
0.608102500439
0.605830848217
0.610827922821
0.576532006264
0.614351212978
0.605902075768
0.627628028393
0.580425858498
0.617227554321
0.59808498621
0.575406849384
0.616847932339
0.612554609776
0.595364093781
0.602007389069
0.609333753586
0.602607548237
0.609184682369
0.595016539097
0.591510057449
0.630935013294
0.597194254398
0.622324228287
0.601417899132
0.598487436771
0.569525241852
0.609219133854
0.602276146412
0.590375602245
0.578921735287
0.621474325657
0.593476891518
0.572511553764
0.606080949306
0.587405860424
0.565368890762
0.62377178669
0.605696022511
0.642944216728
0.581450045109
0.571285665035
0.593740820885
0.595962285995
0.591101050377
0.551172554493
0.585775375366
0.561852276325
0.583720266819
0.575672984123
0.593704462051
0.581826508045
0.54917627573
0.571877360344
0.585589945316
0.58135586977
0.58531832695
0.610078275204
0.584347605705
0.552840828896
0.544440567493
0.591488718987
0.555557370186
0.534400999546
0.591135084629
0.532976567745
0.602656960487
0.58542817831
0.55740070343
0.577039897442
0.564763367176
0.559580981731
0.574930846691
0.588936209679
0.553568482399
0.56459403038
0.552230477333
0.579718887806
0.540581524372
0.558665335178
0.535280525684
0.570118486881
0.582318425179
0.578092932701
0.539657652378
0.552424430847
0.582524895668
0.560251355171
0.565861940384
0.601289391518
0.587993860245
0.536820173264
0.563275456429
0.581510841846
0.532736897469
0.570897519588
0.535105466843
0.547268092632
0.530559957027
0.533747911453
0.537026226521
0.534343659878
0.524939060211
0.544992268085
0.529428303242
0.570868730545
0.54061716795
0.55282086134
0.548018097878
0.553649187088
0.533815383911
0.535016298294
0.554083108902
0.548655748367
0.549264431
0.551712691784
0.555296242237
0.550515830517
0.506813764572
0.520912289619
0.523571491241
0.537308931351
0.533875048161
0.531887829304
0.524491786957
0.537845909595
0.538398981094
0.547484755516
0.523480057716
0.535247862339
0.544124424458
0.510817587376
0.512638986111
0.524405419827
0.520939052105
0.523152291775
0.537269532681
0.547784924507
0.545356869698
0.544509351254
0.525291919708
0.515410482883
0.551362216473
0.519347429276
0.531894862652
0.520982265472
0.531778752804
0.541419327259
0.518187761307
0.529510498047
0.540799558163
0.522281110287
0.482128798962
0.484246194363
0.528626024723
0.503904759884
0.514580011368
0.543347716331
0.53351432085
0.539279103279
0.505209326744
0.498433858156
0.535659313202
0.487333744764
0.511529266834
0.523081541061
0.469991803169
0.523979842663
0.518682777882
0.525390148163
0.513161659241
0.519645810127
0.504381775856
0.513171195984
0.49545815587
0.480220913887
0.509315609932
0.521712124348
0.540824174881
0.488731950521
0.485023438931
0.493251740932
0.506327033043
0.494160801172
0.51624339819
0.497776150703
0.498284161091
0.535503745079
0.474730938673
0.483908295631
0.500492751598
0.501197934151
0.500302374363
0.508324146271
0.500831067562
0.4996047616
0.54195189476
0.480585753918
0.511397302151
0.505828261375
0.51005512476
0.505187034607
0.51191174984
0.498752713203
0.496028393507
0.494762212038
0.471036404371
0.510520160198
0.507899940014
0.515203237534
0.489751309156
0.517994940281
0.512190818787
0.486584067345
0.479836881161
0.520563423634
0.527875006199
0.498691469431
0.524980485439
0.519319236279
0.493144333363
0.51784735918
0.532347083092
0.494290709496
0.477320313454
0.483777970076
0.523005545139
0.510693311691
0.49393543601
0.502857387066
0.508941531181
0.480403989553
0.524640619755
0.507986664772
0.507262885571
0.482289075851
0.485862076283
0.512707471848
0.477460324764
0.48836171627
0.479582846165
0.508405148983
0.480767101049
0.502948343754
0.493941605091
0.53194886446
0.478116363287
0.489548921585
0.509047806263
0.538810789585
0.510276436806
0.505343139172
0.509806573391
0.50613206625
0.487915784121
0.491047680378
0.465997099876
0.484248429537
0.474155008793
0.503217279911
0.48390185833
0.489365845919
0.483276426792
0.473142623901
0.492311418056
0.489085584879
0.493680715561
0.51430118084
0.494462311268
0.485935181379
0.51652187109
0.52832698822
0.500063419342
0.516114294529
0.509959578514
0.489944398403
0.476554244757
0.542112648487
0.502997994423
0.470557242632
0.48837724328
0.454919844866
0.495240658522
0.518999636173
0.505159318447
0.510304152966
0.500485599041
0.522033572197
0.487190276384
0.516063928604
0.489756435156
0.511987030506
0.487850964069
0.499976634979
0.506565392017
0.502510547638
0.486227542162
0.520275115967
0.517049491405
0.51437830925
0.492822647095
0.536015212536
