0.43902438879
0.56097561121
0.56097561121
0.56097561121
0.56097561121
0.56097561121
0.56097561121
0.56097561121
0.56097561121
0.56097561121
0.56097561121
0.56097561121
0.56097561121
0.56097561121
0.56097561121
0.56097561121
0.56097561121
0.56097561121
0.770731687546
0.843902468681
0.868292689323
0.853658556938
0.887804865837
0.882926821709
0.897560954094
0.907317101955
0.926829278469
0.936585366726
0.926829278469
0.95609754324
0.946341454983
0.946341454983
0.946341454983
0.951219499111
0.960975587368
0.960975587368
0.95609754324
0.95609754324
0.951219499111
0.960975587368
0.941463410854
0.95609754324
0.965853631496
0.95609754324
0.946341454983
0.960975587368
0.965853631496
0.946341454983
0.960975587368
0.970731735229
0.970731735229
0.965853631496
0.960975587368
0.965853631496
0.960975587368
0.965853631496
0.970731735229
0.965853631496
0.965853631496
0.970731735229
0.965853631496
0.960975587368
0.965853631496
0.970731735229
0.95609754324
0.965853631496
0.960975587368
0.965853631496
0.960975587368
0.970731735229
0.970731735229
0.965853631496
0.960975587368
0.965853631496
0.970731735229
0.970731735229
0.965853631496
0.970731735229
0.965853631496
0.970731735229
0.965853631496
0.970731735229
0.965853631496
0.965853631496
0.970731735229
0.965853631496
0.965853631496
0.970731735229
0.960975587368
0.960975587368
0.970731735229
0.965853631496
0.960975587368
0.960975587368
0.960975587368
0.965853631496
0.965853631496
0.970731735229
0.95609754324
0.95609754324
0.970731735229
0.970731735229
0.965853631496
0.960975587368
0.960975587368
0.960975587368
0.95609754324
0.960975587368
0.960975587368
0.970731735229
0.970731735229
0.965853631496
0.970731735229
0.965853631496
0.965853631496
0.960975587368
0.970731735229
0.960975587368
0.965853631496
0.965853631496
0.970731735229
0.960975587368
0.960975587368
0.965853631496
0.970731735229
0.970731735229
0.965853631496
0.970731735229
0.970731735229
0.965853631496
0.965853631496
0.970731735229
0.965853631496
0.970731735229
0.970731735229
0.960975587368
0.970731735229
0.965853631496
0.970731735229
0.965853631496
0.970731735229
0.970731735229
0.970731735229
0.970731735229
0.970731735229
0.970731735229
0.965853631496
0.970731735229
0.970731735229
0.970731735229
0.970731735229
0.970731735229
0.970731735229
0.970731735229
0.970731735229
0.960975587368
0.970731735229
0.970731735229
0.960975587368
0.970731735229
0.970731735229
0.970731735229
0.970731735229
0.970731735229
0.970731735229
0.970731735229
0.970731735229
0.970731735229
0.970731735229
0.970731735229
0.970731735229
0.970731735229
0.970731735229
0.970731735229
0.970731735229
0.970731735229
0.970731735229
0.970731735229
0.970731735229
0.970731735229
0.970731735229
0.970731735229
0.970731735229
0.970731735229
0.970731735229
0.970731735229
0.970731735229
0.970731735229
0.970731735229
0.965853631496
0.965853631496
0.970731735229
0.970731735229
0.970731735229
0.970731735229
0.970731735229
0.970731735229
0.970731735229
0.970731735229
0.970731735229
0.970731735229
0.970731735229
0.965853631496
0.965853631496
0.970731735229
0.970731735229
0.970731735229
0.970731735229
0.970731735229
0.965853631496
0.965853631496
0.970731735229
0.965853631496
0.965853631496
0.965853631496
0.970731735229
0.965853631496
0.970731735229
0.965853631496
0.970731735229
0.960975587368
0.970731735229
0.960975587368
0.965853631496
0.970731735229
0.965853631496
0.970731735229
0.970731735229
0.970731735229
0.970731735229
0.965853631496
0.960975587368
0.970731735229
0.965853631496
0.965853631496
0.965853631496
0.960975587368
0.970731735229
0.965853631496
0.970731735229
0.965853631496
0.970731735229
0.970731735229
0.970731735229
0.970731735229
0.965853631496
0.965853631496
0.965853631496
0.970731735229
0.970731735229
0.970731735229
0.970731735229
0.970731735229
0.965853631496
0.970731735229
0.970731735229
0.970731735229
0.970731735229
0.965853631496
0.965853631496
0.970731735229
0.970731735229
0.965853631496
0.970731735229
0.970731735229
0.965853631496
0.970731735229
0.970731735229
0.965853631496
0.970731735229
0.965853631496
0.970731735229
0.965853631496
0.965853631496
0.960975587368
0.970731735229
0.970731735229
0.970731735229
0.970731735229
0.965853631496
0.970731735229
0.965853631496
0.970731735229
0.970731735229
0.970731735229
0.965853631496
0.970731735229
0.970731735229
0.970731735229
0.965853631496
0.965853631496
0.970731735229
0.970731735229
0.970731735229
0.965853631496
0.965853631496
0.965853631496
0.970731735229
0.970731735229
0.960975587368
0.960975587368
0.970731735229
0.970731735229
0.95609754324
0.95609754324
0.960975587368
0.970731735229
0.970731735229
0.970731735229
0.965853631496
0.95609754324
0.970731735229
0.970731735229
0.970731735229
0.970731735229
0.970731735229
0.965853631496
0.970731735229
0.970731735229
0.960975587368
0.970731735229
0.965853631496
0.970731735229
0.970731735229
0.970731735229
0.970731735229
0.970731735229
0.970731735229
0.960975587368
0.960975587368
0.965853631496
0.970731735229
0.965853631496
0.965853631496
0.965853631496
0.970731735229
0.970731735229
0.965853631496
0.970731735229
0.970731735229
0.970731735229
0.970731735229
0.965853631496
0.970731735229
0.970731735229
0.970731735229
0.965853631496
0.970731735229
0.970731735229
0.970731735229
0.970731735229
0.970731735229
0.970731735229
0.970731735229
0.965853631496
0.970731735229
0.970731735229
0.970731735229
0.965853631496
0.970731735229
0.970731735229
0.970731735229
0.970731735229
0.970731735229
0.970731735229
0.965853631496
0.970731735229
0.970731735229
0.965853631496
0.970731735229
0.960975587368
0.965853631496
0.970731735229
0.965853631496
0.970731735229
0.970731735229
0.965853631496
0.970731735229
0.95609754324
0.970731735229
0.965853631496
0.95609754324
0.95609754324
0.970731735229
0.960975587368
0.965853631496
0.965853631496
0.965853631496
0.970731735229
0.960975587368
0.960975587368
0.965853631496
0.965853631496
0.970731735229
0.965853631496
0.970731735229
0.970731735229
0.960975587368
0.970731735229
0.970731735229
0.965853631496
0.970731735229
0.965853631496
0.960975587368
0.970731735229
0.970731735229
0.965853631496
0.970731735229
0.960975587368
0.970731735229
0.970731735229
0.970731735229
0.965853631496
0.970731735229
0.965853631496
0.965853631496
0.970731735229
0.970731735229
0.965853631496
0.965853631496
0.970731735229
0.970731735229
0.960975587368
0.970731735229
0.970731735229
0.970731735229
0.970731735229
0.970731735229
0.970731735229
0.970731735229
0.970731735229
0.970731735229
0.970731735229
0.970731735229
0.970731735229
0.970731735229
0.970731735229
0.970731735229
0.970731735229
0.970731735229
0.970731735229
0.970731735229
0.970731735229
0.970731735229
0.970731735229
0.970731735229
0.970731735229
0.970731735229
0.970731735229
0.970731735229
0.970731735229
0.970731735229
0.970731735229
0.970731735229
0.970731735229
0.970731735229
0.965853631496
0.970731735229
0.970731735229
0.970731735229
0.970731735229
0.970731735229
0.970731735229
0.970731735229
0.970731735229
0.970731735229
0.970731735229
0.970731735229
0.970731735229
0.970731735229
0.970731735229
0.970731735229
0.970731735229
0.970731735229
0.970731735229
0.970731735229
0.965853631496
0.970731735229
0.970731735229
0.970731735229
0.965853631496
0.970731735229
0.970731735229
0.970731735229
0.970731735229
0.970731735229
0.970731735229
0.970731735229
0.970731735229
0.970731735229
0.970731735229
0.970731735229
0.970731735229
0.970731735229
0.970731735229
0.970731735229
0.970731735229
0.970731735229
0.970731735229
0.965853631496
