0.751080036163
0.737442612648
0.724821805954
0.712836802006
0.701573610306
0.691133677959
0.681478202343
0.672396600246
0.663966655731
0.655990540981
0.648465871811
0.641315639019
0.63445854187
0.627936840057
0.621760308743
0.61587536335
0.610105097294
0.604508638382
0.599158406258
0.593947470188
0.588985085487
0.584256887436
0.579613447189
0.575148701668
0.57081413269
0.566613793373
0.562520623207
0.558498978615
0.554514348507
0.550522983074
0.546524763107
0.54259967804
0.538682878017
0.5348072052
0.531108379364
0.527447462082
0.523811519146
0.520152688026
0.516555786133
0.51300817728
0.509540677071
0.506108760834
0.502673327923
0.499192744493
0.495703577995
0.492257773876
0.488807559013
0.485416084528
0.482116878033
0.478856265545
0.475633352995
0.472379952669
0.469050824642
0.465672522783
0.462396532297
0.459180593491
0.455979704857
0.45276504755
0.449508339167
0.446285933256
0.443060308695
0.439848393202
0.4366735816
0.433537811041
0.430462419987
0.427401036024
0.424331218004
0.421293228865
0.418288230896
0.415278553963
0.412256538868
0.409270167351
0.406282424927
0.40331068635
0.400348573923
0.397398978472
0.394497603178
0.391596525908
0.388708800077
0.385841041803
0.382953435183
0.380109608173
0.377255171537
0.374413341284
0.371592968702
0.368701845407
0.365785479546
0.36291667819
0.360135853291
0.357355266809
0.354523599148
0.351665914059
0.348854064941
0.346050143242
0.343278735876
0.340512394905
0.337743163109
0.334979474545
0.332206130028
0.329424589872
0.326687276363
0.323982805014
0.321255147457
0.318515986204
0.315773814917
0.313005775213
0.310258239508
0.307514935732
0.304847836494
0.302172094584
0.299495279789
0.296833395958
0.294167250395
0.29152739048
0.288921058178
0.28633376956
0.283743172884
0.281174719334
0.278595119715
0.276002377272
0.273460447788
0.271012157202
0.268573045731
0.266132473946
0.263691484928
0.26129257679
0.258918583393
0.256547093391
0.254188120365
0.251886814833
0.249585017562
0.247298046947
0.245033428073
0.2428034693
0.240560144186
0.23836800456
0.236178964376
0.233975932002
0.231783404946
0.229562491179
0.227375715971
0.225225538015
0.223051771522
0.22085827589
0.218686059117
0.2165068537
0.214348495007
0.212186858058
0.210050225258
0.207949236035
0.205821156502
0.203711986542
0.2016813308
0.199608996511
0.197536304593
0.195474892855
0.193431466818
0.191432848573
0.189433008432
0.187476217747
0.185519367456
0.183582097292
0.181639403105
0.17968505621
0.177731662989
0.175786107779
0.17387253046
0.171957790852
0.170087009668
0.16820064187
0.166324406862
0.164481341839
0.162677824497
0.160899162292
0.159116908908
0.157357335091
0.1556212008
0.153897181153
0.152194678783
0.150500491261
0.148830637336
0.147167891264
0.14554746449
0.143943473697
0.142350062728
0.140757337213
0.139193490148
0.137688264251
0.136200904846
0.134732142091
0.13326318562
0.131809994578
0.130400255322
0.129000291228
0.127607822418
0.126246824861
0.124881640077
0.123524233699
0.122186206281
0.120870903134
0.119573637843
0.118291728199
0.117017485201
0.115776836872
0.114556588233
0.113345697522
0.11214389652
0.110948719084
0.109770387411
0.108614951372
0.107480958104
0.10634791851
0.105206914246
0.104089200497
0.102969549596
0.101861797273
0.100764587522
0.0996987149119
0.0986300930381
0.0975851491094
0.0965521633625
0.0955305173993
0.094509460032
0.0935149043798
0.092539831996
0.0915608853102
0.0906163305044
0.0896745473146
0.088738642633
0.0878249779344
0.0869172438979
0.0860192999244
0.0851436331868
0.0842611789703
0.0833803191781
0.0825246274471
0.0816886126995
0.0808515250683
0.0800395682454
0.0792233720422
0.0784270465374
0.0776336565614
0.0768510848284
0.0760679021478
0.0753153637052
0.0745752230287
0.07383492589
0.0731005370617
0.0723855644464
0.0716708749533
0.0709675103426
0.0702731907368
0.0695886164904
0.0689077302814
0.0682215988636
0.0675436332822
0.0668873116374
0.0662181302905
0.0655700936913
0.0649239271879
0.0642794892192
0.0636327415705
0.0629905983806
0.0623686909676
0.0617555193603
0.0611347183585
0.0605304315686
0.0599440038204
0.0593546330929
0.0587743893266
0.0581994317472
0.057627171278
0.0570636019111
0.0565067045391
0.0559849329293
0.055439915508
0.0548978112638
0.0543614439666
0.0538329333067
0.0533149428666
0.0528135336936
0.0523001924157
0.051793795079
0.0512989200652
0.0508119240403
0.0503312163055
0.0498466417193
0.0493771918118
0.0489078052342
0.0484396442771
0.0479746609926
0.0475277677178
0.0470850765705
0.0466326847672
0.0461866185069
0.045744035393
0.0453228913248
0.0448802933097
0.0444620326161
0.0440390780568
0.0436128526926
0.0431849360466
0.0428002662957
0.0423827581108
0.0419780723751
0.0415889918804
0.041200555861
0.0408055558801
0.0404095537961
0.0400457046926
0.0396641157568
0.0392464064062
0.0388319008052
0.0384364202619
0.0380343273282
0.037642840296
0.0372586362064
0.0368783921003
0.0364853776991
0.0361139588058
0.0357438027859
0.0353764668107
0.0350145250559
0.0346648953855
0.0343107357621
0.0339593440294
0.0336153954268
0.0332754701376
0.0329354740679
0.0326034501195
0.032266471535
0.0319399759173
0.0316156931221
0.0312917493284
0.0309703238308
0.0306519065052
0.0303429234773
0.0300358291715
0.0297303795815
0.029432496056
0.0291399694979
0.0288469903171
0.0285545550287
0.0282679200172
0.0279798414558
0.0276989489794
0.027419583872
0.027151349932
0.0268822815269
0.0266177784652
0.0263540260494
0.0260933153331
0.0258380565792
0.0255848355591
0.0253353081644
0.0250892043114
0.0248371418566
0.0245911385864
0.0243469625711
0.0241047926247
0.0238636396825
0.0236199386418
0.023384205997
0.0231500528753
0.0229145009071
0.0226859636605
0.0224591400474
0.0222369302064
0.0220196470618
0.0217950027436
0.0215846411884
0.0213745608926
0.0211638994515
0.02095159702
0.0207408014685
0.0205371808261
0.0203382652253
0.0201452579349
0.019953019917
0.0197602454573
0.0195717606694
0.0193904936314
0.0192090962082
0.019028570503
0.0188542380929
0.0186803583056
0.0185083094984
0.0183395463973
0.018168695271
0.0180057995021
0.0178402531892
0.0176804102957
0.0175235047936
0.0173650793731
0.017204862088
0.0170511249453
0.0168972779065
0.0167422164232
0.0165919661522
0.0164467226714
0.0162995178252
0.0162817630917
0.0162665918469
0.0162521544844
0.0162374638021
0.0162228178233
0.0162080079317
0.0161933898926
0.0161788780242
0.0161643400788
0.016149930656
0.0161354374141
0.0161212012172
0.0161066669971
0.016092190519
0.0160779822618
0.0160640981048
0.0160501413047
0.0160358957946
0.0160215944052
0.016007585451
0.0159934926778
0.0159799195826
0.0159661266953
0.0159516781569
0.0159374121577
0.015923416242
0.0159097239375
0.0158957988024
0.0158818773925
0.0158677175641
0.0158537384123
0.0158397164196
0.0158261563629
0.0158120878041
0.015798099339
0.0157845467329
0.0157708711922
0.0157569069415
0.015742931515
0.0157290883362
0.0157153885812
0.0157015100121
0.0156876016408
0.0156737025827
0.0156602486968
0.0156463049352
0.0156327597797
0.0156188672408
0.0156048731878
0.015591093339
0.0155775509775
0.0155638102442
0.0155500434339
0.0155362039804
0.0155225032941
0.0155087318271
0.0154948215932
0.0154812391847
0.0154675170779
0.0154536953196
0.0154397590086
0.0154260834679
0.0154125774279
0.0153987631202
0.0153848938644
0.0153714437038
0.0153575632721
0.0153439091519
0.0153302820399
0.0153164807707
0.0153029328212
0.0152891995385
0.0152754643932
0.0152616985142
0.0152486721054
0.0152348866686
0.0152212213725
0.0152076976374
0.0151941217482
0.0151803269982
0.015166641213
0.0151530159637
0.0151394633576
0.0151258278638
0.0151122072712
0.0150984637439
0.0150846978649
0.0150711480528
0.0150577826425
0.0150439841673
0.0150302397087
0.0150167346001
0.0150029975921
0.014989502728
0.0149758243933
0.0149621982127
0.014948788099
0.014935108833
0.0149217741564
