0.800445973873
0.780434668064
0.766466081142
0.760530352592
0.753747165203
0.79941534996
0.733319044113
0.780356228352
0.762653172016
0.752443790436
0.762269556522
0.746083319187
0.748616755009
0.750398933887
0.749041378498
0.716287732124
0.746306478977
0.73897922039
0.677970528603
0.715226650238
0.730551540852
0.72164607048
0.738210678101
0.722182393074
0.737407505512
0.725018441677
0.708235859871
0.718433737755
0.693673610687
0.687821865082
0.674828827381
0.669774949551
0.663003027439
0.685122966766
0.674217760563
0.687115907669
0.652079463005
0.662061870098
0.669638574123
0.657761275768
0.663039922714
0.655194818974
0.641011297703
0.656109750271
0.672925531864
0.644751429558
0.631119430065
0.651452660561
0.64878898859
0.656629145145
0.648926913738
0.625155091286
0.66542494297
0.655516266823
0.644304811954
0.626089990139
0.605269432068
0.61101526022
0.618794739246
0.641936540604
0.615086019039
0.629113912582
0.642217636108
0.644624650478
0.66906195879
0.652580738068
0.625671744347
0.61844599247
0.636761307716
0.623826444149
0.634702086449
0.582556247711
0.607162594795
0.615928173065
0.607400536537
0.635806560516
0.584488630295
0.598686277866
0.606449842453
0.611716806889
0.631142616272
0.62808817625
0.622017860413
0.603927195072
0.614619612694
0.583096861839
0.580670118332
0.600340902805
0.621653735638
0.583643853664
0.606504619122
0.625526666641
0.614289522171
0.601021170616
0.646091520786
0.618319690228
0.625648736954
0.569947421551
0.593246757984
0.592343568802
0.590543568134
0.597793161869
0.599807620049
0.578808009624
0.575471997261
0.592805862427
0.577420175076
0.585716962814
0.597236216068
0.597441792488
0.590315163136
0.581010520458
0.585508465767
0.582447111607
0.594249069691
0.585659444332
0.601685285568
0.599108755589
0.591874539852
0.570234596729
0.588027536869
0.595131278038
0.599100649357
0.568891704082
0.547985196114
0.558847725391
0.556063115597
0.565020978451
0.551518797874
0.568424344063
0.597885131836
0.587469995022
0.590083181858
0.574221134186
0.549151539803
0.553908765316
0.601951241493
0.554198682308
0.581516742706
0.555293619633
0.548085272312
0.553057074547
0.544593334198
0.565190851688
0.563767910004
0.593638718128
0.566419780254
0.538900673389
0.555764019489
0.5998660326
0.559601068497
0.551098644733
0.566445767879
0.55157315731
0.550200462341
0.559438169003
0.543421626091
0.566290676594
0.534131288528
0.513330817223
0.545220673084
0.540000259876
0.552822232246
0.585158467293
0.5543166399
0.586256027222
0.539271593094
0.575683653355
0.544661343098
0.525264203548
0.523156166077
0.532660126686
0.554214596748
0.547944188118
0.576530098915
0.526560425758
0.551749646664
0.542536020279
0.538270056248
0.545610964298
0.545703530312
0.518478035927
0.540505826473
0.546526789665
0.537655949593
0.5475949049
0.526462972164
0.536562204361
0.531180202961
0.543827474117
0.540254890919
0.532061338425
0.525105476379
0.531158208847
0.537630736828
0.527074337006
0.524111807346
0.54673832655
0.536341965199
0.536667823792
0.55118227005
0.533863067627
0.522926568985
0.549665570259
0.522361040115
0.536417663097
0.527037501335
0.51778537035
0.533170521259
0.52077716589
0.555560648441
0.497542917728
0.511268734932
0.53960943222
0.51223886013
0.555279672146
0.535118937492
0.529163718224
0.516026556492
0.51615023613
0.512122273445
0.516854763031
0.515901207924
0.508327901363
0.513540267944
0.498701602221
0.511113107204
0.53231972456
0.509073853493
0.517285764217
0.517033517361
0.527781784534
0.489324271679
0.496342718601
0.521576344967
0.510125458241
0.526122152805
0.498063623905
0.495646297932
0.537904083729
0.517105519772
0.493988215923
0.52636039257
0.517327785492
0.533819198608
0.50196069479
0.52329325676
0.521360754967
0.495228976011
0.511934220791
0.475555598736
0.507617115974
0.515980184078
0.503137230873
0.508587896824
0.512773931026
0.497157663107
0.527445614338
0.498006314039
0.504340589046
0.479454517365
0.483060479164
0.497375786304
0.509628415108
0.493596583605
0.525784015656
0.510881364346
0.489413291216
0.487451851368
0.501658201218
0.492081642151
0.502325832844
0.511400401592
0.48796454072
0.477588266134
0.462116271257
0.49090591073
0.469698339701
0.482554703951
0.499318987131
0.484487175941
0.517976105213
0.475636005402
0.473437547684
0.470642954111
0.489944964647
0.493625849485
0.470853179693
0.478137731552
0.511808991432
0.493285685778
0.515081584454
0.481191933155
0.49269041419
0.498391956091
0.479388386011
0.490103065968
0.48061683774
0.457316398621
0.47532632947
0.498634666204
0.465007096529
0.500253975391
0.466234743595
0.473620682955
0.462055712938
0.505377292633
0.497321814299
0.447237640619
0.479156643152
0.486635684967
0.505068540573
0.464492291212
0.496001541615
0.471578449011
0.511452078819
0.469736456871
0.485545545816
0.498738497496
0.483824640512
0.48563939333
0.48973980546
0.435023158789
0.491697013378
0.515162527561
0.468251526356
0.469934672117
0.475336968899
0.477602928877
0.459980487823
0.443316787481
0.465802937746
0.461252421141
0.477021753788
0.466823518276
0.482995301485
0.45690113306
0.466581255198
0.438941925764
0.46288266778
0.476951092482
0.468553721905
0.437615633011
0.45208337903
0.470809996128
0.465892702341
0.475229263306
0.480919510126
0.444800555706
0.458143085241
0.455059587955
0.453265964985
0.43747356534
0.463071495295
0.46912625432
0.447773933411
0.452216923237
0.463626503944
0.470522016287
0.453205764294
0.451908171177
0.479107677937
0.463480204344
0.45571193099
0.438052922487
0.435770660639
0.450994193554
0.450086981058
0.460170686245
0.462637841702
0.459913045168
0.462315171957
0.448958337307
0.466758996248
0.450624197721
0.458032846451
0.451724171638
0.450726181269
0.416657537222
0.457261383533
0.474653750658
0.440430104733
0.467287510633
0.453303426504
0.445436656475
0.432455956936
0.451312184334
0.450318932533
0.452826887369
0.430326968431
0.435210973024
0.446699559689
0.433575630188
0.445324748755
0.449174314737
0.431867837906
0.463907629251
0.458229392767
0.452667713165
0.471536427736
0.439399689436
0.443256914616
0.431106090546
0.437912791967
0.434734523296
0.467692017555
0.440900474787
0.441641509533
0.423587977886
0.423495322466
0.44006344676
0.425583213568
0.442574799061
0.432483315468
0.434874475002
0.42211920023
0.439545273781
0.465952992439
0.41473916173
0.414151251316
0.434768199921
0.433648616076
0.429218053818
0.441938817501
0.448562204838
0.46276396513
0.44453522563
0.427701443434
0.400560736656
0.429222226143
0.417461484671
0.441726386547
0.424240291119
0.429813593626
0.454121142626
0.417318552732
0.421342998743
0.411368817091
0.446902006865
0.425550431013
0.432645410299
0.456094652414
0.403506755829
0.436868399382
0.450218051672
0.403428375721
0.444285571575
0.426198929548
0.429131925106
0.436473429203
0.399709165096
0.420572280884
0.405212700367
0.447650879622
0.431285142899
0.39881503582
0.420842170715
0.407156378031
0.406258493662
0.395849466324
0.394344270229
0.402979969978
0.43410935998
0.411214828491
0.385895580053
0.428526490927
0.427885174751
0.408591449261
0.421708494425
0.408131569624
0.41657102108
0.416118353605
0.4040774405
0.412957847118
0.408779263496
0.394436448812
0.421607524157
0.405672997236
0.379850506783
0.417821377516
0.414753317833
0.399544328451
0.393982231617
0.442905932665
0.365489691496
0.407171100378
0.424784362316
0.43796145916
0.417035877705
0.389720499516
0.430757313967
0.403206139803
0.398401021957
0.407768130302
0.372962236404
0.426748514175
0.393243938684
0.407005190849
0.395948082209
0.443895429373
0.403763413429
0.411603987217
0.399097621441
0.446077436209
0.391763716936
0.390820086002
0.406974375248
0.402899175882
0.421067625284
0.409181982279
0.396358072758
0.448842853308
0.407054364681
0.390298098326
0.411588937044
0.407795608044
0.420023411512
0.403967440128
0.411359548569
0.398926526308
0.420073658228
0.399338543415
0.392502427101
0.374805092812
0.378877222538
0.401402890682
0.394323587418
0.389298856258
0.400589048862
0.425703912973
0.394064933062
0.390072405338
0.379950970411
0.405092269182
0.384277939796
0.388877719641
0.409185498953
0.434602826834
0.414156794548
0.382512003183
0.393547683954
0.386421829462
0.383744597435
0.401448309422
0.410184383392
0.375789821148
0.416261911392
0.405665695667
0.420628607273
0.360756188631
0.387437701225
0.389863371849
0.401668429375
0.387994974852
0.406297028065
0.358622580767
0.356044203043
0.386931180954
0.392038434744
0.379180312157
0.365445941687
0.380794018507
0.38730725646
0.400109052658
0.358152210712
0.39899918437
0.407470196486
0.376202613115
0.384265422821
0.36573189497
0.398897975683
0.38661596179
0.374540239573
0.374984741211
0.423264205456
0.397431910038
0.38990932703
0.379336684942
0.370266646147
0.371373027563
0.398401111364
0.382817178965
0.367279559374
0.394001215696
0.400952160358
0.401023238897
0.34487760067
0.377294480801
0.362135589123
0.367619872093
0.355706453323
0.389590829611
0.383850902319
0.375896632671
0.388977348804
0.384717106819
0.387435257435
0.376801848412
0.387890189886
0.333304584026
0.392505228519
0.389218062162
0.360618174076
0.368819892406
0.384035170078
0.392844647169
0.384451508522
0.327515095472
0.383789032698
0.373659074306
0.382323026657
0.363802433014
0.35528832674
0.367256879807
0.359940081835
0.372750580311
0.387487858534
0.355754435062
0.348336905241
0.366509258747
0.34699639678
0.370359659195
0.369695454836
0.324292898178
0.368265658617
0.372895210981
0.337384790182
0.366243958473
0.365627169609
0.372589677572
0.337983995676
0.388167262077
0.388184249401
0.32903110981
0.376114249229
0.381616801023
0.374325782061
0.385334700346
0.388360291719
0.366831630468
0.354408085346
0.362512946129
0.352159589529
0.402890414
0.337509870529
0.369007617235
0.345985740423
0.358883529902
0.398970842361
0.368845075369
0.335223913193
0.351419776678
0.352110177279
0.374933749437
0.363642781973
0.349256634712
0.368133366108
0.372835189104
0.359943807125
0.366294234991
0.354000031948
0.343540549278
0.385873109102
0.343113601208
0.366886258125
0.362503707409
0.368928194046
0.382809609175
0.342463433743
0.362860918045
0.342306494713
0.381221801043
0.366242319345
0.374946117401
0.33999723196
0.378694027662
0.314856737852
0.344115614891
0.367272347212
0.386428683996
0.372973024845
0.365519016981
0.326287984848
0.386786699295
0.346548646688
0.39074832201
0.379935204983
0.340002804995
0.331608980894
0.349203824997
0.3565287292
0.327055543661
0.36209833622
0.3480450809
0.370704293251
0.35305327177
0.338996112347
0.345610022545
0.331727564335
0.339869052172
0.36266463995
0.354864954948
0.350417137146
0.369704902172
0.353960931301
0.354821741581
0.344031333923
0.350272059441
0.35522133112
0.352608799934
0.364497035742
0.357525736094
0.349951356649
0.337328791618
0.32814770937
0.351693361998
0.32711532712
0.342402994633
0.340292364359
0.340463519096
0.341483354568
0.31938496232
0.322930157185
0.364249020815
0.339813292027
0.315191507339
0.322319000959
0.315088957548
0.319916218519
0.355001240969
0.331731945276
0.331995606422
0.341784656048
0.335248053074
0.337065845728
0.359411776066
0.367567449808
0.332953333855
0.362977325916
0.347378998995
0.34552231431
0.345489054918
0.349312841892
0.354956418276
0.340856462717
0.343543976545
0.337069630623
0.322771608829
0.304899871349
0.352212160826
0.337518841028
0.322104454041
0.33227533102
0.344155132771
0.380443155766
0.350943356752
0.292353987694
0.32686522603
0.348407119513
0.347984462976
0.322014600039
0.341900855303
0.32208698988
0.31308311224
0.323908597231
0.361611306667
0.346062332392
0.324259161949
0.29047331214
0.331308811903
0.313995629549
0.328030645847
0.327091246843
0.320650309324
0.328658610582
0.340978443623
0.297539979219
0.33244612813
0.348245948553
0.32047060132
0.329212903976
0.360334217548
0.37553614378
0.30654156208
0.324323773384
0.318764358759
0.35639873147
0.309357315302
0.304012805223
0.325505852699
0.331643223763
0.329980552197
0.352734297514
0.303992956877
0.30932572484
0.351395070553
0.324249058962
0.331997007132
0.313915282488
0.338175922632
0.28373247385
0.350001364946
0.324521124363
0.315115809441
0.328314572573
0.32440289855
0.31585469842
0.326858311892
0.321149289608
0.325170010328
0.313919663429
0.329526215792
0.325220018625
0.338167071342
0.297874510288
0.293681740761
0.311452120543
0.311698794365
0.30597704649
0.316934585571
0.304623872042
0.279680460691
0.285637706518
0.314217686653
0.333788961172
0.304072350264
0.322506219149
0.320244908333
0.33673235774
0.323202997446
0.357346624136
0.300220608711
0.315693438053
0.322033703327
0.322777509689
0.301761120558
0.31808385253
0.313294410706
0.301578253508
0.330012768507
0.309582710266
0.331199228764
0.344590097666
0.341849654913
0.316023409367
0.29079040885
0.309417456388
0.301681488752
0.302564024925
0.296362370253
0.331259936094
0.297723829746
0.314031094313
0.323364555836
0.318125396967
0.343322485685
0.297141730785
0.327918350697
0.286078423262
0.294243812561
0.324369549751
0.303239732981
0.326121121645
0.305017322302
0.332012742758
0.315601855516
0.308526515961
0.305927067995
0.301802873611
0.334319293499
0.328783333302
0.308331638575
0.299612879753
0.324846863747
0.308008283377
0.294924676418
0.319993138313
0.315365165472
0.306551277637
0.291609346867
0.295820623636
0.292040109634
0.314120858908
0.309939056635
0.352726072073
0.316798776388
0.313403993845
0.301304489374
0.307769656181
0.297154307365
0.305016458035
0.311671406031
0.283888608217
0.288270682096
0.306695103645
0.29525655508
0.320697754622
0.31835475564
0.29723405838
0.350032627583
0.298538506031
0.273681998253
0.30830308795
0.295045346022
0.323662877083
0.310821592808
0.293847978115
0.274384409189
0.287111669779
0.320461004972
0.281803667545
0.29270234704
0.318185061216
0.315268069506
0.304403066635
0.304577946663
0.27324745059
0.284500598907
0.295064419508
0.302515804768
0.293021082878
0.266032010317
0.310354948044
0.318017423153
0.279952675104
0.269413471222
0.282824486494
0.322593331337
0.352752238512
0.295650601387
0.313361108303
0.293948113918
0.290345340967
0.304433703423
0.31498926878
0.276011347771
0.273797392845
0.325327903032
0.31845703721
0.275813132524
0.307008981705
0.304506957531
0.297269910574
0.288105726242
0.253991484642
0.292219281197
0.321486324072
0.29130589962
0.263783216476
0.308224648237
0.278162539005
0.273546159267
0.265824884176
0.308024227619
0.297611176968
0.294365793467
0.301969647408
0.30382090807
0.272552639246
0.266152799129
0.287149459124
0.297525852919
0.289901912212
0.251466989517
0.26117169857
0.276682883501
0.318024635315
0.308590680361
0.27776414156
0.258203804493
0.287037700415
0.286579251289
0.325403064489
0.258842498064
0.274977326393
0.276839017868
0.27985727787
0.293704152107
0.283431053162
0.308925569057
0.285811901093
0.277056336403
0.265579015017
0.321558058262
0.283443927765
0.292402505875
0.304140865803
0.295066595078
0.267202883959
0.293616473675
0.281233996153
0.288311332464
0.28733932972
0.311647087336
0.314433395863
0.290545850992
0.302703529596
0.280459135771
0.283321291208
0.281424313784
0.306616574526
0.302636533976
0.301582545042
0.267056912184
0.285082310438
0.290329635143
0.291637957096
0.298189669847
0.276370793581
0.280260980129
0.298861920834
0.284170597792
0.312177866697
0.324304640293
0.288438409567
0.264714211226
0.318248927593
0.28097730875
0.285257995129
0.300254881382
0.311174303293
0.317616045475
0.324167013168
0.256614238024
0.343783855438
0.312427580357
0.30437335372
0.27352976799
0.276435136795
0.310817092657
0.286724001169
0.317545086145
0.32050344348
0.298453748226
0.319759428501
0.268659859896
0.274834811687
0.274296671152
0.282395660877
0.293716996908
0.300046235323
0.306910246611
0.319715112448
0.285865575075
0.273981720209
0.29037374258
0.271568894386
0.285496413708
0.295302689075
0.291214942932
0.300298392773
0.299649447203
0.279524862766
0.275545656681
0.299187630415
0.28469440341
0.307181596756
0.273201912642
0.297890812159
0.288858115673
0.303913354874
0.272645413876
0.261210292578
0.276826947927
0.286287307739
0.276693999767
0.285897642374
0.264062821865
0.295545071363
0.264221400023
0.279887825251
0.275252044201
0.283885836601
0.306388527155
0.307608127594
0.290707856417
0.288536131382
0.262954860926
0.319744676352
0.309299260378
0.334094285965
0.315005421638
0.26406416297
0.303198307753
0.280753642321
0.299800306559
0.288105338812
0.290802717209
0.292395591736
0.291608214378
0.312218129635
0.267493456602
0.27598708868
0.301823914051
0.298851877451
0.284312576056
0.268933862448
0.300295382738
0.288553208113
0.276276051998
0.308287858963
0.303417444229
0.26759403944
0.28985825181
0.287114351988
0.322896897793
0.274795949459
0.314083635807
0.285400241613
0.317230522633
0.272891640663
0.313941210508
0.318195015192
0.29526874423
0.292438656092
0.301552772522
0.297360688448
0.288599044085
0.285140812397
0.297784596682
0.288053005934
0.287590831518
0.286914676428
0.2908167243
0.28300973773
0.261792987585
0.293299913406
0.282004356384
0.297275751829
0.299439400434
0.272560685873
0.313471913338
0.267516791821
0.269669353962
0.271465241909
0.292281895876
0.306090205908
0.315046429634
0.3127617836
0.251400321722
0.306315273046
0.292650133371
0.315156936646
0.2700484097
0.294631242752
0.316988289356
0.311529844999
0.288632214069
0.300442427397
0.287055253983
0.274082452059
0.272552847862
0.284701287746
0.257645666599
0.311211854219
0.274289935827
0.317490845919
0.287272810936
0.277286052704
0.286757647991
0.293576419353
0.293468862772
0.294606953859
0.284672051668
0.302984923124
0.27822381258
0.280073732138
0.274702191353
0.26230430603
0.288269639015
0.288319855928
0.266642719507
0.317544400692
0.296872258186
0.268093645573
0.295014470816
0.283124983311
0.283166736364
0.293924421072
0.273293316364
0.306432843208
0.27086776495
0.281865477562
0.297162055969
0.277200192213
0.311210304499
0.310268342495
0.26908993721
0.295201957226
0.308742105961
0.28096818924
0.294691473246
0.29061254859
0.263542205095
0.277399659157
0.295536130667
0.326073557138
0.301403552294
0.314275503159
0.286829918623
