0.694566547871
0.693976998329
0.695037841797
0.693935930729
0.69436532259
0.694599211216
0.693615853786
0.696416795254
0.693873286247
0.694742918015
0.695019245148
0.693566083908
0.693082988262
0.693788409233
0.695387005806
0.693896234035
0.691417276859
0.689805865288
0.69339799881
0.694280266762
0.691116690636
0.693119168282
0.692363858223
0.691700696945
0.692801892757
0.693446815014
0.692707836628
0.694263577461
0.692610383034
0.692288458347
0.692928850651
0.692094683647
0.692414820194
0.691104054451
0.689641714096
0.692632317543
0.692191362381
0.690862894058
0.691760480404
0.692167699337
0.692169129848
0.689928352833
0.691438794136
0.690114557743
0.690955638885
0.691744923592
0.690108954906
0.689935803413
0.691518962383
0.691658139229
0.692197978497
0.691780269146
0.691983878613
0.691430985928
0.692667543888
0.690353095531
0.689342021942
0.691742300987
0.691480338573
0.690183520317
0.689947485924
0.690523266792
0.690564036369
0.690041899681
0.691235721111
0.692330181599
0.69079464674
0.689276218414
0.690316200256
0.690852105618
0.689268410206
0.690217852592
0.691469490528
0.690051496029
0.689639806747
0.689338803291
0.690109491348
0.688642323017
0.688562333584
0.689403712749
0.690868198872
0.690062940121
0.689914286137
0.69042545557
0.688185155392
0.690323472023
0.688288092613
0.688524723053
0.690483808517
0.689417719841
0.689343214035
0.687777042389
0.688971996307
0.6896468997
0.688983023167
0.688560009003
0.688597977161
0.688094675541
0.689996778965
0.688957571983
0.689417719841
0.68893045187
0.687887072563
0.689812719822
0.689380824566
0.688604533672
0.688452005386
0.688481628895
0.689391851425
0.686695694923
0.688551723957
0.687669754028
0.686635911465
0.687451601028
0.686760902405
0.686662554741
0.688764572144
0.687621951103
0.686209022999
0.684275567532
0.685678005219
0.687890410423
0.688919484615
0.688177645206
0.686037480831
0.687222838402
0.686706423759
0.685389518738
0.687790453434
0.68850082159
0.683899819851
0.686826467514
0.687557637691
0.685434579849
0.68776935339
0.687395811081
0.685069024563
0.688088715076
0.686260402203
0.687120079994
0.685334086418
0.686335623264
0.685601711273
0.682387173176
0.68715685606
0.6852658391
0.685136437416
0.687989890575
0.68574231863
0.683610856533
0.683562994003
0.685723662376
0.683239877224
0.684766471386
0.684724032879
0.68578350544
0.686137855053
0.683527290821
0.685966014862
0.685891747475
0.683681130409
0.683969140053
0.686477720737
0.685367643833
0.684325516224
0.685178518295
0.681919872761
0.685063481331
0.684308111668
0.683383226395
0.68220692873
0.682735264301
0.683345139027
0.682996451855
0.68298459053
0.683738172054
0.682547688484
0.682292282581
0.681071460247
0.683593451977
0.684096038342
0.68330270052
0.6824401021
0.681967377663
0.683489739895
0.682732343674
0.679270684719
0.682729899883
0.684122025967
0.681950986385
0.682976901531
0.683437168598
0.683435201645
0.681643128395
0.680847764015
0.684558689594
0.682356774807
0.683997094631
0.679458975792
0.679719865322
0.681974411011
0.681223928928
0.677816092968
0.683457911015
0.678248941898
0.680755257607
0.681496322155
0.679015874863
0.680138170719
0.682303071022
0.67834508419
0.677774786949
0.680248558521
0.680532932281
0.679936110973
0.681458473206
0.679628491402
0.675117850304
0.682649254799
0.676889836788
0.675621569157
0.68159866333
0.676680386066
0.679560005665
0.682963728905
0.679671883583
0.678875565529
0.678469002247
0.67624437809
0.677805483341
0.678039908409
0.676314353943
0.676987409592
0.678168535233
0.678523004055
0.67502707243
0.67336410284
0.674960255623
0.676262259483
0.677533209324
0.677271306515
0.671143293381
0.67873108387
0.67717987299
0.675646901131
0.67739802599
0.672592580318
0.676478326321
0.677676379681
0.67624527216
0.675133287907
0.675194263458
0.675301015377
0.67476272583
0.674627065659
0.676147997379
0.671200811863
0.675269961357
0.677585661411
0.666697144508
0.671791195869
0.673409759998
0.673116445541
0.673570811749
0.669581711292
0.674193143845
0.675672352314
0.674217283726
0.672843873501
0.674338519573
0.673662662506
0.668322324753
0.673016905785
0.670908987522
0.669203996658
0.668155670166
0.672153174877
0.667770683765
0.67380875349
0.670699119568
0.669565916061
0.674309313297
0.66691660881
0.668455243111
0.66771453619
0.671813547611
0.67148900032
0.669990777969
0.671451628208
0.666936814785
0.668455779552
0.667593479156
0.665164649487
0.666659712791
0.665315508842
0.664799392223
0.671347916126
0.665996968746
0.663990020752
0.664934098721
