0.885167360306
0.910857498646
0.883034169674
0.870808064938
0.896958649158
0.86514467001
0.88958889246
0.89141702652
0.917371749878
0.885283887386
0.906804740429
0.887209713459
0.889465451241
0.890475332737
0.898650527
0.879940032959
0.918990135193
0.909120082855
0.902641713619
0.881003558636
0.899708092213
0.874640405178
0.828220486641
0.917472958565
0.86869519949
0.881031751633
0.926234126091
0.863205969334
0.873235106468
0.890042543411
0.860059916973
0.859730839729
0.874996125698
0.888463616371
0.862803936005
0.882119774818
0.858002245426
0.867262303829
0.859753847122
0.843363523483
0.854544758797
0.857872664928
0.877178668976
0.865554451942
0.859512329102
0.838609218597
0.845540940762
0.882456481457
0.877194523811
0.837282180786
0.810088098049
0.809743821621
0.824456095695
0.845399558544
0.87498408556
0.857041299343
0.84674435854
0.840415000916
0.814483880997
0.819115042686
0.832444787025
0.862001538277
0.841897010803
0.827918231487
0.8539737463
0.831139326096
0.824062049389
0.855962812901
0.836026966572
0.824616789818
0.812946975231
0.853329122066
0.826135993004
0.804352223873
0.829932630062
0.818442761898
0.801015257835
0.839625656605
0.808880329132
0.806002497673
0.81523668766
0.81083971262
0.816983044147
0.801786780357
0.800293028355
0.794258356094
0.828407168388
0.835959970951
0.810286223888
0.807742238045
0.83497351408
0.82323807478
0.824075818062
0.805410385132
0.806068956852
0.798426568508
0.810449421406
0.804093897343
0.815058887005
0.781782329082
0.814891338348
0.768910348415
0.812981009483
0.815051555634
0.789455652237
0.821308553219
0.789758205414
0.814104855061
0.813839435577
0.800035059452
0.804927051067
0.807309508324
0.787971556187
0.793721139431
0.802680790424
0.770875155926
0.784410297871
0.795208752155
0.782459318638
0.797292888165
0.776830732822
0.809143126011
0.803633093834
0.792369961739
0.790391743183
0.765767216682
0.79915779829
0.787814497948
0.789396107197
0.746077060699
0.801646113396
0.792391836643
0.787784039974
0.779748260975
0.771280884743
0.785849511623
0.803646206856
0.808274030685
0.794582843781
0.788737297058
0.756309568882
0.773751735687
0.786268949509
0.788889050484
0.791347444057
0.758480191231
0.791234970093
0.784781873226
0.747400283813
0.748541533947
0.791930794716
0.789239645004
0.772662818432
0.761233568192
0.782175183296
0.763838231564
0.780970513821
0.760016322136
0.771563053131
0.751349925995
0.781351923943
0.772857010365
0.768338978291
0.745074152946
0.789601862431
0.759653687477
0.75277286768
0.755707502365
0.775364398956
0.736740231514
0.775523662567
0.750194370747
0.743915319443
0.765775680542
0.757391214371
0.766858041286
0.742804527283
0.753412365913
0.745033442974
0.730037391186
0.748694241047
0.763738811016
0.786864697933
0.738722801208
0.772341191769
0.729338347912
0.761967480183
0.742910921574
0.757975757122
0.760162591934
0.755305230618
0.730357944965
0.768134832382
0.769371449947
0.757944405079
0.733724057674
0.75980758667
0.744611561298
0.751251876354
0.761081576347
0.765109539032
0.744551956654
0.745514750481
0.771423697472
0.737010300159
0.752389073372
0.753469228745
0.744766831398
0.731762349606
0.741474509239
0.739483714104
0.742323219776
0.748046040535
0.73764616251
0.735217452049
0.750738739967
0.729269981384
0.739161193371
0.746826827526
0.747061014175
0.737118005753
0.720728456974
0.726616978645
0.722077906132
0.739110291004
0.729569017887
0.750247180462
0.732910513878
0.741559565067
0.759292900562
0.716365814209
0.726842522621
0.735947906971
0.72066193819
0.745264589787
0.725035011768
0.741253972054
0.710748434067
0.748551368713
0.729475975037
0.732998788357
0.739132344723
0.750311791897
0.724557220936
0.740652263165
0.734386324883
0.722987473011
0.743915736675
0.725016891956
0.734278023243
0.722799658775
0.729982614517
0.744129240513
0.715500473976
0.722137868404
0.710706472397
0.701035737991
0.723041951656
0.705878973007
0.728934526443
0.715041100979
0.736441850662
0.73053508997
0.7345662117
0.707210958004
0.723912000656
0.719879806042
0.744850039482
0.69583517313
0.725300729275
0.716357767582
0.712189555168
0.735634505749
0.720997750759
0.717038273811
0.71023952961
0.719851434231
0.714131712914
0.739817559719
0.713635265827
0.712722241879
0.715671241283
0.708292722702
0.688793718815
0.725515902042
0.715312004089
0.719339489937
0.698742747307
0.701100945473
0.725581645966
0.721498727798
0.743507504463
0.698917388916
0.718655228615
0.703831791878
0.70732665062
0.715778172016
0.72221493721
0.712464392185
0.712204217911
0.733092367649
0.69721353054
0.704664587975
0.711021006107
0.73009210825
0.712211072445
0.721714735031
0.692059099674
0.69985383749
0.716497659683
0.704443752766
0.705263912678
0.733628630638
0.696406066418
0.692630529404
0.686019003391
0.693191766739
0.700901150703
0.721754729748
0.733475446701
0.704504311085
0.679917037487
0.689134120941
0.695121049881
0.694158017635
0.697692751884
0.687262058258
0.694821298122
0.709033966064
0.677727401257
0.699065864086
0.715262532234
0.710793375969
0.69663977623
0.682225823402
0.686241567135
0.700230956078
0.704905450344
0.689983785152
0.706981778145
0.702461957932
0.689278125763
0.69192558527
0.696892559528
0.692429304123
0.684100210667
0.714963316917
0.698949456215
0.675519824028
0.692908704281
0.691158235073
0.690674424171
0.697551965714
0.692921340466
0.681498289108
0.724928557873
0.712739765644
0.706886827946
0.690846860409
0.691706895828
0.685491919518
0.692899823189
0.658774673939
0.687855243683
0.702727913857
0.689182758331
0.711857497692
0.669939756393
0.696058154106
0.701922237873
0.691046118736
0.698326051235
0.683171868324
0.704757094383
0.69312787056
0.705671191216
0.686363399029
0.683777868748
0.674202144146
0.693946897984
0.695178806782
0.677686393261
0.687452793121
0.68819463253
0.687147259712
0.708262383938
0.684667348862
0.668517231941
0.682377278805
0.667845249176
0.680933117867
0.676590383053
0.678197205067
0.682297170162
0.678621530533
0.659878015518
0.675850450993
0.686836659908
0.675063073635
0.67517721653
0.705428242683
0.67427277565
0.667672932148
0.673234641552
0.685314357281
0.661439538002
0.672187745571
0.684665679932
0.650053083897
0.698085904121
0.682961344719
0.683386802673
0.675857961178
0.679220199585
0.687665522099
0.689006447792
0.672357082367
0.650885105133
0.686495840549
0.66550630331
0.678927361965
0.668833613396
0.689291954041
0.691348135471
0.677623569965
0.651910483837
0.666471540928
0.647313714027
0.67564022541
0.674597322941
0.665021419525
0.674579739571
0.678165614605
0.643117010593
0.692180812359
0.657448530197
0.660123348236
0.68064302206
0.654020428658
0.664769291878
0.680352568626
0.688410997391
0.642560362816
0.673084080219
0.665439784527
0.662942349911
0.655904173851
0.661929607391
0.679721295834
0.672358512878
0.690148413181
0.659661769867
0.668588101864
0.657163321972
0.673098027706
0.667576909065
0.665840864182
0.642435371876
0.655670166016
0.644042432308
0.662505745888
0.671798169613
0.683876574039
0.654148757458
0.655269861221
0.683292150497
0.674467265606
0.649873375893
0.65815114975
0.631763339043
0.671631574631
0.684590935707
0.679169654846
0.665004312992
0.649303019047
0.657185256481
0.659326255322
0.66573882103
0.688590288162
0.687281310558
0.649996519089
0.687599360943
0.669692873955
0.640964329243
0.682926237583
0.630615532398
0.676651597023
0.643233835697
0.665204763412
0.648767888546
0.664367973804
0.650164961815
0.641731917858
0.646738350391
0.649133145809
0.64941906929
0.657375872135
0.639781534672
0.658839821815
0.673551440239
0.62481969595
0.662544369698
0.63690841198
0.665734291077
0.662431895733
0.647993087769
0.654268801212
0.678382396698
0.642833888531
0.642765641212
0.675057768822
0.6553992033
0.663217306137
0.640713214874
0.638927280903
0.67006278038
0.66366392374
0.649192333221
0.665239810944
0.639378249645
0.667619884014
0.648596942425
0.665330708027
0.663835942745
0.651037693024
0.644932985306
0.670860648155
0.645728051662
0.644076108932
0.63718944788
0.647154927254
0.663783371449
0.654905378819
0.673161268234
0.652223467827
0.645871937275
0.630756795406
0.661168456078
0.666018545628
0.653027892113
0.642678260803
0.630961358547
0.650956392288
0.653810441494
0.644342124462
0.651599168777
0.656666278839
0.656231403351
0.624675631523
0.637742698193
0.663855671883
0.649184882641
0.656648159027
0.614435911179
0.655621886253
0.651099681854
0.650711119175
0.652220964432
0.641549229622
0.652740061283
0.662561237812
0.63625651598
0.675402283669
0.658218026161
0.644247293472
0.665472507477
0.651538431644
0.61984193325
0.643723368645
0.661554634571
0.646741390228
0.651094555855
0.642879068851
0.621273756027
0.601073205471
0.650058031082
0.616581261158
0.657856702805
0.643477141857
0.612328410149
0.639195680618
0.629103600979
0.628096938133
0.664419233799
0.650462508202
0.655360460281
0.631048560143
0.636066496372
0.640581250191
0.643593072891
0.631242632866
0.634128332138
0.641115069389
0.608610749245
0.638291358948
0.641157627106
0.610691070557
0.647400557995
0.648802399635
0.635519266129
0.638028502464
0.640287816525
0.655699074268
0.652285218239
0.633147537708
0.631874024868
0.638044834137
0.634119153023
0.6424228549
0.625808417797
0.644163608551
0.615742921829
0.654888093472
0.624974012375
0.642456889153
0.657211244106
0.63486289978
0.62071543932
0.635579705238
0.62082952261
0.63401144743
0.624733626842
0.648252487183
0.623820066452
0.631937682629
0.632740736008
0.621784210205
0.64206379652
0.621104001999
0.645578920841
0.641898036003
0.604300022125
0.624277532101
0.625841617584
0.632080316544
0.623214006424
0.617922246456
0.627448022366
0.645312786102
0.633369863033
0.611829936504
0.615699291229
0.634219944477
0.619666516781
0.619944274426
0.628062188625
0.626411020756
0.628314852715
0.61873883009
0.651429653168
0.639754414558
0.619813859463
0.639800727367
0.637644708157
0.670720815659
0.634499669075
0.638010442257
0.649030089378
0.658850610256
0.606886148453
0.621980905533
0.626220107079
0.635069787502
0.623785734177
0.636665701866
0.621756434441
0.629217624664
0.652689099312
0.624034702778
0.629039049149
0.64623850584
0.63708126545
0.609541893005
0.638211667538
0.623133480549
0.637762248516
0.627376794815
0.638717412949
0.623956978321
0.625729203224
0.62871658802
0.61623442173
0.618255913258
0.625019073486
0.626709222794
0.624405920506
0.615659534931
0.62795060873
0.641431391239
0.599612891674
0.630664885044
0.640364289284
0.651966392994
0.624164700508
0.619729101658
0.62903958559
0.612820386887
0.612122118473
0.627877533436
0.636824071407
0.60784381628
0.600324213505
0.631321370602
0.641705691814
0.619957149029
0.61562281847
0.62813937664
0.639041423798
0.600767672062
0.634462893009
0.616394758224
0.604106724262
0.616168856621
0.622460365295
0.599576473236
0.615406990051
0.645335555077
0.618785083294
0.632470786572
0.622605085373
0.636656403542
0.639355480671
0.612118065357
0.600166738033
0.607897341251
0.629379630089
0.629124581814
0.601351201534
0.624169230461
0.59531545639
0.62729036808
0.609388232231
0.630594551563
0.62263828516
0.610912919044
0.595531761646
0.617933690548
0.618423998356
0.61593157053
0.595999598503
0.636867105961
0.640258848667
0.62817555666
0.65854036808
0.630582392216
0.630324959755
0.626157045364
0.615272879601
0.631172955036
0.609359502792
0.647343754768
0.644349873066
0.613308906555
0.603862583637
0.630119085312
0.650965452194
0.636299014091
0.608246386051
0.637583196163
0.625258684158
0.639863193035
0.604914426804
0.593622505665
0.59652364254
0.604556918144
0.595106065273
0.620496690273
0.609897792339
0.582889258862
0.61976391077
0.613662302494
0.613670289516
0.620736181736
0.605421721935
0.62001645565
0.629247426987
0.596635222435
0.593345403671
0.62902957201
0.624720335007
0.58480411768
0.617985367775
0.613003969193
0.626665830612
0.625157117844
0.621837258339
0.63070088625
0.601560235023
0.593619287014
0.598244071007
0.609868049622
0.624105989933
0.614570856094
0.608939468861
0.63935893774
0.639987468719
0.626342892647
0.624913752079
0.61813300848
0.611331164837
