0.812562584877
0.840583026409
0.792277812958
0.799108505249
0.821982324123
0.783029854298
0.758852779865
0.801380872726
0.7603110075
0.779508888721
0.780483543873
0.777469813824
0.803114533424
0.78545576334
0.830604076385
0.751039206982
0.737562537193
0.768431127071
0.755779981613
0.787858307362
0.856272578239
0.774473488331
0.799566268921
0.740704894066
0.792433738708
0.799359798431
0.799281716347
0.771682202816
0.777492642403
0.73331284523
0.694358468056
0.78620070219
0.785321176052
0.704247772694
0.747986257076
0.737676978111
0.767207920551
0.761719942093
0.764257133007
0.76206099987
0.767004787922
0.751108407974
0.753920555115
0.758218169212
0.723521828651
0.736489057541
0.758375346661
0.720084369183
0.733676671982
0.775519073009
0.778229176998
0.718908786774
0.746061325073
0.724228143692
0.738555312157
0.712283372879
0.736857771873
0.725201249123
0.74697971344
0.726848602295
0.718096315861
0.721244871616
0.72640889883
0.650256931782
0.714189171791
0.679283380508
0.722245395184
0.699002742767
0.703716874123
0.721121013165
0.76216095686
0.701828062534
0.708881378174
0.702783346176
0.711958408356
0.701179742813
0.738758385181
0.709883511066
0.737940073013
0.670003473759
0.67548263073
0.720033526421
0.653007149696
0.697732746601
0.684476435184
0.730855941772
0.72142469883
0.704985260963
0.714646816254
0.699162900448
0.673049271107
0.711303412914
0.669298052788
0.684378862381
0.716804742813
0.67403459549
0.679821848869
0.675851345062
0.689962029457
0.679974675179
0.696627497673
0.68822067976
0.719136476517
0.683838903904
0.700976788998
0.682594716549
0.710574507713
0.697340369225
0.68703854084
0.6766705513
0.688501298428
0.66127872467
0.66631424427
0.687414944172
0.686083734035
0.668161988258
0.700116336346
0.687211334705
0.683297514915
0.690352976322
0.660823643208
0.65111130476
0.670068442822
0.674249708652
0.677909493446
0.673822939396
0.68624407053
0.667442858219
0.668548166752
0.683047711849
0.664587855339
0.642520487309
0.674362719059
0.657897293568
0.694794714451
0.665881335735
0.646392941475
0.692052900791
0.645252645016
0.656100094318
0.658116459846
0.675331056118
0.657822906971
0.667896330357
0.672666609287
0.649775385857
0.646158754826
0.670457482338
0.628863155842
0.65579277277
0.655343949795
0.646966993809
0.695694327354
0.625115990639
0.684918224812
0.682177603245
0.597696602345
0.605987906456
0.671986579895
0.633288264275
0.661976337433
0.649116933346
0.67125326395
0.642027795315
0.654208302498
0.64863473177
0.641018152237
0.643120527267
0.674836397171
0.655560910702
0.632463395596
0.624812781811
0.642781615257
0.635172903538
0.629173636436
0.630275309086
0.626879155636
0.665800452232
0.655583798885
0.624217689037
0.626951336861
0.622451901436
0.629985392094
0.634008586407
0.659074008465
0.598592817783
0.661749184132
0.641438424587
0.621848702431
0.659347891808
0.62692707777
0.611857652664
0.627148151398
0.606228172779
0.614049971104
0.657002270222
0.647488832474
0.602446377277
0.601530373096
0.607078135014
0.630168199539
0.631871938705
0.645389020443
0.612369000912
0.663228869438
0.6037145257
0.613400042057
0.610348045826
0.597290098667
0.627151846886
0.632522642612
0.618525087833
0.615052938461
0.656264424324
0.597784698009
0.586261928082
0.613466739655
0.585891187191
0.601073086262
0.644364356995
0.618127584457
0.646223425865
0.626923501492
0.592879295349
0.62532222271
0.596596300602
0.626113295555
0.641867280006
0.620083034039
0.616737306118
0.622767031193
0.618555426598
0.640738368034
0.636825621128
0.63050866127
0.624463498592
0.615162730217
0.602808237076
0.587195158005
0.580070853233
0.626640498638
0.58144980669
0.661837518215
0.627715170383
0.609997928143
0.583239793777
0.602492392063
0.624397695065
0.584594726562
0.600309550762
0.66292232275
0.622328579426
0.624123692513
0.578828811646
0.58831346035
0.598154067993
0.634428620338
0.631885051727
0.598217308521
0.586859405041
0.635360777378
0.600543379784
0.632338225842
0.577529609203
0.615363299847
0.613951921463
0.613301932812
0.598700940609
0.596724689007
0.594708442688
0.57492929697
0.611342549324
0.602066397667
0.584601581097
0.596356630325
0.596131026745
0.595069587231
0.641712248325
0.582012653351
0.581264972687
0.602755188942
0.578433036804
0.595012843609
0.597559571266
0.621865570545
0.603647768497
0.568695127964
0.595981180668
0.624656558037
0.617118418217
0.581277012825
0.57795125246
0.589453160763
0.601307988167
0.605490088463
0.610769331455
0.586127698421
0.590906620026
0.608780503273
0.611626923084
0.599517166615
0.592310965061
0.571650147438
0.581475973129
0.572696745396
0.638186872005
0.610749423504
0.609576225281
0.602479875088
0.552010953426
0.606909513474
0.581912457943
0.599781632423
0.570831239223
0.57028067112
0.597419798374
0.573661386967
0.576067149639
0.582556426525
0.587989091873
0.561552941799
0.589449167252
0.604503929615
0.631400227547
0.586100757122
0.621000945568
0.564549207687
0.58973968029
0.570937693119
0.581868112087
0.588205873966
0.585893690586
0.582347691059
0.572391927242
0.597595512867
0.569052219391
0.573759555817
0.605926036835
0.576350569725
0.559764444828
0.592859625816
0.592310369015
0.596188187599
0.585055291653
0.617287635803
0.570734918118
0.618301153183
0.59176748991
0.579445660114
0.591175973415
0.591012001038
0.57820379734
0.561717271805
0.586518526077
0.593290030956
0.590687811375
0.598794460297
0.570819675922
0.577363491058
0.566986918449
0.547766089439
0.596014916897
0.594653964043
0.557265043259
0.554908216
0.562511563301
0.583555996418
0.562628090382
0.58396422863
0.576374769211
0.586167633533
0.576982080936
0.576144993305
0.597698867321
0.572279453278
0.581259012222
0.584361970425
0.588994681835
0.575871229172
0.56477111578
0.57779943943
0.5969876647
0.551426529884
0.59362077713
0.565249919891
0.581762611866
0.611971616745
0.585895240307
0.567275941372
0.545717060566
0.580705761909
0.54494613409
0.549290239811
0.58801305294
0.585547566414
0.62451416254
0.575437366962
0.595947623253
0.571347653866
0.608220934868
0.589725494385
0.584009468555
0.556227147579
0.558842599392
0.562749803066
0.561160981655
0.566531538963
0.577832758427
0.56044781208
0.575057327747
0.593936741352
0.549229860306
0.576494336128
0.584438920021
0.595944941044
0.55764913559
0.571861624718
0.53685593605
0.558504998684
0.572446882725
0.584131062031
0.54515093565
0.58284085989
0.570586144924
0.556047022343
0.593027234077
0.575744390488
0.587802171707
0.571814894676
0.553204953671
0.541710674763
0.576296031475
0.565957188606
0.544817090034
0.578049480915
0.52539306879
0.576330184937
0.575269758701
0.572848677635
0.56908673048
0.597317159176
0.58195400238
0.565308630466
0.573497653008
0.573926091194
0.570860922337
0.55730932951
0.573939919472
0.582928717136
0.575708985329
0.58213442564
0.558793246746
0.549681603909
0.576721131802
0.572582423687
0.587635159492
0.5447524786
0.558353900909
0.566704452038
0.549118876457
0.569286048412
0.567591309547
0.556833565235
0.588242828846
0.558886289597
0.542742311954
0.557472646236
0.571954369545
0.550266444683
0.566852390766
0.556915402412
0.549278974533
0.550677359104
0.569713771343
0.562819182873
0.593013286591
0.56847679615
0.568280935287
0.53119623661
0.546102464199
0.580820262432
0.578179121017
0.563742816448
0.571084141731
0.573992550373
0.551481902599
0.557249963284
0.57101047039
0.548588693142
0.590652704239
0.581897139549
0.557018876076
0.555702924728
0.547334253788
0.554781973362
0.577362716198
0.570234119892
0.542719781399
0.557132840157
0.578922748566
0.569165706635
0.576600372791
0.550640523434
0.56425511837
0.567625939846
0.557557106018
0.5807467103
0.562016904354
0.561286509037
0.602980732918
0.532377898693
0.569878757
0.576977372169
0.543831050396
0.55237776041
0.561175107956
0.549593806267
0.567766189575
0.518722295761
0.58013433218
0.563655138016
0.550807356834
0.547188818455
0.563507080078
0.545037031174
0.550498127937
0.596643269062
0.578725874424
0.533569037914
0.561370134354
0.574472427368
0.551382541656
0.576069235802
0.565675139427
0.546029508114
0.542775392532
0.533637523651
0.539222478867
0.565751254559
0.571029305458
0.566045820713
0.536865353584
0.576502740383
0.548432230949
0.547875583172
0.531085968018
0.571449756622
0.552524268627
0.570231854916
0.564099192619
0.543733000755
0.564877748489
0.541971027851
0.53416377306
0.563274264336
0.578606009483
0.567499220371
0.590391278267
0.558844506741
0.527679681778
0.539913713932
0.563589036465
0.523490488529
0.569489657879
0.528500080109
0.559200584888
0.548875808716
0.543711423874
0.551796495914
0.565923392773
0.536220550537
0.558055222034
0.520032584667
0.550986766815
0.559824585915
0.555583894253
0.563756346703
0.566434919834
0.529858529568
0.529582023621
0.562246024609
0.52918356657
0.528025090694
0.532800912857
0.545984208584
0.556803643703
0.554227590561
0.534768879414
0.535333096981
0.529721617699
0.539037466049
0.541888475418
0.525310397148
0.534110188484
0.535490214825
0.563893318176
0.525698781013
0.524202167988
0.546807348728
0.544792830944
0.546631872654
0.516523003578
0.586774230003
0.553629159927
0.557825684547
0.548483669758
0.512393116951
0.539851725101
0.552330732346
0.540374398232
0.544241309166
0.531788647175
0.560047924519
0.518734097481
0.528823971748
0.539725601673
0.550185918808
0.556786298752
0.53928476572
0.520110964775
0.56259739399
0.52550393343
0.537270605564
0.539377093315
0.554325699806
0.555498361588
0.514814257622
0.544071674347
0.531839907169
0.528747439384
0.559743285179
0.553752064705
0.559370458126
0.546849906445
0.538883626461
0.537688910961
0.53828471899
0.542542219162
0.563633084297
0.557223975658
0.521996438503
0.536590635777
0.538781344891
0.559243083
0.54772746563
0.539893746376
0.528176367283
0.534729599953
0.568280160427
0.534010410309
0.509438991547
0.516449928284
0.53230702877
0.550257325172
0.570515215397
0.537617623806
0.519799113274
0.510214626789
0.521264135838
0.525446116924
0.568243265152
0.505597949028
0.505111813545
0.540202021599
0.548282325268
0.516603946686
0.564462304115
0.518757343292
0.540124893188
0.537378191948
0.546898543835
0.537876904011
0.530831992626
0.530538856983
0.553809583187
0.515162110329
0.537661492825
0.552458167076
0.555573940277
0.534488797188
0.563350856304
0.575988233089
0.519857704639
0.546518802643
0.561310946941
0.525450766087
0.534561991692
0.525052666664
0.544046998024
0.525564789772
0.56025147438
0.511937260628
0.542345166206
0.520808160305
0.524845182896
0.559447288513
0.559729099274
0.562426507473
0.537174403667
0.570516467094
0.538773715496
0.52835470438
0.533481299877
0.551141858101
0.540566265583
0.535585343838
0.555401146412
0.534005761147
0.552917599678
0.505888581276
0.575784027576
0.570357859135
0.492214113474
0.506403386593
0.517834544182
0.568012654781
0.536814987659
0.511854290962
0.554503560066
0.562714576721
0.578217446804
0.556252062321
0.532052278519
0.529900729656
0.534786820412
0.525436639786
0.554270982742
0.535062134266
0.550361394882
0.541197538376
0.507746875286
0.534798979759
0.545597076416
0.575335323811
0.55779337883
0.543762207031
0.538652837276
0.532431125641
0.535407304764
0.523954808712
0.524671971798
0.531112015247
0.550550162792
0.524189352989
0.524538338184
0.567751467228
0.551496267319
0.542356073856
0.530388057232
0.550432920456
0.562269568443
0.552386820316
0.537161767483
0.546489059925
0.542525351048
0.530264735222
0.55317658186
0.50644749403
0.550607085228
0.540662825108
0.545687735081
0.49864423275
0.543730199337
0.535535514355
0.525814652443
0.589225590229
0.52616083622
0.565806090832
0.562000989914
0.549145638943
0.540986895561
0.554071426392
0.537221372128
0.538686752319
0.54668712616
0.536191046238
0.540786743164
0.5548645854
0.548990368843
0.523121654987
0.557804524899
0.587621092796
0.566181838512
0.536497056484
0.556252658367
0.55939078331
0.514999389648
0.565704643726
0.538418710232
0.540723085403
0.525499880314
0.539414465427
0.571426987648
0.577233493328
0.526886224747
0.566739916801
0.544860243797
0.517126262188
0.549366295338
0.527389883995
