0.699825823307
0.669614195824
0.64738792181
0.630863904953
0.616418540478
0.603778421879
0.592509031296
0.581583619118
0.570303916931
0.55793774128
0.544680833817
0.530836880207
0.516836285591
0.503221213818
0.489566713572
0.475243330002
0.460767000914
0.44613224268
0.432105273008
0.418419033289
0.405920684338
0.394253462553
0.381995797157
0.369609057903
0.357943713665
0.347720175982
0.338263213634
0.329300999641
0.32030582428
0.310765147209
0.30151078105
0.292735129595
0.283567070961
0.273890376091
0.264633357525
0.255859941244
0.247650444508
0.240242809057
0.233162552118
0.225791171193
0.217949345708
0.209953844547
0.202335223556
0.194890990853
0.187103271484
0.179041922092
0.170347303152
0.162162959576
0.154519945383
0.148141875863
0.142579048872
0.136603906751
0.130925059319
0.125291064382
0.11989056319
0.114854075015
0.109297588468
0.104272954166
0.0994037166238
0.094775184989
0.0905887633562
0.0864339321852
0.0829589664936
0.0793669372797
0.0760568454862
0.0732114091516
0.0703190714121
0.0671795532107
0.0643366500735
0.0628366023302
0.060675598681
0.0579864867032
0.0566048771143
0.054772157222
0.0522889569402
0.0518999136984
0.0506272427738
0.048884741962
0.0478250458837
0.0447449199855
0.0462208688259
0.0450102649629
0.0435744822025
0.0413839295506
0.0413093753159
0.040668644011
0.0384075827897
0.0381300337613
0.0371425263584
0.0370814315975
0.03695384413
0.035085786134
0.0356797091663
0.0356075428426
0.0352821610868
0.0342412628233
0.0322947651148
0.0321350470185
0.031242068857
0.0306195281446
0.030056912452
0.0295769572258
0.0294634159654
0.0287421531975
0.028528669849
0.0282423105091
0.0273756887764
0.0272313691676
0.0267814081162
0.0261572413146
0.0258354358375
0.025886779651
0.0252832826227
0.0250775888562
0.0246300306171
0.0252021830529
0.0239322390407
0.0237563438714
0.0235308576375
0.023455651477
0.0231309011579
0.0222847536206
0.0223262570798
0.0222025383264
0.0220710523427
0.0216972492635
0.0213289540261
0.0209858641028
0.0211201440543
0.0206360146403
0.0205057673156
0.0204095374793
0.0203028377146
0.0200951788574
0.0197310056537
0.0195249598473
0.0192904062569
0.0190924592316
0.0188334472477
0.0187267102301
0.0186383407563
0.0184748396277
0.0182168502361
0.0182316694409
0.0181383173913
0.0179194081575
0.0177592467517
0.0175169706345
0.0174717418849
0.0172647107393
0.0170583464205
0.0169524233788
0.0168220102787
0.0166977792978
0.0165121331811
0.016389882192
0.0162725057453
0.0161457564682
0.0160678364336
0.0159359239042
0.0158078856766
0.0156553965062
0.015518290922
0.0154417781159
0.0154465725645
0.0152763202786
0.0151657862589
0.0151434680447
0.0150238908827
0.0148783354089
0.0148247182369
0.0148674733937
0.0146925179288
0.0145446928218
0.0146134514362
0.0144439227879
0.0142877884209
0.0142982881516
0.0142069933936
0.0140396440402
0.0140797076747
0.0139850601554
0.0138126136735
0.0137873254716
0.0138078359887
0.013697816059
0.0135814948007
0.0134900864214
0.0134561201558
0.0132846739143
0.0131628904492
0.0131660364568
0.0130205899477
0.0129613438621
0.0130378231406
0.0128797721118
0.0128477755934
0.0128286592662
0.0127515215427
0.0126590663567
0.0125564560294
0.0125198177993
0.0124386772513
0.0123182134703
0.0122743211687
0.012229568325
0.0121659357101
0.012050489895
0.0120218964294
0.0119574135169
0.0118992244825
0.0114837642759
0.0114506166428
0.0111403949559
0.0114840464666
0.0115919411182
0.0115535650402
0.011489149183
0.0114057194442
0.0113299507648
0.0112586170435
0.0113014644012
0.0112646464258
0.0111396275461
0.0111173754558
0.0111104780808
0.0110902376473
0.011057597585
0.0109947770834
0.0109177008271
0.0108502134681
0.0108033688739
0.0107523463666
0.0106781646609
0.010660007596
0.0106266662478
0.0105638187379
0.0105635840446
0.010513166897
0.0104559250176
0.0104206483811
0.0103764720261
0.0103100240231
0.0102647393942
0.0102440053597
0.010196801275
0.0101744439453
0.0101431552321
0.0100739048794
0.0100647713989
0.0100003983825
0.00989596359432
0.00983892288059
0.00977405905724
0.00972471665591
0.00965567398816
0.0095972372219
0.00954859796911
0.00950161926448
0.00944150518626
0.00936087220907
0.00931489653885
0.00922666676342
0.00914109684527
0.00904153287411
0.00896263960749
0.00889402348548
0.00882680807263
0.00876600574702
0.00870969425887
0.0086663281545
0.00860343780369
0.00856758467853
0.00854468345642
0.00850038509816
0.00845445226878
0.0084272576496
0.00839236192405
0.00835987832397
0.00834205094725
0.00831629708409
0.00829454697669
0.0082674138248
0.00823797471821
0.00820945389569
0.00818707887083
0.00815526768565
0.00813977234066
0.00812101922929
0.00809268280864
0.00807047728449
0.0080559104681
0.00806045532227
0.00802141241729
0.00801287591457
0.00800909940153
0.00803001224995
0.00802106410265
0.00801936723292
0.00803349819034
0.0080580143258
0.00806285906583
0.00803065951914
0.00799724273384
0.00796674843878
0.00793800503016
0.00791476108134
0.00789184030145
0.00787348672748
0.00785880349576
0.00784751400352
0.0078361351043
0.0078222034499
0.00780686037615
0.00779233546928
0.00777780963108
0.00776331080124
0.00774704059586
0.00773415202275
0.00772312423214
0.00771039677784
0.00769832590595
0.0076918466948
0.00768194440752
0.00767203420401
0.00766187813133
0.00765037350357
0.00763740949333
0.00763405952603
0.00762444222346
0.00761005375534
0.00760621670634
0.00760057941079
0.00758529128507
0.00757133075967
0.00756946206093
0.00756593979895
0.00755631364882
0.00754463952035
0.00753399683163
0.00752784265205
0.0075205010362
0.00751505838707
0.00750751420856
0.00749808410183
0.00748921697959
0.00748252309859
0.00747833680362
0.0074728988111
0.007463962771
0.00745488703251
0.00744767673314
0.00744175445288
0.0074375406839
0.00743220048025
0.00742614502087
0.00742042576894
0.00741314888
0.00741023384035
0.00740666640922
0.00739726610482
0.00739152077585
0.00738743925467
0.00738341966644
0.00737881241366
0.00737213436514
0.00736623350531
0.00736078713089
0.00735859293491
0.00735482666641
0.00734773511067
0.00734318466857
0.00733897648752
0.00733400415629
0.0073291468434
0.00732476590201
0.00732010742649
0.00731549225748
0.00731349969283
0.00730902003124
0.00730553315952
0.00730031309649
0.00729442108423
0.00729192327708
0.00729104969651
0.0072872703895
0.00728301657364
0.00727711664513
0.00727137178183
0.00727037107572
0.00726832356304
0.00726406415924
0.0072591919452
0.00725440122187
0.00724939070642
0.00724538927898
0.00724150007591
0.00723810959607
0.00723432796076
0.00723097613081
0.00722801452503
0.00722325593233
0.00721932947636
0.00721549196169
0.00721165724099
0.0072071608156
0.00720693543553
0.00720424205065
0.00719856284559
0.00719580193982
0.00719377584755
0.00718830432743
0.00718538463116
0.00718162767589
0.00717871403322
0.00717582367361
0.00717318570241
0.00716847274452
0.00717541109771
0.00717020919546
0.00717204948887
0.00717661855742
0.00718042813241
0.00718235690147
0.00718238530681
0.00718022277579
0.00718025770038
0.00717780319974
0.00717193912715
0.00716701010242
0.00716333976015
0.00715920096263
0.00715380627662
0.0071493848227
0.0071447645314
0.00714308070019
0.00714016007259
0.00713650602847
0.00713126035407
0.00712885754183
0.00712710246444
0.00712453899905
0.00712051289156
0.00711744138971
0.00711353588849
0.00711118383333
0.00710977287963
0.00710623385385
0.00710218958557
0.00710111344233
0.00709884334356
0.00709593249485
0.00709364982322
0.00708956550807
0.00708673102781
0.00708366604522
0.00708167254925
0.00707880035043
0.00707573723048
0.00707505876198
0.00707341870293
0.00707032438368
0.00706730689853
0.00706673134118
0.0070653706789
0.00706243095919
0.0070592565462
0.00705704232678
0.00705553079024
0.00705395080149
0.00705051468685
0.0058337263763
0.00418209610507
0.00392667250708
0.00409730058163
0.00420669838786
0.00402428163216
0.00371564296074
0.00348419533111
0.00333913299255
0.00313386018388
0.00296036526561
0.00282692210749
0.00267054676078
0.00248363986611
0.00229361024685
0.00212739035487
0.00198945822194
0.00187510950491
0.0017810392892
0.00170208315831
0.00162114237901
0.00153067638166
0.00143300974742
0.00133930298034
0.00125823903363
0.00119840842672
0.00114101637155
0.00108121754602
0.00102107506245
0.000969202141277
0.000920673890505
0.000879498140421
0.000845476286486
0.000814661965705
0.000784779491369
0.000755658606067
0.000727125909179
0.000699861033354
0.000675604911521
0.000654015573673
0.000635319447611
0.000618989928626
0.000600378552917
0.000581750762649
0.000567999610212
0.000555258942768
0.000542901165318
0.00053050997667
0.000517915526871
0.000505718111526
0.00049546349328
0.000486205914058
0.000476584333228
0.000466309924377
0.000457778776763
0.000450114865089
0.000442322954768
0.000434406887507
0.000426396552939
0.000418337440351
0.000412935711211
0.00040613731835
0.000399427837692
0.000393928319681
0.000388601823943
0.00038303679321
0.000377284857677
0.000371387519408
0.000367026601452
0.000362315797247
0.000357081880793
0.000352043920429
0.000347836030414
0.000343394640367
0.000338838435709
0.000334228912834
0.000331477465807
0.0003272529284
0.000322371750372
0.000318907143082
0.00031565388781
0.000311963463901
0.000308395567117
0.000304624118144
0.000301997497445
0.000298380648019
0.000294923054753
0.000292102922685
0.000289157906082
0.000286015099846
0.000283373054117
0.000280644948361
0.000277531915344
0.000274740363238
0.000272156466963
0.000269450421911
0.000267050170805
0.000264572852757
0.00026250796509
0.000259567605099
0.000257026200416
0.000254698796198
0.00025239304523
0.000250387704
0.000248282973189
0.000246024545049
0.000243982649408
0.000242135443841
0.000240187524469
0.00023807414982
0.000235795319895
0.000233417566051
0.000232088001212
0.000230386678595
0.000227984492085
0.000225855954341
0.000224266870646
0.000222550108447
0.000221128182602
0.000219021370867
0.000217371038161
0.00021564574854
0.000213820982026
0.00021221768111
0.000210611862713
0.000208893077797
0.000207305783988
0.000205813950743
0.000204308336833
0.000202775569051
0.000201351795113
0.000199817091925
0.000198258858291
0.000196794135263
0.000195238972083
0.000194082094822
0.000192566221813
0.000191026483662
0.000189738959307
0.000188764053746
0.000187248428119
0.000185908487765
0.000184708755114
0.000183505107998
0.000182261079317
0.000180969131179
0.000179688708158
0.0001787085057
0.00017753271095
0.000176263361936
0.000175177745405
0.000174028959009
0.000172834566911
0.000171709136339
0.000170605286257
0.000169483988429
0.0001683258306
0.000167284131749
0.000166465470102
0.000165389661561
0.000164479410159
0.000163502685609
0.000162441254361
0.000161306452355
0.000160488052643
0.000159328308655
0.000158404844115
0.000157506859978
0.000156608293764
0.000155767731485
0.000154904511874
0.000153931963723
0.000153040673467
0.000152161795995
0.000151239553816
0.000150367719471
0.000149644169142
0.000148663573782
0.000147877028212
0.000147024096805
0.000146148420754
0.000145440004417
0.000144575082231
0.000143721699715
0.000142958000652
0.000142304459587
0.000141398588312
0.000140635136631
0.000139862328069
0.000139095252962
0.000138329094625
0.000137626382639
0.000136883303639
0.000136150803883
0.000135412497912
0.000134747344418
0.000133971130708
0.00013330616639
0.000132680783281
0.000132006534841
0.0001312726381
0.000130644169985
0.000129985128297
0.00012928067008
0.000128620187752
0.000128253726871
0.00012731073366
0.000126691957121
0.000126079568872
0.000125429884065
0.000124792713905
0.000124182683066
0.000123529884149
0.000122932178783
0.000122310288134
0.000121709934319
0.000121347446111
0.000120519718621
0.000120028751553
0.000119479816931
0.000118869444123
0.000118239251606
0.000117661475088
0.000117152747407
0.000116549555969
0.000116013587103
0.00011553936929
0.0001150356984
0.000114473201393
0.000113881564175
0.000113369358587
0.000112865716801
0.000112280060421
0.000111742738227
0.000111219684186
0.000110679153295
0.000110145039798
0.000109725508082
0.000109191714728
0.000108747037302
0.000108261578134
0.000107741754618
0.000107191954157
0.000106745501398
0.000106210631202
0.000105796927528
0.00010534854664
0.000105034887383
0.000104454105895
0.000103996921098
0.000103505102743
0.000103021986433
0.000102697515104
0.000102274156234
0.000101760015241
0.000101270670712
0.000100872122857
0.000100562974694
0.000100053373899
9.96165690594e-05
9.9164317362e-05
9.88261381281e-05
9.8453652754e-05
9.80125332717e-05
9.75277580437e-05
9.71661283984e-05
9.67812084127e-05
9.64509454207e-05
9.59928875091e-05
9.55859941314e-05
9.51985857682e-05
9.48021406657e-05
9.4465976872e-05
9.40905374591e-05
9.36595461098e-05
9.32710900088e-05
9.29239467951e-05
9.26232751226e-05
9.22365361475e-05
9.18793521123e-05
9.15090422495e-05
9.10819580895e-05
9.07596258912e-05
9.04466505744e-05
9.00746381376e-05
8.96523124538e-05
8.93045144039e-05
8.90176015673e-05
8.87027417775e-05
8.83815300767e-05
8.80283041624e-05
8.76497215359e-05
8.72786840773e-05
8.69748619152e-05
8.66661430337e-05
8.62774322741e-05
8.5936524556e-05
8.56597253005e-05
8.53928213473e-05
8.51078584674e-05
8.47736664582e-05
8.44034002512e-05
8.40342690935e-05
8.37413826957e-05
8.34700549603e-05
8.31466677482e-05
8.27750045573e-05
8.24415037641e-05
8.22018046165e-05
8.19084598334e-05
8.16283063614e-05
8.13193255453e-05
8.09957709862e-05
8.06614334579e-05
8.03847142379e-05
8.01147180027e-05
7.98530163593e-05
7.94986917754e-05
7.92460486991e-05
7.90017802501e-05
7.87164754001e-05
7.84020667197e-05
7.80992631917e-05
7.78322646511e-05
7.7568773122e-05
7.72599232732e-05
7.69632970332e-05
7.66992670833e-05
7.64192227507e-05
7.62585550547e-05
7.58680471336e-05
7.56402660045e-05
7.54096035962e-05
7.51605912228e-05
7.49191531213e-05
7.4673036579e-05
7.44295248296e-05
7.4178155046e-05
7.39255992812e-05
7.36750953365e-05
7.3413233622e-05
7.31522522983e-05
7.28970844648e-05
7.26305588614e-05
7.23698540241e-05
7.21126489225e-05
7.18502269592e-05
7.15991409379e-05
7.13498156983e-05
7.11028187652e-05
7.09929518052e-05
7.06690552761e-05
7.04413614585e-05
7.02513134456e-05
7.00344753568e-05
6.97978175594e-05
6.95489288773e-05
6.93619949743e-05
6.91390087013e-05
6.88787622494e-05
6.86566563672e-05
6.84330734657e-05
6.81940509821e-05
6.79655058775e-05
6.77430653013e-05
6.75046467222e-05
6.72735113767e-05
6.70359659125e-05
6.68120992486e-05
6.66792257107e-05
6.63941827952e-05
6.62004604237e-05
6.60111036268e-05
6.58095013932e-05
6.56139891362e-05
6.54304094496e-05
6.52241287753e-05
6.5014071879e-05
6.4807209128e-05
6.46122789476e-05
6.43989915261e-05
6.41857041046e-05
6.39907520963e-05
6.37760167592e-05
6.35610122117e-05
6.33555973764e-05
6.31531002e-05
6.29386704531e-05
6.27262634225e-05
6.26377877779e-05
6.23478772468e-05
6.21996368864e-05
6.20455830358e-05
6.18603735347e-05
6.16600227659e-05
6.14744858467e-05
6.13052470726e-05
6.11298964941e-05
6.09324488323e-05
6.07315087109e-05
6.05605273449e-05
6.03656772e-05
6.01597675995e-05
5.99858612986e-05
5.98029400862e-05
5.96081117692e-05
5.94080484007e-05
5.92175820202e-05
5.90323506913e-05
5.89643386775e-05
5.8719982917e-05
5.85385714658e-05
5.84008957958e-05
5.82373031648e-05
5.80600135436e-05
5.78946492169e-05
5.77327773499e-05
5.7559554989e-05
5.73915676796e-05
5.72244571231e-05
5.7057623053e-05
5.68881732761e-05
5.67123206565e-05
5.65353002457e-05
5.63606081414e-05
5.61850429222e-05
5.60208281968e-05
5.58481806365e-05
5.57032362849e-05
5.55233455088e-05
5.53842255613e-05
5.52349047211e-05
5.50675504201e-05
5.48955322301e-05
5.47307754459e-05
5.46452647541e-05
5.44275171706e-05
5.42663292435e-05
5.41301487829e-05
5.39744505659e-05
5.38266140211e-05
5.36746993021e-05
5.35219187441e-05
5.33682541572e-05
5.32154735993e-05
5.30574470758e-05
5.2897095884e-05
5.28029086126e-05
5.2615738241e-05
5.24755014339e-05
5.23271191923e-05
5.21839574503e-05
5.2043425967e-05
5.18909582752e-05
5.17422777193e-05
5.16320542374e-05
5.1482780691e-05
5.13431587024e-05
5.11837351951e-05
5.10548634338e-05
5.09155106556e-05
5.07723889314e-05
5.06333308294e-05
5.0503287639e-05
5.03447263327e-05
5.02088551002e-05
5.01312752021e-05
4.9935439165e-05
4.9818532716e-05
4.96774628118e-05
4.95494969073e-05
4.94191881444e-05
4.92862636747e-05
4.91460632475e-05
4.90090569656e-05
4.88706027681e-05
4.8767982662e-05
4.86207864014e-05
4.84945740027e-05
4.83651674585e-05
4.82406903757e-05
4.81072092953e-05
4.7986242862e-05
4.7852168791e-05
4.77224530187e-05
4.76352724945e-05
4.74723929074e-05
4.73721120215e-05
4.72552346764e-05
4.71156599815e-05
4.71019629913e-05
4.70882696391e-05
4.70745726489e-05
4.7064073442e-05
4.70535742352e-05
4.70390041301e-05
4.70241502626e-05
4.70101549581e-05
4.69961742056e-05
4.69810183858e-05
4.69678961963e-05
4.69547849207e-05
4.69416700071e-05
4.69265178253e-05
4.69131082355e-05
4.68988255307e-05
4.68868674943e-05
4.68723010272e-05
4.6858600399e-05
4.68457765237e-05
4.68332400487e-05
4.68183752673e-05
4.68043872388e-05
4.67982645205e-05
4.67857316835e-05
4.67685385956e-05
4.67574645882e-05
4.67463869427e-05
4.67344398203e-05
4.67224926979e-05
4.67085119453e-05
4.66980236524e-05
4.66863566544e-05
4.66738165414e-05
4.66609963041e-05
4.664934022e-05
4.66373821837e-05
4.66234014311e-05
4.66099918413e-05
4.65939701826e-05
4.65849334432e-05
4.65723969683e-05
4.65592820547e-05
4.65484954475e-05
4.65356752102e-05
4.65228513349e-05
4.6509449021e-05
4.64980803372e-05
4.6490211389e-05
4.64730146632e-05
4.64587392344e-05
4.64476652269e-05
4.64339718746e-05
4.64214390377e-05
4.64094882773e-05
4.63975375169e-05
4.63861688331e-05
4.63748001494e-05
4.63625656266e-05
4.63523574581e-05
4.63412761746e-05
4.63278774987e-05
4.63162214146e-05
4.63051401312e-05
4.62923198938e-05
4.62774587504e-05
4.626550799e-05
4.62529715151e-05
4.6240442316e-05
4.62343195977e-05
4.62142161268e-05
4.62016869278e-05
4.61920644739e-05
4.61804083898e-05
4.6166129323e-05
4.61553354398e-05
4.6143970394e-05
4.61355157313e-05
4.61177478428e-05
4.61072559119e-05
4.60955961898e-05
4.6085104259e-05
4.60693700006e-05
4.60588707938e-05
4.60472147097e-05
4.60346855107e-05
4.6019529691e-05
4.60055453004e-05
4.59930124634e-05
4.5981938456e-05
4.59691145807e-05
4.59583243355e-05
4.59469592897e-05
4.59355906059e-05
4.59245165985e-05
4.59099464933e-05
4.58945032733e-05
4.58825561509e-05
4.58700269519e-05
4.58589493064e-05
4.58472932223e-05
4.5834472985e-05
4.58213580714e-05
4.58088215964e-05
4.57962923974e-05
4.5784345275e-05
4.57715250377e-05
4.57595670014e-05
4.57482019556e-05
4.57385795016e-05
4.57219721284e-05
4.57065361843e-05
4.5696622692e-05
4.56864181615e-05
4.56718516944e-05
4.56607740489e-05
4.5647371735e-05
4.56330926681e-05
4.56199777545e-05
4.56121124444e-05
4.55940462416e-05
4.55812260043e-05
4.55681110907e-05
4.55564586446e-05
4.55436274933e-05
4.55302251794e-05
4.55188601336e-05
4.55039989902e-05
4.54958390037e-05
4.54809705843e-05
4.54713517684e-05
4.54588225693e-05
4.54489054391e-05
4.54346300103e-05
4.54215187347e-05
4.54095679743e-05
4.5396740461e-05
4.53839202237e-05
4.53693537565e-05
4.53646862297e-05
4.53448701592e-05
4.53332104371e-05
4.53200991615e-05
4.53078610008e-05
4.52944586868e-05
4.52827989648e-05
4.52702624898e-05
4.52556960227e-05
4.5242588385e-05
4.52309286629e-05
4.52186905022e-05
4.52047061117e-05
4.51933410659e-05
4.51831365353e-05
4.51708947367e-05
4.51571977464e-05
4.51443775091e-05
4.51321320725e-05
4.51164014521e-05
4.51091145806e-05
4.50954103144e-05
4.50852130598e-05
4.50694860774e-05
4.50572406407e-05
4.50461666333e-05
4.50330480817e-05
4.50187762908e-05
4.50079860457e-05
4.49931249022e-05
4.49852523161e-05
4.49686413049e-05
4.4955238991e-05
4.49435865448e-05
4.49316357845e-05
4.49185208709e-05
4.49033686891e-05
4.48905520898e-05
4.48771461379e-05
4.48663595307e-05
4.48538303317e-05
4.48424652859e-05
4.48299360869e-05
4.48153696198e-05
4.48048740509e-05
4.47917591373e-05
4.47792299383e-05
4.47666971013e-05
4.47530037491e-05
4.47398815595e-05
4.47293969046e-05
4.4712498493e-05
4.47031670774e-05
4.46909252787e-05
4.46772355644e-05
4.46658668807e-05
4.46513040515e-05
4.46370249847e-05
4.46244885097e-05
4.46105041192e-05
4.4603504648e-05
4.45860241598e-05
4.45740733994e-05
4.4562126277e-05
4.45501791546e-05
4.45385157946e-05
4.45256955572e-05
4.45117075287e-05
4.4499469368e-05
4.44863544544e-05
4.447441097e-05
4.44621728093e-05
4.4449345296e-05
4.44374018116e-05
4.44239958597e-05
4.44094293925e-05
4.43983553851e-05
4.43863973487e-05
4.43724129582e-05
4.43590106443e-05
4.43525932496e-05
4.433365757e-05
4.43193894171e-05
4.43065691798e-05
4.42957789346e-05
4.42832424596e-05
4.42680975539e-05
4.42558593932e-05
4.42418750026e-05
4.42313757958e-05
4.42191412731e-05
4.4203698053e-05
4.41917472926e-05
4.4178636017e-05
4.41684314865e-05
4.41547381342e-05
4.4141044782e-05
4.41305528511e-05
4.41171468992e-05
4.41040283476e-05
