0.69322514534
0.689333796501
0.685342013836
0.678626775742
0.665785491467
0.652722001076
0.627458155155
0.601666510105
0.563693165779
0.523501336575
0.48245999217
0.436783134937
0.416102945805
0.367207288742
0.37087470293
0.356108576059
0.341171085835
0.335039675236
0.324721544981
0.328247815371
0.341226577759
0.320655077696
0.324998110533
0.329863607883
0.327829062939
0.30639949441
0.294656604528
0.315782934427
0.295453518629
0.317672729492
0.339608758688
0.309642016888
0.307394385338
0.330499529839
0.320985555649
0.311695188284
0.276376485825
0.301373571157
0.323850393295
0.275729179382
0.25985699892
0.306322515011
0.272337317467
0.281790494919
0.273933410645
0.311698466539
0.264934122562
0.27555218339
0.269686192274
0.322208464146
0.277453124523
0.285773634911
0.296590030193
0.264733672142
0.28633582592
0.268339693546
0.255932688713
0.261716037989
0.270151019096
0.255578190088
0.249893561006
0.272663295269
0.237626120448
0.231516316533
0.237967222929
0.228621393442
0.239850223064
0.254375845194
0.227694630623
0.258395165205
0.221149161458
0.227198496461
0.215654432774
0.204594910145
0.260151743889
0.239873453975
0.219595089555
0.220733717084
0.193329751492
0.211266592145
0.233707979321
0.229449093342
0.205879062414
0.202412933111
0.228257939219
0.213891819119
0.202748775482
0.198087885976
0.209499448538
0.214565336704
0.218896597624
0.197685867548
0.195571526885
0.197566092014
0.192928031087
0.177796661854
0.174101263285
0.167067334056
0.204183548689
0.181819096208
0.16818960011
0.160213440657
0.163733080029
0.173096179962
0.181210458279
0.167717278004
0.189929783344
0.205029308796
0.183029875159
0.177107617259
0.163637265563
0.161336168647
0.157686114311
0.16899625957
0.178088322282
0.161083087325
0.149388864636
0.168146371841
0.145555093884
0.161569103599
0.167085334659
0.154452726245
0.181049674749
0.147680670023
0.185319811106
0.156209170818
0.161968439817
0.163445591927
0.157365933061
0.14965839684
0.147224485874
0.143807440996
0.152863681316
0.145428150892
0.145379021764
0.167765885592
0.147715240717
0.140904009342
0.138348698616
0.14293473959
0.139429211617
0.138857796788
0.153288349509
0.133442610502
0.131326273084
0.135860204697
0.180664226413
0.134532317519
0.114295311272
0.128758475184
0.12992015481
0.119842268527
0.144133225083
0.146085202694
0.125633612275
0.132392823696
0.130993053317
0.126401364803
0.112346231937
0.115358509123
0.134515404701
0.134336143732
0.153082445264
0.125997811556
0.139222562313
0.114282786846
0.139347687364
0.145702183247
0.123090155423
0.110335446894
0.148734420538
0.110687285662
0.108191885054
0.115925617516
0.102395929396
0.132855474949
0.100652694702
0.142184495926
0.11948876828
0.111761242151
0.117098197341
0.11674990505
0.140359848738
0.113221511245
0.103694967926
0.119674906135
0.0929277017713
0.133706927299
0.103971756995
0.103875361383
0.107589222491
0.116225361824
0.110098712146
0.120149761438
0.106453627348
0.100683391094
0.106789536774
0.096216917038
0.105984866619
0.0978387221694
0.0937768816948
0.13241328299
0.0991803631186
0.108409583569
0.098626896739
0.118252821267
0.115388840437
0.0922961011529
0.10700263083
0.0903099626303
0.10725222528
0.143009766936
0.0901166573167
0.0899408310652
0.136941507459
0.0913739651442
0.0903199762106
0.0848053619266
0.122248597443
0.0875928997993
0.0975824669003
0.0858487561345
0.0940325781703
0.10405395925
0.0748188644648
0.0856378301978
0.0891853272915
0.0759180411696
0.0953791365027
0.105863906443
0.0822315588593
0.10165219754
0.0967782661319
0.0735010132194
0.0862664282322
0.117627084255
0.0991826206446
0.111997783184
0.103199802339
0.086534447968
0.0836496129632
0.0697104409337
0.0846290960908
0.0817042067647
0.101858243346
0.0806441232562
0.0708699822426
0.088409550488
0.081660553813
0.0858114510775
0.089469961822
0.0799508616328
0.0806495696306
0.0774535015225
0.0714896693826
0.0812081322074
0.0865834951401
0.0650104433298
0.0784512832761
0.0781432911754
0.0689343735576
0.08764385432
0.0641102790833
0.0623513571918
0.0849141180515
0.0919579640031
0.102472908795
0.075341552496
0.0763019248843
0.0793340727687
0.0658802315593
0.0616624467075
0.0592311620712
0.0657093822956
0.0581530593336
0.0981932505965
0.0705252289772
0.0697249919176
0.0619652830064
0.0763396397233
0.0629741474986
0.0638083219528
0.0678781345487
0.0727797448635
0.102171249688
0.0671038329601
0.0711487755179
0.0586854144931
0.0661230757833
0.0779436454177
0.0823658853769
0.108129642904
0.0928270444274
0.0809500068426
0.0588457025588
0.0707750022411
0.0834409743547
0.071925804019
0.0711638182402
0.0786105841398
0.0627630278468
0.0539449974895
0.0520571470261
0.0572205781937
0.0552338473499
0.0893835276365
0.0715082883835
0.09761030972
0.0607375651598
0.0749697610736
0.0645089074969
0.0730997249484
0.0563681423664
0.0723317191005
0.0777017623186
0.068050429225
0.0608794428408
0.0533048547804
0.0613397359848
0.0534739047289
0.0555304512382
0.0656758025289
0.062651462853
0.0760902836919
0.0723709762096
0.0549646280706
0.0580507963896
0.0654414445162
0.0490131117404
0.0587663128972
0.049036052078
0.0497246533632
0.0627989172935
0.0472437702119
0.0464419573545
0.088418520987
0.0563247725368
0.0527859479189
0.0814644619823
0.0633139461279
0.0648792237043
0.0737673938274
0.061616063118
0.0739258304238
0.0553945675492
0.0833640098572
0.0686282068491
0.0845693051815
0.0467243231833
0.0552226379514
0.054070904851
0.0475854352117
0.0792296081781
0.0707967728376
0.0478776134551
0.0645550042391
0.0435680299997
0.0547652542591
0.050676677376
0.0867318883538
0.0510418787599
0.0759295895696
0.044466137886
0.0523986965418
0.0440918281674
0.0604001022875
0.0450136139989
0.0545034371316
0.0464730933309
0.0549787208438
0.0467759855092
0.0486334078014
0.0499792695045
0.0660888552666
0.0448990985751
0.0535333491862
0.0646374300122
0.0437637344003
0.0565255619586
0.0560330785811
0.0476366356015
0.0492405481637
0.070744022727
0.0583421140909
0.0542075745761
0.0488251671195
0.0485587902367
0.0596869215369
0.0923979282379
0.0604993775487
0.0979997217655
0.051232624799
0.0399277210236
0.0707568377256
0.0444082580507
0.0553598403931
0.0386005453765
0.0426272787154
0.0451130159199
0.0379601977766
0.0400510504842
0.0437591932714
0.0563249997795
0.0414265878499
0.0368289351463
0.0495149083436
0.0373870767653
0.055854126811
0.094185732305
0.0358638167381
0.0520292893052
0.0556057989597
0.039535690099
0.0477705448866
0.0483269579709
0.0848156660795
0.056787814945
0.0681903958321
0.0657752454281
0.0558040700853
0.0514170303941
0.061467371881
0.062231272459
0.0452091507614
0.0596047081053
0.0341370031238
0.10856063664
0.0470916368067
0.0748972147703
0.0424786396325
0.0425081513822
0.0439728796482
0.0540809780359
0.0580621622503
0.073678329587
0.0488246530294
0.0480508208275
0.0434732176363
0.035837944597
0.033112436533
0.033192332834
0.0405044704676
0.0605451539159
0.0378604270518
0.0457666926086
0.061750549823
0.0372155085206
0.0340635254979
0.0343043059111
0.0409074872732
0.0388118736446
0.0645101517439
0.0363416522741
0.0472183488309
0.0485739074647
0.0432808212936
0.0360675193369
0.0462084449828
0.0599030926824
0.0445803031325
0.0555961430073
0.0295051466674
0.0507951490581
0.0373800806701
0.035565380007
0.0323903560638
0.0446301698685
0.0423523895442
0.0539659447968
0.0377457998693
0.0298691019416
0.045690048486
0.0286775771528
0.0319041609764
0.0602917745709
0.0478805825114
0.0284215323627
0.0301845502108
0.0464445501566
0.0416460260749
0.0447766669095
0.0412108972669
0.0649876147509
0.0588906630874
0.033755145967
0.0379923395813
0.0295931138098
0.0359658449888
0.0479032546282
0.04514907673
0.0380107685924
0.0220430791378
0.0645558312535
0.0194839835167
0.0422590114176
0.0270379688591
0.0298844855279
0.0182653535157
0.0108051318675
0.0163893308491
0.00228079548106
0.0363543853164
0.0408729687333
0.027428759262
0.00855334848166
0.00386019307189
0.0191736016423
0.00073648232501
0.00356229464523
0.0356257371604
0.014416041784
0.0619124248624
0.0247636474669
0.00433371262625
0.0044538252987
0.0468307770789
0.0278355926275
0.0200647022575
0.0181749090552
0.0246313847601
0.0142992818728
0.0158000010997
0.00377575238235
0.000908731715754
0.0105179613456
0.0196296218783
0.0288940407336
0.0167776159942
0.0614812336862
0.0267606824636
0.0409612692893
0.0258060600609
0.00839568208903
0.0132417734712
0.0112425815314
0.0434328503907
0.015710843727
0.00502794561908
0.0136838434264
0.00667949439958
0.038090813905
0.0104643749073
0.0143224671483
0.00738168554381
0.00973047781736
0.00627488037571
0.00388961937279
0.0144614847377
0.0516165420413
0.00896336324513
0.0331577584147
0.012594697997
0.0206682793796
0.00126214988995
0.0576773993671
0.00769199198112
0.00985031202435
0.00272881891578
0.0237068776041
0.0127081153914
0.0123782474548
0.00784451980144
0.0136825526133
0.0216383859515
0.0122409155592
0.02848870866
0.00272869924083
0.00849112961441
0.0468473285437
0.00968051142991
0.00225566932932
0.0114746894687
0.00752186775208
0.0360035412014
0.0105053298175
0.0120896697044
0.00294102216139
0.020330619067
0.0353307686746
0.00709270173684
0.0118857519701
0.00419971486554
0.0202460680157
0.000703180790879
0.0309784673154
0.0137426983565
0.00125665287487
0.00560327153653
0.0140269547701
0.0124101173133
0.00180669955444
0.0105827264488
0.0101831285283
0.013929432258
0.00198183325119
0.00174919900019
0.029841709882
0.00848164595664
0.00109634746332
0.0724231079221
0.00299136666581
0.0180873461068
0.0200619287789
0.0110553279519
0.00985922664404
0.0149339362979
0.017513314262
0.00834737811238
0.0255683641881
0.00836323015392
0.0126544646919
0.0330524593592
0.0118050342426
0.00796781200916
0.00433305418119
0.0122132413089
0.00366814015433
0.00761545728892
0.00347370235249
0.0178342554718
0.00294590904377
0.0159230586141
0.00369974202476
0.0124295176938
0.00643593491986
0.0208071917295
0.00647881953046
0.0238896608353
0.0115784751251
0.0188968107104
0.000931133923586
0.00221242103726
0.00392138073221
0.00539721688256
0.0192123576999
0.000691489840392
0.00434993952513
0.0252102296799
0.00970512162894
0.0135487029329
0.000358729099389
0.0312240887433
0.00873219780624
0.0348962061107
0.000397733878344
0.000579755112994
0.0317070707679
0.00108989537694
0.021482989192
0.00542829977348
0.0287813749164
0.00577155686915
0.0406185649335
0.00131158682052
0.0117787271738
0.00293151382357
0.0337311774492
0.0225809812546
0.0283325202763
0.0167349353433
0.012943402864
0.00776988826692
0.0151217514649
0.00939892232418
0.0279698073864
0.00530472956598
0.00965172518045
0.00577930454165
0.00925341807306
0.00375371077098
0.0170900709927
0.0116372611374
0.00294607388787
0.00815247464925
0.00221805996262
0.0362497456372
0.0137764578685
0.00483120279387
0.00849199481308
0.0136311650276
0.00945703778416
0.00696668401361
0.00141630962025
0.00537597481161
0.00130564789288
0.00511383684352
0.00378051656298
0.0129651091993
0.0300556365401
0.0466467514634
0.00983379222453
0.00316306226887
0.00392933981493
0.0472889952362
0.0241445023566
0.0225879736245
0.0287155006081
0.0155128762126
0.00699756434187
0.00483208196238
0.00395825784653
0.0290327537805
0.0250510405749
0.00590504240245
0.0131068835035
0.0107293603942
0.0115863485262
0.0241710096598
0.00323615432717
0.00211626430973
0.00325451837853
0.00338950799778
0.0310866720974
0.00205647805706
0.00552632845938
0.00797405000776
0.00494424439967
0.00367031269707
0.00161079084501
0.00253877229989
0.0161130893975
0.0111013809219
0.000649969850201
0.00669117504731
0.00479071540758
0.0013943973463
0.00155919103418
0.0158692095429
0.0041808639653
0.040917377919
8.89565708349e-05
0.00098745233845
0.0129104703665
0.00340207549743
0.0107017857954
0.00182862975635
0.00185808283277
0.00642233528197
0.00713046314195
0.00257379864343
0.0614620149136
0.000209303761949
0.00275884196162
0.00252828723751
0.00232749828137
0.013795575127
0.00156960671302
0.0019463597564
0.00922193657607
0.036533717066
0.00223578559235
0.0229266323149
0.00583274383098
0.0197678729892
0.0370826236904
0.0269476100802
0.000360229460057
0.00259812059812
0.0114774517715
0.00304913660511
0.0238357912749
0.000934549199883
0.00421983189881
0.0111335823312
0.0031760558486
0.022110376507
0.0222915969789
0.00366036011837
0.00543692335486
0.0174687765539
0.00563747808337
0.00510254269466
0.0119188306853
0.00208863988519
0.00799744669348
0.0057696509175
0.0102432984859
0.0451663658023
0.00566107872874
0.0172266736627
0.0202307067811
0.000729290826712
0.00911736115813
0.00866307597607
0.00185939494986
0.0129181882367
0.00450187036768
0.00226888572797
0.00668085971847
0.0206462703645
0.00473425351083
0.0344168059528
0.0140665657818
0.00174708827399
0.00414886837825
0.000802367634606
0.0194812342525
0.0187914725393
0.0099331503734
0.0018005137099
0.00761609477922
0.00556174013764
0.030430752784
0.00449894508347
0.00851914100349
0.0197036415339
0.00464525492862
0.0383715704083
0.0127723924816
0.00549197383225
0.0119558796287
0.00146871164907
0.0069586946629
0.00213489821181
0.0333595238626
0.00295751472004
0.0150140449405
0.00214621168561
0.00944989267737
0.0301616508514
0.00384064484388
0.00282272091135
0.00182345148642
0.00524331955239
0.011695612222
0.012821989134
0.0416785404086
0.00291807134636
0.00454547302797
0.00883688498288
0.0044161467813
0.00359531352296
0.000652417831589
0.00260148546658
0.00766294216737
0.0051001328975
0.00102708954364
0.00461020460352
0.00257598375902
0.0375288203359
0.00386220496148
0.00754263438284
0.00747734261677
0.0269710756838
0.00613900320604
0.0023455391638
0.00283283274621
0.00124779983889
0.00707974471152
0.00583010306582
0.000197726927581
0.00261244247667
0.0109814535826
0.00138011923991
0.0195226985961
0.0072524449788
0.00569333927706
0.00225568097085
0.00246091070585
0.00478676101193
0.000208985366044
0.0210878830403
0.00255618337542
0.00323013914749
0.00249241571873
0.0150892417878
0.00109192589298
0.000595799647272
0.0108629027382
0.000842214620207
0.00187921384349
0.00184618262574
0.00478496449068
0.0048338198103
0.00787828955799
0.012151511386
0.00231911847368
0.00170707702637
0.00613738130778
0.00650421762839
0.00513414340094
0.00372437038459
0.000704037491232
0.0048444760032
0.00272732949816
0.00436969846487
0.00447254627943
0.00273184641264
0.000446916790679
0.0114221749827
0.0090522216633
0.0277373734862
0.0102033391595
0.00238386588171
0.00225383066572
0.00257498049177
0.00543804094195
0.0130545543507
0.00110431865323
0.00602487660944
0.00204989942722
0.013052565977
0.00815766397864
0.000441807031166
0.00395423453301
0.0113306650892
0.00195617461577
0.000632704992313
0.000725208257791
0.00100280798506
0.0575002245605
0.00491355033591
0.000808989978395
0.0128012700006
0.00385538116097
0.0021111741662
0.0031390520744
0.00707400497049
0.0178572442383
0.00148396973964
0.000169252525666
0.00222801067866
0.00748619437218
0.000857813924085
0.00202020257711
0.00717845372856
0.0322748087347
0.0113953566179
0.00249139312655
0.00138712464832
0.0278721228242
0.00280037848279
0.00548492465168
0.00209336890839
0.00567097356543
0.000152451932081
0.000422422483098
0.000750989362132
0.024238858372
0.00865388195962
0.00036290686694
0.0116799501702
0.0112464670092
0.00596495438367
0.00766925746575
0.0606317445636
0.00477694440633
0.0239058639854
0.00519023137167
0.00592080270872
0.00736269075423
0.0237020943314
0.00439097732306
0.0102156205103
0.00826766062528
0.0011080984259
0.002546611242
0.000369584042346
0.00230199005455
0.0112936217338
0.00218330696225
0.00223694159649
0.0135976113379
0.00161818962079
0.00107765011489
0.016647906974
0.0125239538029
0.00131139392033
0.00464485492557
0.0332799553871
0.00378935388289
0.00342875230126
0.0169858783484
0.00330353295431
0.00811646133661
0.00215643132105
0.0125636113808
0.00522772688419
0.0078404750675
0.0101686185226
0.00104421423748
0.0329616032541
0.00120071263518
0.000671704823617
0.0210629180074
0.0303975082934
0.00256585120223
0.00138421170413
0.00052825093735
0.0229933429509
0.00357775273733
0.00237752916291
0.00315125798807
0.00385722471401
0.00126362242736
0.00846874341369
0.000635792152025
0.0293223075569
0.0102677578107
0.000493754516356
