0.693127095699
0.692095935345
0.690834462643
0.690180778503
0.688907980919
0.687879443169
0.687131345272
0.686345398426
0.68515431881
0.682466685772
0.68162560463
0.679530084133
0.68015986681
0.678556799889
0.676155269146
0.673786580563
0.672208547592
0.672161579132
0.66942691803
0.669616818428
0.662332355976
0.663069248199
0.660069525242
0.652094006538
0.655042827129
0.65012472868
0.648597657681
0.645125091076
0.64051014185
0.62577933073
0.626140594482
0.632218956947
0.620753407478
0.616381824017
0.613575875759
0.612054526806
0.610332131386
0.612419843674
0.605540573597
0.593320310116
0.584600806236
0.585553705692
0.563743233681
0.54401743412
0.54892885685
0.564445614815
0.5216370821
0.53154450655
0.510364294052
0.544821560383
0.508538484573
0.509816110134
0.512677311897
0.490744769573
0.488565206528
0.504349112511
0.501866281033
0.466031253338
0.46575191617
0.507256567478
0.472778201103
0.459151417017
0.420339822769
0.436525404453
0.456520855427
0.409701675177
0.448925346136
0.379668027163
0.433849304914
0.392665028572
0.476590722799
0.433112829924
0.427923023701
0.433787882328
0.424177139997
0.416874587536
0.401688843966
0.441794008017
0.450950503349
0.399758756161
0.406844347715
0.413831651211
0.395154565573
0.388899058104
0.411043405533
0.363161861897
0.367750167847
0.440502375364
0.437611281872
0.4088332057
0.471944153309
0.428681671619
0.439535737038
0.417550295591
0.426070153713
0.385469824076
0.418060570955
0.397038370371
0.374017715454
0.391977459192
0.418345600367
0.44652274251
0.470235675573
0.485191464424
0.429320037365
0.384698569775
0.411917179823
0.410771727562
0.407457709312
0.412635087967
0.45046454668
0.429514765739
0.443160355091
0.426591575146
0.427967011929
0.359891653061
0.462808161974
0.433214813471
0.399091988802
0.393511801958
0.372313886881
0.396670311689
0.368450880051
0.422129869461
0.400312393904
0.404873967171
0.437944471836
0.417826980352
0.403271555901
0.40499985218
0.381800591946
0.484171271324
0.41156065464
0.447231531143
0.470882743597
0.398887366056
0.388452261686
0.496177047491
0.423570692539
0.423814088106
0.423421174288
0.470915973186
0.449711799622
0.378922402859
0.385073661804
0.437653452158
0.394772648811
0.365283727646
0.420691132545
0.42045173049
0.419567883015
0.380196869373
0.447486400604
0.392221033573
0.405899196863
0.392305254936
0.36868917942
0.402890026569
0.427196741104
0.389818876982
0.425415545702
0.414388120174
0.43005335331
0.426603078842
0.393340647221
0.373843222857
0.400577366352
0.395132422447
0.421965003014
0.364302933216
0.398534119129
0.397988110781
0.402744710445
0.427561938763
0.38240301609
0.406242668629
0.439904302359
0.343724727631
0.416423231363
0.403461098671
0.376735419035
0.408157289028
0.390915572643
0.501422405243
0.434010505676
0.466815710068
0.441421955824
0.360928595066
0.368542253971
0.477096736431
0.516874909401
0.471614420414
0.409731984138
0.374466747046
0.43187135458
0.428102105856
0.423587858677
0.418737798929
0.407803714275
0.419117689133
0.428949564695
0.337033480406
0.394012659788
0.438045680523
0.469692409039
0.406592398882
0.452624887228
0.385393887758
0.398779958487
0.464801251888
0.360861718655
0.406276583672
0.405746817589
0.445503503084
0.387314587831
0.399463415146
0.418360948563
0.419007539749
0.386779278517
0.44258877635
0.39798566699
0.424094885588
0.380493015051
0.409313112497
0.408950746059
0.362528949976
0.399076879025
0.426370471716
0.396405935287
0.401046305895
0.357712298632
0.367291420698
0.400821357965
0.388312876225
0.414454042912
0.393683880568
0.364287525415
0.406603485346
0.421277552843
0.377954721451
0.378038644791
0.409446269274
0.361788272858
0.459281802177
0.390932112932
0.406007349491
0.423630803823
0.385304898024
0.441394716501
0.400440126657
0.459975093603
0.375771343708
0.395696640015
0.372516840696
0.49810642004
0.393934696913
0.390460431576
0.425340384245
0.362327754498
0.473135143518
0.447026401758
0.388465285301
0.427033275366
0.368635833263
0.385992288589
0.467210263014
0.424874007702
0.434699118137
0.439539909363
0.43468606472
0.396884888411
0.433140277863
0.423816502094
0.404777079821
0.458287000656
0.384372472763
0.396139591932
0.428220659494
0.413579195738
0.341983258724
0.395138114691
0.413692265749
0.422945648432
0.440434813499
0.423576831818
0.400639563799
0.390041381121
0.41099563241
0.409806638956
0.420043587685
0.4160194695
0.354663640261
0.400679528713
0.383390247822
0.417921811342
0.427979826927
0.368716806173
0.437719196081
0.369823217392
0.417181700468
