0.778383970261
0.761114478111
0.839696228504
0.753920972347
0.765970230103
0.739396631718
0.732560038567
0.686001598835
0.713830947876
0.817331075668
0.753042697906
0.718580305576
0.75196158886
0.723829627037
0.717970371246
0.753198683262
0.67930328846
0.663265049458
0.723519146442
0.717803835869
0.705457150936
0.696822226048
0.714355349541
0.716610252857
0.733294725418
0.712090194225
0.706230223179
0.691258728504
0.658432900906
0.691654801369
0.708477795124
0.674388766289
0.675663053989
0.685276091099
0.710860490799
0.691335260868
0.681664347649
0.678859233856
0.680295646191
0.719752907753
0.68118429184
0.685016036034
0.702300131321
0.673949480057
0.682993233204
0.6893684268
0.695352554321
0.684336900711
0.701419115067
0.680481374264
