0.693148255348
0.692250907421
0.691137254238
0.690261781216
0.690955340862
0.688964426517
0.689434528351
0.68935996294
0.686680912971
0.684957802296
0.686056673527
0.684067606926
0.682227730751
0.682043075562
0.681055784225
0.677191317081
0.674684226513
0.676605582237
0.674207508564
0.66736805439
0.667662858963
0.668306529522
0.668598771095
0.659547328949
0.651946187019
0.657292187214
0.656204164028
0.652808785439
0.657196164131
0.648387730122
0.641882836819
0.644564270973
0.64102011919
0.645662903786
0.626575052738
0.637961626053
0.635879158974
0.626035094261
0.634054362774
0.629833340645
0.624874532223
0.614782094955
0.615587890148
0.616093039513
0.611131668091
0.611196398735
0.609951198101
0.607972204685
0.602760493755
0.603021323681
0.588498771191
0.600087821484
0.5960932374
0.593806684017
0.590617716312
0.586848556995
0.588650166988
0.59815210104
0.585245728493
0.58047825098
0.572376966476
0.573430895805
0.564223527908
0.58165204525
0.573766589165
0.584303617477
0.581112980843
0.575715363026
0.559647738934
0.572190463543
0.559207499027
0.563655853271
0.551415860653
0.570422053337
0.530910074711
0.562328457832
0.545915424824
0.54219186306
0.544471383095
0.552137851715
0.540329813957
0.51842546463
0.532365441322
0.541916906834
0.527742028236
0.526723921299
0.538584113121
0.544695019722
0.524086177349
0.51875859499
0.518383145332
0.506763517857
0.502458333969
0.523713886738
0.528538346291
0.503673613071
0.506192922592
0.507625877857
0.508156657219
0.50072234869
0.493009984493
0.514287292957
0.516205191612
0.493309795856
0.507624268532
0.506418883801
0.506923377514
0.502183556557
0.489918023348
0.476552903652
0.508998572826
0.483844101429
0.478983253241
0.486122876406
0.50170391798
0.461297005415
0.457995712757
0.484750241041
0.448095917702
0.435159683228
0.472685009241
0.494500368834
0.488918632269
0.48064416647
0.456064015627
0.448259085417
0.453556984663
0.451119840145
0.461590528488
0.449224412441
0.469559162855
0.438756495714
0.47835585475
0.467724621296
0.441656410694
0.472064942122
0.460179209709
0.441356390715
0.442074507475
0.444100230932
0.480161637068
0.45239764452
0.448608964682
0.441063255072
0.451239615679
0.47408798337
0.458899974823
0.480242520571
0.458642989397
0.419401526451
0.469695687294
0.424725204706
0.44692003727
0.440748274326
0.452196449041
0.46413436532
0.421140491962
0.445942133665
0.462383061647
0.442412614822
0.468661606312
0.470622360706
0.439254105091
0.431764662266
0.429145038128
0.428254544735
0.411415249109
0.449730187654
0.450219660997
0.48263785243
0.433328121901
0.453597456217
0.400855302811
0.454889178276
0.44890075922
0.43382486701
0.433461785316
0.453600078821
0.424966603518
0.426014959812
0.416645914316
0.436526298523
0.396824091673
0.454256594181
0.431013971567
0.467710256577
0.44784501195
0.424358099699
0.466160982847
0.428305715322
0.426960319281
0.419174402952
0.423443198204
0.397245913744
0.410669624805
0.411968767643
0.423562258482
0.458952605724
0.452194422483
0.428381562233
0.453184247017
0.426820516586
0.454848349094
0.439606815577
0.393796086311
0.396133631468
0.406911045313
0.419916689396
0.417945146561
0.436201065779
0.416072189808
0.429422467947
0.442115902901
0.397353410721
0.443837791681
0.408714026213
0.410224795341
0.383110821247
0.412997186184
0.426276117563
0.396329700947
0.436323732138
0.418891608715
0.401705622673
0.42267075181
0.407790333033
0.405784964561
0.408550083637
0.413553088903
0.404372215271
0.402758270502
0.425099223852
0.420692414045
0.374719649553
0.384081184864
0.407134532928
0.399666398764
0.407761126757
0.400765866041
0.4401653409
0.394809603691
0.395601034164
0.453696250916
0.411596983671
0.350791990757
0.381819337606
0.467159837484
0.429207056761
0.41782283783
0.385339766741
0.391787052155
0.37322306633
0.374296277761
0.423485279083
0.404986947775
0.434529483318
0.3934032619
0.379265487194
0.400107771158
0.425781995058
0.431084990501
0.347083330154
0.355230867863
0.420799672604
0.412971705198
0.385104715824
0.436743825674
0.358752220869
0.371891289949
0.390987724066
0.400437355042
0.438088774681
0.350908339024
0.372593134642
0.363267987967
0.375817686319
0.385336756706
0.405221879482
0.398047834635
0.408798635006
0.416868716478
0.362991929054
0.372286081314
0.411565870047
0.396582394838
0.372155755758
0.405473142862
0.3695358634
0.420659065247
0.35878008604
0.377298355103
0.403896152973
0.370715737343
0.386066049337
0.418390035629
0.376954615116
0.369540929794
0.313897937536
0.400478839874
0.344855934381
0.348934948444
0.394625246525
0.368112325668
0.369005084038
0.365244120359
0.394007861614
0.431366920471
0.364265441895
0.366317391396
0.379656761885
0.384067952633
0.384251147509
0.36451497674
0.417802453041
0.371944844723
0.349613010883
0.346442908049
0.341402888298
0.385033875704
0.366061985493
0.356673300266
0.328658789396
0.355076342821
0.43465334177
0.362138152122
0.365013331175
0.382855713367
0.351479232311
0.369354605675
0.356608718634
0.401411771774
0.393179535866
0.369191795588
0.356498241425
0.3306645751
0.399525821209
0.387086808681
0.372282743454
0.363411128521
0.343411028385
0.365016907454
0.407997488976
0.370551466942
0.363623410463
0.355992615223
0.356651961803
0.329042077065
0.348914384842
0.371500015259
0.375079482794
0.386831223965
0.339333206415
0.349678009748
0.368557214737
0.364265292883
0.354044258595
0.321443885565
0.371637046337
0.336985737085
0.364216655493
0.309837222099
0.363731563091
0.350967615843
0.339943945408
0.379529476166
0.342471808195
0.338060081005
0.334311276674
0.342533320189
0.359947532415
0.348842412233
0.338542670012
0.339020431042
0.357470393181
0.3647749722
0.329984724522
0.376150280237
0.40879791975
0.298310190439
0.365828722715
0.312611043453
0.368241071701
0.310776382685
0.379749268293
0.359697371721
0.417306214571
0.357852101326
0.391500979662
0.326128333807
0.343850851059
0.323486685753
0.428636193275
0.296905457973
0.349373042583
0.389177709818
0.407433122396
0.356514751911
0.366167396307
0.308256298304
0.362098991871
0.397110283375
0.349974274635
0.375207215548
0.33500367403
0.421921879053
0.349556446075
0.29866656661
0.35639461875
0.373048722744
0.326195925474
0.350454866886
0.39090642333
0.369916677475
0.324692934752
0.33669552207
0.377878189087
0.308422118425
0.34051284194
0.330218404531
0.39346960187
0.355894386768
0.351844012737
0.320689678192
0.323533892632
0.302542090416
0.344709932804
0.333114266396
0.29438778758
0.317171126604
0.341391175985
0.371508687735
0.324253201485
0.312070220709
0.358652859926
0.323176801205
0.312798291445
0.380893319845
0.348757326603
0.34302508831
0.319747269154
0.35324126482
0.367034107447
0.359117239714
0.354840785265
0.361537575722
0.285157889128
0.338038384914
0.40746358037
0.303957313299
0.364246457815
0.341489285231
0.356229901314
0.363764464855
0.337328791618
0.362755388021
0.349171191454
0.314295113087
0.352751880884
0.299611568451
0.360311597586
0.318185567856
0.362829446793
0.335309445858
0.327298283577
0.326523900032
0.309554249048
0.335944265127
0.301195472479
0.351771205664
0.292429059744
0.341024845839
0.294550418854
0.383783042431
0.327031433582
0.303647220135
0.336354553699
0.313047975302
0.315615028143
0.361775845289
0.333036035299
0.374650895596
0.331776618958
0.32456189394
0.385633081198
0.366197228432
0.316057950258
0.35154607892
0.326703846455
0.335033804178
0.343356132507
0.358737707138
0.341359347105
0.350291639566
0.319773823023
0.293008089066
0.345711410046
0.38002833724
0.337720662355
0.296969354153
0.289988607168
0.342578053474
0.367875039577
0.328267723322
0.335978984833
0.346424221992
0.297256499529
0.329066216946
0.327324926853
0.261783659458
0.32464197278
0.355027854443
0.336896240711
0.334457755089
0.269101142883
0.327864795923
0.326370835304
0.373654991388
0.309276849031
0.346536815166
0.340593367815
0.304345905781
0.321971327066
0.322923839092
0.376067757607
0.369777262211
0.316872954369
0.316666960716
0.340869665146
0.343656152487
0.271479308605
0.302444845438
0.345384925604
0.36580774188
0.311930090189
0.353017508984
0.308733940125
0.354502379894
0.349433869123
0.318837225437
0.36384293437
0.346846282482
0.348715960979
0.331421047449
0.324879914522
0.295334279537
0.412515819073
0.316118627787
0.327668577433
0.380477398634
0.323467284441
0.346433401108
0.328546673059
0.345489561558
0.311595767736
0.299973934889
0.291904985905
0.305113345385
0.307772964239
0.299616962671
0.285709738731
0.350718826056
0.31070753932
0.349493473768
0.318677246571
0.352476984262
0.273109078407
0.302543908358
0.338722527027
0.277205169201
0.375509351492
0.348534405231
0.316430896521
0.316166728735
0.370657533407
0.346250593662
0.319974422455
0.347626328468
0.350211173296
0.331039577723
0.375537365675
0.31343665719
0.336971610785
0.313808381557
0.370092213154
0.365625470877
0.336532950401
0.329856604338
0.342253446579
0.297894150019
0.362181156874
0.32955121994
0.366829276085
0.319753736258
0.341883152723
0.300942331553
0.341551244259
0.378429889679
0.329496502876
0.331925064325
0.331501364708
0.349903523922
0.284379541874
0.315074056387
0.323761940002
0.289625167847
0.309926986694
0.403926044703
0.308211803436
0.303381472826
0.327345699072
0.327467799187
0.358693927526
0.329614400864
0.324035793543
0.307867944241
0.375766724348
0.343752741814
0.342251688242
0.30276927352
0.306301176548
0.363238632679
0.386444747448
0.36361604929
0.35563275218
0.268562555313
0.355092704296
0.276438951492
0.357640564442
0.320771217346
0.328817427158
0.300114244223
0.353689879179
0.318468391895
0.338123947382
0.316262304783
0.335207909346
0.320690244436
0.395333260298
0.292618721724
0.311468631029
0.343523174524
0.350616574287
0.287075191736
0.347068458796
0.314515382051
0.326228559017
0.299503207207
0.303187549114
0.334383934736
0.314984202385
0.319112598896
0.326499581337
0.329053074121
0.324101150036
0.296877771616
0.33044180274
0.300580888987
0.280284851789
0.314240902662
0.300411015749
0.312028497458
0.320693820715
0.327051401138
0.31785055995
0.316703766584
0.321874588728
0.332197040319
0.331788897514
0.324443608522
0.312526136637
0.322835415602
0.331334024668
0.326873630285
0.297629654408
0.388534218073
0.344230622053
0.264020979404
0.320681154728
0.364545345306
0.331120938063
0.329212516546
0.291619002819
0.281219571829
0.308384597301
0.377356857061
0.276497900486
0.301326662302
0.305750280619
0.27481096983
0.315524399281
0.364046692848
0.304403185844
0.336701095104
0.253794044256
0.346448808908
0.368030518293
0.328842490911
0.301939815283
0.340323925018
0.33372592926
0.330582112074
0.295774757862
0.320759177208
0.35137784481
0.307873189449
0.31585380435
0.273888349533
0.292433977127
0.292246252298
0.303747594357
0.255768150091
0.290068864822
0.286742508411
0.31678250432
0.30372095108
0.303117245436
0.310830682516
0.280199348927
0.262652218342
0.296785712242
0.294442981482
0.276534110308
0.303513348103
0.281919628382
0.334339171648
0.334117621183
0.381008386612
0.320430964231
0.329506784678
0.322646141052
0.351055026054
0.294106096029
0.316381841898
0.264586985111
0.30470225215
0.359890818596
0.291697353125
0.36109188199
0.391928851604
0.29647269845
0.336875289679
0.36371743679
0.323955416679
0.323567003012
0.279635369778
0.251995712519
0.321486115456
0.291289150715
0.28675287962
0.315394192934
0.300564259291
0.289945662022
0.30360558629
0.302379906178
0.359801054001
0.287222355604
0.2745834589
0.320183992386
0.327403217554
0.349422574043
0.339190274477
0.277160823345
0.340225070715
0.242734253407
0.312382370234
0.331836372614
0.327851444483
0.345551460981
0.348930239677
0.294004023075
0.324519187212
0.293037772179
0.333557337523
0.314347475767
0.3070987463
0.330557733774
0.318844228983
0.314172327518
0.304940253496
0.317364960909
0.26142975688
0.308598518372
0.316281139851
0.39238473773
0.269118756056
0.298998564482
0.279369831085
0.342705696821
0.322756797075
0.319581478834
0.281353324652
0.254266411066
0.296714782715
0.352220416069
0.275979757309
0.336788117886
0.275789916515
0.342801660299
0.274630129337
0.320170938969
0.306684792042
0.289978772402
0.266348987818
0.292092174292
0.303415447474
0.322280883789
0.312742143869
0.310933381319
0.327712744474
0.305894762278
0.252106487751
0.259933620691
0.277265995741
0.283234596252
0.293781399727
0.325243473053
0.31427064538
0.374560296535
0.381931334734
0.370493024588
0.232005611062
0.32086583972
0.307265222073
0.3307107687
0.235003471375
0.322643637657
0.351038008928
0.319668501616
0.31126922369
0.366296231747
0.315573781729
0.376449942589
0.321783959866
0.344222962856
0.346469193697
0.312427788973
0.305393487215
0.427875429392
0.305600970984
0.278526335955
0.327149689198
0.323293834925
0.302246212959
0.29939982295
0.371025949717
0.335613131523
0.25571924448
0.308790355921
0.344328969717
0.31453448534
0.33706304431
0.300588667393
0.305492967367
0.316220879555
0.320037692785
0.277132481337
0.326662093401
0.305676549673
0.333989441395
0.284190475941
0.347587555647
0.322638452053
0.339992105961
0.315205574036
0.298744261265
0.281534045935
0.310660094023
0.305941909552
0.313800275326
0.315160304308
0.319063484669
0.327656596899
0.267067760229
0.286037415266
0.291691631079
0.298805594444
0.259996116161
0.326697677374
0.274822354317
0.399633854628
0.291073650122
0.278102368116
0.290611237288
0.291043967009
0.344317317009
0.310812294483
0.320368260145
0.324158221483
0.278655946255
0.297860443592
0.353399336338
0.262464404106
0.300623565912
0.366951465607
0.256630808115
0.334108829498
0.319763034582
0.308830797672
0.295835882425
0.293354541063
0.363390952349
0.282592236996
0.297815471888
0.25902608037
0.331741780043
0.29103243351
0.277362406254
0.321262389421
0.286772429943
0.26767963171
0.290184289217
0.327686995268
0.344579190016
0.309320628643
0.302323937416
0.333813041449
0.287386983633
0.282971531153
0.328322321177
0.300049483776
0.292148411274
0.309052884579
0.327368348837
0.223495036364
0.275714337826
0.296115159988
0.3302282691
0.260453879833
0.335527062416
0.322042882442
0.272382229567
0.342585146427
0.313238680363
0.287084043026
0.302695870399
0.258311212063
0.261886566877
0.318274825811
0.306781291962
0.281977534294
0.299414128065
0.34499424696
0.348048478365
0.342297822237
0.299871504307
0.263981938362
0.291053116322
0.320455104113
0.39238935709
0.31498593092
0.338642507792
0.31698384881
0.337641656399
0.363220214844
0.261723786592
0.342912405729
0.301546305418
0.300792127848
0.308515787125
0.286576867104
0.27945330739
0.306486219168
0.319607555866
0.293124496937
0.343976646662
0.273654460907
0.322880446911
0.331819534302
0.31996691227
0.29588752985
0.251116991043
0.358880728483
0.269114881754
0.332149744034
0.352964043617
0.302059620619
0.350877374411
0.327708333731
0.288892388344
0.309358179569
0.293469130993
0.314189195633
0.242738559842
0.308611005545
0.317862093449
0.3013907969
0.30771163106
0.281139910221
0.316617041826
0.270742803812
0.281152248383
0.312771379948
0.30485779047
0.30146920681
0.312364161015
0.280021220446
0.305836707354
0.329614192247
0.29825219512
0.30197095871
