0.693147242069
0.693135917187
0.693123221397
0.693105638027
0.693079352379
0.693069577217
0.693050801754
0.69302046299
0.693004488945
0.693008124828
0.692956387997
0.692942857742
0.692932128906
0.692964494228
0.69291228056
0.692860364914
0.692854940891
0.692837297916
0.692764222622
0.692757189274
0.692792415619
0.692765116692
0.692782342434
0.692676544189
0.692671179771
0.692658185959
0.692672431469
0.69264036417
0.692634224892
0.692626833916
0.692572832108
0.692550241947
0.692557156086
0.692553579807
0.69249355793
0.692548573017
0.692483663559
0.692462205887
0.692450523376
0.692460894585
0.69242566824
0.692375600338
0.692327141762
0.692371189594
0.692372262478
0.692354500294
0.692317485809
0.692320466042
0.692208647728
0.69229054451
0.692192733288
0.692187786102
0.692164957523
0.692206382751
0.692169547081
0.692044317722
0.692103266716
0.692119181156
0.692058980465
0.692108154297
0.692051231861
0.692053675652
0.692094922066
0.692087769508
0.69204133749
0.692002236843
0.692016005516
0.691879808903
0.691880762577
0.691908061504
0.691900014877
0.691836297512
0.69179135561
0.69175863266
0.691738843918
0.691679120064
0.691690146923
0.691724538803
0.691806972027
0.691774249077
0.691720306873
0.691666066647
0.691712617874
0.691591799259
0.691563308239
0.69171589613
0.691534101963
0.69150853157
0.691523611546
0.691422939301
0.691455841064
0.691571116447
0.69149941206
0.691467225552
0.691511213779
0.691359817982
0.691374182701
0.691336631775
0.691181898117
0.691285073757
0.691426336765
0.691232979298
0.691373348236
0.691263914108
0.69123595953
0.691041767597
0.691289544106
0.691237509251
0.690996289253
0.691194236279
0.691101789474
0.690989851952
0.69100356102
0.691076815128
0.690742015839
0.690910100937
0.690945982933
0.690927267075
0.690955579281
0.690963506699
0.691265642643
0.690941333771
0.691105365753
0.690725922585
0.690850675106
0.690881431103
0.690594911575
0.690988659859
0.690705955029
0.690932691097
0.690866172314
0.690592706203
0.690444648266
0.690780878067
0.690737485886
0.69056648016
0.690629482269
0.690748989582
0.690467298031
0.690391123295
0.690662682056
0.690409600735
0.690217375755
0.690527617931
0.690184235573
0.6901948452
0.690280437469
0.690228998661
0.690331280231
0.6901871562
0.690296173096
0.690169453621
0.690425813198
0.689728617668
0.690083265305
0.689746975899
0.690065920353
0.689961671829
0.690058708191
0.689851343632
0.689362764359
0.689601004124
0.690155029297
0.689976811409
0.689618885517
0.689672231674
0.689884960651
0.689700186253
0.689500927925
0.689355492592
0.689417243004
0.689497947693
0.689666748047
0.688896596432
0.689595282078
0.689748644829
0.689455330372
0.689106106758
0.689414143562
0.689060270786
0.689068436623
0.688933670521
0.688706278801
0.689056277275
0.688705384731
0.689151525497
0.688437402248
0.68888682127
0.688940882683
0.68860244751
0.689215242863
0.688009798527
0.68834900856
0.688534259796
0.688231229782
0.688218057156
0.688232719898
0.688200414181
0.688430905342
0.688702642918
0.688200175762
0.688512146473
0.688028037548
0.688533961773
0.687774777412
0.688154995441
0.687569200993
0.687938034534
0.687630712986
0.687831103802
0.687657475471
0.687895715237
0.687878489494
0.687547266483
0.688493430614
0.687869608402
0.687487185001
0.687526643276
0.686534285545
0.687398076057
0.686548233032
0.687929332256
0.687890470028
0.6878079772
0.686625957489
0.687870800495
0.686901926994
0.687078654766
0.68820732832
0.686503589153
0.687257766724
0.687256395817
0.687709033489
0.686628758907
0.686966478825
0.68595957756
0.686462759972
0.6863707304
0.686729490757
0.685733497143
0.685908377171
0.685851216316
0.686742722988
0.685768544674
0.686237335205
0.686771392822
0.686036646366
0.685834169388
0.686285972595
0.686721563339
0.686093389988
0.686802864075
0.685611248016
0.686239480972
0.685259878635
0.686352670193
0.685829997063
0.685105919838
0.686080992222
0.686620771885
0.685123503208
0.685501754284
0.685643851757
0.686174809933
0.686745345592
0.684176802635
0.6858304739
0.686544299126
0.685092389584
0.685936450958
0.685646414757
0.685930967331
0.684596657753
0.685630679131
0.685265362263
0.684886753559
0.683972001076
0.684961378574
0.684850096703
0.685093104839
0.684979856014
0.684675395489
0.685431957245
0.684018790722
0.684072196484
0.684681534767
0.684988319874
0.685342490673
0.683750212193
0.683732569218
0.684207081795
0.683647036552
0.683503091335
0.683326601982
0.684049487114
0.683415532112
0.684087693691
0.685051381588
0.683148443699
0.684699058533
0.68450653553
0.683387637138
0.684483587742
0.683963239193
0.683898508549
0.683548927307
0.68371284008
0.683912396431
0.682508945465
0.683730185032
0.684092998505
0.68305337429
0.683766484261
0.68431186676
0.682478964329
0.682521164417
0.683855950832
0.682502567768
0.682276427746
0.682904601097
0.6825299263
0.68377494812
0.683579802513
0.682959377766
0.682698309422
0.682802081108
0.683376431465
0.682495713234
0.683670282364
0.682683348656
0.681118309498
0.681603491306
0.682568311691
0.681554734707
0.681433260441
0.682719290257
0.682308375835
0.681815028191
0.682096362114
0.681218743324
0.6813108325
0.681746721268
0.682015895844
0.681951284409
0.682149291039
0.682114779949
0.680040180683
0.682216048241
0.68211877346
0.681599318981
0.681385457516
0.681479632854
0.680921018124
0.679359853268
0.679060637951
0.680194377899
0.680565714836
0.679944872856
0.679330527782
0.681713998318
0.679754793644
0.681386053562
0.679567933083
0.68196439743
0.679311692715
0.680354714394
0.681402146816
0.679360449314
0.679270923138
0.678416907787
0.680071890354
0.679876863956
0.679095983505
0.681050539017
0.678949177265
0.681625306606
0.681039631367
0.679210960865
0.680511772633
0.68102067709
0.678860187531
0.680592060089
0.679510891438
0.679022669792
0.677948653698
0.678438186646
0.679614305496
0.679065704346
0.678275883198
0.678476989269
0.678593873978
0.679399907589
0.678948462009
0.677838742733
0.679317116737
0.679260253906
0.678661167622
0.676138699055
0.678348898888
0.67956340313
0.678204476833
0.678531110287
0.677178442478
0.677891254425
0.679202020168
0.676526010036
0.679666757584
0.676832616329
0.677641034126
0.678436160088
0.67692053318
0.676752924919
0.674653589725
0.676453888416
0.677459180355
0.676674067974
0.675183534622
0.676627576351
0.677245080471
0.675646424294
0.676394402981
0.677787661552
0.676251828671
0.676736950874
0.676505923271
0.676785290241
0.675655603409
0.676066935062
0.674023866653
0.675426959991
0.674801051617
0.675881564617
0.675841569901
0.67622590065
0.674847126007
0.674958765507
0.675137400627
0.675502002239
0.675617992878
0.676047801971
0.674835443497
0.676498174667
0.675670146942
0.674241960049
0.675218820572
0.676664412022
0.674532175064
0.675339579582
0.674246370792
0.674248099327
0.675390481949
0.673473894596
0.675428390503
0.673238635063
0.67325335741
0.675158381462
0.674288988113
0.675212264061
0.672022521496
0.672741115093
0.672865867615
0.673597931862
0.67222648859
0.672815859318
0.675443351269
0.673303544521
0.674049496651
0.671700358391
0.674897551537
0.67187088728
0.671798765659
0.673336029053
0.67090767622
0.673045933247
0.670472741127
0.672833263874
0.670010924339
0.669524550438
0.671637654305
0.672018349171
0.672426819801
0.672084927559
0.671466052532
0.670642256737
0.673421919346
0.671249389648
0.672388792038
0.66921877861
0.668945968151
0.672487258911
0.670650601387
0.67101329565
0.668693304062
0.670938491821
0.670742630959
0.671356201172
0.670802474022
0.671100914478
0.670079648495
0.670076847076
0.66929602623
0.666000425816
0.671632349491
0.669042944908
0.67036741972
0.668215692043
0.670818507671
0.668621778488
0.668807029724
0.671217858791
0.667504310608
0.669166147709
0.669706046581
0.667444884777
0.668846189976
0.668769478798
0.669689595699
0.671484827995
0.667523264885
0.672052621841
0.667335450649
0.668125212193
0.668113648891
0.666327357292
0.671183943748
0.663906037807
0.666322112083
0.668507933617
0.66427642107
0.668089926243
0.667048454285
0.665147185326
0.668211102486
0.666265487671
0.666094362736
0.665257871151
0.665988087654
0.668477118015
0.663695275784
0.665879249573
0.669136166573
0.668040037155
0.66748714447
0.664301753044
0.665196239948
0.662088990211
0.663206517696
0.665078341961
0.66416990757
0.663654744625
0.666381537914
0.664274692535
0.663355410099
0.665511667728
0.662385284901
0.660930454731
0.66712886095
0.663666665554
0.6647336483
0.662248849869
0.665984511375
0.666146934032
0.664416790009
0.65857565403
0.661818623543
0.662219703197
0.659121453762
0.664148449898
0.662156283855
0.663299620152
0.659500181675
0.665089070797
0.660141944885
0.659766197205
0.663894534111
0.66545343399
0.660933256149
0.662393569946
0.66023260355
0.661557912827
0.660422325134
0.658499419689
0.66055560112
0.660202682018
0.659849882126
0.66095250845
0.661276936531
0.659208416939
0.66076362133
0.659891247749
0.658019006252
0.661074101925
0.659776329994
0.659398972988
0.661939740181
0.660371780396
0.658154726028
0.662023544312
0.659048080444
0.66020822525
0.658876299858
0.662184238434
0.658495366573
0.66154640913
0.665178239346
0.658806681633
0.65946418047
0.658939480782
0.658653020859
0.660655379295
0.657364428043
0.662319421768
0.658297181129
0.659474730492
0.657841324806
0.656223714352
0.658347547054
0.655593216419
0.660099506378
0.657472908497
0.658315837383
0.655891001225
0.655588507652
0.652704775333
0.653073132038
0.655756235123
0.656349241734
0.654034733772
0.656847834587
0.654452443123
0.653610169888
0.655649006367
0.653909683228
0.655183970928
0.656598508358
0.65251147747
0.656355381012
0.656329989433
0.655585825443
0.654360353947
0.651746749878
0.654478788376
0.649736940861
0.651092529297
0.654470801353
0.653033137321
0.65362650156
0.651099741459
0.654411494732
0.652542471886
0.652438104153
0.655935883522
0.652799010277
0.653665244579
0.652771711349
0.656255960464
0.653489291668
0.651844918728
0.65431278944
0.654483854771
0.651507437229
0.656646847725
0.654607772827
0.649223685265
0.657218873501
0.654657304287
0.655153095722
0.653820037842
0.652171313763
0.653362452984
0.651374936104
0.65433627367
0.651805460453
0.654883980751
0.652101099491
0.652206122875
0.651554524899
0.655687749386
0.650259494781
0.654261887074
0.654808819294
0.650431573391
0.651922881603
0.650214076042
0.653077483177
0.650229692459
0.654986560345
0.648257136345
0.651961922646
0.654353022575
0.652526736259
0.655427634716
0.654871046543
0.65331786871
0.65146535635
0.652503848076
0.657779812813
0.654903829098
0.654095470905
0.653598546982
0.655250966549
0.655162334442
0.65625667572
0.653936445713
0.65039986372
0.650946617126
0.653725028038
0.655052363873
0.652974784374
0.65086042881
0.647906064987
0.65432202816
0.652221977711
0.654775559902
0.654035449028
0.652310431004
0.648701608181
0.651082873344
0.651762127876
0.652790248394
0.653280735016
0.651335477829
0.652493417263
0.652196347713
0.656765520573
0.651537358761
0.651228606701
0.650850713253
0.652274370193
0.656234741211
0.651210486889
0.653679668903
0.655377626419
0.652116298676
0.650225698948
0.653168737888
0.651385784149
0.657568633556
0.647617459297
0.655501484871
0.653270721436
0.652970969677
0.654199242592
0.65569549799
0.652144491673
0.650567948818
0.654067099094
0.650108993053
0.650887072086
0.651477694511
0.651460051537
0.64840388298
0.652168393135
0.651600301266
0.655194818974
0.653686106205
0.6483528018
0.650611698627
0.655262410641
0.65089404583
0.651114284992
0.653180956841
0.648402690887
0.650705039501
0.652725756168
0.648914158344
0.653406381607
0.647395908833
0.651802480221
0.653540253639
0.656168222427
0.650324225426
0.648169696331
0.649329781532
0.649794876575
0.651726722717
0.652512252331
0.64526039362
0.650483369827
0.653852581978
0.652707874775
0.652879357338
0.649511635303
0.651759445667
0.650105535984
0.650239646435
0.653792917728
0.651058316231
0.648589491844
0.649449765682
0.652496933937
0.652272582054
0.651834487915
0.652362644672
0.655302703381
0.65753442049
0.652590692043
0.649728894234
0.650485157967
0.652713537216
