0.704115629196
0.686379134655
0.686362564564
0.681540906429
0.673162996769
0.672160983086
0.665542304516
0.660598695278
0.655992746353
0.646369755268
0.643830239773
0.632740616798
0.623438000679
0.616503000259
0.606804430485
0.597775816917
0.591374516487
0.575241923332
0.565237998962
0.551227748394
0.543170273304
0.535599291325
0.518920958042
0.505859732628
0.499574154615
0.481250077486
0.461790621281
0.444750577211
0.425961941481
0.422470837831
0.403580218554
0.396523684263
0.383717983961
0.35572835803
0.359058171511
0.350693047047
0.337701112032
0.320486962795
0.311601489782
0.302553415298
0.285549402237
0.307624548674
0.293235629797
0.27160692215
0.278259605169
0.260175079107
0.250023812056
0.263490080833
0.237667173147
0.238578125834
0.232508927584
0.261543899775
0.207179114223
0.225930929184
0.195241838694
0.198342338204
0.183291211724
0.175474643707
0.175500154495
0.158445328474
0.146933540702
0.148767754436
0.14602959156
0.166648119688
0.124177224934
0.121657118201
0.113989576697
0.119310423732
0.1083188802
0.136411353946
0.102980002761
0.0995402485132
0.105450361967
0.0911270901561
0.121257714927
0.101251780987
0.0905909761786
0.0903375595808
0.112905345857
0.0894654914737
0.0908918306231
0.0985627174377
0.084478892386
0.0862115994096
0.0821777284145
0.0914815366268
0.0808567032218
0.0803487300873
0.0833790078759
0.093043230474
0.0797820463777
0.078434407711
0.0840417221189
0.0762063637376
0.0901125594974
0.0785374119878
0.0838385149837
0.146223828197
0.0736828744411
0.0922297611833
0.0773851126432
0.0819859728217
0.0815246105194
0.07540243119
0.0919982641935
0.057724583894
0.0720533952117
0.0587746873498
0.0767157971859
0.0635287240148
0.0602521710098
0.0636767074466
0.0564952380955
0.0679608657956
0.051397267729
0.0570431128144
0.0642450302839
0.0668630748987
0.0671635195613
0.0518187098205
0.0551271475852
0.0687993690372
0.0591405816376
0.0571690946817
0.05117604509
0.0617699176073
0.0598608218133
0.0469133928418
0.0440980680287
0.0436626709998
0.0445592328906
0.0553880892694
0.0461273007095
0.0448888726532
0.0413327477872
0.0426753796637
0.0413906648755
0.0442770607769
0.0482643321157
0.0432560890913
0.0413320213556
0.0387928374112
0.0385453291237
0.0361067689955
0.0579310916364
0.0365225821733
0.0386950224638
0.0576800853014
0.0338279344141
0.0422780960798
0.0326759889722
0.0334038771689
0.0674602240324
0.0323797464371
0.036505676806
0.0298300012946
0.035206630826
0.0335853919387
0.0403928123415
0.0323375277221
0.0534279160202
0.045582421124
0.0334845036268
0.0294356308877
0.0314797274768
0.0285607688129
0.0321676023304
0.0293493643403
0.0548567809165
0.0274628754705
0.0340758822858
0.0266559049487
0.0573378391564
0.0604519248009
0.0498406477273
0.0413086637855
0.0425076000392
0.0392633192241
0.0459653884172
0.0427334010601
0.0255422517657
0.0316963009536
0.0249423161149
0.0308158919215
0.0232866872102
0.0442815609276
0.0478518120944
0.0190895218402
0.0279926024377
0.0227548778057
0.0214415695518
0.0219522174448
0.0280610285699
0.068175047636
0.0411669015884
0.0225907154381
0.0225918050855
0.0224454458803
0.0555772930384
0.0563157908618
0.0326476991177
0.0545000061393
0.023446297273
0.0688575953245
0.0369584336877
0.0449621863663
0.0332931876183
0.0270021203905
0.0389412492514
0.0214859284461
0.0268089845777
0.0323021188378
0.0337692163885
0.0328003615141
0.0263430718333
0.033219344914
0.0321308001876
0.0364451818168
0.0173729211092
0.0269762221724
0.0197698306292
0.0389063172042
0.0391985438764
0.03557337448
0.0502877533436
0.0376164652407
0.0624717772007
0.0304794050753
0.032933074981
0.0334653817117
0.0256848223507
0.0270899068564
0.032115381211
0.0178087167442
0.0171213373542
0.0165673252195
0.0204674582928
0.0232752226293
0.0222771763802
0.0124524952844
0.0136506091803
0.024833874777
0.0225054807961
0.0128163108602
0.0190287493169
0.032323487103
0.00916768610477
0.012685008347
0.0071624070406
0.0094758477062
0.0275241099298
0.00453063892201
0.0147930597886
0.00553587824106
0.00452629290521
0.0117637999356
0.00468584802002
0.00605823006481
0.0121135320514
0.00545600429177
0.00523617910221
0.00204155617394
0.00169662386179
0.00195735832676
0.00229824334383
0.00147533765994
0.00379269267432
0.00179693463724
0.00109964446165
0.00134886533488
0.00132922607008
0.00871436670423
0.000889966613613
0.00169531966094
0.00143410160672
0.0138868866488
0.00715137505904
0.0035348276142
0.0415950827301
0.014473086223
0.0625104010105
0.00884882174432
0.0330018922687
0.00140899734106
0.00095099338796
0.0258849076927
0.00326698180288
0.00577735621482
0.0914668738842
0.0053936666809
0.00965844839811
0.00118403264787
0.0233939494938
0.000992375425994
0.00213103671558
0.0027451980859
0.0309296716005
0.0151346810162
0.006350513082
0.00151884916704
0.0222305506468
0.0141776129603
0.00176157255191
0.000894572702236
0.00263771833852
0.00816346798092
0.0065258690156
0.0101484358311
0.00533112790436
0.00180587824434
0.027943238616
0.00116324145347
0.00470104813576
0.0240744072944
0.0057420162484
0.032714061439
0.00166421814356
0.0029076077044
0.0223898421973
0.00246399501339
0.00139928271528
0.0113312900066
0.00178200320806
0.00147251831368
0.00277567142621
0.00141965935472
0.00277312216349
0.00112995877862
0.00208017532714
0.00570891425014
0.000582700886298
0.00568782258779
0.000791148457211
0.0145722106099
0.000735336157959
0.00146119378041
0.00122850027401
0.0143464673311
0.00261160754599
0.00319140427746
0.00100712990388
0.00407021259889
0.00189753004815
0.0106200454757
0.0010653216159
0.0014472954208
0.000543139234651
0.00667537003756
0.000871693366207
0.000729481689632
0.00534177850932
0.0177807155997
0.00174511002842
0.0261501576751
0.00122778909281
0.001147909672
0.000830420176499
0.00172368204221
0.00224697613157
0.00271966308355
0.000566828355659
0.00175943202339
0.0197953116149
0.000579438405111
0.00228019780479
0.000402774108807
0.0237369630486
0.00671078357846
0.00471888342872
0.00636058999225
0.00936503149569
0.000967219821177
0.0153519995511
0.000428968196502
0.0008439089288
0.00648337090388
0.017505178228
0.00112709763926
0.000764271768276
0.00149164733011
0.000732264888939
0.000750202103518
0.000934767420404
0.000921763014048
0.00080484803766
0.0047694905661
0.00348700932227
0.00492003653198
0.00914631038904
0.000554336525965
0.000520917761605
0.000353174807969
0.000379795121262
0.00244924728759
0.00105773867108
0.0016179686645
0.00220290618017
0.00189917627722
0.000767731107771
0.00141943898052
0.000829917786177
0.0120320990682
0.00322503200732
0.000529419048689
0.00181351811625
0.0147817637771
0.00161730789114
0.00628828816116
0.000356131437002
0.00113713811152
0.00788273382932
0.000558342435397
0.000757521367632
0.00965792220086
0.00762669043615
0.000721139716916
0.000176355111762
0.00123871071264
0.00256846426055
0.00202541868202
0.000657518452499
0.0298606641591
0.00225481949747
0.00844451412559
0.000574660894927
0.00582462502643
0.00474475137889
0.000339282036293
0.0187166240066
0.0101413642988
0.014330050908
0.0175033584237
0.000310595380142
0.000372709473595
0.0165042448789
0.0103113688529
0.000786070246249
0.00400952994823
0.0112539790571
0.000594662909862
0.0133887315169
0.000237143074628
0.00386965158395
0.000282438268187
0.00566682917997
0.000261540699285
0.000207862045499
0.000284453941276
0.0101326033473
0.00191610795446
0.000506183598191
0.00215160683729
0.00734699098393
0.0147491656244
0.00515105482191
0.00164087838493
0.00040765455924
0.000281410204479
0.000755452958401
0.00036423059646
0.000209148594877
0.00183772901073
0.0266889594495
0.00789558608085
0.0022785551846
0.000319124432281
0.000350437621819
0.000520897563547
0.00145155377686
0.0124371163547
0.000406155566452
0.000222296832362
0.000329693924868
0.000744844553992
0.00022419715242
0.00712806591764
0.000536020030268
0.00027061579749
0.000690449087415
0.00631905486807
0.000852569006383
0.0011893074261
0.000249935896136
0.000865061418153
0.00337079446763
0.000321208528476
0.00402340199798
0.00198295991868
0.0496868565679
0.00517686037347
0.0197486523539
0.00438741408288
0.000465594988782
0.00256795319729
0.0293363276869
0.000589099421632
0.00083152926527
0.0148745048791
0.00025965840905
0.032478928566
0.000602787535172
0.000649177236483
0.00366195384413
0.000503511750139
0.0065944432281
0.000274506252026
0.000349011592334
0.000454319757409
0.000716363952961
0.000362509774277
0.000318003585562
0.000595013552811
0.0474270507693
0.000864541099872
0.0158434025943
0.000801496033091
0.000297532329569
0.00925000011921
0.00244953436777
0.00125529966317
0.000284071458736
0.000251324934652
0.0012217934709
0.00120964238886
0.0325814969838
0.000358270364814
0.000281082378933
0.000317518453812
0.000390220928239
0.00103890150785
0.00928920786828
0.00166265806183
0.00069363421062
0.00210378365591
0.00474661868066
0.000425747188274
0.0198357123882
0.000988500192761
0.000528384407517
0.00556694716215
0.00820346549153
0.0183108728379
0.000311863666866
0.000226871081395
0.000207206932828
0.000323066109559
0.000270198332146
0.000488132674946
0.000542959489394
0.000636993267108
0.000587422691751
0.000603677821346
0.00658184010535
0.0145338922739
0.0200944226235
0.000338141078828
0.00177721783984
0.000289672985673
0.000380280398531
0.011054947041
0.000340366794262
0.00654804427177
0.0110311834142
0.00521553028375
0.0200008116663
0.0150309316814
0.000430742278695
0.000334845564794
0.000660282326862
0.00097056227969
0.00893590040505
0.000270595628535
0.00138488598168
0.00204964494333
0.00109860312659
0.000731913198251
0.000176772475243
0.0279929693788
0.000484988267999
0.00446044327691
0.000226805757848
0.00014489053865
0.00501567265019
0.0132460445166
0.000202128852834
0.00120585469995
0.00233634654433
0.000268840580247
0.000212310769712
0.00134395214263
0.00324598350562
0.000323342974298
0.00100198795553
0.00132987997495
0.00171979982406
0.00049733981723
0.00224882084876
0.000417604111135
0.000752534600906
0.0132142463699
0.000731057778466
0.0414050556719
0.00366584374569
0.000575024285354
0.014119932428
0.0287782233208
0.000271371245617
0.0340564996004
0.000549865420908
0.000263691006694
0.00079061393626
0.000544477836229
0.0186557602137
0.0101271048188
0.00119357998483
0.000839988701046
0.000478124828078
0.000876355159562
0.00461745867506
0.00510626845062
0.000339747988619
0.0693779066205
0.00141923164483
0.0018654067535
0.0413897410035
0.00328703876585
0.0233796779066
0.0139407953247
0.0266529656947
0.00662865443155
0.00787899643183
0.00206359103322
0.000768469762988
0.00472476845607
0.00091529765632
0.000270267802989
0.00114541803487
0.00287816487253
0.000913032214157
0.0132378507406
0.0195526424795
0.00255017657764
0.00119203841314
0.00768705969676
0.000693947309628
0.00490179099143
0.00142259709537
0.000665222993121
0.0025349163916
0.00320146325976
0.00100968230981
0.0101430006325
0.0120635237545
0.0124823916703
0.000324008637108
0.0105090076104
0.000343699997757
0.00045232111006
0.00494287768379
0.000205632590223
0.00775180663913
0.00264208205044
0.0788080990314
0.000364746520063
0.0179845783859
0.000231454410823
0.00092100747861
0.000258063810179
0.00189773074817
0.0059776911512
0.00771723268554
0.0307791270316
0.000553801713977
0.000489603553433
0.000993799301796
0.00363942584954
0.000137168768561
0.00245641963556
0.0182906240225
0.000247062474955
0.00122813251801
0.062869772315
0.000203534305911
0.00375226512551
0.00345739535987
0.000326667621266
0.00211569154635
0.000153238041094
0.000607178721111
0.0112195378169
0.000971747154836
0.000588504481129
0.00237642833963
0.000199249931029
0.000163966484251
0.000301264110021
0.00261616753414
0.0143373953179
0.000132310189656
0.000489610014483
0.000651954091154
0.00326287420467
0.000212461542105
0.0234002135694
0.000794920779299
0.00137099076528
0.000568149785977
0.000114368674986
0.000653474824503
0.000149066006998
0.000156702793902
0.00123156269547
0.000134541085572
0.000345634907717
0.000821736699436
0.00131455319934
0.000270616466878
0.0206103250384
0.000347459601471
0.000294439669233
0.000751639308874
0.000361168815289
0.000244408234721
0.000910888717044
0.000284524256131
0.000211861508433
0.00118780590128
0.00012926281488
0.00031429194496
0.00035624060547
0.000187867335626
0.000316711171763
0.00157121021766
0.000155810106662
0.000167471138411
0.000249062606599
0.000218136076001
0.0200346931815
0.000274571590126
0.000411837652791
0.000197927947738
0.00574411638081
0.000147039565491
0.000104713704786
0.00011232005636
0.000427051680163
0.000118131152703
0.00943746697158
0.000122111232486
0.000197684072191
0.000332324620103
0.00125977164134
0.000117545845569
0.000165400037076
0.000260454427917
0.000150859967107
0.0032897698693
0.000114592381578
9.93683206616e-05
0.00058726593852
9.72033085418e-05
0.000190632912563
0.00641212565824
0.000102871854324
0.000120554956084
0.000721626449376
0.000118356452731
0.000279196596239
0.000107333537017
9.40212557907e-05
0.000106191226223
0.000223664843361
0.000104178900074
0.00160289055202
0.0025407790672
0.00188069429714
0.000131300868816
0.00111097900663
0.000238013453782
8.53682504385e-05
8.10813435237e-05
0.000174707936822
0.000880636333022
0.000105124148831
0.000100833232864
0.000137201641337
0.000464287732029
0.000140288859257
0.000105109771539
0.0100041739643
0.000117374758702
0.00867415778339
0.000226509291679
0.00104840728454
0.000118972857308
0.000807520700619
0.0001065371398
0.00146904308349
0.000134370638989
0.0028556373436
0.00346338003874
0.00037461228203
0.000105810911919
7.50422332203e-05
9.45481951931e-05
0.000109981054266
0.000400950666517
0.00240849517286
6.70985027682e-05
0.000127809791593
0.000106536615931
0.000114439419121
0.000979925040156
0.000186023593415
0.000326167006278
0.000482689618366
0.000147953644046
7.19449380995e-05
0.000117072828289
9.46540312725e-05
0.000287113885861
0.00109840696678
0.000980037031695
8.67640555953e-05
0.000609578972217
0.00010427973757
0.000124582627905
0.00242641521618
0.000124541140394
6.84391634422e-05
0.000105321436422
8.63957029651e-05
0.000357796787284
0.000157963382662
0.000116160314064
0.000105049097328
5.64842412132e-05
0.000173707885551
0.000267805968178
0.000118790245324
5.83614964853e-05
0.000108880347398
9.50804605964e-05
8.62736196723e-05
9.31004396989e-05
7.90302510723e-05
0.00975598115474
5.76028360229e-05
0.000209140926017
0.000210247570067
0.000431509688497
0.000371125730453
0.0094716725871
0.000772158091422
0.000255532533629
0.04973988235
0.000152362859808
7.21282267477e-05
0.00101947796065
0.000218621993554
8.87015630724e-05
9.67600572039e-05
0.000126867671497
0.000246189854806
0.00198274711147
0.000710947497282
0.000162708893185
0.000521672365721
0.00218233908527
0.000521016540006
0.000345748616382
0.000145817451994
0.000711781380232
0.000140840522363
0.00251265522093
0.000123168734717
0.00122262584046
0.000610366230831
0.00111061194912
0.000617312733084
0.0011040319223
0.000144216581248
0.000493882223964
0.000156983442139
0.000112414862087
7.41839394323e-05
0.0483994632959
0.00182121410035
0.000476200599223
0.000569492462091
0.000380663725082
0.0142159136012
0.000148596882354
0.0840514302254
0.00485652731732
0.0135136246681
0.000150219639181
0.000216508371523
5.47386371181e-05
0.00106476573274
0.0190679710358
0.000194229360204
0.0592391267419
0.000419216696173
0.0112360874191
0.00727643771097
0.000202658193302
0.00285020191222
0.000260004249867
0.000376682670321
0.0740091577172
0.0130329020321
0.000185122771654
0.00024441073765
0.000142993041663
0.0107685411349
0.00379267171957
0.000300790794427
0.000305240449961
0.00209502014332
0.000584964291193
0.0244015827775
0.054127022624
0.000251082761679
0.00116367847659
0.0026837985497
0.0106433499604
0.00251812487841
0.00561664812267
0.0174767207354
0.0196293629706
0.00221612211317
0.000564465241041
0.000424874800956
0.000262389192358
0.00523715559393
0.000947141146753
0.00636872509494
0.0230184420943
0.000394814560423
0.0146036325023
0.00698777101934
0.00358666665852
0.000212642800761
0.000546365918126
0.000326060311636
0.000227712705964
0.000501532689668
0.000326891458826
0.00346173765138
0.000375564966816
0.000415549031459
0.000346371089108
0.00738774240017
0.000597716018092
0.0186955966055
0.00057804142125
0.00438804225996
0.000382141413866
0.000498286390211
0.00326462020166
0.000281370041193
0.00142937374767
0.000394332892029
0.00671869376674
0.000570873206016
0.000835449493024
0.000336353085004
0.000419165095082
0.000254770449828
0.000650405534543
0.000525808602106
0.0012361635454
0.000637931283563
0.000313094962621
0.000587292131968
0.000335849210387
0.000503531191498
0.000432892906247
0.000415545917349
0.00037446359056
0.000398652628064
0.000297354388749
0.000368372595403
0.000297710124869
0.000352633622242
0.000427720311563
0.00251802406274
0.000302666885545
0.000333141855663
0.000323707296047
0.000356818782166
0.000547558127437
0.000402610487072
0.000285580841592
0.000563180306926
0.000340741215041
0.000613099313341
0.000872455420904
0.000392590125557
0.00149056967348
0.000549765361939
0.000555790553335
0.000252375088166
0.000457380898297
0.000332755153067
0.000295158883091
0.000591831107158
0.00086095451843
0.000263407215243
0.00513337459415
0.00575196836144
0.000315300509101
0.000315791083267
0.0133616831154
0.00232575763948
0.00034019962186
0.000434525572928
0.0192190837115
0.0018563400954
0.000227907585213
0.000306514120894
0.000289409712423
0.000358683959348
0.0030955944676
0.000265008769929
0.000295830395771
0.000388001004467
0.000333093572408
0.00127455184702
0.000798649038188
0.000223272450967
0.00482712127268
0.000244303024374
0.00056464842055
0.000361465470633
0.000543462112546
0.000215463573113
0.000407756655477
0.000442409364041
0.000276662729448
0.000623796426225
0.000270812801318
0.000326977489749
0.000422550743679
0.000601728563197
0.0241214521229
0.00433927355334
0.00668449513614
0.000719940930139
0.00145894032903
0.000729503924958
0.000197944784304
0.0103995846584
0.000609877693933
0.00025933975121
0.000387433392461
0.000239635017351
0.000398450967623
0.000245804840233
0.000225982905249
0.000721726450138
0.000313815136906
0.000510710116941
0.000594831362832
0.000425867561717
0.000468651996925
0.000304886430968
0.000294452678645
0.000374637951609
0.00032872337033
0.000358426361345
0.000795274681877
0.000774632557295
0.000797823420726
0.000624198291916
0.000359510217095
0.000724947894923
0.000267157040071
0.00067002652213
0.00242302799597
0.000320006191032
0.000584399793297
0.000905630993657
0.00219639739953
0.00113101105671
0.000231921672821
0.000356214935891
0.00031019965536
0.000276134553133
0.00134723435622
0.000209491277928
0.000382248661481
0.000316496472806
0.000269986485364
0.000410674809245
0.000214705374674
0.00022593200265
0.000335621007252
0.00021686249238
0.000332494731992
0.00032802921487
0.000315841665724
0.000266736140475
0.000201534683583
0.000552780285943
0.000217420369154
0.000264164817054
0.00028380684671
0.000379160337616
0.000232481077546
0.000331196322804
0.000404660619097
0.000195476663066
0.000226201940677
0.000306416797685
0.000760916387662
0.011390841566
0.00031446837238
0.000223836555961
0.000273252138868
0.000242414156673
0.000221272799536
0.000314251810778
0.000652916904073
0.00031964565278
0.000317527679726
0.000311184499878
0.000247253919952
0.0002279242035
0.000350345915649
0.00168019719422
0.00045034638606
0.000267787021585
0.0227802228183
0.000215391948586
0.000480465852888
0.00050248822663
0.000281175831333
0.000224908581004
0.00391865661368
0.000291980686598
0.000270706514129
0.000234828999965
0.00108460942283
0.000282318971585
0.000482866045786
0.0005572810187
0.000544299429748
0.000246782263275
0.00024123514595
0.000199061571038
0.000290518277325
0.000272192672128
0.000389292399632
0.00026455585612
0.0230742003769
0.00031167594716
0.000373395188944
0.000657019554637
0.000195765780518
0.000177782887476
0.000257670035353
0.000503791670781
0.00349817657843
0.000181729075848
0.000224685893045
0.000890746363439
0.000191895916942
0.000150925770868
0.000206612414331
0.000215247098822
0.000763129384723
0.000425230071414
0.000208322453545
0.000232986640185
0.000533786544111
0.0012624564115
0.000210170270293
0.000165358782397
0.000479899317725
0.00255761877634
0.000264171772869
0.000287601869786
0.000766724930145
0.000265202193987
0.000174190718099
0.000556037412025
0.000275662285276
0.000458152266219
0.000198869412998
0.000388191372622
0.00137966673356
0.00034432191751
0.00199236581102
0.000254284241237
0.00034461307223
0.000367071508663
0.000293722085189
0.000235544022871
