0.708078682423
0.695081472397
0.703764617443
0.700562357903
0.684526741505
0.704545021057
0.695061504841
0.701726078987
0.698701679707
0.701339006424
0.688515424728
0.706744372845
0.70506888628
0.700949668884
0.692784667015
0.68952280283
0.711858153343
0.695031523705
0.695900082588
0.697815954685
0.686136066914
0.696800589561
0.697302997112
0.693992376328
0.691485762596
0.691099524498
0.693359732628
0.695240020752
0.688501060009
0.695407927036
0.67399084568
0.672495782375
0.694620668888
0.679635703564
0.675760626793
0.688642323017
0.695621073246
0.676013052464
0.698817789555
0.680412948132
0.687399744987
0.693083465099
0.689734697342
0.692379236221
0.695155203342
0.670544087887
0.689139842987
0.676618039608
0.679031252861
0.685715615749
0.672267019749
0.693261265755
0.681885004044
0.690782368183
0.677704691887
0.674586296082
0.682372689247
0.679020106792
0.681267261505
0.684235811234
0.697931110859
0.671065747738
0.674157261848
0.683645248413
0.681785464287
0.672618508339
0.67755395174
0.683592796326
0.675341546535
0.669237971306
0.668997764587
0.679423332214
0.696380615234
0.657534241676
0.675695776939
0.677240312099
0.684488713741
0.680086016655
0.65450578928
0.681197166443
0.677620351315
0.667832970619
0.666426122189
0.657054305077
0.651944518089
0.661014676094
0.662158668041
0.666219890118
0.670539498329
0.662650227547
0.671320915222
0.6626303792
0.657524585724
0.652614176273
0.682762086391
0.674481809139
0.664467573166
0.652530133724
0.689874887466
0.646683454514
0.653382897377
0.667971372604
0.657270848751
0.672838926315
0.650154054165
0.67718988657
0.674575865269
0.65908241272
0.66420853138
0.662089705467
0.6439691782
0.655508935452
0.678575336933
0.677781164646
0.65731960535
0.662177681923
0.657259404659
0.659417152405
0.655791521072
0.655676543713
0.656721174717
0.64794832468
0.64708596468
0.653908014297
0.657617628574
0.655169844627
0.655661165714
0.647688686848
0.655448496342
0.641824126244
0.642540514469
0.660645723343
0.639221906662
0.653019726276
0.640217840672
0.666113972664
0.655585110188
0.6532356143
0.652518749237
0.678777635098
0.652040421963
0.659507274628
0.657976925373
0.664809048176
0.652694642544
0.637905657291
0.658892571926
0.646344959736
0.66261267662
0.648094058037
0.644847214222
0.643670856953
0.644203007221
0.650428414345
0.628158450127
0.640886723995
0.629122197628
0.641247928143
0.649535596371
0.643066465855
0.64181548357
0.64439624548
0.646700739861
0.641613125801
0.63244664669
0.625840485096
0.661992669106
0.634657084942
0.636490166187
0.631409287453
0.637618124485
0.653304517269
0.638429582119
0.624286353588
0.638261139393
0.653480291367
0.643562138081
0.619754850864
0.649339675903
0.646263837814
0.633734703064
0.643574416637
0.638306200504
0.645198523998
0.641613423824
0.630691409111
0.634791076183
0.632697403431
0.642643451691
0.633082389832
0.638258337975
0.624337553978
0.629415690899
0.635716855526
0.636178195477
0.63425308466
0.646947801113
0.643165528774
0.627366423607
0.633088171482
0.638684988022
0.617931842804
0.620109438896
0.628754198551
0.617259323597
0.642384946346
0.646113991737
0.626689910889
0.625948190689
0.613209843636
0.603586554527
0.633990645409
0.645780086517
0.626542747021
0.618835508823
0.616000056267
0.612212836742
0.623577833176
0.640586078167
0.623523592949
0.614206433296
0.623856127262
0.618269264698
0.636530220509
0.627725839615
0.637700498104
0.609156847
0.633762717247
0.601065158844
0.61071574688
0.618602573872
0.609347224236
0.608409702778
0.612995445728
0.629175245762
0.634668648243
0.603341758251
0.609590053558
0.620623469353
0.621937572956
0.605612337589
0.618289351463
0.624670565128
0.617137908936
0.616644263268
0.613170027733
0.595901250839
0.605049908161
0.595391452312
0.639339089394
0.614240348339
0.619499921799
0.619684755802
0.60787075758
0.617218434811
0.630690336227
0.578082442284
0.607548832893
0.599682986736
0.594571471214
0.606835544109
0.608798444271
0.604852616787
0.610712885857
0.610685825348
0.620326042175
0.596942126751
0.612616240978
0.60323536396
0.597645282745
0.591187238693
0.625738799572
0.605387568474
0.608068823814
0.609839260578
0.595462560654
0.609731674194
0.5910115242
0.594986319542
0.598197817802
0.598953902721
0.607194721699
0.609897792339
0.597738385201
0.631318926811
0.611081182957
0.602179646492
0.601437985897
0.603507876396
0.579787313938
0.600099563599
0.592398762703
0.593012750149
0.622409522533
0.606257259846
0.609943509102
0.595457494259
0.613513410091
0.632583022118
0.615656852722
0.610843658447
0.593971133232
0.618680536747
0.619327425957
0.584481954575
0.607994556427
0.597398281097
0.596895992756
0.598451495171
0.598119318485
0.608560264111
0.601701438427
0.58606761694
0.608507454395
0.605675697327
0.595926761627
0.586723685265
0.601739287376
0.582440495491
0.58776140213
0.595352530479
0.601487934589
0.610758244991
0.581124663353
0.592479109764
0.592698812485
0.578365802765
0.603621125221
0.578981935978
0.602709293365
0.587626636028
0.596233487129
0.603689849377
0.568721055984
0.600255131721
0.594549179077
0.588064968586
0.56659245491
0.627035737038
0.608317732811
0.594286978245
0.567720413208
0.61260086298
0.596701622009
0.592546880245
0.583544909954
0.580258727074
0.557231247425
0.605478227139
0.612179398537
0.602405905724
0.584275841713
0.604597687721
0.5635445714
0.593137145042
0.601343095303
0.600283384323
0.617118656635
0.601914405823
0.578395187855
0.603786051273
0.591928184032
0.57869130373
0.581812739372
0.602999329567
0.582489490509
0.58984285593
0.564616620541
0.59682238102
0.592854440212
0.574342548847
0.573728263378
0.570230662823
0.619969308376
0.577946960926
0.581831991673
0.589253783226
0.56693893671
0.570954084396
0.574303090572
0.586419463158
0.56406390667
0.566752314568
0.561167955399
0.587524533272
0.568647444248
0.579607248306
0.586729645729
0.567374825478
0.576471924782
0.599406182766
0.56177932024
0.590275585651
0.574933230877
0.572154045105
0.561953783035
0.571462392807
0.588265419006
0.575276017189
0.57329672575
0.568840622902
0.617213726044
0.5728957057
0.567433714867
0.576901912689
0.566413462162
0.588239550591
0.584124028683
0.554995954037
0.538709819317
0.570953726768
0.564992010593
0.560222387314
0.574544787407
0.568984985352
0.573042392731
0.56214094162
0.577188134193
0.550523340702
0.583569169044
0.551248908043
0.581545710564
0.574434399605
0.564512014389
0.558007419109
0.582864284515
0.572832345963
0.560205280781
0.554075300694
0.56123149395
0.563290417194
0.589862406254
0.558691084385
0.547657907009
0.577813923359
0.556622326374
0.551085233688
0.556818902493
0.582835674286
0.59547752142
0.550984978676
0.562087476254
0.572613716125
0.578905940056
0.559450089931
0.552454531193
0.573037624359
0.594320356846
0.568279862404
0.563285171986
0.537171006203
0.573084950447
0.556287050247
0.574728190899
0.547338962555
0.545942902565
0.547622442245
0.575215756893
0.549049079418
0.54109108448
0.549642443657
0.596287250519
0.569087386131
0.554427802563
0.543695390224
0.558737277985
0.549313366413
0.554367780685
0.538605570793
0.543052434921
0.597889959812
0.561626255512
0.532764673233
0.539550900459
0.590200722218
0.539347290993
0.577230334282
0.529031395912
0.537724018097
0.557050466537
0.583983242512
0.532923638821
0.559072673321
0.543200731277
0.549709022045
0.532313525677
0.532437086105
0.538084745407
0.529655575752
0.544820189476
0.563479483128
0.533805191517
0.54550909996
0.545694231987
0.529472708702
0.573844373226
0.527203917503
0.53627628088
0.561809659004
0.568875551224
0.529491126537
0.553671479225
0.535066843033
0.523631155491
0.575367152691
0.579733610153
0.558086037636
0.554011106491
0.534717381001
0.545983076096
0.530597448349
0.530015289783
0.531168997288
0.528827369213
0.555445551872
0.528861820698
0.542765378952
0.523333728313
0.544553756714
0.542626917362
0.527974784374
0.570054113865
0.570709586143
0.516066551208
0.522268235683
0.567283272743
0.559533715248
0.558595657349
0.554469287395
0.554760754108
0.548133909702
0.540783762932
0.552824437618
0.528748810291
0.554449737072
0.550403594971
0.542998373508
0.522504806519
0.544309616089
0.566362380981
0.525117397308
0.556346178055
0.527475118637
0.562992811203
0.522784352303
0.549816310406
0.557874262333
0.526515364647
0.538850367069
0.588156998158
0.55272936821
0.535737752914
0.571739912033
0.546578705311
0.561790406704
0.537777483463
0.540115594864
0.495020449162
0.550382316113
0.555439591408
0.528578877449
0.546138703823
0.584623813629
0.510063052177
0.526351809502
0.525114774704
0.515978515148
0.527778863907
0.524088799953
0.528499364853
0.507619261742
0.512383759022
0.533159732819
0.535490691662
0.54915958643
0.547803282738
0.521445274353
0.54078233242
0.544013142586
0.517148256302
0.517800271511
0.514734506607
0.535073876381
0.560010194778
0.536859452724
0.54118424654
0.549121558666
0.518312633038
0.539796471596
0.527562558651
0.519721806049
0.518766403198
0.511408627033
0.505450129509
0.520592391491
0.555460810661
0.50043964386
0.530311822891
0.540142476559
0.54411894083
0.533053457737
0.577647149563
0.530916690826
0.528038859367
0.521570801735
0.534639358521
0.544839441776
0.521703660488
0.507640123367
0.520165681839
0.521767258644
0.527796208858
0.56194794178
0.539374470711
0.560442507267
0.513918936253
0.510474741459
0.53996014595
0.524014294147
0.540371060371
0.536080956459
0.574512779713
0.513804972172
0.528108656406
0.504732549191
0.533908903599
0.51357960701
0.519724428654
0.515539526939
0.54111456871
0.524724423885
0.504632592201
0.548383891582
0.522201061249
0.529714822769
0.540170609951
0.514751315117
0.521312296391
0.515220284462
0.534526228905
0.552140712738
0.520517468452
0.565799832344
0.502778947353
0.509347856045
0.538548409939
0.551777780056
0.525785148144
0.508038282394
0.519281804562
0.503101825714
0.484534323215
0.511406362057
0.507466435432
0.49584826827
0.494423210621
0.541153490543
0.518905997276
0.547728955746
0.501258969307
0.507789731026
0.496022969484
0.498338788748
0.522571265697
0.53630053997
0.505686998367
0.491058200598
0.528638422489
0.492940813303
0.517344355583
0.515009820461
0.486275941133
0.519319534302
0.545488655567
0.50039857626
0.509718537331
0.511631786823
0.496155232191
0.55542165041
0.501331925392
0.475966453552
0.554833114147
0.528052449226
0.520346581936
0.514031291008
0.545789420605
0.48386067152
0.501235306263
0.509894073009
0.517171442509
0.512632668018
0.549120306969
0.506724059582
0.532496035099
0.525052309036
0.483094006777
0.510519087315
0.490093946457
0.512956798077
0.544218242168
0.496590137482
0.553732812405
0.495047867298
0.521701335907
0.549738824368
0.518837511539
0.509342372417
0.533758938313
0.477621585131
0.515177309513
0.490025371313
0.513032138348
0.538557350636
0.541207909584
0.480636656284
0.504361569881
0.493103772402
0.518115639687
0.520590424538
0.501873195171
0.596809089184
0.538984537125
0.525203704834
0.465332895517
0.484943002462
0.522453665733
0.489255219698
0.483596205711
0.516439139843
0.470426529646
0.52958637476
0.500502288342
0.483422338963
0.543872356415
0.506029248238
0.516362726688
0.531272053719
0.52151286602
0.523871958256
0.489502698183
0.48213031888
0.494879037142
0.492464452982
0.469905287027
0.482522815466
0.472857654095
0.518662154675
0.501924157143
0.479525387287
0.494740754366
0.497361034155
0.517170548439
0.541600167751
0.501948833466
0.484059244394
0.489372462034
0.493866413832
0.478706926107
0.526512086391
0.513169646263
0.554185688496
0.46975299716
0.457347095013
0.542443573475
0.511642694473
0.509796738625
0.525272607803
0.53798687458
0.481938540936
0.500434458256
0.508940160275
0.493638902903
0.490454912186
0.480602353811
0.485876828432
0.505697011948
0.486952394247
0.497052967548
0.515605032444
0.494665294886
0.525223731995
0.534231543541
0.462667375803
0.502327501774
0.503078281879
0.517723202705
0.449411720037
0.445882797241
0.516626179218
0.481230199337
0.52522778511
0.511293828487
0.516319513321
0.488843888044
0.474595308304
0.508104145527
0.458317905664
0.468619048595
0.487993687391
0.463081032038
0.474742978811
0.48574078083
0.508888065815
0.491823196411
0.508589982986
0.519482135773
0.478500068188
0.489713460207
0.47922950983
0.50778311491
0.514292359352
0.48460701108
0.483661442995
0.498926311731
0.526215612888
0.504806280136
0.479870051146
0.534447491169
0.504334926605
0.518016755581
0.483409255743
0.512040615082
0.522110819817
0.462634980679
0.483683079481
0.471741080284
0.490125715733
0.500030815601
0.527375102043
0.47011205554
0.491685599089
0.515540540218
0.520500600338
0.477665066719
0.499065965414
0.514616787434
0.49033382535
0.48874270916
0.496954470873
0.500085949898
0.46055406332
0.473388671875
0.460950523615
0.52379065752
0.478091806173
0.516645908356
0.490098148584
0.48611420393
0.514758884907
0.501947522163
0.471770375967
0.515697658062
0.518095135689
0.524732172489
0.464811891317
0.488533198833
0.524799764156
0.511251091957
0.470353513956
0.499285101891
0.540189087391
0.461492985487
0.472905337811
0.499313563108
0.504714250565
0.49220225215
0.532315969467
0.493818551302
0.520620644093
0.533885478973
0.515091955662
0.476406812668
0.496949166059
0.50502383709
0.534207761288
0.491427600384
0.500184059143
0.492205798626
0.494228154421
0.50814729929
0.498771488667
0.470462560654
0.508753418922
0.519160151482
0.498836994171
0.478076398373
0.506018936634
0.468196362257
0.513851761818
0.512971818447
0.548314750195
0.503826379776
0.498038679361
0.550412654877
0.531751155853
0.544341683388
0.541209280491
0.5320353508
0.501308917999
0.51050311327
0.475977301598
0.512304663658
0.511446297169
0.510058045387
0.526518762112
0.481459081173
0.507671356201
0.518272161484
0.484802186489
0.470928996801
0.479089647532
0.440215289593
0.493582338095
0.517751932144
0.490683346987
0.520450055599
0.50606161356
0.480560034513
0.506789326668
0.516060054302
0.510923862457
0.517296016216
0.498900562525
0.515641987324
0.496221333742
0.509899139404
0.54892539978
0.485371291637
0.455593079329
0.496031999588
0.476329296827
0.468322753906
0.510165095329
0.484928488731
0.494278311729
0.489426106215
0.469381779432
0.52564650774
0.538742721081
0.499111801386
0.482668608427
0.504624187946
0.499174505472
0.4669239223
0.480251401663
0.491179913282
0.501947641373
0.512629687786
0.493789881468
0.470804870129
0.50427544117
0.512127518654
0.515791296959
0.501223266125
0.52399790287
0.478708475828
0.484061121941
0.509282648563
0.487894594669
0.507024884224
0.483373701572
0.462974399328
0.517220556736
0.509908437729
0.511448919773
0.504104137421
0.488063752651
0.494130939245
0.477768689394
0.51894313097
0.505059301853
0.482887476683
0.483643591404
0.496555954218
0.475292086601
0.505250632763
0.486730664968
0.480582416058
0.508335113525
0.485239475965
0.500077426434
0.47326874733
0.48182657361
0.539160907269
0.44506368041
0.507546067238
0.539394080639
0.447766005993
0.511843800545
0.466632217169
0.519823908806
0.492474764585
0.467422783375
0.490909963846
0.470222145319
0.461476027966
0.471338450909
0.496966451406
0.496625423431
0.469201356173
