0.693131804466
0.693079948425
0.692984521389
0.692936658859
0.692869901657
0.692796289921
0.692762076855
0.692670345306
0.692596673965
0.692458748817
0.692470490932
0.692421972752
0.692338168621
0.69218724966
0.692205607891
0.692055702209
0.692003369331
0.69197499752
0.691866457462
0.691735744476
0.691738128662
0.691734135151
0.691485881805
0.691464841366
0.691355168819
0.691297411919
0.691221117973
0.691107153893
0.691042244434
0.690905988216
0.690660178661
0.690848350525
0.690639019012
0.690576791763
0.690503180027
0.690465331078
0.690316975117
0.690210998058
0.690104722977
0.689883589745
0.690050363541
0.689974606037
0.689700067043
0.689684808254
0.689311087132
0.689306437969
0.689262032509
0.689310073853
0.689084529877
0.688833892345
0.689289152622
0.689100921154
0.688852608204
0.688732385635
0.688635110855
0.688401520252
0.688489377499
0.688135266304
0.688198924065
0.687997281551
0.687950849533
0.687799155712
0.687732517719
0.687754571438
0.687844455242
0.687438309193
0.687313973904
0.687248110771
0.686891198158
0.686997175217
0.686955094337
0.686673402786
0.686564683914
0.686528027058
0.686263740063
0.686183571815
0.686392605305
0.685818910599
0.685781180859
0.685322582722
0.685241758823
0.685142695904
0.685466468334
0.685026168823
0.684801280499
0.684907615185
0.684545814991
0.685038149357
0.684298276901
0.684582769871
0.683804690838
0.684708058834
0.683522820473
0.683575868607
0.683230280876
0.683501064777
0.682873606682
0.683199763298
0.682926356792
0.682370662689
0.682373702526
0.683067142963
0.682132542133
0.681690692902
0.68220281601
0.681583285332
0.681539177895
0.681784451008
0.680975615978
0.680538713932
0.6807320714
0.680464506149
0.680307090282
0.680195629597
0.680504381657
0.679520010948
0.679787039757
0.679837167263
0.678646564484
0.678504705429
0.678640544415
0.678698003292
0.678175091743
0.678115010262
0.677439332008
0.677953124046
0.677373349667
0.677446484566
0.67656993866
0.677254259586
0.676242053509
0.675490915775
0.675316035748
0.675838291645
0.675355434418
0.675255358219
0.675425827503
0.674706876278
0.673756897449
0.674563586712
0.672981381416
0.67381310463
0.67305958271
0.672981142998
0.673751592636
0.672204494476
0.673392891884
0.671654105186
0.671389818192
0.6709831357
0.670756042004
0.670873880386
0.670032262802
0.67046135664
0.669859528542
0.669929742813
0.669473171234
0.669366300106
0.667973339558
0.667740285397
0.667707443237
0.667535543442
0.666432797909
0.667797684669
0.667025983334
0.666746139526
0.664674341679
0.666021049023
0.664278566837
0.663401305676
0.664512813091
0.664078950882
0.663917601109
0.663798630238
0.662400126457
0.663411736488
0.662700176239
0.662290453911
0.661271095276
0.660873651505
0.661622405052
0.66010171175
0.659063518047
0.659151375294
0.659884631634
0.658921003342
0.658788979053
0.658833146095
0.657910108566
0.657002449036
0.658139050007
0.656617760658
0.654314756393
0.655315518379
0.655394852161
0.654308855534
0.65393525362
0.654547691345
0.653057932854
0.653469860554
0.651245653629
0.651392579079
0.650156974792
0.651465058327
0.65184956789
0.65021944046
0.649576187134
0.649064719677
0.648787200451
0.648257374763
0.647592663765
0.649482667446
0.646224141121
0.646371543407
0.645951032639
0.64534676075
0.644677639008
0.643593251705
0.644282281399
0.644226610661
0.641743600368
0.641882836819
0.642139911652
0.641421437263
0.640086948872
0.640264570713
0.639087677002
0.637306034565
0.637990415096
0.638377428055
0.637537062168
0.637235641479
0.635245501995
0.637559533119
0.634431064129
0.633948862553
0.632763206959
0.634827196598
0.63311612606
0.634384453297
0.632299602032
0.631206333637
0.629503726959
0.632148861885
0.628563582897
0.629739761353
0.628941237926
0.626382887363
0.628717720509
0.626270473003
0.627463877201
0.626505017281
0.625580072403
0.626271784306
0.623718678951
0.62264662981
0.622008144855
0.622592747211
0.622666835785
0.620039820671
0.622049927711
0.618331551552
0.61641728878
0.620361745358
0.618730843067
0.617167472839
0.618990600109
0.618932962418
0.616688787937
0.615323603153
0.615240991116
0.614574372768
0.611983001232
0.610438704491
0.612018108368
0.611529409885
0.610592007637
0.607925653458
0.610637187958
0.6058344841
0.607540249825
0.607493042946
0.607093691826
0.606029331684
0.604839742184
0.602965295315
0.604217469692
0.603556394577
0.60150885582
0.603530943394
0.599691152573
0.60101878643
0.597747087479
0.599593639374
0.598789811134
0.598964989185
0.599566042423
0.595986008644
0.593343615532
0.592677652836
0.596869111061
0.59404027462
0.593985497952
0.593585252762
0.591874420643
0.591018795967
0.588483214378
0.589797377586
0.587086260319
0.587487995625
0.587440133095
0.584765315056
0.58570599556
0.583153128624
0.582964539528
0.583375096321
0.583177685738
0.580154359341
0.578548491001
0.577893674374
0.578291356564
0.578334152699
0.575577795506
0.572983145714
0.575144171715
0.571137011051
0.569550514221
0.569309055805
0.569331049919
0.567981719971
0.570234894753
0.565035283566
0.564474105835
0.561413824558
0.562272429466
0.559148848057
0.558051645756
0.558296203613
0.56034976244
0.557123720646
0.556768774986
0.557885944843
0.555015981197
0.550801217556
0.55490654707
0.552292048931
0.547687530518
0.548295974731
0.54736584425
0.546649336815
0.54534137249
0.541074454784
0.544324278831
0.539813399315
0.53649610281
0.538891375065
0.536020338535
0.536712527275
0.536026060581
0.537747442722
0.53261578083
0.536299586296
0.533599555492
0.53387761116
0.532296955585
0.529979109764
0.523085296154
0.527842104435
0.525910556316
0.52535700798
0.52209174633
0.518734872341
0.519522666931
0.521942794323
0.516839742661
0.518202185631
0.513482093811
0.517639160156
0.515908300877
0.517445921898
0.51451420784
0.516732215881
0.509147822857
0.507986366749
0.507979631424
0.510680437088
0.507123410702
0.502518951893
0.506035089493
0.503263771534
0.502071559429
0.502453148365
0.499778181314
0.503765821457
0.503351092339
0.498654037714
0.493628680706
0.496687203646
0.491079241037
0.492303282022
0.492813110352
0.493021517992
0.489367485046
0.493128567934
0.489551901817
0.490914344788
0.483278572559
0.488628745079
0.48516061902
0.479687005281
0.485661536455
0.482209026814
0.48208963871
0.481042414904
0.47761914134
0.478785932064
0.467227309942
0.472409725189
0.471644848585
0.472017973661
0.473220229149
0.472393602133
0.474627435207
0.472665578127
0.465231150389
0.463646143675
0.471020132303
0.464697420597
0.46183681488
0.463770359755
0.465973705053
0.461084514856
0.460240840912
0.4576433599
0.455379098654
0.450939297676
0.46048784256
0.447187781334
0.453629761934
0.443659067154
0.452672451735
0.450499892235
0.442611277103
0.448478490114
0.441541135311
0.446552485228
0.445172011852
0.44343957305
0.448976129293
0.440380960703
0.440894663334
0.436205208302
0.43614679575
0.442405194044
0.434996157885
0.438836336136
0.43787920475
0.43389698863
0.436603426933
0.427745133638
0.426314115524
0.421880275011
0.424200952053
0.430317014456
0.428540706635
0.42598554492
0.418121695518
0.426368772984
0.423028826714
0.418722748756
0.429233044386
0.413556873798
0.417216867208
0.426379919052
0.416966706514
0.410167664289
0.412884920835
0.409541964531
0.411749303341
0.407958865166
0.410873472691
0.417202651501
0.397287905216
0.409951865673
0.406773120165
0.400180399418
0.403701364994
0.405040830374
0.401154607534
0.401356875896
0.394757032394
0.396791934967
0.403994053602
0.390570878983
0.40221953392
0.387893348932
0.389737159014
0.395506411791
0.390062868595
0.397114366293
0.384768009186
0.397190898657
0.387121111155
0.378381431103
0.38775858283
0.383279591799
0.378165185452
0.381193846464
0.38646492362
0.380841165781
0.381445765495
0.38104185462
0.375968456268
0.374224960804
0.37701806426
0.371230959892
0.371361941099
0.370563417673
0.36347335577
0.379007577896
0.365482866764
0.366757243872
0.373166263103
0.35976216197
0.370018780231
0.363790899515
0.362508833408
0.360155761242
0.36373013258
0.354140788317
0.365477919579
0.362508714199
0.355111390352
0.348041623831
0.356610804796
0.348499327898
0.348831653595
0.349988043308
0.364088922739
0.360104382038
0.355579704046
0.339790642262
0.346452057362
0.3564453125
0.350314706564
0.346977293491
0.346312224865
0.34640198946
0.354823976755
0.343103021383
0.341848373413
0.334655255079
0.338993906975
0.338538706303
0.33535271883
0.327904045582
0.341372638941
0.335897058249
0.354236572981
0.326687783003
0.321328014135
0.330672800541
0.325737863779
0.33007517457
0.324872583151
0.331704258919
0.317445397377
0.327491015196
0.317791044712
0.317446887493
0.31759211421
0.329794645309
0.330332249403
0.309611946344
0.323249071836
0.313200682402
0.313679665327
0.309251248837
0.307915180922
0.320422261953
0.319927573204
0.318858832121
0.308167845011
0.320077240467
0.324376285076
0.308696836233
0.304769098759
0.319961994886
0.296092271805
0.303203642368
0.297517389059
0.311110168695
0.304365843534
0.297092229128
0.300906360149
0.307562619448
0.29935953021
0.302794337273
0.301261872053
0.300030916929
0.305028289557
0.28716135025
0.295715361834
0.286780953407
0.29939737916
0.293440550566
0.287778228521
0.297759443521
0.292122036219
0.285937517881
0.293408691883
0.300029486418
0.29012042284
0.292625308037
0.272964298725
0.285458385944
0.280692577362
0.274207800627
0.270639896393
0.277920395136
0.27648127079
0.269733458757
0.285586744547
0.273914277554
0.272624313831
0.29031586647
0.29157179594
0.279318541288
0.26839017868
0.27733039856
0.268947869539
0.280707389116
0.270811140537
0.271446794271
0.275457888842
0.274879813194
0.259613037109
0.270727753639
0.254932552576
0.255884826183
0.253907978535
0.271760672331
0.26874434948
0.26143732667
0.257832378149
0.2763492167
0.259324431419
0.251408040524
0.277583509684
0.256254583597
0.266838222742
0.259436786175
0.261860221624
0.261883437634
0.249844029546
0.256946176291
0.259973794222
0.243291825056
0.23815625906
0.254423946142
0.254875719547
0.258364915848
0.231740325689
0.249515235424
0.238436102867
0.24187785387
0.261846214533
0.25845849514
0.247100070119
0.233797192574
0.240920990705
0.239232465625
0.241101950407
0.2378295362
0.249584555626
0.243421688676
0.243670538068
0.248451784253
0.241227403283
0.234184101224
0.253960341215
0.24680288136
0.253804951906
0.235859766603
0.236718416214
0.252870470285
0.247140794992
0.243731200695
0.224179670215
0.235129639506
0.232370242476
0.222481891513
0.241507485509
0.237710088491
0.21355201304
0.238858640194
0.217727974057
0.21602474153
0.245495542884
0.231580108404
0.223364531994
0.24861997366
0.238321021199
0.217644050717
0.222910434008
0.228036701679
0.215486735106
0.209708511829
0.223194494843
0.219820231199
0.217286884785
0.233534619212
0.230653494596
0.225226029754
0.225887805223
0.214407444
0.22059443593
0.215856656432
0.218244463205
0.208320230246
0.213705420494
0.228573471308
0.21595197916
0.218156337738
0.237117856741
0.209610298276
0.223273605108
0.205166473985
0.214745312929
0.199964240193
0.217412754893
0.200265556574
0.216760799289
0.210753858089
0.222444921732
0.192688271403
0.228392198682
0.205157488585
0.204146370292
0.206150591373
0.216431364417
0.227252274752
0.205456838012
0.223628863692
0.206226140261
0.195513546467
0.206914573908
0.20695105195
0.214713141322
0.223579421639
0.215812817216
0.195851847529
0.19196011126
0.183729380369
0.201725542545
0.200646594167
0.195724964142
0.194378733635
0.220650523901
0.196883454919
0.196530357003
0.193347349763
0.183085247874
0.200938344002
0.188039809465
0.182715594769
0.189298734069
0.200134828687
0.205992519855
0.21816059947
0.194307118654
0.184876739979
0.187387660146
0.195860251784
0.225792095065
0.214465186
0.184934943914
0.210404589772
0.189105689526
0.185380071402
0.189742073417
0.197429001331
0.187836885452
0.204109191895
0.185105204582
0.181071847677
0.188882663846
0.188633710146
0.181759044528
0.184622347355
0.1863938272
0.186851784587
0.191432371736
0.200592935085
0.190093487501
0.19136531651
0.184581905603
0.17756678164
0.188415855169
0.182744666934
0.193802133203
0.167918175459
0.179757669568
0.179518982768
0.188610956073
0.184923529625
0.190018907189
0.176526963711
0.168080508709
0.179598808289
0.174610450864
0.192213475704
0.162595763803
0.171393811703
0.163123458624
0.176027983427
0.169941201806
0.172856897116
0.190339997411
0.170441195369
0.176183536649
0.165717840195
0.177646562457
0.163464620709
0.159900739789
0.16418248415
0.161151230335
0.166446536779
0.163388818502
0.162379473448
0.162499964237
0.167952790856
0.158812448382
0.170151874423
0.1742477566
0.162603497505
0.166517019272
0.157983765006
0.181493371725
0.154853254557
0.16131746769
0.153580397367
0.167653828859
0.162479788065
0.147659257054
0.166575476527
0.168118849397
0.164675071836
0.181523799896
0.162203475833
0.171056464314
0.167959332466
0.173144698143
0.160920545459
0.174201443791
0.166025578976
0.15717419982
0.15771394968
0.158346652985
0.162861853838
0.168337851763
0.157636836171
0.163835704327
0.159041464329
0.153473332524
0.160924732685
0.15837725997
0.155144944787
0.169808402658
0.160618126392
0.155603051186
0.176413118839
0.163428157568
0.161003515124
0.156439006329
0.142237991095
0.156351074576
0.157320350409
0.143014922738
0.160848498344
0.157852753997
0.147521749139
0.143066003919
0.16245444119
0.14986923337
0.145411118865
0.151970610023
0.162375032902
0.175822600722
0.159523263574
0.151371374726
0.150636404753
0.14765624702
0.1467038095
0.146942675114
0.145657539368
0.144756004214
0.145512998104
0.136636838317
0.166500985622
0.140257045627
0.151131749153
0.157197713852
0.152309015393
0.152552112937
0.136649176478
0.169063791633
0.166314661503
0.139742076397
0.153343379498
0.153888374567
0.145066350698
0.138080611825
0.138984277844
0.157133415341
0.164004921913
0.13173815608
0.150508314371
0.145078673959
0.160557642579
0.147966921329
0.139998331666
0.139053583145
0.139509543777
0.144174128771
0.13157466054
0.149057030678
0.120406664908
0.139409705997
0.139226391912
0.131739869714
0.147148191929
0.137929856777
0.136390656233
0.126795470715
0.144258245826
0.126719400287
0.14332011342
0.142683684826
0.130146607757
0.151393085718
0.136665329337
0.157766982913
0.148674473166
0.162914246321
0.1384331882
0.139190047979
0.126246526837
0.116669751704
0.124384537339
0.170618265867
0.142586752772
0.128424063325
0.140367895365
0.127586051822
0.142045155168
0.122027523816
0.130066260695
0.165661528707
0.134041905403
0.128044039011
0.130820825696
0.129255846143
0.126487836242
0.116736613214
0.115256585181
0.154003739357
0.134954333305
0.135778814554
0.146487429738
0.143740236759
0.143562212586
0.140076503158
0.137978821993
0.135305464268
0.131705537438
0.151929840446
0.118341036141
0.135003566742
0.127482801676
0.116142988205
0.136410564184
0.124832116067
0.143687754869
0.139321953058
0.160308018327
0.130068257451
0.132052764297
0.145688712597
0.146713361144
0.146016135812
0.127764344215
0.112540759146
0.128278911114
0.145634174347
0.11817650497
0.140187442303
0.135688692331
0.10949254781
0.122262015939
