0.693249046803
0.693142056465
0.693098843098
0.69309258461
0.693107366562
0.693114578724
0.693071842194
0.692936897278
0.692927062511
0.692994177341
0.692863941193
0.692826747894
0.692778527737
0.69273597002
0.692780256271
0.692639291286
0.692552745342
0.692589759827
0.692332267761
0.692679643631
0.692580223083
0.692550063133
0.69250357151
0.692062735558
0.692170977592
0.69210100174
0.692088365555
0.692285776138
0.691810548306
0.691568791866
0.691714942455
0.69223600626
0.691733896732
0.691949486732
0.691281795502
0.690561115742
0.691606998444
0.691136658192
0.690508425236
0.690402209759
0.690552294254
0.690475106239
0.689876258373
0.690085411072
0.689670085907
0.688005149364
0.689969539642
0.689470410347
0.688780725002
0.68826931715
0.687962651253
0.687759816647
0.688460886478
0.687935829163
0.686740398407
0.687961578369
0.687029957771
0.687394618988
0.686658680439
0.687366962433
0.685839831829
0.686640024185
0.685298204422
0.686228334904
0.684975147247
0.684914588928
0.683654725552
0.684910535812
0.683980882168
0.684839606285
0.684233009815
0.682302176952
0.682325661182
0.682269573212
0.682935416698
0.682138502598
0.68141824007
0.681174874306
0.681901454926
0.68109279871
0.679736018181
0.679517924786
0.680445075035
0.678241550922
0.677364170551
0.678487360477
0.677939891815
0.677142262459
0.676593184471
0.675959169865
0.673389732838
0.673077404499
0.674374938011
0.673785448074
0.672996938229
0.673658430576
0.673595905304
0.670878350735
0.673200964928
0.67185986042
0.669893741608
0.671176671982
0.668207406998
0.665906310081
0.669138252735
0.667582154274
0.667969465256
0.667088627815
0.665472686291
0.660820782185
0.664516270161
0.659766733646
0.665073990822
0.662943899632
0.662293374538
0.661329030991
0.658295691013
0.661392152309
0.660615205765
0.658258974552
0.656533002853
0.655615508556
0.65525585413
0.65412569046
0.649491488934
0.648792386055
0.653027117252
0.64759594202
0.649942398071
0.647669374943
0.644011855125
0.645553350449
0.646872341633
0.645825922489
0.644874334335
0.640825986862
0.642873644829
0.642722666264
0.641747236252
0.63985568285
0.635950148106
0.637080073357
0.638399422169
0.638909995556
0.631945729256
0.635000824928
0.634962499142
0.63473546505
0.627815485001
0.630311250687
0.627082705498
0.626296103001
0.624823451042
0.624650478363
0.628942489624
0.62134706974
0.622442901134
0.621336758137
0.618551015854
0.622826933861
0.614398360252
0.616408109665
0.618762671947
0.615451335907
0.615573704243
0.615027010441
0.612855792046
0.612093985081
0.607835710049
0.610877156258
0.60752594471
0.606059491634
0.605041325092
0.607544481754
0.601835310459
0.60211455822
0.601478219032
0.601753056049
0.594262421131
0.596651077271
0.597459316254
0.60076290369
0.593136906624
0.596669495106
0.58866918087
0.591299235821
0.589992702007
0.588663995266
0.588331520557
0.589820623398
0.583066701889
0.579816102982
0.582132458687
0.58295071125
0.576984107494
0.572617650032
0.571662187576
0.568723678589
0.569859325886
0.579210877419
0.575642704964
0.570338308811
0.567995667458
0.570371687412
0.573880851269
0.565942406654
0.55967861414
0.558821320534
0.567870557308
0.552143871784
0.554632663727
0.552364528179
0.551943004131
0.557057738304
0.553286314011
0.541960537434
0.547895550728
0.550203800201
0.54712253809
0.547332644463
0.543761193752
0.541449368
0.539878964424
0.538143157959
0.535610020161
0.538882017136
0.535909354687
0.536837339401
0.532782912254
0.534326016903
0.52804929018
0.534279763699
0.527923643589
0.526395440102
0.530127644539
0.521231293678
0.526577293873
0.526284635067
0.522746264935
0.516735196114
0.519848406315
0.513377428055
0.515046060085
0.515572726727
0.509893894196
0.51459223032
0.510448873043
0.50918674469
0.512083470821
0.506572902203
0.504716217518
0.50014424324
0.502422630787
0.496605932713
0.501269578934
0.498062729836
0.496653258801
0.499349147081
0.49378490448
0.493567168713
0.488304257393
0.494214385748
0.489707171917
0.4871352911
0.482347220182
0.492192596197
0.482218533754
0.471243172884
0.476330578327
0.490980863571
0.480701625347
0.473200649023
0.48405611515
0.477812618017
0.472248733044
0.472231090069
0.465465277433
0.469493955374
0.474647641182
0.462114095688
0.469208270311
0.472322791815
0.461520880461
0.45932251215
0.461950212717
0.455130010843
0.453658998013
0.455579966307
0.458822399378
0.457575589418
0.457682609558
0.447142839432
0.447541028261
0.447389960289
0.447507411242
0.445976555347
0.434359401464
0.434793025255
0.444761663675
0.437352538109
0.439232468605
0.444871395826
0.44021064043
0.440301597118
0.444400697947
0.434461385012
0.426554828882
0.438414871693
0.430239409208
0.426740854979
0.43146443367
0.422692358494
0.43047311902
0.424536347389
0.426097512245
0.421330183744
0.424901455641
0.41866132617
0.417880326509
0.417233496904
0.418349772692
0.425993084908
0.417152136564
0.417568683624
0.416020154953
0.418452650309
0.412195444107
0.407742917538
0.401383042336
0.406470835209
0.405649840832
0.402038753033
0.400645643473
0.406668305397
0.405553936958
0.393438637257
0.396980702877
0.405136168003
0.397316783667
0.396552473307
0.408166646957
0.397115916014
0.395072072744
0.400493443012
0.401311665773
0.400288313627
0.38994294405
0.392353862524
0.387448787689
0.386939585209
0.387171834707
0.384945452213
0.384388238192
0.383722096682
0.397780865431
0.382930696011
0.37631508708
0.379075109959
0.38481259346
0.393703788519
0.38542085886
0.383972615004
0.378321886063
0.374509572983
0.380474328995
0.372271865606
0.371684104204
0.368439018726
0.374727159739
0.371577203274
0.370693176985
0.367757201195
0.3739990592
0.367072939873
0.368747025728
0.365300983191
0.373074859381
0.361561089754
0.371227234602
0.365588337183
0.367638796568
0.358199626207
0.360758125782
0.358284175396
0.3600910604
0.366239696741
0.357190430164
0.356698393822
0.351197808981
0.35152310133
0.352952003479
0.352552831173
0.351344257593
0.358289778233
0.343556135893
0.357826501131
0.347875386477
0.35163038969
0.340829312801
0.346611440182
0.343841671944
0.340626746416
0.332747638226
0.337812662125
0.341247409582
0.338477939367
0.344688534737
0.33469209075
0.336691349745
0.334511399269
0.333184748888
0.330504953861
0.330612123013
0.331377714872
0.333340078592
0.332768946886
0.335610598326
0.332440674305
0.332639336586
0.330614030361
0.32590135932
0.327929228544
0.325661569834
0.331157654524
0.322385698557
0.322420716286
0.319180160761
0.323509931564
0.315145432949
0.320029884577
0.31480178237
0.31540364027
0.313068062067
0.315073758364
0.315344214439
0.315018862486
0.310372710228
0.309577435255
0.323058187962
0.311058938503
0.317154735327
0.307921260595
0.312938868999
0.307552278042
0.305982202291
0.306030213833
0.303738206625
0.312372356653
0.305924624205
0.305293411016
0.31161031127
0.305455803871
0.299472928047
0.305932998657
0.301626503468
0.301940560341
0.295584708452
0.303598314524
0.299883127213
0.297772824764
0.30361327529
0.297661423683
0.296072751284
0.295930296183
0.289768844843
0.293244749308
0.290397852659
0.289343595505
0.296867996454
0.29493522644
0.298654198647
0.289782881737
0.287758141756
0.281148254871
0.285825192928
0.289348572493
0.288342237473
0.283570051193
0.283085733652
0.282228827477
0.28449678421
0.280487000942
0.280719637871
0.283440113068
0.278600543737
0.281118154526
0.270997911692
0.283125430346
0.277742743492
0.274986535311
0.276789546013
0.276628226042
0.273371905088
0.268869310617
0.276223093271
0.271943569183
0.278674304485
0.273026406765
0.27079859376
0.26499029994
0.268923282623
0.267297923565
0.284992367029
0.264186680317
0.26706764102
0.260543853045
0.259502351284
0.263826429844
0.260290056467
0.26442527771
0.257215201855
0.258071541786
0.258662164211
0.26292642951
0.256087481976
0.253791093826
0.250545859337
0.25928607583
0.258628070354
0.254072338343
0.256589949131
0.279161661863
0.257220447063
0.251901775599
0.247172504663
0.256838768721
0.250771582127
0.258795052767
0.251476198435
0.246200338006
0.246498003602
0.243448659778
0.241082578897
0.250515043736
0.245658293366
0.246006146073
0.244876474142
0.246801421046
0.240713894367
0.247491151094
0.242901951075
0.243709430099
0.247244298458
0.240387916565
0.238764122128
0.236424475908
0.236743167043
0.2351962924
0.236801370978
0.237818941474
0.238993614912
0.246205106378
0.241268739104
0.234893649817
0.235199421644
0.231099396944
0.224288865924
0.250676542521
0.231761679053
0.227021887898
0.236319452524
0.235428139567
0.223744913936
0.225894764066
0.22921513021
0.216276109219
0.217887669802
0.22111324966
0.232525929809
0.228246733546
0.223180070519
0.219053611159
0.218774214387
0.214353322983
0.215274125338
0.215172365308
0.215795978904
0.211062803864
0.213702499866
0.215752869844
0.211409673095
0.219402775168
0.211112454534
0.210913404822
0.210748270154
0.207662448287
0.209229514003
0.204590767622
0.208375543356
0.207621097565
0.212810084224
0.205871403217
0.210023373365
0.200526297092
0.199596792459
0.203126519918
0.197122603655
0.202098190784
0.199139267206
0.209385678172
0.199735105038
0.196218878031
0.196665436029
0.201652020216
0.205261304975
0.19189825654
0.196652784944
0.194279700518
0.19956356287
0.195575475693
0.191616520286
0.194026127458
0.192705199122
0.19100445509
0.183275327086
0.187390357256
0.183601155877
0.192811653018
0.196998819709
0.189352095127
0.182375341654
0.184347614646
0.18621622026
0.184432178736
0.189244270325
0.199915185571
0.178663089871
0.178138419986
0.181675165892
0.185290530324
0.185878664255
0.1792614609
0.186309710145
0.176868751645
0.182664960623
0.175204247236
0.174288645387
0.177790299058
0.173091903329
0.171170428395
0.175871133804
0.173156991601
0.169129446149
0.172072902322
0.167494744062
0.175754800439
0.173708587885
0.169871002436
0.166606664658
0.159356504679
0.176735699177
0.16578631103
0.178897380829
0.160953044891
0.155543372035
0.15807312727
0.161587566137
0.169087558985
0.163344189525
0.161455392838
0.158600702882
0.159868448973
0.166154026985
0.159093528986
0.155870959163
0.158030539751
0.160129606724
0.159006729722
0.153371676803
0.150391325355
0.156162053347
0.158787503839
0.154334545135
0.147285893559
0.155616223812
0.154443308711
0.147579357028
0.146995335817
0.146774917841
0.152066498995
0.142387077212
0.142011284828
0.146757751703
0.153164565563
0.137130618095
0.136874765158
0.146683961153
0.13973928988
0.135095462203
0.138997152448
0.137466564775
0.137838765979
0.135806784034
0.14389847219
0.138206154108
0.132381677628
0.133787781
0.133423119783
0.137857005
0.136754795909
0.133416354656
0.136486873031
0.131365090609
0.129037246108
0.129214167595
0.131821200252
0.131380051374
0.129782781005
0.132275283337
0.124993979931
0.127235919237
0.12213820219
0.122103743255
0.128035232425
0.125871151686
0.122365094721
0.11975068599
0.116047106683
0.116698496044
0.119407325983
0.122885867953
0.127435997128
0.12104998529
0.113235659897
0.113471724093
0.127128496766
0.113893888891
0.114293053746
0.127197355032
0.114966362715
0.108833909035
0.122268140316
0.108525678515
0.113592490554
0.118553698063
0.105527959764
0.111705072224
0.107710659504
0.106002703309
0.104980058968
0.10864725709
0.104387313128
0.108601808548
0.099247738719
0.101291768253
0.105083964765
0.101139254868
0.113391645253
0.105558350682
0.101736560464
0.107168346643
0.100659251213
0.0980549529195
0.0978493839502
0.0989046394825
0.100903838873
0.0946063697338
0.0922082960606
0.0980554819107
0.0941805690527
0.0956749618053
0.0925613939762
0.0915581136942
0.0969963222742
0.0920357555151
0.0939818248153
0.0922897532582
0.0898537039757
0.0930549427867
0.0935821160674
0.0892331749201
0.0888647437096
0.0917815864086
0.0893674716353
0.0964111536741
0.0827010944486
0.0961096584797
0.0900580435991
0.0854935050011
0.0881259739399
0.0849745944142
0.0922979488969
0.0854010805488
0.0829449519515
0.0818652436137
0.0840515494347
0.0786574184895
0.0833614841104
0.0780980065465
0.0878812670708
0.0860992074013
0.0764596834779
0.0793579742312
0.077073328197
0.0813119113445
0.081235691905
0.0745742246509
0.0737093985081
0.0770797803998
0.0788233876228
0.0786967203021
0.0727065578103
0.0701289623976
0.0711891651154
0.0781450420618
0.0770151019096
0.071975030005
0.0696020796895
0.0727309659123
0.069328725338
0.0691785663366
0.0695568546653
0.0695401132107
0.0679730474949
0.0716086626053
0.0741947218776
0.0698641911149
0.0675305500627
0.0667188316584
0.0753253921866
0.068323276937
0.0655023902655
0.066435046494
0.0699671208858
0.0717270299792
0.0665362030268
0.0656725391746
0.0676007419825
0.0668003857136
0.0667997524142
0.063317887485
0.063838340342
0.062340836972
0.0668631866574
0.0614620223641
0.0647285953164
0.0601205788553
0.0629966333508
0.0698007568717
0.0601874180138
0.0594846718013
0.0592512823641
0.0613211840391
0.0582750663161
0.0749226883054
0.0581420473754
0.0655676797032
0.0614637993276
0.0620775260031
0.0550260692835
0.0586192123592
0.0752083137631
0.0560425445437
0.0581765212119
0.0519423782825
0.0546253845096
0.0565662756562
0.0541685707867
0.0567512512207
0.0599127411842
0.0598739720881
0.0583716072142
0.0536265596747
0.0547305308282
0.0561947785318
0.0514757446945
0.081482835114
0.0513944104314
0.0524079501629
0.0525045357645
0.0498299300671
0.0494315996766
0.0478370673954
0.0570371672511
0.0512446053326
0.0551637969911
0.0510018095374
0.0477859303355
0.0558220930398
0.0492418147624
0.0525143034756
0.0484634041786
0.0553525798023
0.0519179850817
0.0480741411448
0.0478394217789
0.0463279336691
0.0465431176126
0.0478214994073
0.0477755665779
0.0513001456857
0.0442729890347
0.045539945364
0.0501805096865
0.0461020581424
0.0493306778371
0.0439290069044
0.0445073470473
0.0490749925375
0.0531147159636
0.0428272262216
0.044507291168
0.0422932356596
0.0432009547949
0.0421818159521
0.0410935692489
0.042701702565
0.0391762889922
0.0466950908303
0.0393766537309
0.0451517626643
0.044248200953
0.0427707768977
0.0398903265595
0.0398666486144
0.044581361115
0.039674423635
0.0388903729618
0.0421646013856
0.0430182851851
0.0403836779296
0.0381768830121
0.0527842454612
0.0369250960648
0.0397354923189
0.0387963354588
0.0360585153103
0.0359527803957
0.0382129624486
0.0357446037233
0.0398697145283
0.0366154648364
0.0412341058254
0.0376148298383
0.045580599457
0.0361001305282
0.0355015173554
0.0370538681746
0.0361897945404
0.0355997756124
0.0331636890769
0.0340750142932
0.0392806529999
0.0357663370669
0.0373657569289
0.0366546176374
0.0329607613385
0.0349848531187
0.0447756424546
0.0325583070517
0.0368579551578
0.0419052839279
0.035174805671
0.0326845906675
0.045657761395
0.0374609269202
0.0391733497381
0.038855586201
0.0314431935549
0.0329297184944
0.0389345549047
0.0351315811276
0.0363854020834
0.0305387396365
0.0469380915165
0.0307365786284
0.0307451616973
0.0329570658505
0.0400277934968
0.0290370546281
0.0323857180774
0.0314389280975
0.0318636372685
0.0315845347941
0.0369350276887
0.0333158299327
0.0326687917113
0.0349225886166
0.0318091586232
0.0315555259585
0.0319516584277
0.0307287257165
0.0309355054051
0.0330633409321
0.0296915434301
0.0311571378261
0.03109539859
0.0308775268495
0.0311479009688
0.0363745316863
0.0317118242383
0.0334275737405
0.0359485819936
0.0297878887504
0.0331939309835
0.0336360372603
0.0368749797344
0.0565609671175
0.0422154292464
0.0344347544014
0.0400243513286
0.029735552147
0.0308204181492
0.0439926758409
0.0330411866307
0.0361891575158
0.0315573327243
0.0302448924631
0.0304375439882
0.031260881573
0.0329399779439
0.0441744960845
0.0334659032524
0.0352853573859
0.0318971201777
0.0317292809486
0.0334087088704
0.0360298603773
0.032769870013
0.0388240404427
0.0312767960131
0.0308760106564
0.0309383273125
0.0350981839001
0.0332511812449
0.0307670217007
0.0312467440963
0.0363105200231
0.0315045937896
0.0302625764161
0.0342323966324
0.035899952054
0.0291198026389
0.030994977802
0.0313360542059
0.0343564897776
0.0312474314123
0.0411906652153
0.0317744500935
0.0313167758286
0.0302036423236
0.033037211746
0.0323309972882
0.0303149335086
0.0336339771748
0.0315886363387
0.0404497385025
0.0364743545651
0.0286504141986
0.0306211654097
0.0343776792288
0.0321697555482
0.0371624566615
0.031026205048
0.0314043387771
0.032964758575
0.0410485342145
0.0305179636925
0.0309298634529
0.0405527241528
0.0282963458449
0.0323144607246
0.0583181232214
0.0319248773158
0.0289046242833
0.037969276309
0.034036912024
0.0280946623534
0.0309014227241
0.0330835580826
0.0299836266786
0.0329818427563
0.0296960510314
0.0289795789868
0.0309520587325
0.029459150508
0.0287358313799
0.0288652814925
0.0329382494092
0.0487888865173
0.0288385320455
0.0285322833806
0.0315581560135
0.0336329303682
0.0309605114162
0.0299672987312
0.0314296223223
0.0304460395128
0.0309956390411
0.0348040238023
0.0314419493079
0.0336150527
0.0308980755508
0.0303508974612
0.0288219489157
0.0293833333999
0.0300766732544
0.030859220773
0.0300889406353
0.031248036772
0.0454303883016
0.0332856476307
0.0304973330349
0.0303448680788
0.0362378358841
0.0330856479704
0.0349568873644
0.0291133578867
0.0307499412447
0.0331802815199
0.0305931624025
0.0333299785852
0.0291186403483
0.0328190363944
0.0332917384803
0.0291767138988
0.029056135565
0.0318753309548
0.0309650469571
0.032302569598
0.031325224787
0.0304586030543
0.0285608321428
0.0292676500976
0.0296260081232
0.029334096238
0.0417130999267
0.0318015143275
0.0366363078356
0.0337057560682
0.0281764604151
0.0292128678411
0.0292606279254
0.0321657471359
0.0329476781189
0.0273107346147
0.0337508320808
0.0324840322137
0.028403237462
0.0283621326089
0.0286950655282
0.0301418025047
0.0296173766255
0.0282725133002
0.0283338502049
0.0285512544215
0.0375084541738
0.030490335077
0.0263733882457
0.0295501612127
0.0278984867036
0.0279282126576
0.0273892097175
0.0293741449714
0.0319726504385
0.0301691126078
0.0398988761008
0.0280418861657
0.0298478677869
0.0290914531797
0.0474413745105
0.0284174438566
0.0320532992482
0.0316276885569
0.0281167589128
0.0294818338007
0.0332717522979
0.0270927753299
0.0401692315936
0.0311422739178
0.0313344597816
0.0361674837768
0.0307994484901
0.0288972947747
0.030166529119
0.0291774608195
0.0272227674723
0.0293004568666
0.0283932499588
0.0286417230964
0.0322248339653
0.0291928872466
0.0291177779436
0.034760594368
0.0293667260557
0.0302859228104
0.0300241187215
0.0294717885554
0.0364554896951
0.0276510287076
0.0290506407619
0.0300053972751
0.0280265398324
0.0496825054288
0.0338731370866
0.0293003823608
0.027993761003
0.028677361086
0.0295432209969
0.0277099236846
