0.693218529224
0.692294478416
0.691425204277
0.690618872643
0.689826726913
0.689085960388
0.688346385956
0.687651097775
0.687016487122
0.686449587345
0.685928702354
0.685407936573
0.685235440731
0.684857904911
0.684695363045
0.684401333332
0.684165239334
0.68429350853
0.68394702673
0.683403491974
0.683812439442
0.682682096958
0.682290375233
0.681366324425
0.680125534534
0.679449737072
0.677902579308
0.676634550095
0.674650490284
0.674366354942
0.670428752899
0.668466687202
0.665306150913
0.660929322243
0.654135346413
0.649864077568
0.646426975727
0.640614449978
0.631670475006
0.625797629356
0.609985589981
0.603345155716
0.594105601311
0.577817738056
0.559863507748
0.553383290768
0.528510332108
0.521049976349
0.510420560837
0.490777909756
0.496304392815
0.48299947381
0.468384087086
0.454030185938
0.458336532116
0.469829529524
0.47376909852
0.447729855776
0.426120370626
0.422869920731
0.41877129674
0.410273969173
0.395038664341
0.483783662319
0.391658812761
0.447309762239
0.43812161684
0.429570704699
0.416348338127
0.400179743767
0.368954539299
0.393677026033
0.407823950052
0.391322165728
0.423522740602
0.382420092821
0.38346862793
0.394308924675
0.396253079176
0.366899937391
0.373306334019
0.342125713825
0.35623049736
0.353399187326
0.347179204226
0.347987413406
0.359878838062
0.353345036507
0.350956082344
0.360429614782
0.313315242529
0.328860551119
0.362770706415
0.328269541264
0.343380451202
0.34437173605
0.30391305685
0.284539967775
0.324263304472
0.291335135698
0.278078556061
0.280083566904
0.289795398712
0.273598611355
0.264249563217
0.237298026681
0.282488256693
0.293545871973
0.303303092718
0.256001293659
0.211748823524
0.248896226287
0.223442703485
0.227350637317
0.206410557032
0.234159216285
0.252597421408
0.197287544608
0.228362724185
0.25802809
0.23811455071
0.171854749322
0.252324104309
0.21188351512
0.205262944102
0.214915409684
0.206707388163
0.205448150635
0.181811377406
0.212894052267
0.217495724559
0.191471636295
0.200946971774
0.159962132573
0.203418642282
0.156140208244
0.202424913645
0.213358208537
0.218545198441
0.205732226372
0.22856618464
0.1858869344
0.179376780987
0.233731344342
0.145892783999
0.163223415613
0.178724601865
0.15616825223
0.158687055111
0.223707318306
0.217680364847
0.182477295399
0.142166614532
0.205185592175
0.150730222464
0.143471747637
0.189332947135
0.148877263069
0.146837890148
0.180216863751
0.163921758533
0.191360935569
0.128331184387
0.226022973657
0.184600681067
0.145322188735
0.152648061514
0.178802266717
0.202437400818
0.192845508456
0.154812678695
0.20190218091
0.142493098974
0.138360947371
0.166868671775
0.169553622603
0.17900647223
0.21721328795
0.16544111073
0.184750288725
0.165974423289
0.135300159454
0.135620966554
0.183092698455
0.213632822037
0.187863573432
0.158829122782
0.18813341856
0.142486199737
0.158090874553
0.148541122675
0.229283943772
0.136177763343
0.164295420051
0.151633515954
0.139514699578
0.17196521163
0.151479542255
0.116734296083
0.163216769695
0.146965876222
0.228425189853
0.105524897575
0.146385848522
0.129616245627
0.211611673236
0.165610596538
0.160754278302
0.148399740458
0.15314912796
0.230699509382
0.152414187789
0.155441686511
0.169957086444
0.137835606933
0.124468959868
0.14811630547
0.153350844979
0.126916199923
0.163574367762
0.147595152259
0.137431487441
0.150146737695
0.13177922368
0.115687943995
0.132876172662
0.108258873224
0.16599355638
0.108082987368
0.136027082801
0.114237211645
0.153771400452
0.172281593084
0.205338284373
0.135739281774
0.205494776368
0.149173095822
0.129682973027
0.139645949006
0.155975848436
0.142520308495
0.187573462725
0.129095956683
0.12364114821
0.125816464424
0.111803248525
0.17492698133
0.17212420702
0.120456345379
0.11751832068
0.10654501617
0.136241331697
0.125345170498
0.146888971329
0.181085348129
0.164383918047
0.108042813838
0.175168827176
0.121342785656
0.119918100536
0.13559743762
0.133084401488
0.150072574615
0.127358481288
0.138085588813
0.123845897615
0.157644167542
0.144666612148
0.137518644333
0.120063021779
0.126286014915
0.118556886911
0.0973135381937
0.0896598920226
0.161248743534
0.111224830151
0.127252668142
0.155520960689
0.118757881224
0.128229379654
0.11395227164
0.127978548408
0.126076102257
0.107973322272
0.150727987289
0.121877640486
0.104251898825
0.0961360484362
0.147972017527
0.140229851007
0.135006859899
0.0897762849927
0.162527471781
0.0928736254573
0.104202866554
0.112933814526
0.116608828306
0.125909864902
0.160599648952
0.150787860155
