0.721300959587
0.714560449123
0.709537267685
0.699992358685
0.691964864731
0.681175887585
0.674700796604
0.667858362198
0.675855100155
0.664694130421
0.667162656784
0.65825009346
0.654121875763
0.653009951115
0.643468856812
0.645020127296
0.638395905495
0.635097920895
0.633028924465
0.626763045788
0.624287724495
0.620370805264
0.618419349194
0.613172113895
0.605339825153
0.609601855278
0.602963685989
0.601139366627
0.599054157734
0.597280204296
0.600308656693
0.592695295811
0.582197010517
0.588366568089
0.581591248512
0.580477535725
0.584946632385
0.578268587589
0.5645647645
0.567792236805
0.57080078125
0.566354990005
0.557296872139
0.553492486477
0.547828495502
0.560483753681
0.551189959049
0.549460411072
0.546254098415
0.538537085056
0.537247002125
0.528780460358
0.529501497746
0.538071095943
0.530595600605
0.532318770885
0.527205765247
0.516978144646
0.516300678253
0.513851046562
0.517175018787
0.515599012375
0.514002799988
0.512814044952
0.516747236252
0.509905159473
0.508319616318
0.503446161747
0.502339303493
0.494078963995
0.497005730867
0.486256510019
0.492754459381
0.486648052931
0.501342713833
0.490927278996
0.489262551069
0.491950213909
0.486069768667
0.476551413536
0.478424817324
0.482778042555
0.477216809988
0.474683821201
0.479908853769
0.465767115355
0.470099836588
0.477421909571
0.470216691494
0.466148257256
0.462772279978
0.469920277596
0.466007888317
0.460562437773
0.45132625103
0.454816281796
0.456185400486
0.443786263466
0.442217499018
0.444662034512
0.445329576731
0.447400659323
0.438682705164
0.43762421608
0.445254802704
0.450596958399
0.432181894779
0.439772456884
0.432874888182
0.433216869831
0.440987676382
0.428317248821
0.432738959789
0.428760498762
0.431269943714
0.429641276598
0.430335879326
0.423923105001
0.415699362755
0.433342307806
0.423205792904
0.413508445024
0.422011971474
0.418683320284
0.408337920904
0.411893218756
0.413859009743
0.408478558064
0.408438682556
0.404935836792
0.416514545679
0.409711331129
0.40552508831
0.399627536535
0.403660327196
0.395866036415
0.396395862103
0.401404768229
0.396330535412
0.399505764246
0.404767602682
0.391405493021
0.385052382946
0.389618813992
0.38323456049
0.377072900534
0.377258509398
0.390165120363
0.381965070963
0.37958496809
0.374354958534
0.369514495134
0.382113724947
0.384947031736
0.364151954651
0.369037538767
0.373606532812
0.377492398024
0.378632932901
0.371869415045
0.367171525955
0.362644404173
0.371187746525
0.372585952282
0.356825917959
0.359411209822
0.360592275858
0.36041238904
0.363178044558
0.367082536221
0.346996814013
0.351030260324
0.352132558823
0.353953152895
0.350399255753
0.348548710346
0.351464807987
0.344698041677
0.349852919579
0.344560325146
0.351286649704
0.337360441685
0.341855049133
0.343274980783
0.355379164219
0.345341712236
0.335625559092
0.347315341234
0.33156850934
0.340829133987
0.335568130016
0.334336698055
0.340004473925
0.340019404888
0.33359465003
0.331767380238
0.332391053438
0.335864633322
0.326930731535
0.330443680286
0.313309073448
0.342530608177
0.321865469217
0.323920428753
0.321188360453
0.324407428503
0.315819591284
0.317817509174
0.311268687248
0.326829195023
0.312222510576
0.319158762693
0.332662850618
0.31091979146
0.32255256176
0.308756828308
0.307411819696
0.317215383053
0.302422732115
0.31187030673
0.298514455557
0.313420712948
0.314988225698
0.30455249548
0.300672888756
0.304470032454
0.305564165115
0.301633834839
0.292181313038
0.292516767979
0.293239206076
0.296824455261
0.288892298937
0.285461962223
0.289080917835
0.292433649302
0.289262026548
0.290276318789
0.291567414999
0.297597974539
0.288330495358
0.292283147573
0.287909954786
0.28863888979
0.288643181324
0.285749226809
0.294327437878
0.281736046076
0.281844288111
0.283088713884
0.282902389765
0.285664916039
0.282378435135
0.282599896193
0.277329206467
0.289275467396
0.282404690981
0.275742053986
0.274603903294
0.282227545977
0.272228896618
0.271449357271
0.276038229465
0.27744448185
0.270554155111
0.274679780006
0.275465488434
0.266191959381
0.277845293283
0.274657785892
0.278099477291
0.264330804348
0.264404505491
0.271843969822
0.256888657808
0.267226427794
0.265701949596
0.267667412758
0.2638258636
0.27631315589
0.27144291997
0.280803889036
0.262582093477
0.26475417614
0.260112941265
0.268074780703
0.270787537098
0.27022472024
0.259056568146
0.271462053061
0.279658138752
0.261887907982
0.25897616148
0.259775549173
0.258585602045
0.258592456579
0.25962460041
0.257616788149
0.263156086206
0.258288264275
0.250320464373
0.25744202733
0.259935259819
0.255475699902
0.25667950511
0.257033646107
0.260078549385
0.246283784509
0.254564702511
0.262565940619
0.258120507002
0.255673527718
0.252735763788
0.257293581963
0.263200044632
0.250718832016
0.255695492029
0.261081308126
0.250331252813
0.250605583191
0.259422421455
0.247496277094
0.2531247437
0.246105700731
0.275913476944
0.253271400928
0.25504732132
0.251778960228
0.246125563979
0.244357928634
0.24676014483
0.248696029186
0.243269905448
0.246470883489
0.257485538721
0.246512293816
0.244590759277
0.239869236946
0.253940522671
0.24648411572
0.2433398664
0.240765422583
0.240010261536
0.241060420871
0.246527850628
0.244151085615
0.242017701268
0.242752745748
0.242215424776
0.249774694443
0.238932535052
0.235078275204
0.239028453827
0.242926865816
0.24855555594
0.2424903512
0.238353893161
0.235602140427
0.252491623163
0.245141029358
0.238240793347
0.242633730173
0.249282687902
0.241734981537
0.234443441033
0.244036644697
0.258053928614
0.23813059926
0.244250789285
0.239154428244
0.240248218179
0.234417438507
0.247090741992
0.230195596814
0.238737076521
0.245189890265
0.237792491913
0.239361807704
0.245269343257
0.239463627338
0.226582109928
0.230727374554
0.232706353068
0.227520719171
0.22876624763
0.235360786319
0.237578451633
0.240797549486
0.252509951591
0.234498947859
0.236484199762
0.239729687572
0.237270176411
0.244012266397
0.231816858053
0.236913070083
0.225759997964
0.242143541574
0.226426362991
0.230094403028
0.238846972585
0.228461742401
0.226538851857
0.231254979968
0.227395519614
0.227306008339
0.251826703548
0.230734184384
0.224161401391
0.231553167105
0.234179705381
0.234256580472
0.228560954332
0.218478500843
0.22434297204
0.22953222692
0.235893636942
0.232509091496
0.233068183064
0.225614011288
0.227095514536
0.235003441572
0.234459221363
0.225936561823
0.232263147831
0.230207979679
0.222594767809
0.231304034591
0.226243019104
0.231211513281
0.227472290397
0.227641254663
0.222782120109
0.226898938417
0.235933065414
0.226072654128
0.224504932761
0.220836475492
0.223375156522
0.229806035757
0.216630399227
0.222142338753
0.234372839332
0.222534179688
0.216733053327
0.224411308765
0.220526725054
0.225232720375
0.225832536817
0.22454212606
0.227586477995
0.222496137023
0.227348074317
0.223844498396
0.22438287735
0.228094294667
0.223590314388
0.228143334389
0.222547322512
0.225825220346
0.23412874341
0.218560367823
0.219382047653
0.231069803238
0.228496789932
0.221330970526
0.241024047136
0.216484293342
0.22285784781
0.22212728858
0.221772819757
0.219058826566
0.220798566937
0.227947920561
0.229574635625
0.223482489586
0.235809609294
0.220007032156
0.230304732919
0.217804849148
0.231836795807
0.215270444751
0.221275702119
0.214726984501
0.23000150919
0.221871644258
0.221335291862
0.230179354548
0.209839344025
0.218332871795
0.227238178253
0.219663798809
0.217119917274
0.212048247457
0.227765858173
0.215258523822
0.213170871139
0.227621167898
0.216905936599
0.22851485014
0.219779148698
0.218709975481
0.224742010236
0.219986483455
0.222094267607
0.222558185458
0.214688181877
0.219317063689
0.213653638959
0.216052025557
0.216949298978
0.218824803829
0.212573304772
0.216508254409
0.214413121343
0.22881269455
0.221586570144
0.224435344338
0.208819642663
0.211564406753
0.211155325174
0.217210203409
0.219759389758
0.218988835812
0.216692656279
0.224405616522
0.215597555041
0.209336474538
0.214259400964
0.214436635375
0.213890224695
0.22845068574
0.223189949989
0.214626252651
0.218133121729
0.217552155256
0.212568446994
0.222010061145
0.217536851764
0.210718408227
0.213797390461
0.219043299556
0.217007637024
0.219237759709
0.207895591855
0.21362234652
0.20757894218
0.216884672642
0.212134853005
0.222270980477
0.212643921375
0.208693772554
0.219911038876
0.221254751086
0.218450605869
0.208588376641
0.209451690316
0.219188526273
0.206439465284
0.214090690017
0.218999400735
0.214650332928
0.219645112753
0.216252952814
0.219641000032
0.211328312755
0.21347746253
0.212548345327
0.208315551281
0.211277976632
0.206047564745
0.212182149291
0.219271183014
0.219112619758
0.207739934325
0.216083392501
0.211177915335
0.212692320347
0.215624213219
0.210043385625
0.212180197239
0.209783226252
0.209847524762
0.210294544697
0.212089374661
0.210141137242
0.21155205369
0.206005126238
0.212983965874
0.216705471277
0.207060948014
0.215411841869
0.215788319707
0.229205355048
0.210245341063
0.205923318863
0.204445213079
0.210269019008
0.209622681141
0.219418555498
0.214955106378
0.207122057676
0.210438504815
0.207569360733
0.205133646727
0.207867413759
0.206028446555
0.214419215918
0.205357193947
0.203453615308
0.209121033549
0.217446640134
0.218594357371
0.211362808943
0.21482360363
0.205868080258
0.222657054663
0.207020252943
0.207657828927
0.21413436532
0.207684993744
0.217501327395
0.209344550967
0.201403662562
0.211018443108
0.209122285247
0.21565695107
0.203389242291
0.210504114628
0.205256864429
0.207098513842
0.199579268694
0.213467612863
0.205828368664
0.206580579281
0.20614503324
0.213638007641
0.219772651792
0.217207863927
0.208485305309
0.210044682026
0.205538585782
0.208177134395
0.21458427608
0.205526322126
0.207106247544
0.209168404341
0.200256869197
0.209285363555
0.217759102583
0.207345709205
0.20278967917
0.208719670773
0.216560184956
0.204279124737
0.220246180892
0.206995069981
0.207249343395
0.205440461636
0.202503710985
0.207526087761
0.215799584985
0.206571996212
0.20274156332
0.204149797559
0.200038030744
0.205356881022
0.199646443129
0.206185460091
0.206445336342
0.213604405522
0.208305582404
0.206347644329
0.207305803895
0.203642964363
0.20718023181
0.211093664169
0.206538707018
0.203181490302
0.207990676165
0.206073746085
0.207081675529
0.207825109363
0.202176243067
0.201150327921
0.207106500864
0.20508928597
0.199765384197
0.206970110536
0.203902676702
0.203172713518
0.20679333806
0.204600185156
0.203934818506
0.204450130463
0.199706107378
0.203538283706
0.200200036168
0.203506469727
0.199660927057
0.204492077231
0.205393090844
0.204071566463
0.201475083828
0.202894106507
0.201373919845
0.205001294613
0.211536988616
0.209960848093
0.19715899229
0.198428288102
0.212537705898
0.205429181457
0.199120119214
0.220696568489
0.199293121696
0.210262969136
0.199824780226
0.210517704487
0.203759163618
0.210191905499
0.199849158525
0.205530673265
0.217225790024
0.206733375788
0.205868571997
0.199479818344
0.198777526617
0.198402702808
0.20747436583
0.196471348405
0.204625383019
0.197957083583
0.200061485171
0.204784706235
0.201250568032
0.20551802218
0.213275894523
0.197417780757
0.204299688339
0.20883320272
0.202697977424
0.204266175628
0.201948717237
0.199270963669
0.21464009583
0.195036128163
0.201530665159
0.196965828538
0.204622894526
0.201678097248
0.195215806365
0.203176990151
0.203314736485
0.207039028406
0.197836026549
0.223320558667
0.192760184407
0.199221163988
0.197059929371
0.202883154154
0.212232783437
0.20370927453
0.194527715445
0.205903440714
0.198287591338
0.193072274327
0.196612462401
0.208440750837
0.197088107467
0.204173520207
0.209654122591
0.234590217471
0.196044951677
0.196332648396
0.20070014894
0.197370544076
0.194236308336
0.217895805836
0.195762783289
0.196114808321
0.198513045907
0.196208000183
0.201314747334
0.198537841439
0.19344098866
0.206918224692
0.196448579431
0.196843221784
0.194633856416
0.195671081543
0.201684460044
0.194131165743
0.194778457284
0.199118733406
0.195664331317
0.200739830732
0.197244554758
0.19440241158
0.206478372216
0.19478662312
0.190211340785
0.193412810564
0.199973911047
0.203810840845
0.197818890214
0.19443154335
0.192515894771
0.193466991186
0.194063648582
0.204707145691
0.202706232667
0.191524535418
0.197883784771
0.197553753853
0.204815655947
0.193215861917
0.22307318449
0.192810729146
0.191805541515
0.193474769592
0.200732290745
0.203050792217
0.194167107344
0.201757237315
0.199066519737
0.200066238642
0.204401791096
0.19528131187
0.194929882884
0.199100583792
0.197802692652
0.197501242161
0.193729385734
0.190713092685
0.19940546155
0.193566918373
0.199380755424
0.194296196103
0.195743128657
0.193518891931
0.194741785526
0.196446418762
0.211877912283
0.19597324729
0.195659995079
0.212353557348
0.193622842431
0.194678634405
0.204187944531
0.200678884983
0.195323646069
0.197149530053
0.202699646354
0.198230236769
0.196229666471
0.193557351828
0.196674063802
0.194660723209
0.198192983866
0.194094419479
0.200784444809
0.192445591092
0.19712844491
0.201195582747
0.198276981711
0.2000195086
0.192596867681
0.195602998137
0.2001260221
0.208722010255
0.20934869349
0.208224117756
0.201960191131
0.197554662824
0.194787144661
0.2062574476
0.19161491096
0.191787272692
0.198806017637
0.196634694934
0.20080460608
0.193053945899
0.206700056791
0.197765976191
0.195314064622
0.19793882966
0.212782233953
0.190030857921
0.193949446082
0.20208029449
0.195440545678
0.191983118653
0.199032485485
0.191449910402
0.19971242547
0.200988158584
0.197163596749
0.194043204188
0.192129939795
0.197714284062
0.210402533412
0.192323565483
0.192787721753
0.196835696697
0.204494342208
0.195131257176
0.200951814651
0.194074422121
0.196102201939
0.195370331407
0.194146096706
0.194213613868
0.195991903543
0.193286761642
0.196638196707
0.193501248956
0.194542452693
0.193932056427
0.200666964054
0.203550070524
0.197858676314
0.198301509023
0.20015566051
0.191007778049
0.193475320935
0.200856357813
0.198983490467
0.227367609739
0.197543561459
0.193351089954
0.195862665772
0.191502049565
0.194853916764
0.194597825408
0.198058128357
0.193682178855
0.199207440019
0.204993322492
0.203471913934
0.204221829772
0.205786406994
0.193853408098
0.195031359792
0.198711335659
0.191214665771
0.19637350738
0.193635210395
0.194046646357
0.191949367523
0.195866316557
0.194481670856
0.191118597984
0.197969853878
0.19632768631
0.190193578601
0.19294770062
0.190881446004
0.212926730514
0.19825796783
0.194297626615
0.20380602777
0.195511490107
0.194219186902
0.194775089622
0.20053063333
0.209603279829
0.193079203367
0.197787061334
0.194236084819
0.206011980772
0.199096903205
0.194300040603
0.19236394763
0.205074772239
0.199847862124
0.199127823114
0.198336735368
0.194421455264
0.192694500089
0.194599121809
0.197218894958
0.192398801446
0.193766653538
0.198438435793
0.196983084083
0.193787947297
0.196966290474
0.201561942697
0.193672075868
0.197608694434
0.191461145878
0.198442190886
0.203979089856
0.203305795789
0.194211304188
0.192304477096
0.200569480658
0.195652469993
0.19093157351
