0.691681206226
0.690896093845
0.689569175243
0.69304484129
0.692038655281
0.693162441254
0.689734756947
0.691395819187
0.692376315594
0.690252244473
0.690457522869
0.691907763481
0.692237436771
0.692125022411
0.68848323822
0.690842926502
0.691166639328
0.690625727177
0.689177572727
0.691322684288
0.690829396248
0.691262066364
0.689041674137
0.692118287086
0.69120901823
0.690718352795
0.690323412418
0.690734982491
0.688992977142
0.69289290905
0.689191043377
0.688712239265
0.690225124359
0.691812038422
0.688353478909
0.691445112228
0.689539194107
0.690670251846
0.689102113247
0.691090703011
0.691120266914
0.691944420338
0.690686643124
0.68887001276
0.688766360283
0.689631521702
0.690265059471
0.689417004585
0.689860582352
0.689682364464
0.690072655678
0.688786864281
0.687556445599
0.691429555416
0.690185427666
0.689317643642
0.689651191235
0.689074933529
0.69029468298
0.689791023731
0.690998971462
0.688903093338
0.690827667713
0.689670264721
0.690040946007
0.688847243786
0.68961918354
0.687812149525
0.689395308495
0.689701855183
0.68905878067
0.690732419491
0.687460422516
0.690541803837
0.68897497654
0.688693583012
0.688085198402
0.688416719437
0.687261044979
0.686192274094
0.68926346302
0.689800262451
0.687558829784
0.689810454845
0.688203394413
0.688518941402
0.688731431961
0.688078045845
0.690044045448
0.689869046211
0.688907384872
0.689347147942
0.688474357128
0.687427639961
0.688645839691
0.689219415188
0.69015622139
0.688231170177
0.688899934292
0.687976658344
0.689198315144
0.68764591217
0.689078211784
0.690130889416
0.688390791416
0.688244044781
0.688117861748
0.687881529331
0.689816951752
0.689404726028
0.68748408556
0.688438892365
0.684863746166
0.68669372797
0.688274681568
0.687098443508
0.686553001404
0.687153756618
0.687663316727
0.690487623215
0.687494635582
0.686330080032
0.687866091728
0.688912570477
0.687088549137
0.687396705151
0.688192248344
0.686376929283
0.685927510262
0.690166652203
0.689363479614
0.690701961517
0.689268410206
0.687717497349
0.687379062176
0.687010705471
0.688996255398
0.685382723808
0.686004340649
0.687847912312
0.68657374382
0.685561478138
0.685666203499
0.687803924084
0.685537517071
0.686201751232
0.687176525593
0.684902131557
0.687891542912
0.687034189701
0.686761796474
0.684154033661
0.688209116459
0.687759995461
0.686857819557
0.685310482979
0.685866653919
0.688100457191
0.686231017113
0.687160432339
0.685212433338
0.687267303467
0.687697947025
0.688604593277
0.688400626183
0.686192214489
0.685645222664
0.686682224274
0.684780657291
0.687507152557
0.684990763664
0.686535656452
0.687174260616
0.684563755989
0.687998831272
0.686044692993
0.686888754368
0.688027560711
0.684559285641
0.682720482349
0.683872580528
0.687702178955
0.685757100582
0.68564260006
0.68419700861
0.683829307556
0.684530615807
0.684653282166
0.689536809921
0.68490755558
0.68280506134
0.68861335516
0.685435771942
0.683719098568
0.685772716999
0.685760200024
0.683950722218
0.688958287239
0.683770477772
0.689564347267
0.685779988766
0.684079110622
0.68802011013
0.685355067253
0.687262713909
0.684881269932
0.684633731842
0.684389233589
0.687027931213
0.686105728149
0.683241546154
0.680468082428
0.68364828825
0.684918224812
0.681713998318
0.68270367384
0.683345735073
0.681241393089
0.684242188931
0.684901535511
0.683237195015
0.689907491207
0.681853950024
0.683807253838
0.683752417564
0.687266111374
0.681413650513
0.683547914028
0.687544465065
0.686371147633
0.680193662643
0.685409843922
0.68333619833
0.684154808521
0.682838618755
0.684004127979
0.683310508728
0.683583319187
0.682010531425
0.684822916985
0.684889614582
0.685289204121
0.682739794254
0.680305361748
0.683219432831
0.683739840984
0.686935484409
0.683161735535
0.686372995377
0.684291362762
0.681762397289
0.680974066257
0.684738397598
0.684983313084
0.682490646839
0.683207452297
0.685886502266
0.679804801941
0.681689202785
0.681967914104
0.682694196701
0.683870851994
0.684145152569
0.680647373199
0.687517404556
0.683432400227
0.684358596802
0.683985769749
0.68313139677
0.682993650436
0.681712448597
0.685266017914
0.683468699455
0.686288058758
0.683044075966
0.68396115303
0.680530369282
0.684321582317
0.684087336063
0.683692574501
0.683561384678
0.680492699146
0.681305170059
0.679418742657
0.68468940258
0.683953166008
0.68008852005
0.681979596615
0.683006703854
0.683987081051
0.68319863081
0.67969083786
0.683014512062
0.679597556591
0.677871763706
0.685898542404
0.682530403137
0.678052663803
0.684446156025
0.679691791534
0.681471824646
0.680972516537
0.68349891901
0.676499128342
0.680008172989
0.678233206272
0.679703950882
0.683031857014
0.679119586945
0.681085526943
0.685607910156
0.678161740303
0.679571390152
0.680343925953
0.682453274727
0.678274452686
0.682366490364
0.679307162762
0.678183853626
0.67531889677
0.681022703648
0.679993510246
0.680366694927
0.684328079224
0.680618226528
0.6788828969
0.678175151348
0.680580973625
0.677580475807
0.685387790203
0.681792378426
0.677353799343
0.679323971272
0.6796194911
0.683668732643
0.678467214108
0.682487249374
0.680178463459
0.679532587528
0.682350993156
0.678976118565
0.678511679173
0.678890645504
0.679335713387
0.675209879875
0.682351887226
0.674053192139
0.67521750927
0.678531527519
0.677392601967
0.679707586765
0.676763474941
0.682612597942
0.677997350693
0.682526290417
0.682331502438
0.67845338583
0.675404191017
0.683060407639
0.680943787098
0.672738134861
0.676670849323
0.680916488171
0.680524110794
0.681718051434
0.677115619183
0.67518055439
0.677191436291
0.679348111153
0.674558222294
0.67860853672
0.686292767525
0.679035782814
0.67710852623
0.680204808712
0.678482115269
0.680394411087
0.678615391254
0.681581377983
0.677974879742
0.68298971653
0.676824510098
0.680284619331
0.678136765957
0.670664668083
0.674281179905
0.671024441719
0.679302155972
0.676893889904
0.679385006428
0.678075551987
0.683160722256
0.674627244473
0.676033258438
0.681175112724
0.675188302994
0.674076855183
0.671895086765
0.677225410938
0.675441265106
0.673101782799
0.680300652981
0.6743927598
0.681833088398
0.678430616856
0.678931832314
0.678566515446
0.67681646347
0.680817186832
0.675664901733
0.683570206165
0.677173912525
0.668511807919
0.681150257587
0.676284849644
0.671870112419
0.677711546421
0.671327888966
0.679664850235
0.673034667969
0.676733195782
0.675930738449
0.678918600082
0.67295384407
0.674325942993
0.68385964632
0.680241286755
0.678975105286
0.67461758852
0.675547897816
0.67587351799
0.676304459572
0.677620470524
0.677423894405
0.674734950066
0.671774804592
0.677898347378
0.676771759987
0.680394530296
0.674156069756
0.671034872532
0.676418423653
0.679653584957
0.671951055527
0.678656756878
0.682998895645
0.670127391815
0.669781029224
0.670007169247
0.673833787441
0.673533499241
0.676550149918
0.675380825996
0.670726060867
0.676614105701
0.674530625343
0.671231627464
0.673853158951
0.676376640797
0.671794891357
0.669398963451
0.674884259701
0.673985302448
0.675458967686
0.677565276623
0.668743014336
0.668834388256
0.670239567757
0.682622849941
0.675346553326
0.672370433807
0.67275851965
0.660365283489
0.669034957886
0.667197227478
0.669113457203
0.674632608891
0.67879652977
0.667599141598
0.676701664925
0.667914390564
0.678054869175
0.681037127972
0.668447494507
0.663365960121
0.671249330044
0.672999858856
0.669920742512
0.672635614872
0.667505204678
0.674756586552
0.676909804344
0.672215521336
0.671015918255
0.676551759243
0.668390214443
0.67010974884
0.673702418804
0.673940956593
0.669510006905
0.66744184494
0.663111925125
0.680182874203
0.683253824711
0.665711283684
0.671445667744
0.667994499207
0.677716672421
0.668415784836
0.668808817863
0.667287170887
0.678354263306
0.666707754135
0.679627478123
0.666544556618
0.670555830002
0.670061945915
0.668773889542
0.673140645027
0.669761002064
0.669417202473
0.671639561653
0.666457116604
0.666416287422
0.676886737347
0.677522063255
0.674809277058
0.677175104618
0.676832675934
0.671946287155
0.682049095631
0.671184718609
0.679724693298
0.672807335854
0.667763590813
0.679222285748
0.673292636871
0.680275082588
0.671933591366
0.676811993122
0.672150969505
0.671567201614
0.679080545902
0.667629241943
0.677550852299
0.671817541122
0.668607413769
0.672774016857
0.67190182209
0.676968514919
0.676524221897
0.681675374508
0.672017157078
0.676966607571
0.675548195839
0.672475814819
0.674743413925
0.663861513138
0.667388498783
0.676446676254
0.665868699551
0.673001348972
0.668822586536
0.666909575462
0.673983454704
0.667587161064
0.677630603313
0.668917536736
0.681591868401
0.672471344471
0.674286782742
0.665426850319
0.666996002197
0.675807595253
0.674471199512
0.664128899574
0.679156780243
0.664465308189
0.665020883083
0.67051076889
0.674099385738
0.670942485332
0.669782996178
0.677021622658
0.671504259109
0.67826128006
0.671012759209
0.668033957481
0.671288490295
0.67853718996
0.666328847408
0.671541452408
0.672159016132
0.674189805984
0.670382559299
0.674413383007
0.6683152318
0.672982573509
0.678853452206
0.672205805779
