0.693099915981
0.691349983215
0.690042197704
0.68826764822
0.687332391739
0.685851037502
0.684838294983
0.684919714928
0.686131536961
0.682602763176
0.683050096035
0.68124204874
0.682020366192
0.680565237999
0.682340919971
0.680070400238
0.677760779858
0.668366193771
0.670292556286
0.682112455368
0.677679121494
0.659108519554
0.656145215034
0.672990739346
0.666251718998
0.657043874264
0.656678080559
0.680266022682
0.640224397182
0.663489043713
0.660348296165
0.656040966511
0.642906844616
0.654898166656
0.644835233688
0.668391406536
0.666313886642
0.653648912907
0.645375311375
0.635038554668
0.644985735416
0.66092467308
0.631276071072
0.629647612572
0.646028935909
0.645577788353
0.672948896885
0.640846967697
0.658845722675
0.655538260937
0.642421364784
0.652441263199
0.661827027798
0.647794246674
0.626112043858
0.628333032131
0.667897462845
0.622625350952
0.651403069496
0.625687777996
0.620127916336
0.638379514217
0.611596524715
0.645541727543
0.63244664669
0.624745309353
0.610995948315
0.61355561018
0.632834017277
0.646781146526
0.610455751419
0.64902806282
0.598986685276
0.588210225105
0.627698659897
0.6277166605
0.635612666607
0.616588532925
0.592790126801
0.651664912701
0.606928884983
0.606898069382
0.636128723621
0.616734862328
0.615756094456
0.593258082867
0.625258862972
0.610341906548
0.632662594318
0.61040443182
0.614288985729
0.584879338741
0.591530680656
0.604504644871
0.590102672577
0.610175848007
0.608238577843
0.616007387638
0.602596700191
0.612197697163
0.579509913921
0.581337153912
0.60439312458
0.566378116608
0.577942430973
0.590856671333
0.586563527584
0.568737626076
0.593980312347
0.592007398605
0.605837583542
0.579979717731
0.561785817146
0.589793920517
0.609714329243
0.578384816647
0.575894653797
0.577237188816
0.561784923077
0.581142306328
0.56779140234
0.576721191406
0.5970312953
0.584239304066
0.596172332764
0.584868848324
0.571453988552
0.591463625431
0.6038184762
0.552707374096
0.582863688469
0.607837855816
0.566833555698
0.5861338377
0.617739260197
0.58723372221
0.601761221886
0.560881853104
0.574952483177
0.555895388126
0.599837005138
0.62453597784
0.571399748325
0.601685523987
0.587416172028
0.597288429737
0.561831355095
0.566652655602
0.583718061447
0.626193284988
0.530943036079
0.589824736118
0.584519028664
0.55805259943
0.545588850975
0.550009310246
0.575988411903
0.558919370174
0.553617179394
0.574160397053
0.56270891428
0.604467570782
0.611727654934
0.610174715519
0.596259653568
0.568456828594
0.603111028671
0.547996878624
0.62446975708
0.568563461304
0.574526011944
0.585952997208
0.567067444324
0.590423941612
0.57146281004
0.586211562157
0.541880190372
0.588641881943
0.586249768734
0.56390863657
0.570179998875
0.596235096455
0.573031365871
0.580854773521
0.563471436501
0.568154990673
0.577479422092
0.54284709692
0.577372074127
0.574719965458
0.592416107655
0.561424732208
0.555932939053
0.555601775646
0.608851373196
0.562310218811
0.550241470337
0.509615540504
0.550587832928
0.55811470747
