0.692435204983
0.691992044449
0.69210255146
0.692634701729
0.693524181843
0.690189123154
0.692386806011
0.689524590969
0.692769408226
0.690743207932
0.690680146217
0.691495716572
0.689717054367
0.687703132629
0.690316796303
0.690194427967
0.689421713352
0.689607024193
0.68840354681
0.690718650818
0.688161492348
0.689931750298
0.687132298946
0.689302444458
0.6887114048
0.688071370125
0.690872728825
0.690428674221
0.686747908592
0.689133048058
0.687289476395
0.687768876553
0.689933955669
0.686388850212
0.685827791691
0.686471641064
0.688394963741
0.685877203941
0.686593532562
0.687792956829
0.687016904354
0.68923163414
0.685801506042
0.683417320251
0.688034296036
0.686225950718
0.689236283302
0.687558948994
0.683562994003
0.689330935478
0.690522551537
0.690470337868
0.68454515934
0.686139643192
0.68629193306
0.68581110239
0.684034526348
0.686374723911
0.685840129852
0.686210751534
0.681311190128
0.68594878912
0.684227347374
0.68520629406
0.683062314987
0.686132371426
0.682617783546
0.682710826397
0.682900249958
0.682472288609
0.68440246582
0.688334524632
0.683790624142
0.683768212795
0.681944906712
0.680966258049
0.68255764246
0.684161067009
0.684463858604
0.683148026466
0.684183180332
0.678610622883
0.684950470924
0.684203982353
0.681116104126
0.687647998333
0.682113945484
0.685597479343
0.683034956455
0.68442428112
0.682057142258
0.682512700558
0.68664419651
0.682479500771
0.679371237755
0.682250738144
0.684847772121
0.687581419945
0.681632757187
0.684340894222
