0.689787328243
0.689653337002
0.691455721855
0.69185346365
0.689544260502
0.690153181553
0.689211130142
0.690758764744
0.690084397793
0.690804064274
0.688986003399
0.688774645329
0.69009500742
0.688947439194
0.688974022865
0.687467992306
0.688821256161
0.686699867249
0.688988983631
0.689822256565
0.684596836567
0.687823832035
0.687585651875
0.687873363495
0.688990354538
0.688780009747
0.687645614147
0.691189229488
0.68950343132
0.688081681728
0.690366506577
0.688934981823
0.685261368752
0.687193214893
0.687623560429
0.680757522583
0.6853749156
0.685202181339
0.686559736729
0.683656871319
0.685348451138
0.68767362833
0.686493337154
0.684452116489
0.687187969685
0.685185134411
0.685417830944
0.685366809368
0.682687819004
0.683590233326
0.68094086647
0.683616518974
0.685108602047
0.688001394272
0.683168530464
0.684740185738
0.682017028332
0.681610047817
0.67925876379
0.684981644154
0.685856819153
0.681743621826
0.682179093361
0.684320986271
0.680770337582
0.682077646255
0.679897487164
0.67890805006
0.679425060749
0.68535143137
0.680061876774
0.680437803268
0.680417001247
0.678881704807
0.683795511723
0.678428530693
0.68146520853
0.685334503651
0.676435649395
0.683150589466
0.681011080742
0.682187139988
0.675505399704
0.684450387955
0.678707003593
0.676801264286
0.678044140339
0.674922585487
0.672546029091
0.682770431042
0.674965441227
0.674336671829
0.674615502357
0.680104017258
0.68049287796
0.671149730682
0.67887377739
0.682536661625
0.684427380562
0.681096017361
0.678481221199
0.678245127201
0.670438945293
0.675271332264
0.678464412689
0.674103796482
0.68184286356
0.669664204121
0.667501032352
0.672481775284
0.675799429417
0.672609806061
0.677399933338
0.677015483379
0.675067126751
0.675756216049
0.675217270851
0.668865919113
0.678441405296
0.66669946909
0.668737471104
0.675204217434
0.670607805252
0.672264873981
0.672105431557
0.661894857883
0.669594049454
0.664525568485
0.678886890411
0.672645449638
0.662738025188
0.674998342991
0.667998969555
0.67058211565
0.674189150333
0.676067769527
0.66694188118
0.67292124033
0.671872913837
0.675152599812
0.671842873096
0.658218324184
0.664836287498
0.662461161613
0.660450994968
0.667389333248
0.671212077141
0.663047134876
0.666748046875
0.657779872417
0.662847816944
0.663076758385
0.67508739233
0.674088656902
0.664782881737
0.666674733162
0.660213291645
0.676354110241
0.656479239464
0.662611961365
0.65645557642
0.667277991772
0.668214201927
0.666768491268
0.663552939892
0.660831809044
0.657507300377
0.665491163731
0.658742308617
0.672891080379
0.667543292046
0.655375540257
0.665271818638
0.655672669411
0.656432449818
0.664719939232
0.66100871563
0.668594121933
0.664402484894
0.65424901247
0.659157037735
0.6571393013
0.653494477272
0.647874057293
0.652412772179
0.677307426929
0.65504193306
0.65146869421
0.665346324444
0.66091799736
0.650370240211
0.656354784966
0.661403894424
0.668329179287
0.655329942703
0.652110993862
0.665016591549
0.652063429356
0.653747558594
0.649829864502
0.667449831963
0.654973447323
0.650920569897
0.658033430576
0.656494677067
0.655313611031
0.649009764194
0.645781219006
0.648282289505
0.655098497868
0.659979045391
0.648289978504
0.657706201077
0.650646984577
0.660364210606
0.652142345905
0.64839476347
0.637475192547
0.655979156494
0.640207350254
0.661546826363
0.650961816311
0.654119551182
0.641928911209
0.629255890846
0.671112895012
0.639142155647
0.642245411873
0.646683990955
0.651852667332
0.652096033096
0.644942879677
0.646895051003
0.633375525475
0.659644603729
0.636377751827
0.64448004961
0.659737765789
0.657599747181
0.639077782631
0.63866353035
0.654969990253
0.65647226572
0.655578970909
0.64873957634
0.647126793861
0.63041895628
0.64550870657
0.636809587479
0.647463023663
0.632555246353
0.635896980762
0.642794251442
0.642724454403
0.64828401804
0.631518483162
0.636494278908
0.637416362762
0.634471178055
0.64475274086
0.647376298904
0.634760439396
0.647698223591
0.630381584167
0.613820016384
0.648351430893
0.637567222118
0.642030894756
0.636173844337
0.651134967804
0.631734728813
0.62826949358
0.630983531475
0.634429097176
0.655848443508
0.630056858063
0.642430126667
0.647988379002
0.627248167992
0.641892433167
0.626878082752
0.621509134769
0.633166074753
0.625388264656
0.613847970963
0.634429514408
0.622846186161
0.634954690933
0.63756608963
0.636067390442
0.629395246506
0.643998503685
0.634733021259
0.629604876041
0.616104602814
0.666949927807
0.664078116417
0.629864037037
0.62898516655
0.628751456738
0.629885613918
0.61071908474
0.629904985428
0.605384469032
0.639671206474
0.636926710606
0.631110370159
0.627046585083
0.625362217426
0.633965909481
0.628907561302
0.619729459286
0.620873332024
0.61522769928
0.636216104031
0.636553108692
0.624507248402
0.641883313656
0.618119299412
0.6574883461
0.632632911205
0.619199812412
0.626599669456
0.64748686552
0.599684536457
0.620424449444
0.631737709045
0.61839389801
0.615841627121
0.625760138035
0.64022308588
0.611567914486
0.625567495823
0.623776853085
0.617771267891
0.618925213814
0.615980505943
0.640278637409
0.60659044981
0.616539716721
0.620928883553
0.610098361969
0.625032067299
0.623085141182
0.614479482174
0.618714392185
0.610396921635
0.633507430553
0.608935117722
0.63382434845
0.624205112457
0.626644909382
0.612768054008
0.616027891636
0.594646275043
0.60247027874
0.610791265965
0.640587091446
0.613170742989
0.599966049194
0.611294209957
0.623503744602
0.598515748978
0.607317566872
0.638126075268
0.627099335194
0.637613356113
0.604365825653
0.620748877525
0.632089912891
0.633766412735
0.616989195347
0.603149712086
0.638745248318
0.601693928242
0.629974067211
0.614700853825
0.615426182747
0.621612250805
0.614268362522
0.605273544788
0.612607419491
0.618594825268
0.617610931396
0.628165185452
0.62249147892
0.610108613968
0.608466386795
0.61576551199
0.613212049007
0.613686144352
0.64184910059
0.601582705975
0.618309438229
0.621615171432
0.603633463383
0.628292024136
0.634878456593
0.589333057404
0.603660404682
0.649402916431
0.598169326782
0.613484144211
0.615782976151
0.622747957706
0.622164905071
0.598648309708
0.611737310886
0.602654516697
0.610138177872
0.599237382412
0.584913015366
0.6101526618
0.600357592106
0.589226126671
0.623225331306
0.612354457378
0.603528261185
0.625342071056
0.63098359108
0.591107547283
0.616108059883
0.614465296268
0.606659054756
0.609402477741
0.615672171116
0.606338083744
0.619549274445
0.606915354729
0.617830514908
0.594800531864
0.581832826138
0.592603564262
0.624339044094
0.59598338604
0.584696531296
0.604728341103
0.629710257053
0.621022343636
0.606596648693
0.607861697674
0.602104067802
0.623412132263
0.58379393816
0.605524837971
0.581692278385
0.591929614544
0.630325734615
0.610540866852
0.59748852253
0.633986592293
0.626647531986
0.626706898212
0.56848526001
0.585134029388
0.575200915337
0.599720478058
0.585496485233
0.574121117592
0.60871130228
0.597852885723
0.618254423141
0.588820159435
0.624688267708
0.601903557777
0.597110450268
0.636014401913
0.618810236454
0.60353064537
0.627910017967
0.616647958755
0.577999532223
0.576802492142
0.605741500854
0.609165608883
0.602087318897
0.602947950363
0.59482562542
0.602328836918
0.593594670296
0.610485613346
0.603143811226
0.579076170921
0.62334048748
0.618556261063
0.606580555439
0.58693921566
0.601906776428
0.605624556541
0.588791012764
0.576379716396
0.592804312706
0.613584280014
0.593690752983
0.613840401173
0.574169754982
0.602368354797
0.578771471977
0.611507177353
0.602308571339
0.659987747669
0.597629845142
0.634204864502
0.586152434349
0.598721027374
0.619225800037
0.584290802479
0.61049926281
0.62119525671
0.558061420918
0.572530567646
0.611211717129
0.575973629951
0.596063435078
0.592891097069
0.611286997795
0.58211171627
0.586621642113
0.59738856554
0.588764250278
0.60610294342
0.592459201813
0.595077097416
0.609829545021
0.5969363451
0.600945770741
0.610758066177
0.56465113163
0.609326601028
0.571405947208
0.600452363491
0.602783799171
0.618998348713
0.575832128525
0.59322053194
0.60499382019
0.610365688801
0.595302700996
0.587413012981
0.625684499741
0.592957079411
0.58191460371
0.620500504971
0.614717423916
0.588807880878
0.602272450924
0.598357200623
0.557955980301
0.581729471684
0.58049339056
0.603015184402
0.607251763344
0.594708681107
0.55684274435
0.59137648344
0.576910197735
0.584714949131
0.580733180046
0.566608607769
0.5672108531
0.620507776737
0.589758217335
0.57764840126
0.600510776043
0.620782077312
0.59302854538
0.571681082249
0.611647963524
0.619729399681
0.565451204777
0.595643818378
0.567198455334
0.572502017021
0.624666392803
0.612295925617
0.592602968216
0.597541749477
0.574791431427
0.605755805969
0.618761122227
0.577802419662
0.588516116142
0.627823412418
0.612010359764
0.576228380203
0.613465487957
0.617464363575
0.591647028923
0.588046014309
0.580291569233
0.58856511116
0.613231778145
0.589715898037
0.562386631966
0.57097452879
0.603138208389
0.578654289246
0.573408722878
0.588597118855
0.605529487133
0.610125660896
0.569880247116
0.55798214674
0.582436859608
0.548489511013
0.589435338974
0.588770806789
0.549472570419
0.617189049721
0.575911641121
0.610769331455
0.606989920139
0.594613671303
0.548046052456
0.583146631718
0.575153708458
0.594671607018
0.610541403294
0.580251693726
0.623193562031
0.588604271412
0.612127184868
0.562611937523
0.578007519245
0.591799676418
0.558524429798
0.610037982464
0.597605407238
0.574265956879
0.593538463116
0.576812565327
0.593201696873
0.588259577751
0.572248935699
0.612146139145
0.58130633831
0.617600679398
0.578446149826
0.575245678425
0.584963977337
0.579009652138
0.609771072865
0.580452442169
0.583574235439
0.551755309105
0.579842031002
0.577679276466
0.543721318245
0.597830116749
0.627668142319
0.590049803257
0.569452106953
0.622246801853
0.57825165987
0.548143982887
0.585822224617
0.590644955635
0.558169007301
0.572424411774
0.602637290955
0.610239744186
0.57320356369
0.605734884739
0.585767626762
0.608549237251
0.592266261578
0.599379956722
0.539010345936
0.597409546375
0.574631154537
0.586467444897
0.564695775509
0.593914747238
0.583275020123
0.593151569366
0.567135810852
0.600367248058
0.639896571636
0.575788259506
0.621502637863
0.602193117142
0.591527760029
0.557156145573
0.597807586193
0.575918674469
0.568071484566
0.544020354748
0.565579533577
0.597627937794
0.569137454033
0.589309215546
0.562079966068
0.581701755524
0.589786708355
0.540313839912
0.546893835068
0.576058387756
0.567153215408
0.584210515022
0.571671664715
0.610749125481
0.556544065475
0.585874021053
0.590085744858
0.55911231041
0.58805257082
0.553042173386
0.5701597929
0.53059053421
0.57111531496
0.578182220459
0.580313026905
0.576391994953
0.533601105213
0.582515776157
0.5988240242
0.549471259117
0.581678926945
0.532860159874
0.573064506054
0.573708057404
0.609396934509
0.531156301498
0.564411342144
0.548096954823
0.599798083305
0.556942999363
0.609006106853
0.590049564838
0.54850178957
0.543256044388
0.5920971632
0.568989813328
0.601680338383
0.590212166309
0.611588656902
0.595138728619
0.556643188
0.563555300236
0.603031814098
0.580855309963
0.562575638294
0.604323506355
0.578841030598
0.575907051563
0.561799347401
0.561103105545
0.633355438709
0.607585966587
0.545958518982
0.602178514004
0.597927987576
0.605914473534
0.578293740749
0.596796452999
0.588196516037
0.588996946812
0.582073450089
0.591297030449
0.604005098343
0.572726428509
0.556180715561
0.545212745667
0.569002985954
0.571577370167
0.556310534477
0.573016643524
0.56904321909
0.567275762558
0.586303710938
0.575572013855
0.592390358448
0.567943692207
0.610742092133
0.586405396461
0.563397884369
0.584262251854
0.561392903328
0.569011390209
0.569615721703
0.582316875458
0.56006538868
0.597639381886
0.573774337769
0.588095486164
0.546101033688
0.58612370491
0.551876664162
0.561223983765
0.625390529633
0.600804269314
0.559632301331
0.591443955898
0.590624988079
0.585525214672
0.576534450054
0.568914473057
0.574718356133
0.588306725025
0.6236358881
0.600251555443
0.556207954884
0.556362867355
0.551658391953
0.546100795269
0.568786740303
0.573089182377
0.58762550354
0.557699620724
0.572019994259
0.56567543745
0.580649077892
0.586347579956
0.551977217197
0.607761859894
0.636340677738
0.593638718128
0.563727557659
0.57964605093
0.574072897434
0.575712561607
0.566717922688
0.584346950054
0.588293969631
0.5676638484
0.558821201324
0.556513488293
0.518264174461
0.565495252609
0.592121601105
0.542324125767
0.575692653656
0.58517152071
0.566886365414
0.548904776573
0.573440432549
0.540921866894
0.555931925774
0.588341355324
0.55988484621
0.573418200016
0.58167552948
0.596238195896
0.562743484974
0.588072121143
0.5778028965
0.569266438484
0.589295744896
0.554305076599
0.575842261314
0.588210880756
0.587084472179
0.538855493069
0.571518063545
0.540790081024
0.536558449268
0.571535587311
0.583258867264
0.560930132866
0.601767957211
0.527591228485
0.565881252289
0.592172861099
0.54492610693
0.580384194851
0.551237940788
0.553835809231
0.571531295776
0.585216522217
0.570202350616
0.554419457912
0.551020979881
0.574433624744
0.590428590775
0.568320512772
0.567006230354
0.603933274746
0.582828938961
0.566487848759
0.586527705193
0.54339069128
0.57073789835
0.588645815849
0.59094452858
0.595989644527
0.57588738203
0.59013479948
0.614935398102
0.598426938057
0.568932652473
0.533617556095
0.584008216858
0.589817345142
0.594295144081
0.590855836868
0.572502493858
0.568576931953
0.586681783199
0.542650640011
0.571526706219
0.576389014721
0.569452643394
0.574138045311
0.579650044441
0.53460419178
0.600998163223
0.572468996048
0.57318854332
0.55516564846
0.572208404541
0.544462919235
0.570070981979
0.575334906578
0.561151444912
0.590855956078
0.564826667309
0.582303702831
0.568275213242
0.558974266052
0.574711561203
0.565186977386
0.554256618023
0.574541211128
0.535825192928
0.564567625523
0.584191083908
0.567636430264
0.536556720734
0.57924580574
0.548045456409
0.55840921402
0.590518653393
0.584910929203
0.556427419186
0.54733222723
0.553362965584
0.589445352554
0.58549207449
0.564174294472
0.570461213589
0.56337672472
0.574981570244
0.578474581242
0.549396038055
0.580483615398
0.537552773952
0.57166326046
0.575088262558
0.556763529778
0.565407752991
0.57624912262
0.545043706894
0.57062214613
0.556792259216
0.584588646889
0.562721610069
0.586245894432
0.570227503777
0.557494580746
0.573550283909
0.555395662785
0.548669040203
0.537564277649
0.592305481434
0.545136213303
0.580080449581
0.525133550167
0.575333178043
0.5724401474
0.596556305885
0.541558861732
0.556068778038
0.571783661842
0.590327501297
0.55270832777
0.616951048374
0.569027125835
0.565549969673
0.558940529823
0.583515882492
0.572126865387
0.577596366405
0.54113638401
0.568882167339
0.594945371151
0.614192128181
0.58340549469
0.582485198975
0.581972002983
0.593778729439
0.540190041065
0.58954501152
0.579260349274
0.548508048058
0.583143115044
0.531919062138
0.579277873039
0.591146111488
0.590925335884
0.562965452671
