0.693142473698
0.690075099468
0.687355816364
0.684338986874
0.680874466896
0.674709618092
0.66655921936
0.657877385616
0.646044015884
0.634148418903
0.620324850082
0.611104488373
0.590664207935
0.569109082222
0.552200615406
0.530180752277
0.501223325729
0.483982592821
0.456355124712
0.429333269596
0.41790291667
0.408839643002
0.379763990641
0.393240243196
0.349507242441
0.366100400686
0.396069049835
0.38844114542
0.357900172472
0.34064039588
0.353690803051
0.354260861874
0.309205055237
0.341103762388
0.317814677954
0.30392870307
0.338398933411
0.308855742216
0.279833078384
0.293079793453
0.303758233786
0.300267785788
0.242756053805
0.279149323702
0.254903614521
0.253919899464
0.217374444008
0.237475246191
0.209564909339
0.221862390637
0.209183633327
0.193481370807
0.205193012953
0.183764383197
0.19628405571
0.15321816504
0.182970076799
0.16984051466
0.159708723426
0.20204025507
0.176189854741
0.11443438381
0.216865792871
0.216596841812
0.130309298635
0.118888393044
0.13553352654
0.0891387760639
0.0878367647529
0.109799101949
0.102325446904
0.0629461705685
0.0798902958632
0.073971554637
0.0786793678999
0.0781594216824
0.0850963294506
0.109191171825
0.073190048337
0.102347515523
0.0599427111447
0.0803821831942
0.0912034958601
0.0418626368046
0.0709821805358
0.0832875296474
0.032899748534
0.0730703994632
0.056546844542
0.0345866419375
0.0935204401612
0.057815566659
0.129791229963
0.0575133934617
0.0353745222092
0.0463963262737
0.0503262318671
0.0951895937324
0.0294655133039
0.0287922229618
0.0599270686507
0.0200870279223
0.0976973176003
0.0378065668046
0.0719487667084
0.0364207960665
0.072151184082
0.0708559677005
0.0860088467598
0.0562123097479
0.0232684873044
0.0613535530865
0.0460544601083
0.0362285859883
0.0205006618053
0.0234377495944
0.0493598952889
0.0746834054589
0.0243773330003
0.035940296948
0.0446122325957
0.0699010416865
0.0760223194957
0.0686893612146
0.031253606081
0.0270587634295
0.034007627517
0.0423531606793
0.0784943029284
0.0122421830893
0.0320905596018
0.0274476278573
0.0457234084606
0.0473602749407
0.0624102763832
0.0291538555175
0.0156619083136
0.0663047581911
0.0411788187921
0.0533349066973
0.0358222201467
0.00836007669568
0.0602445006371
0.0667916536331
0.052467033267
0.0279777441174
0.0486810654402
0.0392661169171
0.0577398911119
0.0265624374151
0.0050061494112
0.0161337628961
0.0530919320881
0.0428009591997
0.0595303922892
0.0292732454836
0.0571986585855
0.0628440603614
0.0549065768719
0.0417628400028
0.0362779870629
0.129608854651
0.0448015257716
0.0391696095467
0.102697461843
0.0595542453229
0.0478924140334
0.0332005098462
0.0479429028928
0.0553909949958
0.0158402528614
0.0346581377089
0.0629946365952
0.0451058186591
0.0191850382835
0.0289208479226
0.0544135943055
0.0155643001199
0.0278946664184
0.0230356566608
0.0248868018389
0.0279080048203
0.0379204116762
0.0597877576947
0.00783029012382
0.0133094536141
0.0491276606917
0.0416886582971
0.021175198257
0.0329064540565
0.0672196298838
0.0442114137113
0.0210881046951
0.0138555942103
0.079073779285
0.00841879285872
0.0344863198698
0.0183824393898
0.021415092051
0.00886579696089
0.00820715166628
0.00960717629641
0.0260947346687
0.0415663421154
0.0177345592529
0.0174887310714
0.00637499988079
0.00383242755197
0.00693985074759
0.0182655211538
0.028572075069
0.00995634961873
0.0195089448243
0.00836234167218
0.0438461154699
0.00460654404014
0.0300686024129
0.0445896424353
0.0670181587338
0.0383812338114
0.0323978736997
0.0452306717634
0.105468563735
0.0497305691242
0.0187496487051
0.0292803701013
0.0368201471865
0.0172016993165
0.0511947274208
0.00647873897105
0.0229519959539
0.0158395785838
0.0293175373226
0.0159220602363
0.0121732782573
0.0279882643372
0.00928181502968
0.0616210177541
0.00600730441511
0.0682714134455
0.0615068636835
0.0624309107661
0.091174967587
0.039956189692
0.0570784546435
0.0662062168121
0.054711740464
0.0648408010602
0.0239465534687
0.030113382265
0.0763710737228
0.0582605302334
0.0657042264938
0.0615374855697
0.0144864497706
0.0173894576728
0.0367727987468
0.01575922966
0.0455971695483
0.0401601940393
0.0129408640787
0.0130319846794
0.017950611189
0.0470261499286
0.0215576421469
0.0662976205349
0.0231821741909
0.0322442501783
0.0687033832073
0.0419321767986
0.00537423975766
0.0289910174906
0.0613465085626
0.032464813441
0.0136952288449
0.00206038076431
0.0818258300424
0.037684801966
0.00551825854927
0.01176093705
0.0251091569662
0.0035971167963
0.0556818805635
0.0163300782442
0.00835284776986
0.00573673518375
0.00316564715467
0.0556460507214
0.022637328133
0.00767565518618
0.0170830134302
0.0134432772174
0.0528145208955
0.027771377936
0.00718079134822
0.00475748209283
0.0251634977758
0.0462212786078
0.0431742593646
0.0330561846495
0.0290331467986
0.0173830240965
0.00567190581933
0.0679550394416
0.020667495206
0.0306374039501
0.0481436923146
0.0279041752219
0.0538288988173
0.0144166098908
0.00341105810367
0.0390169732273
0.00724077923223
0.00622823508456
0.0367150381207
0.00936050433666
0.00428429758176
0.0105012943968
0.0172681584954
0.00783512555063
0.00724504422396
0.00479851942509
0.0255954489112
0.0286748241633
0.0465905927122
0.0466463938355
0.0342991538346
0.019814427942
0.00904998742044
0.0119258034974
0.0773795545101
0.0271609034389
0.0131322816014
0.0423956811428
0.0207016076893
0.00299541419372
0.0314764194191
0.0111229754984
0.00373780378141
0.0498559623957
0.0104276239872
0.0120827266946
0.0381545573473
0.120605021715
0.0368245542049
0.0164945460856
0.0910162106156
0.081066057086
0.0326894558966
0.0230726059526
0.0282300245017
0.0206049662083
0.00862831808627
0.00274942442775
0.00688180560246
0.0217521898448
0.00537101132795
0.0284230839461
0.00517457770184
0.0109424702823
0.00470977695659
0.0369046330452
0.0431971102953
0.0150408027694
0.00662956945598
0.00349542405456
0.00286828377284
0.0252078529447
0.0140801072121
0.039535459131
0.0528221577406
0.0133340265602
0.00756325479597
0.00716378632933
0.035208620131
0.00177078682464
0.0262397602201
0.0245228298008
0.0034345316235
0.0276861321181
0.00887791998684
0.00217108102515
0.0252907145768
0.0573193244636
0.05576390028
0.0175364650786
0.00548163196072
0.0177898425609
0.0503044947982
0.020454896614
0.0528338253498
0.0140225421637
0.0218906681985
0.0127140600234
0.00643529416993
0.00431443238631
0.00836847629398
0.00889367423952
0.00383382663131
0.00220700842328
0.0348191969097
0.0496087707579
0.0417584404349
0.00230976310559
0.0444375276566
0.0304052345455
0.0510787181556
0.0366009883583
0.00340767228045
0.0618561580777
0.0310335736722
0.0134063018486
0.0307613816112
0.0135566163808
0.00435213465244
0.00676671601832
0.0204939581454
0.00422291690484
0.0355927869678
0.0236417669803
0.0506976395845
0.0117784729227
0.0262136161327
0.0214071907103
0.00399291561916
0.0207575242966
0.0102312527597
0.00744024058804
0.0029489453882
0.0199261680245
0.0209051407874
0.0296759903431
0.00308907264844
0.00513283582404
0.00746860960498
0.00238458462991
0.0294955316931
0.0817583948374
0.00953816529363
0.0305413808674
0.0445167385042
0.0503573939204
0.0306495707482
0.0457117855549
0.0033181370236
0.00263359257951
0.00519643072039
0.031574036926
0.0280911196023
0.00363215990365
0.00883704423904
0.0193473957479
0.00399721413851
0.0221989881247
0.0333667509258
0.041096393019
0.0209309048951
0.0412659905851
0.0109186880291
0.017047829926
0.0596635974944
0.0294773466885
0.00786384008825
0.0200035795569
0.0221978202462
0.0135631049052
0.0170067008585
0.0314551144838
0.0195447020233
0.0206303242594
0.00603884737939
0.0499754287302
0.00977112818509
0.0124203143641
0.017003107816
0.0130542898551
0.0131087386981
0.00627362681553
0.0373840928078
0.023177979514
0.00870223063976
0.0278616324067
0.00308272778057
0.0297501571476
0.0570596456528
0.0579117834568
0.0344312489033
0.00511899823323
0.00414949236438
0.0094258626923
0.00820505153388
0.0304501075298
0.0495616532862
0.00398821430281
0.0106686931103
0.031386166811
0.0050790803507
0.0168960131705
0.012051621452
0.0241190325469
