0.843160331249
0.803283989429
0.843156456947
0.830430209637
0.868872523308
0.812754392624
0.832555174828
0.834719121456
0.823431611061
0.839166343212
0.836792647839
0.828470826149
0.807957351208
0.821586072445
0.817408263683
0.82696223259
0.812092900276
0.83355987072
0.826642870903
0.789734780788
0.818672120571
0.809445202351
0.811417579651
0.803228914738
0.789181768894
0.806816339493
0.796249032021
0.794966518879
0.79838091135
0.780615031719
0.784371137619
0.771139204502
0.777625024319
0.802610993385
0.774562716484
0.771628022194
0.75808686018
0.784001350403
0.780085504055
0.749372661114
0.77153635025
0.769208312035
0.759376049042
0.776170551777
0.754205465317
0.770347058773
0.773144245148
0.757856547832
0.776260137558
0.769147396088
0.774132847786
0.753749668598
0.761276125908
0.753284871578
0.754085063934
0.75128775835
0.752826869488
0.736067473888
0.760711669922
0.757842421532
0.738446593285
0.744866788387
0.742313742638
0.727405071259
0.750761210918
0.756649434566
0.749527573586
0.768005669117
0.733825743198
0.744745910168
0.738240599632
0.735405087471
0.739809811115
0.748306214809
0.735049366951
0.734590411186
0.747845232487
0.734938144684
0.741923332214
0.746206581593
0.726101636887
0.741226136684
0.741364657879
0.7286875844
0.726050198078
0.720392882824
0.737388193607
0.734125971794
0.744715869427
0.727197706699
0.739349365234
0.720383048058
0.730183660984
0.73898255825
0.725487112999
0.726027607918
0.742234110832
0.716474890709
0.72130459547
0.735475420952
0.718665599823
0.714045524597
0.720584869385
0.725975990295
0.72017210722
0.718807041645
0.736316084862
0.731693327427
0.718299388885
0.718279719353
0.725998818874
0.702198326588
0.720835745335
0.718302667141
0.709264993668
0.730733215809
0.712325751781
0.722828328609
0.729217648506
0.721108913422
0.717771947384
0.717481672764
0.727610230446
0.703602254391
0.704530000687
0.710175871849
0.72539037466
0.718116521835
0.710822105408
0.706583440304
0.715916275978
0.708895504475
0.69393491745
0.709059715271
0.71792447567
0.70743304491
0.708660244942
0.710562944412
0.721403539181
0.722659826279
0.720989108086
0.706160187721
0.708948194981
0.707959890366
0.700639247894
0.709513366222
0.719530820847
0.707973897457
0.715356230736
0.716209173203
0.70963460207
0.700748324394
0.707305908203
0.707077264786
0.699229896069
0.709101557732
0.699340105057
0.704453825951
0.714450895786
0.71012365818
0.705374538898
0.704150557518
0.708805799484
0.701303303242
0.700137615204
0.713700652122
0.703270375729
0.707127094269
0.702992081642
0.706912457943
0.698811590672
0.704980194569
0.705815672874
0.700890898705
0.692994177341
0.699788153172
0.709805905819
0.697704434395
0.706092178822
0.704477012157
0.706299126148
0.701699733734
0.707669138908
0.713235557079
0.709334015846
0.714565694332
0.701690375805
0.698805034161
0.702705323696
0.70880395174
0.706032335758
0.696994006634
0.708388328552
0.711354911327
0.694253325462
0.702099442482
0.70631980896
0.704004526138
0.710742712021
0.706684827805
