0.673052847385
0.676531016827
0.67385840416
0.668536603451
0.662818789482
0.686971664429
0.679699659348
0.66643768549
0.671840846539
0.677172720432
0.667632043362
0.670178890228
0.680342614651
0.670244038105
0.667989194393
0.666665136814
0.667374253273
0.660617053509
0.671000778675
0.666110217571
0.671999871731
0.658949375153
0.674818813801
0.665893614292
0.65784406662
0.670557081699
0.656016886234
0.661873340607
0.658798277378
0.665242910385
0.665482759476
0.660918176174
0.670242905617
0.673408091068
0.668423593044
0.651126980782
0.672441363335
0.657969772816
0.654057025909
0.660679161549
0.651448905468
0.666191935539
0.657137751579
0.649444699287
0.666901886463
0.664673149586
0.668244302273
0.660650849342
0.656285643578
0.662644267082
0.660004377365
0.664505302906
0.665025651455
0.655256986618
0.654320538044
0.654522120953
0.657472789288
0.654248058796
0.658140897751
0.648702383041
0.645664811134
0.66512131691
0.661181211472
0.650642573833
0.66060590744
0.649794638157
0.643959760666
0.637377560139
0.65207952261
0.64446157217
0.648270487785
0.649199843407
0.635015189648
0.652426123619
0.643484771252
0.659947812557
0.662203252316
0.648532748222
0.657794713974
0.642160236835
0.634170174599
0.640664756298
0.645748257637
0.635675430298
0.638240218163
0.646232545376
0.628668129444
0.642445027828
0.650514304638
0.648879170418
0.634776055813
0.642735719681
0.653466880322
0.635031223297
0.652537405491
0.646454274654
0.647675514221
0.64541888237
0.640476107597
0.64940059185
0.653020620346
0.637290596962
0.645837605
0.646048486233
0.646205544472
0.641296803951
0.637577831745
0.628550112247
0.630834460258
0.644746184349
0.634979128838
0.633831501007
0.643327057362
0.631053268909
0.638680577278
0.626315236092
0.618405520916
0.63085013628
0.630820453167
0.630583107471
0.6262114048
0.620261788368
0.632851600647
0.629652619362
0.618050575256
0.639504849911
0.627310574055
0.622109413147
0.638752162457
0.62517029047
0.628800749779
0.627832114697
0.641699373722
0.629741966724
0.628838837147
0.629544734955
0.616497933865
0.628939270973
0.629276096821
0.620960056782
0.622573137283
0.623606443405
0.640571534634
0.625663101673
0.636647820473
0.629111528397
0.61768758297
0.627890527248
0.624273955822
0.607813477516
0.637815594673
0.620833396912
0.61574113369
0.623157680035
0.619296133518
0.636170327663
0.627853631973
0.643737912178
0.62894743681
0.624053359032
0.616833746433
0.614067852497
0.623275637627
0.62619715929
0.619196891785
0.621011435986
0.620111823082
0.620023012161
0.618876993656
0.614281833172
0.617819905281
0.620575606823
0.625761687756
0.61541634798
0.621783018112
0.619047880173
0.610110044479
0.603795409203
0.612997710705
0.613156080246
0.61725217104
0.616472005844
0.609641671181
0.602552831173
0.606622040272
0.618344902992
0.610369443893
0.605149447918
0.60602658987
0.611951708794
0.624402403831
0.61287522316
0.619060337543
0.599115788937
0.613875508308
0.617446064949
0.608053505421
0.600095033646
0.619039177895
0.599857032299
0.598380327225
0.605624973774
0.600862801075
0.614854514599
0.621016144753
0.609652280807
0.610422551632
0.597590565681
0.611976861954
0.615697741508
0.593293190002
0.589113533497
0.604448318481
0.61227619648
0.603659629822
0.605555772781
0.590468406677
0.606481075287
0.589496135712
0.5945571661
0.60373044014
0.598433434963
0.590104699135
0.614561259747
0.60624819994
0.612371861935
0.608423888683
0.600896000862
0.610206484795
0.592862188816
0.612874448299
0.589371323586
0.612994372845
0.588903546333
0.595792293549
0.57898068428
0.59760004282
0.605069696903
0.598488986492
0.599976658821
0.593175470829
0.599441945553
0.591606557369
0.60064458847
0.598231911659
0.593636274338
0.589372992516
0.607572317123
0.585537195206
0.594346523285
0.600138247013
0.587105989456
0.581487476826
0.580968618393
0.60426402092
0.594547629356
0.600660085678
0.589270055294
0.591704905033
0.608966290951
0.59661012888
0.596648812294
0.585754275322
0.584575533867
0.600488364697
0.589647114277
0.598683953285
0.589329183102
0.575098872185
0.597939133644
0.588968336582
0.58015692234
0.585237562656
0.578357696533
0.592420995235
0.58152282238
0.57627081871
0.600745022297
0.573099255562
0.573510348797
0.591526925564
0.59352439642
0.586609482765
0.589373171329
0.587203204632
0.586205244064
0.577585339546
0.581481099129
0.590089440346
0.576096534729
0.594873070717
0.572050869465
0.569149017334
0.584455549717
0.58428645134
0.588521420956
0.588298082352
0.576491177082
0.563857376575
0.556051254272
0.587099373341
0.577216267586
0.568148314953
0.584097445011
0.592920601368
0.58120149374
0.588600814342
0.585014045238
0.585919857025
0.579060316086
0.563542366028
0.586899459362
0.580014169216
0.577643632889
0.580643773079
0.577011704445
0.573259353638
0.563619613647
0.570249259472
0.574917197227
0.589699268341
0.576696634293
0.571319639683
0.561396956444
0.579216182232
0.581633806229
0.578353047371
0.561013519764
0.573620080948
0.579670131207
0.580509066582
0.569916367531
0.585268855095
0.568235099316
0.580942571163
0.589374601841
0.571538984776
0.579149246216
0.583948194981
0.57338321209
0.563274979591
0.55323112011
0.565977990627
0.56977468729
0.574768424034
0.556630790234
0.562616825104
0.564090490341
0.583359003067
0.574584782124
0.579176306725
0.575798749924
0.567463934422
0.556914627552
0.553102791309
0.565549194813
0.567929923534
0.566935360432
0.553186237812
0.566050708294
0.545063018799
0.572421252728
0.537451446056
0.568946182728
0.56923532486
0.559721946716
0.556880295277
0.596964120865
0.561863005161
0.577275693417
0.568234503269
0.56736767292
0.570407867432
0.562648057938
0.558838367462
0.554269254208
0.548395454884
0.560923993587
0.570550858974
0.560726046562
0.561329305172
0.54008024931
0.555874764919
0.544828295708
0.545442581177
0.568931162357
0.544661521912
0.54133939743
0.566058158875
0.534526407719
0.560389399529
0.542333960533
0.572095870972
0.549264490604
0.572807788849
0.565008461475
0.546895444393
0.556138932705
0.561779916286
0.549663484097
0.561393141747
0.549270272255
0.561977267265
0.543336331844
0.536693394184
0.55047762394
0.550403058529
0.537239789963
0.543610155582
0.5329169631
0.54450160265
0.55050110817
0.558074295521
0.546863019466
0.565969765186
0.585098624229
0.56189250946
0.54365581274
0.561195909977
0.52153635025
0.570682823658
0.565011739731
0.544562876225
0.551642239094
0.557250022888
0.556475818157
0.547000706196
0.543064296246
0.53798353672
0.545573651791
0.53193718195
0.565218687057
0.543296873569
0.552097260952
0.532523453236
0.564949631691
0.565914213657
0.543671965599
0.556230723858
0.548291265965
0.547157108784
0.548856914043
0.555449426174
0.538898825645
0.541405498981
0.5118688941
0.521884799004
0.560250043869
0.562882661819
0.540032148361
0.542545616627
0.542990803719
0.517275631428
0.549777805805
0.530561923981
0.54049628973
0.53547090292
0.560389578342
0.548645973206
0.547443091869
0.536985874176
0.531774997711
0.536791443825
0.546687304974
0.5371286273
0.548367261887
0.546590566635
0.547801971436
0.557112693787
0.549658477306
0.525697112083
0.528628051281
0.537700235844
0.55407500267
0.544331669807
0.5216127038
0.525037825108
0.535560250282
0.542715191841
0.529089927673
0.53868919611
0.529229819775
0.532820820808
0.543251931667
0.529239058495
0.544469952583
0.530531108379
0.520352602005
0.52669942379
0.536440134048
0.553720891476
0.548990488052
0.52381426096
0.546466946602
0.530803263187
0.536543667316
0.537313759327
0.527696430683
0.514919877052
0.530483543873
0.5376278162
0.543651461601
0.527227699757
0.518907189369
0.532428026199
0.527600467205
0.543589472771
0.519028127193
0.532923638821
0.526599764824
0.53576529026
0.550142884254
0.527822315693
0.53711360693
0.549181222916
0.519647538662
0.525660216808
0.53585255146
0.530832827091
0.543455302715
0.50864136219
0.543722808361
0.526936471462
0.535096526146
0.531663000584
0.510437846184
0.534458220005
0.526239156723
0.529565513134
0.515011906624
0.534320175648
0.550868213177
0.539327085018
0.516222894192
0.554471433163
0.522544145584
0.53869831562
0.512202620506
0.519279122353
0.528633356094
0.540193140507
0.5185354352
0.53137665987
0.534461855888
0.528914213181
0.529954254627
0.518734872341
0.534992039204
0.527388393879
0.517671406269
0.523712396622
0.515892028809
0.525690972805
0.525054395199
0.526125788689
0.53684425354
0.521520555019
0.518694519997
0.56179612875
0.510589063168
0.524818360806
0.538551568985
0.52977347374
0.523191511631
0.534096300602
0.534020483494
0.529261827469
0.523954510689
0.543586194515
0.498957067728
0.533529341221
0.540265619755
0.532467901707
0.527638494968
0.496301710606
0.550308406353
0.504966199398
0.490948587656
0.5386505723
0.533965170383
0.523256003857
0.515256762505
0.52619934082
0.49265435338
0.517795741558
0.548178017139
0.533679902554
0.501762747765
0.511667728424
0.514186143875
0.518777966499
0.527801930904
0.504538238049
0.533118367195
0.511065721512
0.521640360355
0.555364906788
0.504146754742
0.512185275555
0.510425448418
0.495980113745
0.520858347416
0.515713334084
0.511665523052
0.508391916752
0.517135500908
0.505793988705
0.501246988773
0.510944545269
0.509981274605
0.515053927898
0.509267270565
0.497188925743
0.516554057598
0.494158834219
0.509511530399
0.524370789528
0.504397153854
0.512015044689
0.528488337994
0.504663825035
0.523871481419
0.494754433632
0.534887373447
0.523072242737
0.523495316505
0.506122469902
0.506313204765
0.522823691368
0.517497301102
0.516516506672
0.507230520248
0.535110592842
0.504943728447
0.53721922636
0.495969086885
0.480073660612
0.50288194418
0.512406527996
0.494252979755
0.502634167671
0.524293005466
0.542682468891
0.492532908916
0.510550558567
0.494782596827
0.503918468952
0.52269756794
0.506603658199
0.518609106541
0.526601493359
0.506193339825
0.522577643394
0.504617810249
0.489200949669
0.532130122185
0.491368174553
0.508294224739
0.500722646713
0.501586198807
0.52288210392
0.518231928349
0.494311034679
0.503078997135
0.519271612167
0.501464009285
0.485038399696
0.513937354088
0.489702612162
0.510241389275
0.491630524397
0.505191624165
0.496701836586
0.530103027821
0.498330056667
0.509491682053
0.482254773378
0.504821956158
0.507785558701
0.521283268929
0.493874400854
0.517930269241
0.506565988064
0.533761918545
0.511105120182
0.498143941164
0.516041517258
0.486896395683
0.50554561615
0.48957028985
0.504165291786
0.484852552414
0.484258055687
0.506521642208
0.505104720592
0.524295508862
0.517139852047
0.483609050512
0.497091889381
0.506765663624
0.500734269619
0.508143126965
0.497607797384
0.491549640894
0.500160336494
0.51693803072
0.489583015442
0.493474274874
0.508728861809
0.501043915749
0.488904953003
0.496131300926
0.479650735855
0.527257859707
0.51230686903
0.499670594931
0.505854070187
0.505425930023
0.485942482948
0.50354206562
0.485030323267
0.482737421989
0.499013364315
0.521955788136
0.494203776121
0.48628693819
0.486208766699
0.508338689804
0.495807111263
0.518580973148
0.49828773737
0.47194892168
0.514676392078
0.511840760708
0.46621710062
0.50350600481
0.500707626343
0.505331337452
0.516556084156
0.520361244678
0.485502630472
0.504141628742
0.490042239428
0.500002622604
0.515046179295
0.468923568726
0.499790012836
0.486968517303
0.5011947155
0.501789212227
0.46826171875
0.47681504488
0.494926452637
0.524918437004
0.509105086327
0.512382566929
0.49401691556
0.491221547127
0.484817862511
0.482863426208
0.505967438221
0.515647053719
0.457617223263
0.493479907513
0.468755930662
0.510175943375
0.497311919928
0.489725202322
0.485974341631
0.490231245756
0.478495836258
0.487200319767
0.498015493155
0.486323475838
0.495542794466
0.503015220165
0.498648494482
0.487251609564
0.495526582003
0.48936638236
0.474574238062
0.484067320824
0.492313325405
0.498891443014
0.478938579559
0.515692830086
0.495382100344
0.477585166693
0.506733477116
0.493608385324
0.48250490427
0.487645477057
0.489663571119
0.489630103111
0.486516714096
0.503725409508
0.498133480549
0.516299307346
0.476812452078
0.502570509911
0.469131499529
0.500474393368
0.487157136202
0.472770631313
0.520015597343
0.489994287491
0.480463564396
0.494777023792
0.491565287113
0.501965284348
0.469900548458
0.469918936491
0.473421424627
0.464485615492
0.502787649632
0.494246840477
0.491419315338
0.467836380005
0.490546733141
0.493978738785
0.480324566364
0.482732266188
0.498410284519
0.496900051832
0.48431918025
0.501417338848
0.48900577426
0.496998101473
0.490221947432
0.495610445738
0.4630163908
0.48288872838
0.469271034002
0.473038196564
0.498245179653
0.507992982864
0.481141000986
0.510829746723
0.477771192789
0.490380346775
0.480459421873
0.497340202332
0.469916075468
0.476783752441
0.474388480186
0.496396094561
0.484747827053
0.488379657269
0.479871720076
0.481977075338
0.47214692831
0.48584279418
0.493028998375
0.483773499727
0.490452080965
0.510913848877
0.484559625387
0.46460428834
0.452594399452
0.46766808629
0.454636096954
0.492221623659
0.472507417202
0.479721188545
0.487301081419
0.466145396233
0.482331931591
0.478895038366
0.486869037151
0.491375178099
0.480791419744
0.487935274839
0.498987048864
0.434933185577
0.477690547705
0.464483708143
0.505781114101
0.480424195528
0.486630916595
0.477965295315
0.47753661871
0.462561935186
0.490177333355
0.488548249006
0.467855066061
0.48004001379
0.494394630194
0.438038945198
0.503091573715
0.503077864647
0.480626106262
0.474451690912
0.467023938894
0.474772840738
0.472821861506
0.493305832148
0.485137492418
0.455755680799
0.503621220589
0.488677710295
0.507970273495
0.474591702223
0.490984588861
0.454342752695
0.487347006798
0.498076796532
0.485265851021
0.501448392868
0.503639936447
0.487407505512
0.468587368727
0.494552016258
0.458013296127
0.475435167551
0.472525626421
0.443421036005
0.489293664694
0.485160201788
0.457471549511
0.458776682615
0.486919760704
0.501505672932
0.494957029819
0.477347701788
0.45468762517
0.44395762682
0.476055562496
0.481335103512
0.460494726896
0.477315276861
0.483832836151
0.468877792358
0.465497195721
0.464109063148
0.443687915802
0.469271540642
0.472207427025
0.481486618519
0.465468734503
0.468832463026
0.459361165762
0.483370512724
0.475985914469
0.473319500685
0.494511961937
0.459505826235
0.468967705965
0.444140225649
0.451883614063
0.461171895266
0.476911187172
0.483904838562
0.484768718481
0.469895273447
0.474420458078
0.472249686718
0.457952469587
0.454497933388
0.500559151173
0.446147590876
0.46361386776
0.474126279354
0.469704896212
0.471403390169
0.445494234562
0.462669372559
0.465905159712
0.471725404263
0.453293740749
0.471849918365
0.453242152929
0.483959257603
0.441490739584
0.461254686117
0.467384129763
0.46690043807
0.489145070314
0.470450907946
0.463274300098
0.444962471724
0.455767184496
0.489510685205
0.481760531664
0.463533163071
0.443855464458
0.449787676334
0.464913785458
0.482100188732
0.488696187735
0.472677588463
0.465271919966
0.460223674774
0.489064127207
0.469382613897
0.469499230385
0.479722082615
0.470719754696
0.461065560579
0.461338162422
0.473124325275
