0.699339330196
0.694046616554
0.691676735878
0.690371096134
0.689815044403
0.689515471458
0.68699491024
0.684029042721
0.680403530598
0.678196847439
0.671189963818
0.66565233469
0.658141076565
0.656068503857
0.652488291264
0.645966827869
0.646661818027
0.646724700928
0.624784231186
0.610330164433
0.624503314495
0.615740478039
0.603279769421
0.606028079987
0.596385598183
0.60181760788
0.592514395714
0.57755023241
0.58298265934
0.578398823738
0.583856523037
0.570749104023
0.570431232452
0.553461313248
0.561303317547
0.55191975832
0.57157355547
0.563364446163
0.56494230032
0.55054962635
0.562649607658
0.551793396473
0.538553059101
0.538916170597
0.53344810009
0.549848139286
0.528167843819
0.541015207767
0.544642746449
0.579976439476
0.533917784691
0.545764744282
0.529742479324
0.535280168056
0.522159695625
0.509045362473
0.529362082481
0.551282167435
0.519090175629
0.541674971581
0.516220867634
0.516255915165
0.516262471676
0.498569875956
0.508781969547
0.53479808569
0.493990689516
0.511484384537
0.494938462973
0.494050085545
0.523388326168
0.525788068771
0.4985062778
0.500071585178
0.507576644421
0.513234734535
0.521962702274
0.502666473389
0.507840573788
0.538758516312
0.490425676107
0.495718747377
0.493846267462
0.497639775276
0.498496681452
0.479075729847
0.500532507896
0.495815306902
0.504449784756
0.506646037102
0.473237752914
0.516657590866
0.496943622828
0.522604644299
0.48418661952
0.485027700663
0.500025033951
0.500633656979
0.510989546776
0.46420815587
0.482925534248
0.515516042709
0.473921477795
0.484781205654
0.474860936403
0.500282526016
0.476512849331
0.472771555185
0.466725379229
0.491308778524
0.475305408239
0.4775390625
0.498373895884
0.439871668816
0.505968868732
0.455932110548
0.465731501579
0.459899306297
0.46967869997
0.523096203804
0.48167270422
0.478366017342
0.470323354006
0.448572516441
0.483759373426
0.493564873934
0.462789624929
0.503516435623
0.477076649666
0.462770044804
0.454618871212
0.514653563499
0.480682313442
0.454054296017
0.446730822325
0.48184800148
0.456004709005
0.477053672075
0.469987750053
0.471210062504
0.426084220409
0.431093841791
0.410718590021
0.45697504282
0.440318405628
0.485830724239
0.466229259968
0.469365119934
0.459221094847
0.469572424889
0.469462513924
0.43563875556
0.441208779812
0.418832182884
0.508428275585
0.419810622931
0.445689797401
0.458559542894
0.42764750123
0.447840332985
0.456243127584
0.450393170118
0.439826756716
0.44249483943
0.41623672843
0.446814000607
0.474919468164
0.449616491795
0.431422621012
0.409288018942
0.43735486269
0.415417939425
0.482394486666
0.439478576183
0.449784040451
0.44235765934
0.43264696002
0.413940727711
0.443578094244
0.456911116838
0.44836217165
0.436689347029
0.448632597923
0.446143060923
0.412646144629
0.419419080019
0.419074296951
0.426079660654
0.423111617565
0.442357957363
0.428990274668
0.406996577978
0.474400520325
0.46611097455
0.432142913342
0.401262313128
0.402454435825
0.420288741589
0.433133453131
0.406814604998
0.447712659836
0.386765867472
0.427541673183
0.456011503935
0.441565752029
0.449410557747
0.395489275455
0.433368653059
0.45928478241
0.408558994532
0.453787595034
0.45992565155
0.414860278368
0.419939279556
0.424092143774
0.465463131666
0.466117590666
0.43054369092
0.404508799314
0.486475944519
0.439586728811
0.449297338724
0.436382681131
0.48974609375
0.422956854105
0.460559606552
0.446677595377
0.462411791086
0.3973274827
0.434048235416
0.397661983967
0.434124559164
0.412381917238
0.417396605015
0.427999258041
0.425651073456
0.453023016453
0.430018723011
0.432734340429
0.432355940342
0.413877993822
0.446971684694
0.461668282747
0.445666342974
0.415989011526
0.445401906967
0.435520648956
0.432133048773
0.397949576378
0.412707060575
0.431340128183
0.406367748976
0.421476453543
0.41038787365
0.418222516775
0.444601863623
0.393852651119
0.425495505333
0.449439108372
0.450188755989
0.42731359601
0.432123094797
0.444904088974
0.400480628014
0.456141114235
0.457844734192
0.397339940071
0.440551012754
0.455231308937
0.39738997817
0.395062118769
0.403875291348
0.433014512062
0.431260198355
0.421981066465
0.463353663683
0.478417366743
0.426492720842
0.419752389193
0.435454070568
0.430966049433
0.406433999538
0.473510026932
0.405929923058
0.440193504095
0.415488243103
0.481764853001
0.422151297331
0.375425994396
0.409794956446
0.42303198576
0.414019852877
0.425240635872
0.433409869671
0.43183490634
0.428945481777
0.464507490396
0.441700905561
0.471424967051
0.40122449398
0.394426137209
0.423761963844
0.44739818573
0.408857733011
0.423348993063
0.421836137772
0.460271477699
0.393954277039
0.415907293558
0.436588644981
0.438793063164
0.448420703411
0.445020645857
0.426248282194
0.394657850266
0.432035416365
0.438086748123
0.441978663206
0.414404898882
0.401087462902
0.394746512175
0.417660742998
0.445778608322
0.468651682138
0.416479557753
0.42656815052
0.419441014528
0.399161964655
0.445314109325
0.421435683966
0.35530975461
0.47310012579
0.405000776052
0.445293456316
0.447541624308
0.424749791622
0.443284422159
0.417341887951
0.425565540791
0.431561291218
0.405201226473
0.413279175758
0.397498011589
0.415954917669
0.414444983006
0.424806773663
0.415553033352
0.44265717268
0.41982614994
0.427410900593
0.412676244974
0.402256250381
0.420079380274
0.421449512243
0.446829408407
0.407328903675
0.401696771383
0.404408186674
0.409795999527
0.427453696728
0.450808852911
0.429507374763
0.435097813606
0.4239975214
0.423853725195
0.413110524416
0.465060561895
0.406125545502
0.415009766817
0.422433257103
0.434521049261
0.407244563103
0.43106558919
0.435528069735
0.41230148077
0.458246082067
0.420366823673
0.416718900204
0.45614439249
0.439239144325
0.419284462929
0.438455313444
0.394441187382
0.39962553978
0.477781355381
0.422425270081
0.468299746513
0.41728118062
0.438705742359
0.452395826578
0.4292139709
0.443127512932
0.415460139513
0.428559392691
0.465824842453
0.380847543478
0.380582630634
0.411552280188
0.430563658476
0.407807797194
0.427345424891
0.360649138689
0.44817712903
0.407769113779
0.434389591217
0.409335136414
0.409071564674
0.518233835697
0.395201295614
0.438354641199
0.406951606274
0.409942269325
0.418794214725
0.428850263357
0.500407457352
0.407213300467
0.432660371065
0.413988649845
0.392974793911
0.392273545265
0.38890004158
0.405247092247
0.447539925575
0.412668287754
0.409383386374
0.411757677794
0.4199860394
0.39529940486
0.470200240612
0.411579936743
0.466230899096
0.449216157198
0.40001681447
0.395385563374
0.405481338501
0.417504012585
0.434720754623
0.425093829632
0.443371444941
0.390287935734
0.386855185032
0.407952070236
0.409566402435
0.426556020975
0.408016175032
0.399209290743
0.432057589293
0.425416141748
0.413067251444
0.462687432766
0.424233704805
0.411562204361
0.39411008358
0.419531702995
0.430182188749
0.470926642418
0.41325289011
0.386106163263
0.45053717494
0.437335640192
0.373934030533
0.418788790703
0.434235572815
0.406104534864
0.399893313646
0.403846949339
0.39588406682
0.374003887177
0.401075184345
0.42197945714
0.408710151911
0.386135816574
0.447269707918
0.418132424355
0.427865982056
0.426939219236
0.41780140996
0.430783599615
0.401107013226
0.406365990639
0.440576910973
0.405096441507
0.453130096197
0.468979179859
0.448103517294
0.408459246159
0.459939718246
0.419522166252
0.419918000698
0.441813409328
0.447154223919
0.385157078505
0.428849518299
0.444759786129
0.412861436605
0.404644876719
0.383263707161
0.434837788343
0.437700778246
0.410909324884
