0.56097561121
0.56097561121
0.56097561121
0.56097561121
0.56097561121
0.56097561121
0.56097561121
0.56097561121
0.56097561121
0.56097561121
0.56097561121
0.56097561121
0.56097561121
0.56097561121
0.56097561121
0.56097561121
0.56097561121
0.56097561121
0.56097561121
0.56097561121
0.56097561121
0.56097561121
0.56097561121
0.56097561121
0.56097561121
0.56097561121
0.56097561121
0.56097561121
0.629268288612
0.663414657116
0.658536612988
0.648780465126
0.668292701244
0.7121950984
0.72682929039
0.668292701244
0.72682929039
0.731707334518
0.72682929039
0.702439010143
0.795121967793
0.731707334518
0.741463422775
0.72682929039
0.751219511032
0.72682929039
0.731707334518
0.751219511032
0.756097555161
0.756097555161
0.770731687546
0.775609731674
0.756097555161
0.765853643417
0.775609731674
0.751219511032
0.800000011921
0.775609731674
0.751219511032
0.790243923664
0.765853643417
0.756097555161
0.83414632082
0.780487775803
0.800000011921
0.780487775803
0.760975599289
0.760975599289
0.790243923664
0.775609731674
0.751219511032
0.756097555161
0.814634144306
0.809756100178
0.760975599289
0.824390232563
0.795121967793
0.780487775803
0.800000011921
0.775609731674
0.819512188435
0.800000011921
0.809756100178
0.819512188435
0.770731687546
0.770731687546
0.804878056049
0.780487775803
0.780487775803
0.800000011921
0.83414632082
0.780487775803
0.795121967793
0.83414632082
0.809756100178
0.795121967793
0.814634144306
0.795121967793
0.824390232563
0.824390232563
