0.694985210896
0.679240763187
0.676268339157
0.664730906487
0.653799057007
0.635329782963
0.641283273697
0.632010698318
0.631788671017
0.638340592384
0.626800179482
0.636505723
0.623840987682
0.618144869804
0.607009470463
0.602143883705
0.610665977001
0.624422669411
0.585693120956
0.597150325775
0.598843574524
0.611429035664
0.582381844521
0.591746389866
0.582025766373
0.56976377964
0.581958770752
0.592536985874
0.581804692745
0.588592469692
0.577512264252
0.548206269741
0.562704324722
0.551941454411
0.580322742462
0.566585242748
0.571970641613
0.56187582016
0.566018760204
0.565068662167
0.574560284615
0.551582872868
0.550188302994
0.529768168926
0.555374085903
0.57994800806
0.563154101372
0.539179861546
0.556821882725
0.523542284966
0.522102117538
0.546867191792
0.517531037331
0.520741820335
0.523469090462
0.520885229111
0.501294255257
0.522141933441
0.541388690472
0.527328073978
0.567703485489
0.488030433655
0.539375782013
0.540435135365
0.528933703899
0.535744667053
0.502242863178
0.54735738039
0.498274207115
0.524934053421
0.526464700699
0.553080976009
0.551272511482
0.521483421326
0.541039526463
0.523872852325
0.507322788239
0.560172617435
0.508506059647
0.47740188241
0.485605239868
0.457154691219
0.434793025255
0.524231374264
0.497856169939
0.4657779634
0.469523876905
0.461094915867
0.489713072777
0.483350425959
0.508760929108
0.470794558525
0.459783494473
0.473031908274
0.495600998402
0.421719670296
0.443548947573
0.440548419952
0.53216189146
0.481008082628
0.44111096859
0.458619624376
0.458765625954
0.43778398633
0.429147869349
0.474641442299
0.446759700775
0.396423637867
0.427331835032
0.426139086485
0.383158862591
0.395007908344
0.409491598606
0.421920120716
0.446099251509
0.437096208334
0.450344800949
0.446805715561
0.421190649271
0.456463396549
0.409308671951
0.420376062393
0.380638301373
0.397966861725
0.386827379465
0.434438377619
0.408627718687
0.419853270054
0.408178031445
0.412804543972
0.394752502441
0.397413522005
0.381676137447
0.338386952877
0.443383723497
0.429962903261
0.488104015589
0.419073700905
0.383141726255
0.391890287399
0.402923703194
0.392699331045
0.397901147604
0.413053065538
0.437661081553
0.4269759655
0.356205552816
0.416186928749
0.37486487627
0.378690689802
0.377629429102
0.36979213357
0.424388676882
0.351056903601
0.411687254906
0.410139977932
0.392099529505
0.373376399279
0.411077260971
0.416825890541
0.420266062021
0.387630879879
0.41491985321
0.428954929113
0.404077112675
0.369574010372
0.403132468462
0.463516443968
0.396085560322
0.431677013636
0.403066337109
0.412738263607
0.401605010033
0.331741482019
0.421147525311
0.381863057613
0.383026331663
0.378966987133
0.366257816553
0.368594497442
0.381769061089
0.363499045372
0.423832952976
0.413979500532
0.365748554468
0.485336005688
0.417177051306
0.392100661993
0.373863816261
0.357891350985
0.40365332365
0.41739860177
0.374866604805
0.394770652056
0.381089955568
0.369030058384
0.365728020668
0.35331055522
0.388430982828
0.431729435921
0.436981350183
0.432336866856
0.369481414557
0.377604573965
0.395652353764
0.291063398123
0.370073705912
0.351536214352
0.393979102373
0.33345296979
0.32152530551
0.328203678131
0.333622246981
0.40760371089
0.408906579018
0.413914889097
0.357209742069
0.353594362736
0.379314303398
0.394117772579
0.402026057243
0.392649680376
0.376366376877
0.412373900414
0.375386983156
0.384978294373
0.328059971333
0.340380996466
0.380992174149
0.376753985882
0.361115098
0.372796326876
0.305716812611
0.288364470005
0.394083350897
0.358072757721
0.399283051491
0.336508601904
0.281743496656
0.426979333162
0.364756882191
0.363489031792
0.421185463667
0.30823123455
0.319191545248
0.396222323179
0.309066802263
0.284510314465
0.42300850153
0.380829364061
0.316416472197
0.369430750608
0.382723629475
0.386680543423
0.402648568153
0.344913750887
0.347122132778
0.389828830957
0.376941710711
0.393867373466
0.312857180834
0.358810782433
0.336808413267
0.33729916811
0.370106250048
0.304346293211
0.366320103407
0.335213333368
0.363049924374
0.388602435589
0.37822958827
0.43120983243
0.322278797626
0.353688716888
0.409781187773
0.277325838804
0.327951282263
0.340557515621
0.315912753344
0.367714852095
0.416949868202
0.314754426479
0.363018959761
0.356668412685
0.396004647017
0.331934630871
0.390383303165
0.349096000195
0.361616134644
0.354613602161
0.3819642663
0.349229156971
0.34372895956
0.329144150019
0.359345972538
0.326831579208
0.377584755421
0.318523198366
0.429644078016
0.316224932671
