0.935397207737
0.871651113033
0.874001860619
0.81992483139
0.77288633585
0.755577325821
0.696974396706
0.683254957199
0.672594368458
0.610014021397
0.590379178524
0.562986016273
0.555316209793
0.541789472103
0.514210164547
0.507343173027
0.4897108078
0.46655228734
0.463816434145
0.43420574069
0.434080690145
0.418760508299
0.402912825346
0.410877645016
0.410028636456
0.381131023169
0.368458122015
0.375549048185
0.368530482054
0.353948295116
0.33625164628
0.349336177111
0.317948788404
0.339573919773
0.319535970688
0.303306460381
0.301573216915
0.30081525445
0.286606401205
0.28121599555
0.262671500444
0.277491748333
0.258338063955
0.255638688803
0.253508418798
0.245827496052
0.235943064094
0.233155190945
0.24534496665
0.242349609733
0.219335049391
0.215057820082
0.201783269644
0.203861176968
0.203219175339
0.205512419343
0.189173772931
0.193409815431
0.197280660272
0.192505165935
0.179512694478
0.179102659225
0.184285253286
0.180066302419
0.16900023818
0.162588655949
0.173826396465
0.162153527141
0.150659367442
0.150677829981
0.162968814373
0.15900824964
0.157658800483
0.153700053692
0.137083083391
0.136511653662
0.143312633038
0.140420004725
0.124715678394
0.13995090127
0.123979955912
0.13464383781
0.131727293134
0.121055841446
0.115934371948
0.128824144602
0.115692891181
0.107204735279
0.124313704669
0.123983807862
0.109891057014
0.110774368048
0.10008572787
0.109590232372
0.0967642441392
0.10486137867
0.1062079072
0.0867558792233
0.0841999948025
0.0920132622123
0.091570302844
0.0922166109085
0.0950265079737
0.0913648456335
0.0927100852132
0.0874430760741
0.075278006494
0.0852430984378
0.0864220708609
0.0831591784954
0.0792596936226
0.0854016467929
0.0832850858569
0.0819555297494
0.0743848457932
0.0755809620023
0.063069626689
0.071108572185
0.0737295150757
0.0680755823851
0.0676122456789
0.0667048767209
0.0675081312656
0.0723291859031
0.0698365718126
0.0711128488183
0.0707427635789
0.0594869293272
0.0640722960234
0.0659630447626
0.0607556663454
0.0600990541279
0.0617003925145
0.0586990118027
0.0554356500506
0.0621622242033
0.0604973733425
0.0571713000536
0.0590434968472
0.0510449148715
0.0555861629546
0.0532901920378
0.0619441941381
0.0505713224411
0.0511134415865
0.046452075243
0.049138199538
0.0455468371511
0.0473366007209
0.0467991866171
0.0522792041302
0.0445108003914
0.0481108874083
0.044513437897
0.051622543484
0.0472419224679
0.0427595600486
0.0444048717618
0.0432890914381
0.0447564013302
0.041886664927
0.0441302806139
0.047036267817
0.0428394563496
0.0435033291578
0.041507396847
0.0433672405779
0.0386934578419
0.0448057092726
0.0370589829981
0.0423803254962
0.0407990850508
0.038841150701
0.0356196239591
0.0410372167826
0.0337433591485
0.0420930311084
0.0392338857055
0.0391500145197
0.0357285328209
0.0371274165809
0.033044539392
0.0388251245022
0.0352080613375
0.0390594638884
0.0326270014048
0.0342288538814
0.0347931645811
0.0347252972424
0.0329607762396
0.0288898348808
0.0299780294299
0.032944496721
0.0309780780226
0.0338726267219
0.0341134443879
0.0312875509262
0.0336700938642
0.0283223055303
0.0314019694924
