0.693884134293
0.692793548107
0.691243767738
0.689384937286
0.687005519867
0.684564113617
0.685441672802
0.680431187153
0.681258738041
0.681349396706
0.675851821899
0.673815786839
0.67140263319
0.668582499027
0.667022824287
0.663595676422
0.659351706505
0.652674257755
0.651594519615
0.64879912138
0.641993105412
0.637212455273
0.633694708347
0.629122018814
0.63172519207
0.62419039011
0.626329660416
0.611732006073
0.612997412682
0.599095523357
0.596225857735
0.574053704739
0.572141110897
0.565080285072
0.56707650423
0.580088078976
0.546014308929
0.525245130062
0.520305454731
0.512812077999
0.521465182304
0.494746148586
0.498433321714
0.488731056452
0.470807939768
0.454504162073
0.449632048607
0.432729572058
0.44050359726
0.432648956776
0.44126611948
0.418476343155
0.389830976725
0.414063245058
0.429063051939
0.3748267591
0.370843082666
0.385597109795
0.374346226454
0.413704961538
0.401522159576
0.363636374474
0.390762925148
0.375192940235
0.327095359564
0.365847975016
0.368490457535
0.354767888784
0.347512096167
0.315538495779
0.317245692015
0.343911081553
0.334457397461
0.292343914509
0.335236549377
0.300041675568
0.285152196884
0.287753432989
0.348299413919
0.327511966228
0.263643234968
0.295657128096
0.270622700453
0.286307036877
0.317115604877
0.268276542425
0.286354392767
0.281467497349
0.298917114735
0.331962645054
0.26852491498
0.261073738337
0.281299322844
0.286867290735
0.296782523394
0.279707163572
0.301199585199
0.295115321875
0.291593790054
0.282980978489
