0.692616760731
0.692685604095
0.691620409489
0.690876960754
0.691773116589
0.691319227219
0.690342843533
0.69005459547
0.688769102097
0.688950240612
0.686695456505
0.686930537224
0.687609136105
0.685219824314
0.686855614185
0.685810685158
0.684938371181
0.685182094574
0.685269892216
0.684406101704
0.68166834116
0.682935595512
0.682506144047
0.680328607559
0.681078493595
0.679737091064
0.679332911968
0.680412471294
0.678698122501
0.677238821983
0.677689552307
0.676183640957
0.674589455128
0.676271259785
0.674352526665
0.67623591423
0.672890365124
0.672652244568
0.672036170959
0.674371421337
0.670378029346
0.669809997082
0.669005692005
0.668226540089
0.667922317982
0.667271971703
0.661702215672
0.664191782475
0.663801848888
0.663991689682
0.662647128105
0.662107288837
0.658762991428
0.660742580891
0.657411754131
0.658164799213
0.655457437038
0.653762161732
0.653263688087
0.653498411179
0.654846727848
0.651285886765
0.646678447723
0.649209737778
0.645055711269
0.647569835186
0.643904387951
0.64442139864
0.637497544289
0.635020017624
0.638359487057
0.638363778591
0.634872972965
0.633160114288
0.632780849934
0.624538898468
0.625841736794
0.626243412495
0.62117677927
0.623555362225
0.622982680798
0.619017839432
0.615648567677
0.618458211422
0.611765146255
0.617860496044
0.613201797009
0.612271904945
0.605559706688
0.609673857689
0.604844272137
0.606722176075
0.589616417885
0.598601043224
0.589447975159
0.5964448452
0.587625205517
0.587726294994
0.583943784237
0.578588545322
0.57713341713
0.584550201893
0.556523740292
0.578570723534
0.566600203514
0.56778550148
0.571723818779
0.572713553905
0.562073767185
0.560140967369
0.558868169785
0.555849671364
0.557833909988
0.554935336113
0.547271251678
0.543733298779
0.551123678684
0.551980257034
0.53362339735
0.538432955742
0.54169178009
0.532633244991
0.533105373383
0.529817998409
0.520668387413
0.527730941772
0.519065797329
0.516054391861
0.505431890488
0.517591416836
0.512584745884
0.502081513405
0.513187110424
0.512500941753
0.498445272446
0.498294711113
0.496511429548
0.492026925087
0.497428923845
0.482539892197
0.476758301258
0.488217681646
0.472925424576
0.481056034565
0.459220468998
0.479036867619
0.454340040684
0.468564659357
0.453303426504
0.474364280701
0.448071092367
0.462399929762
0.467308372259
0.448838740587
0.436510115862
0.456776022911
0.449049979448
0.436896204948
0.432033360004
0.457319319248
0.428934335709
0.449453800917
0.444186300039
0.432990670204
0.436744272709
0.439571201801
0.434296101332
0.420952051878
0.419620037079
0.402703136206
0.401663035154
0.421513676643
0.429039925337
0.423157691956
0.414197087288
0.399264603853
0.412642717361
0.41772082448
0.409783273935
0.372662097216
0.408525705338
0.413608819246
0.40742751956
0.382413774729
0.3899525702
0.336046755314
0.39362680912
0.400932163
0.388171523809
0.394317746162
0.395794779062
0.36886715889
0.384570300579
0.353972375393
0.373011291027
0.37830132246
0.389460504055
0.378980100155
0.377212584019
0.37626105547
0.386368244886
0.349583625793
0.368326216936
0.351580739021
0.342424154282
0.358641803265
0.342126756907
0.357868552208
0.359588772058
0.336759954691
0.338560640812
0.383626639843
0.353106826544
0.349392026663
0.329494953156
0.348928153515
0.352812767029
0.355574190617
0.351038008928
0.338522255421
0.34208765626
0.294078230858
0.335717618465
0.35212123394
0.325868070126
0.320649385452
0.339347422123
0.334922492504
0.332225710154
0.321222662926
0.338060110807
0.323681265116
0.348155915737
0.338564872742
0.352114647627
0.35788756609
0.33635443449
0.33471518755
0.344573259354
0.331330955029
0.344764381647
0.321092188358
0.302552372217
0.343961507082
0.311673551798
0.315104901791
0.335007458925
0.305862158537
0.331351280212
0.34019869566
0.312506109476
0.324332922697
0.292049825191
0.285174250603
0.312934756279
0.300365030766
0.293230593204
0.325066566467
0.312559425831
0.284861952066
0.311632275581
0.296726226807
0.295176416636
0.312108308077
0.298277795315
0.308640539646
0.305444419384
0.31703555584
0.296979486942
0.2947704494
0.306795239449
0.290510177612
0.315173178911
0.294652551413
0.279140472412
0.305868178606
0.271385878325
0.305390268564
0.277043104172
0.287770986557
0.311243116856
0.276282697916
0.29936426878
0.268841892481
0.305116146803
0.25916326046
0.321064203978
0.292235046625
0.314344704151
0.270496040583
0.245549589396
0.27936437726
0.268773764372
0.302700549364
0.260372102261
0.299638539553
0.280550688505
0.27469304204
0.306046485901
0.245344564319
