0.693257391453
0.693045258522
0.692912101746
0.69283747673
0.692695498466
0.692582309246
0.692473471165
0.692361474037
0.69224601984
0.692138791084
0.692031919956
0.691925048828
0.691816449165
0.691708028316
0.691603660583
0.69149929285
0.691396772861
0.691290557384
0.691191315651
0.691091239452
0.690987348557
0.690884768963
0.690791904926
0.690694987774
0.690597176552
0.69049757719
0.690396785736
0.690307021141
0.690218985081
0.690119922161
0.690039813519
0.689938664436
0.689852356911
0.689755499363
0.689677476883
0.689587473869
0.689510643482
0.689410090446
0.689344584942
0.689250648022
0.689150035381
0.689103960991
0.688999831676
0.688922166824
0.688846409321
0.688798844814
0.688713133335
0.688606977463
0.688528358936
0.688456892967
0.688367962837
0.688315331936
0.688243448734
0.688171029091
0.688056468964
0.687919795513
0.68788510561
0.687816739082
0.687721788883
0.687547922134
0.687429666519
0.687272548676
0.687407851219
0.68709731102
0.687147021294
0.686828732491
0.686482191086
0.686710417271
0.686507821083
0.686229526997
0.685925841331
0.685784041882
0.68567019701
0.685420632362
0.684913277626
0.684620857239
0.684452116489
0.684376358986
0.683793365955
0.683138787746
0.682567417622
0.682077646255
0.681474983692
0.680438280106
0.680091202259
0.679261267185
0.679244458675
0.678281784058
0.677676260471
0.676816403866
0.676090359688
0.673980295658
0.674269974232
0.673514664173
0.672253251076
0.670014619827
0.668460905552
0.667564630508
0.66562628746
0.664761900902
0.661684811115
0.659429907799
0.656727194786
0.656774282455
0.652036845684
0.649749875069
0.648988425732
0.646150290966
0.641297221184
0.641291499138
0.637311816216
0.633672952652
0.63037866354
0.62386149168
0.622079610825
0.616806149483
0.612951338291
0.611584186554
0.6031858325
0.602979004383
0.597281932831
0.598400771618
0.594122231007
0.586004436016
0.588693857193
0.576874196529
0.57133024931
0.569946348667
0.570585370064
0.569238841534
0.560467779636
0.56163841486
0.554424285889
0.542639374733
0.553401052952
0.533919334412
0.546955227852
0.535164833069
0.537842690945
0.527274727821
0.529214262962
0.52108591795
0.519201636314
0.514928102493
0.524118244648
0.51934927702
0.497917145491
0.508756101131
0.502010941505
0.504548430443
0.491816371679
0.493457138538
0.490947753191
0.485006183386
0.491542339325
0.487387299538
0.48208424449
0.472781300545
0.47050601244
0.483320444822
0.472837358713
0.4763225317
0.469367772341
0.474802345037
0.465345919132
0.465508669615
0.464483112097
0.45458778739
0.44053286314
0.459545224905
0.447736561298
0.435461848974
0.450213134289
0.446684747934
0.434308618307
0.447989106178
0.435891509056
0.440185725689
0.431035459042
0.425403863192
0.431795299053
0.436277747154
0.440252840519
0.434566468
0.432538837194
0.413401454687
0.405897825956
0.415281563997
0.421941906214
0.424549818039
0.418962180614
0.397548139095
0.418339550495
0.408916860819
0.400760382414
0.454255521297
0.405820161104
0.399107635021
0.409692376852
0.412990361452
0.392461329699
0.412150114775
0.396748095751
0.38977637887
0.393884062767
0.408245295286
0.387944936752
0.381323844194
0.396818429232
0.388267040253
0.377365112305
0.39018830657
0.389974713326
0.384541213512
0.368701994419
0.402054429054
0.380549907684
0.398174524307
0.381783783436
0.374546766281
0.35321700573
0.367266923189
0.368910491467
0.347181379795
0.369763195515
0.368957668543
0.365683734417
0.352642685175
0.364936381578
0.343505442142
0.376415789127
0.363422751427
0.355020523071
0.375944107771
0.375636696815
0.353329479694
0.350915342569
0.335847884417
0.361785948277
0.345249950886
0.386095702648
0.349198937416
0.338715702295
0.377973407507
0.332996726036
0.331631690264
0.332398504019
0.336834162474
0.349891602993
0.351171731949
0.355364978313
0.354324638844
0.331536203623
0.324911683798
0.317603796721
0.34093439579
0.330319523811
0.37831774354
0.355035066605
0.339248299599
0.349423974752
0.333253145218
0.335484206676
0.349764704704
0.314856022596
0.322460114956
0.316765010357
0.309725344181
0.337495684624
0.328870534897
0.30922421813
0.325935006142
0.342769294977
0.324291110039
0.312300086021
0.311994075775
0.305395483971
0.360436081886
0.30436065793
0.325964063406
0.346983999014
0.299234747887
0.292426109314
0.306722998619
0.306857615709
0.298659265041
0.28271111846
0.304700762033
0.32005161047
0.299901217222
0.294008433819
0.309240579605
0.342549622059
0.285453945398
0.284475386143
0.285050779581
0.317491322756
0.28244587779
0.293142616749
0.278249531984
0.277016490698
0.311355024576
0.292953133583
0.307856351137
0.320339262486
0.293144494295
0.265083372593
0.308199167252
0.290756046772
0.28828343749
0.262402743101
0.308775186539
0.294965267181
0.294411331415
0.292595684528
0.299527555704
0.279461294413
0.295367330313
0.304262310266
0.274451762438
0.296383559704
0.278811067343
0.26867556572
0.275769233704
0.298491835594
0.260311752558
0.28387516737
0.304829329252
0.281509518623
0.27265304327
0.276158481836
0.293426990509
0.268901795149
0.268911063671
0.264054983854
0.273785024881
0.278606384993
0.265444099903
0.29675167799
0.326104879379
0.27073803544
0.272708207369
0.263191044331
0.282982885838
0.282830774784
0.256798386574
0.279001682997
0.256961256266
0.286126226187
0.268197238445
0.266585290432
0.313513308764
0.26705378294
0.269009590149
0.256688117981
0.253375977278
0.258969575167
0.292065888643
0.268765598536
0.244438990951
0.260930538177
0.270609945059
0.27903676033
0.252560526133
0.254645735025
0.248893067241
0.306097596884
0.243420898914
0.246334314346
0.235040947795
0.242653116584
0.269013077021
0.283594965935
0.266212999821
0.271843016148
0.272568553686
0.261032879353
0.252354115248
0.25456866622
0.259481966496
0.270000606775
0.24274520576
0.255784094334
0.287588208914
0.284507125616
0.252867728472
0.238909870386
0.262292474508
0.253343135118
0.257816791534
0.233757689595
0.275161057711
0.22881436348
0.233955621719
0.23874771595
0.247247204185
0.221041336656
0.249725952744
0.232874631882
0.25243806839
0.271593749523
0.22407528758
0.239344328642
0.251787126064
0.223720684648
0.234727457166
0.235215827823
0.245557382703
0.228772357106
0.230440720916
0.244090005755
0.222994282842
0.226998046041
0.222706526518
0.254673957825
0.232154473662
0.218697890639
0.217453896999
0.226335853338
0.218901187181
0.220336019993
0.23410731554
0.221340790391
0.252850592136
0.267325639725
0.239034369588
0.225794926286
0.315678656101
0.253830105066
0.219909772277
0.232491239905
0.239645689726
0.223328411579
0.244409397244
0.217279866338
0.21531970799
0.216101408005
0.246950179338
0.226475864649
0.222922697663
0.216485708952
0.247098952532
0.244025602937
0.222618848085
0.214702546597
0.21034938097
0.226253792644
0.21176160872
0.202626749873
0.212928414345
0.231812149286
0.231303036213
0.212383285165
0.199090078473
0.21342267096
0.235446766019
0.21217033267
0.201630488038
0.216733753681
0.233689174056
0.218654766679
0.223578438163
0.221422895789
0.215645462275
0.213517040014
0.219727188349
0.202612057328
0.200283333659
0.202262580395
0.219393774867
0.188758760691
0.224342375994
0.184934929013
0.216375246644
0.197121202946
0.218569383025
0.204755276442
0.202705606818
0.209141224623
0.195649832487
0.206790268421
0.202496394515
0.18633158505
0.209529519081
0.219692081213
0.22684173286
0.190799996257
0.178665682673
0.203663930297
0.202740520239
0.2060226053
0.18651458621
0.201952829957
0.18400208652
0.215184763074
0.197609245777
0.191037550569
0.231385052204
0.201080724597
0.201684862375
0.214371785522
0.191188424826
0.180348873138
0.200308635831
0.198548346758
0.215889140964
0.181741222739
0.193186581135
0.199526309967
0.173939660192
0.182196602225
0.185540795326
0.196501165628
0.167542129755
0.209885343909
0.198876619339
0.184742361307
0.219361826777
0.204940766096
0.179882824421
0.185687288642
0.192817762494
0.187623396516
0.176589995623
0.192942529917
0.20868074894
0.182668477297
0.202050328255
0.182558253407
0.179211392999
0.162974655628
0.169359698892
0.187650248408
0.167373284698
0.178077071905
0.229122325778
0.200177595019
0.203752860427
0.208418920636
0.163625583053
0.216751426458
0.20256306231
0.190439209342
0.175117656589
0.170675545931
0.173250406981
0.226231083274
0.171865180135
0.184803828597
0.183385416865
0.197112947702
0.213494747877
0.224945813417
0.190686777234
0.161167681217
0.196541577578
0.17476606369
0.208189353347
0.1806537956
0.172758936882
0.184004709125
0.165975734591
0.169549822807
0.190398037434
0.265179991722
0.169091567397
0.186734378338
0.202010810375
0.188207447529
0.177049085498
0.186985075474
0.176523596048
0.215299800038
0.171964809299
0.194502726197
0.168242961168
0.163760378957
0.170684486628
0.162385389209
0.210406944156
0.183470353484
0.15797059238
0.191030099988
0.221995994449
0.239322036505
0.17299002409
0.178485438228
0.184081807733
0.181372225285
0.176855623722
0.175752967596
0.163002625108
0.187579959631
0.164014309645
0.189663976431
0.171675860882
0.209433153272
0.178822770715
0.183918878436
0.178121447563
0.179888010025
0.19220815599
0.170926615596
0.198096081614
0.177704229951
0.188269868493
0.177587538958
0.178758874536
0.171120762825
0.151269972324
0.193486660719
0.159105405211
0.171714797616
0.16374437511
0.168680250645
0.169216245413
0.159377455711
0.185396358371
0.168772444129
0.166818380356
0.187018379569
0.167471021414
0.166162475944
0.167313098907
0.163592368364
0.177779451013
0.164846390486
0.181709289551
0.181620374322
0.159377008677
0.174709677696
0.160530462861
0.156679779291
0.174877628684
0.159365653992
0.180760979652
0.161890357733
0.155594229698
0.154497131705
0.168114304543
0.177893251181
0.174184903502
0.173178330064
0.179967716336
0.186058074236
0.212355524302
0.182204455137
0.18647903204
0.166862562299
0.166935712099
0.17394810915
0.160448476672
0.156688585877
0.161358982325
0.161403492093
0.154861703515
0.151828765869
0.185389816761
0.195089653134
0.173916608095
0.154735311866
0.161901950836
0.15175139904
0.168215602636
0.161646723747
0.185686066747
0.155176967382
0.175711452961
0.173941165209
0.148896172643
0.17188899219
0.151010915637
0.160462349653
0.195097893476
0.149924993515
0.162302866578
0.163487657905
0.17140878737
0.171576559544
0.148232147098
0.153904691339
0.18451166153
0.158075362444
0.181339472532
0.168258085847
0.156115040183
0.151093706489
0.164318472147
0.144441306591
0.160540357232
0.163016587496
0.156808003783
0.165147304535
0.158751860261
0.162432000041
0.163214206696
0.148835122585
0.159727632999
0.156577244401
0.159004509449
0.188756138086
0.175624087453
0.17710635066
0.176046460867
0.1900139153
0.159910395741
0.161114618182
0.158762931824
0.157434254885
0.138998940587
0.180897802114
0.180434301496
0.172701582313
0.170887902379
0.166054472327
0.159046977758
0.173764929175
0.200657323003
0.156305596232
0.164560779929
0.164387479424
0.154467001557
0.162119984627
0.155920892954
0.165972307324
0.158777922392
0.149229973555
0.156290486455
0.16602833569
0.180123150349
0.159568116069
0.165762126446
0.159989669919
0.161709368229
0.144085466862
0.157535687089
0.158715948462
0.204411461949
0.159182831645
0.156376123428
0.176325261593
0.147839412093
0.196910202503
0.149740502238
0.154136613011
0.14798720181
0.164502218366
0.147459492087
0.164053380489
0.149789601564
0.155976831913
0.160132840276
0.18103992939
0.155783936381
0.162164255977
0.173547312617
0.163049682975
0.147304520011
0.160198152065
0.156587272882
0.172990322113
0.165034040809
0.149380400777
0.157663226128
0.152208462358
0.17153160274
0.15947675705
0.156922057271
0.14129139483
0.150371149182
0.171820551157
0.143113031983
0.149152502418
0.172349438071
0.153070107102
0.151194795966
0.146516650915
0.150330215693
0.145883277059
0.153821259737
0.16978611052
0.221045479178
0.171002179384
0.154196768999
0.149476379156
0.159680366516
0.165497422218
0.201082855463
0.156076416373
0.175253614783
0.180405929685
0.189698636532
0.142670437694
0.151591673493
0.153021842241
0.163661807775
0.169686883688
0.151866704226
0.157417833805
0.151261568069
0.17798705399
0.155341088772
0.142505019903
0.147900164127
0.171316474676
0.155349045992
0.165211006999
0.14551153779
0.156997457147
0.174314513803
0.155489623547
0.169964462519
0.184795320034
0.151137158275
0.146631553769
0.154524356127
0.142846211791
0.169062435627
0.157949641347
0.155941933393
0.174138963223
0.169400468469
0.155413210392
0.165205612779
0.160554841161
0.183501437306
0.143843829632
0.15586052835
0.175035893917
0.150285825133
0.142904192209
0.158016517758
0.147569268942
0.207481607795
0.162473767996
0.145881950855
0.164958268404
0.144134655595
0.151685282588
0.141226753592
0.173816621304
0.152485623956
0.167376711965
0.146809160709
0.146537214518
0.14845687151
0.147027164698
0.176519334316
0.153829798102
0.141595572233
0.142360404134
0.160428121686
0.159430339932
0.17025834322
0.175483345985
0.14351785183
0.149133548141
0.176904812455
0.167998671532
0.162386849523
0.148278698325
0.143607243896
0.152805790305
0.147805914283
0.149160325527
0.152863577008
0.144689619541
0.145163342357
0.193095579743
0.177679777145
0.151089891791
0.177073448896
0.161984741688
0.167214766145
0.150901436806
0.154059186578
0.173397943377
0.152399718761
0.17202347517
0.147913992405
0.146129086614
0.15651345253
0.166995197535
0.155614197254
0.152205303311
0.145351469517
0.144073367119
0.151380777359
0.167222261429
0.146383360028
0.153683543205
0.149949967861
0.160495445132
0.155782803893
0.148173451424
0.151915982366
0.145188957453
0.142901390791
0.143442392349
0.147050395608
0.152774736285
0.146259322762
0.144048050046
0.164801701903
0.152851819992
0.142737910151
0.15371131897
0.156671613455
0.15182903409
0.168421283364
0.163153126836
0.151115015149
0.157633215189
0.164946749806
0.1445453614
0.144103273749
0.153256997466
0.144417583942
0.169179737568
0.144258409739
0.156559124589
0.156431540847
0.161312356591
0.148484200239
0.14430527389
0.144545733929
0.146533340216
0.152162373066
0.154219716787
0.143887996674
0.165994673967
0.142774343491
0.148472502828
0.174386277795
0.157013148069
0.143380135298
0.158913731575
0.160532489419
0.151832893491
0.149144917727
0.144401043653
0.161233961582
0.164627075195
0.148117244244
0.15516076982
0.155027940869
0.159838080406
0.140333816409
0.188849434257
0.17273709178
0.170625597239
0.151874139905
0.170737072825
0.147506430745
0.147897139192
0.150528550148
0.158447489142
0.170258179307
0.178041934967
0.149806693196
0.149221807718
0.154767721891
0.149433359504
0.148968547583
0.152589216828
0.140998870134
0.143715828657
0.190210074186
0.152467384934
0.150688365102
0.145067557693
0.169821068645
0.173886373639
0.139701589942
0.152795344591
0.143356099725
0.192419782281
0.168419465423
0.169972389936
0.158933281898
0.15461575985
0.160820111632
0.140750259161
0.156888753176
0.16222473979
0.163732394576
0.167050361633
0.149649530649
0.181722760201
0.150091603398
0.156727746129
0.167632848024
0.157181844115
0.155542746186
0.162500962615
0.160731166601
0.155762478709
0.157057598233
0.155776545405
0.14826503396
