0.692884504795
0.692877650261
0.692912340164
0.692870080471
0.692902326584
0.692883014679
0.692851901054
0.692830324173
0.69282990694
0.692771196365
0.692827641964
0.692875683308
0.692751705647
0.692828536034
0.692893207073
0.692773878574
0.692713141441
0.692609250546
0.692740559578
0.692695856094
0.692704498768
0.692643940449
0.692645609379
0.692670404911
0.692696392536
0.692683517933
0.692550361156
0.692608296871
0.69252872467
0.692468881607
0.692530632019
0.692512392998
0.692486941814
0.692566037178
0.692512273788
0.692579329014
0.69236344099
0.692422568798
0.692345619202
0.692419707775
0.692406117916
0.692462146282
0.69235855341
0.692275941372
0.692325055599
0.692228913307
0.692330360413
0.692381381989
0.692243397236
0.692351281643
0.692370176315
0.692322969437
0.69210088253
0.692164897919
0.692131817341
0.692168235779
0.69216132164
0.69228464365
0.692190170288
0.692127287388
0.692165255547
0.692071437836
0.692065894604
0.692153394222
0.692017138004
0.691918492317
0.691966593266
0.692127645016
0.691947221756
0.691882610321
0.691938579082
0.691973268986
0.691927373409
0.692006349564
0.691784381866
0.691904067993
0.69184422493
0.691780805588
0.691821277142
0.69182485342
0.691824138165
0.691761910915
0.69145411253
0.691729009151
0.691795229912
0.691707253456
0.691605269909
0.69165033102
0.691830396652
0.691550791264
0.691679894924
0.691757142544
0.69165879488
0.69147002697
0.691712617874
0.691438853741
0.691719532013
0.691591501236
0.691669881344
0.691444516182
0.691621601582
0.691273212433
0.691527485847
0.691543221474
0.691386461258
0.691612005234
0.691177785397
0.691420674324
0.691349983215
0.691293418407
0.691308736801
0.691310286522
0.691270053387
0.691362202168
0.691387176514
0.691325843334
0.691253602505
0.691255748272
0.691371321678
0.691053271294
0.691321015358
0.691169381142
0.690774738789
0.690993010998
0.691029965878
0.691174924374
0.690962612629
0.690934062004
0.691221833229
0.690966963768
0.691068649292
0.690947294235
0.690954864025
0.690895497799
0.691261410713
0.690734028816
0.69093722105
0.690887153149
0.690860033035
0.691075146198
0.690743327141
0.691096007824
0.690621733665
0.690768480301
0.690826952457
0.690712809563
0.690493762493
0.690716505051
0.69064360857
0.690768003464
0.690800070763
0.690464138985
0.690636634827
0.690558433533
0.690863311291
0.69057571888
0.690471470356
0.690762042999
0.69046497345
0.690615475178
0.690386235714
0.690538823605
0.690645456314
0.690444111824
0.690648794174
0.690437674522
0.690442025661
0.690161645412
0.690543413162
0.690379083157
0.690309107304
0.690389871597
0.690202236176
0.69066298008
0.69024926424
0.68998593092
0.69057071209
0.690061092377
0.690291702747
0.690284371376
0.690070390701
0.690300345421
0.690207600594
0.690149843693
0.690180957317
0.689694881439
0.690111398697
0.690075397491
0.690099775791
0.689918458462
0.689971506596
0.68978613615
0.689914822578
0.689570784569
0.690058290958
0.689945876598
0.68972992897
0.689784824848
0.689629852772
0.689657509327
0.689786732197
0.6895814538
0.689758300781
0.689984738827
0.689716339111
0.689763486385
0.689706742764
0.689716696739
0.689946591854
0.689359724522
0.689834058285
0.689551174641
0.689592182636
0.689542770386
0.689437031746
0.68970477581
0.689059615135
0.689738869667
0.689226567745
0.689312458038
0.689482033253
0.689774870872
0.689307689667
0.689546585083
0.689700186253
0.689505398273
0.689438521862
0.688920795918
0.689583539963
0.68934905529
0.688927054405
0.689338743687
0.6890655756
0.688879668713
0.689388990402
0.688919782639
0.689243674278
0.689319074154
0.689135789871
0.689032435417
0.688847362995
0.689086377621
0.6890630126
0.6891284585
0.688846766949
0.688770949841
0.688876330853
0.688415586948
0.688946545124
0.688697457314
0.688257455826
0.688676416874
0.688394665718
0.688830912113
0.688677668571
0.688628137112
0.688466906548
0.688703536987
0.688771605492
0.68834233284
0.688700258732
0.688735902309
0.68840354681
0.688286185265
0.688452064991
0.688608467579
0.688431143761
0.688814163208
0.688174664974
0.688301920891
0.688132405281
0.688718914986
0.68819463253
0.688732266426
0.688431143761
0.688152134418
0.688397228718
0.688647329807
0.688573598862
0.687817215919
0.688589036465
0.68787330389
0.688016176224
0.688239395618
0.687854588032
0.688513875008
0.6883918643
0.688335418701
0.688098013401
0.687763512135
0.687636196613
0.688127458096
0.687710225582
0.687272548676
0.687894642353
0.687440574169
0.68815767765
0.687539279461
0.687830090523
0.68744879961
0.687587082386
0.687935948372
0.687615871429
0.688166975975
0.687871813774
0.688280582428
0.687903523445
0.688033401966
0.687951505184
0.688053548336
0.687627136707
0.687817811966
0.687281489372
0.687352597713
0.687592864037
0.687026262283
0.687379062176
0.68735986948
0.686682224274
0.687737345695
0.6871920228
0.686982214451
0.686933100224
0.686967849731
0.686641216278
0.686965882778
0.687190711498
0.687444150448
0.686978816986
0.687614917755
0.687606155872
0.686826407909
0.68683630228
0.686789035797
0.687152385712
0.686876177788
0.686317503452
0.686940133572
0.686916768551
0.686363995075
0.686912059784
0.686460614204
0.68625754118
0.686778247356
0.686848938465
0.686492025852
0.686883687973
0.686356306076
0.686219453812
0.686537146568
0.686039149761
0.686187148094
0.686402261257
0.686520636082
0.686067461967
0.68644118309
0.686085164547
0.686449050903
0.68615424633
0.685945212841
0.686012983322
0.686795711517
0.685448944569
0.685850143433
0.685655772686
0.686347603798
0.685861825943
0.686375975609
0.68595713377
0.685886144638
0.68536067009
0.685643017292
0.685927510262
0.686519801617
0.685840368271
0.685477137566
0.685900330544
0.686263799667
0.685936152935
0.686001241207
0.686595618725
0.685462534428
0.68499994278
0.685888648033
0.685904920101
0.685272932053
0.685648858547
0.685429096222
0.685274422169
0.685630857944
0.684975087643
0.685735046864
0.685261845589
0.685081601143
0.685368061066
0.685168981552
0.685847043991
0.68500649929
0.684546113014
0.684882044792
0.685793995857
0.685294985771
0.685206592083
0.684555351734
0.685102641582
0.684289097786
0.684840500355
0.685191690922
0.684848546982
0.684839069843
0.684497058392
0.684677243233
0.685087502003
0.68476587534
0.684957444668
0.684301912785
0.684208869934
0.683908879757
0.684102296829
0.684518039227
0.684101581573
0.684447228909
0.684245347977
0.684434473515
0.683680415154
0.6844176054
0.684160172939
0.683829247952
0.684472084045
0.683391988277
0.683923125267
0.684147536755
0.683876156807
0.683902323246
0.683289885521
0.683236181736
0.684621095657
0.684708476067
0.684041380882
0.683651506901
0.683205664158
0.683309853077
0.683532714844
0.683033585548
0.683415710926
0.682978332043
0.683599352837
0.683048665524
0.683458566666
0.682681500912
0.682734668255
0.683023869991
0.683509767056
0.682255446911
0.683452606201
0.683462917805
0.68351328373
0.68321621418
0.682878911495
0.682527184486
0.683401286602
0.682668268681
0.683079183102
0.683307468891
0.683040440083
0.682062983513
0.683690309525
0.683600127697
0.68248218298
0.682838320732
0.68162125349
0.682268917561
0.68330258131
0.682664692402
0.682866930962
0.683442413807
0.681236624718
0.68165653944
0.682205319405
0.681494414806
0.682240486145
0.681441009045
0.682263493538
0.682820260525
0.681448340416
0.681335985661
0.681647121906
0.681811094284
0.681663274765
0.681223273277
0.681555867195
0.68118417263
0.681779146194
0.681768119335
0.681645154953
0.680994987488
0.682225525379
0.681382417679
0.680791139603
0.680882573128
0.679874897003
0.68148201704
0.681364774704
0.68155092001
0.682084262371
0.68139731884
0.679978847504
0.681636035442
0.680944979191
0.680864334106
0.680765867233
0.680141150951
0.681048870087
0.680757820606
0.679724276066
0.68068253994
0.680514574051
0.679971933365
0.681676447392
0.679774165154
0.680406808853
0.681302607059
0.680740058422
0.679269909859
0.680246949196
0.680589497089
0.679534494877
0.680090129375
0.679660320282
0.679726064205
0.679786801338
0.6804215312
0.678528785706
0.680276930332
0.679319739342
0.679923176765
0.678323864937
0.67990809679
0.680761277676
0.679274320602
0.679713010788
0.67890638113
0.678394436836
0.67982506752
0.679684221745
0.678413808346
0.678160667419
0.679767727852
0.678524136543
0.678624153137
0.677030980587
0.678054571152
0.678474962711
0.6798594594
0.67716807127
0.678208231926
0.678853094578
0.67712521553
0.679164111614
0.678871691227
0.679585516453
0.677863419056
0.678673624992
0.677921354771
0.677470564842
0.677194595337
0.676231861115
0.677327811718
0.678696513176
0.678145229816
0.677689552307
0.67711019516
0.676913976669
0.677895128727
0.678193986416
0.676729679108
0.678664207458
0.677232384682
0.67731410265
0.677350759506
0.676413476467
0.677088439465
0.675527334213
0.677803277969
0.676589846611
0.676676034927
0.675646841526
0.676497519016
0.67775285244
0.675453543663
0.67613941431
0.676445484161
0.677463889122
0.67573839426
0.676101446152
0.675941228867
0.675684213638
0.675249099731
0.676540017128
0.674731135368
0.675328016281
0.675255894661
0.675853967667
0.675621390343
0.676437139511
0.673568367958
0.675390899181
0.675282180309
0.674239456654
0.677396953106
0.674602091312
0.674663841724
0.674265325069
0.673944532871
0.67426609993
0.675143361092
0.674501717091
0.673833489418
0.674903094769
0.674140691757
0.673572361469
0.673134386539
0.673597514629
0.673068225384
0.673169255257
0.673895716667
0.674736261368
0.672776520252
0.67239099741
0.672738134861
0.673978507519
0.672780871391
0.67149913311
0.673250496387
0.672668874264
0.672208607197
0.674626111984
0.672899186611
0.673913598061
0.672859430313
0.672290503979
0.672429323196
0.67264521122
0.671936869621
0.67229706049
0.671715259552
0.671946704388
0.673156738281
0.671590209007
0.673919320107
0.671330273151
0.673030495644
0.671032786369
0.673099577427
0.672839581966
0.671858906746
0.670929849148
0.671802520752
0.671399235725
0.66993945837
0.671409189701
0.671679675579
0.670840382576
0.670610666275
0.66936480999
0.670367896557
0.668846786022
0.671130537987
0.671332895756
0.669241905212
0.669076323509
0.670519888401
0.668703377247
0.669919073582
0.670012533665
0.66993534565
0.670836508274
0.672256112099
0.669060826302
0.666352331638
0.671751320362
0.669830203056
0.669138252735
0.669367969036
0.668335914612
0.668265640736
0.668508589268
0.668007910252
0.670001983643
0.665676057339
0.669830620289
0.668899655342
0.667844235897
0.667813777924
0.66879850626
0.667785227299
0.669013798237
0.669555604458
0.664590477943
0.667096376419
0.666635632515
0.668666183949
0.669727325439
0.663971543312
0.665046036243
0.666556298733
0.665202081203
0.665980279446
0.665785610676
0.666191160679
0.665736794472
0.669079005718
0.666930139065
0.665087759495
0.666384220123
0.664187848568
0.664756119251
0.66711217165
0.66773545742
0.664625048637
0.662799715996
0.667550802231
0.664033174515
0.664522767067
0.663317322731
0.664975583553
0.665495216846
0.665362715721
0.665026903152
0.660896360874
0.664092600346
0.663806140423
0.663716316223
0.664240419865
0.664315879345
0.665035188198
0.665028512478
0.664793729782
0.663125813007
0.665584206581
0.66019308567
0.660701394081
0.662060379982
0.665306150913
0.661265075207
0.65993398428
0.663693189621
0.663369178772
0.662389934063
0.664307236671
0.662495672703
0.659979224205
0.662687003613
0.661575376987
0.664987385273
0.662987291813
0.661379337311
0.659825146198
0.662003278732
0.665026187897
0.66332167387
0.661670684814
0.659650981426
0.663324713707
0.665971279144
0.661542475224
0.65700930357
0.658095061779
0.662303447723
0.662293791771
0.658473014832
0.660888075829
0.66229647398
0.659568667412
0.660257160664
0.658492386341
0.659930467606
0.659056723118
0.66004550457
0.659221827984
0.658079147339
0.661837637424
0.658497035503
0.662223577499
0.658077955246
0.658505856991
0.659029304981
0.656600892544
0.657631635666
0.657643854618
0.659396111965
0.658513665199
0.662602245808
0.658478975296
0.659115731716
0.65970659256
0.658563435078
0.662024080753
0.660678327084
0.65782558918
0.657711267471
0.656341850758
0.65356451273
0.65649664402
0.659419894218
0.656045556068
0.653533637524
0.657187879086
0.652945160866
0.655705094337
0.654964387417
0.655546188354
0.65910577774
0.659095406532
0.654608845711
0.651508629322
0.654679179192
0.656634986401
0.654380857944
0.657343029976
0.657778084278
0.655792355537
0.652790248394
0.655349731445
0.654695749283
0.654085457325
0.653190076351
0.654952645302
0.648461937904
0.653922259808
0.654098749161
0.65264236927
0.652009248734
0.655943036079
0.654673755169
0.653453409672
0.655901670456
0.656822144985
0.65629273653
0.649045705795
0.657019913197
0.654183864594
0.654642224312
0.652952611446
0.654059588909
0.648967981339
0.652896940708
0.654078364372
0.654323101044
0.650418639183
0.655768871307
0.64971524477
0.653071045876
0.655729651451
0.654299020767
0.65032184124
0.650169253349
0.647316992283
0.652672827244
0.653812408447
0.65216845274
0.654772937298
0.650067269802
0.650530695915
0.649723470211
0.653356313705
0.650229394436
0.65416097641
0.646574676037
0.651875555515
0.653043866158
0.651355266571
0.650429129601
0.653944432735
0.651017785072
0.653248906136
0.648874282837
0.64615803957
0.651354849339
0.646120250225
0.648867547512
0.647563755512
0.650221288204
0.649808168411
0.649268567562
0.649932146072
0.650522053242
0.651929080486
0.647252976894
0.651793301105
0.640919625759
0.649931430817
0.652267813683
0.645858347416
0.650908410549
0.650599479675
0.648465812206
0.647649407387
0.643461823463
0.647429406643
0.641393303871
0.643823266029
0.64458322525
0.645148873329
0.64437687397
0.646193802357
0.644245624542
0.651530444622
0.647515356541
0.643391430378
0.645689725876
0.651292622089
0.652075111866
0.645603835583
0.644581496716
0.65157365799
0.642168045044
0.649802386761
0.641400694847
0.64796847105
0.646587848663
0.646555185318
0.649142980576
0.645344376564
0.644375026226
0.64394402504
0.642368137836
0.640925347805
0.646739244461
0.643525600433
0.645378947258
0.642301380634
0.640185773373
0.644336700439
0.642233490944
0.642090439796
0.648466289043
0.641614198685
0.643943309784
0.643942475319
0.641015648842
0.645399093628
0.646548211575
0.644489586353
0.64593321085
0.644661784172
0.647466003895
0.652999639511
0.644624829292
0.646362304688
0.641486465931
0.64349603653
0.639259576797
0.638688862324
0.645919680595
0.645517170429
0.642530202866
0.64014095068
0.638180196285
0.640354454517
0.641141593456
0.644219994545
0.642018973827
0.63757032156
0.642547726631
0.642071306705
0.639159142971
0.643891513348
0.638488769531
0.634376943111
0.644465148449
0.639820218086
0.642360508442
0.641001403332
0.64078950882
0.639431476593
0.641584813595
0.636052250862
0.638071656227
0.637621462345
0.639176130295
0.642361402512
0.642300188541
0.648576378822
0.641003131866
0.641322493553
0.63910728693
0.638417780399
0.639224469662
0.643746376038
0.640082895756
0.649834632874
0.641664087772
0.642585992813
0.641320884228
0.635837078094
0.643824160099
0.647117257118
0.6325096488
0.640652418137
0.639540076256
0.639817595482
0.642182707787
0.639595866203
0.634352385998
0.640161216259
0.642785251141
0.639306366444
0.642603814602
0.639267027378
0.637575745583
0.639530539513
0.644144654274
0.642957568169
0.640077292919
0.641748726368
0.64092540741
0.642956316471
0.639639735222
0.636557221413
0.640630483627
0.644630074501
0.635696470737
0.63951253891
0.644722223282
0.643453478813
0.64573097229
0.637804627419
0.636883497238
0.636369824409
0.643885314465
0.641889989376
0.638952493668
0.634778380394
0.649393379688
0.643987357616
0.638670742512
0.64335745573
0.638114154339
0.640377759933
0.64233070612
0.638647735119
0.641980230808
0.638899326324
0.643368303776
0.642942428589
0.645858824253
0.637253046036
0.641905725002
0.639283120632
0.642370402813
0.644443392754
0.64369136095
0.639474391937
0.641367256641
0.641887545586
0.636324465275
0.637694001198
0.638677835464
0.645679175854
0.64320319891
0.641746282578
0.637708723545
0.640334963799
0.640518426895
0.632882475853
0.644402801991
0.641467154026
0.642564415932
0.641393721104
0.640555918217
0.634493947029
0.641900420189
0.639296233654
0.641028702259
0.64214193821
0.6403824687
0.64128446579
0.642760813236
0.642969489098
0.640448749065
0.634993076324
0.641066670418
0.630339920521
0.64021474123
0.643029808998
0.639830827713
0.641125440598
0.643029391766
0.64247739315
0.640899658203
0.648256897926
0.637460827827
0.635844290257
0.638596832752
0.640321612358
0.643003046513
0.642513096333
0.637921452522
0.642928719521
0.6398909688
0.637247204781
0.639064013958
0.64207470417
0.639720022678
0.638930737972
0.636820554733
0.644512295723
0.643337130547
0.637829720974
0.639234721661
0.638179183006
0.647588133812
0.639976859093
0.637928903103
0.644799947739
0.637565672398
0.636045753956
0.643435895443
0.643599748611
0.644446671009
0.642808318138
0.638358354568
0.64304536581
0.632364809513
0.64399510622
0.638884186745
0.640418469906
0.644914805889
0.640792489052
0.646481275558
0.639055490494
0.6384806633
0.63872551918
0.640799224377
0.639774799347
0.648923099041
0.63784378767
0.639758527279
0.642149567604
0.641972005367
0.639599561691
0.645306646824
0.639028429985
0.641969323158
0.637942552567
0.639799833298
0.638924896717
0.638349115849
0.641805112362
0.635987222195
0.641488134861
0.63946801424
0.63897895813
0.643039107323
0.643461406231
0.641571581364
0.64195561409
0.643679738045
0.640983521938
0.636690616608
0.643818616867
0.63658028841
0.64074498415
0.638122677803
0.645508229733
0.641216754913
0.636253118515
0.640256762505
0.639092504978
0.64042121172
0.639074087143
0.636645674706
0.637272655964
0.644273996353
0.630780339241
0.635750889778
0.6435765028
0.63886153698
0.636974930763
0.640106201172
0.63918119669
0.641613304615
0.640356719494
0.636764407158
0.641444504261
0.64282566309
0.638350903988
0.644975066185
0.641282856464
0.63863658905
0.638836801052
0.641566872597
0.642371356487
0.643383920193
0.637410998344
0.639155864716
0.643529355526
0.639394462109
0.637556135654
