0.696474790573
0.690656244755
0.687607347965
0.683980643749
0.678647100925
0.672062635422
0.664413452148
0.655717790127
0.646193623543
0.635903120041
0.624515593052
0.612100124359
0.598703801632
0.584223747253
0.568685650826
0.552164793015
0.534593462944
0.516069531441
0.496700614691
0.476737350225
0.456323236227
0.435680568218
0.414991289377
0.394458055496
0.374313563108
0.35475692153
0.335936576128
0.318008393049
0.301093429327
0.285272359848
0.270599365234
0.257075369358
0.244667127728
0.233325958252
0.22297000885
0.213499709964
0.204814895988
0.196822196245
0.189424917102
0.182532861829
0.176073729992
0.16998539865
0.164212271571
0.158699318767
0.153430879116
0.148372069001
0.143496021628
0.138798370957
0.134260892868
0.129869326949
0.125634104013
0.121558092535
0.117631062865
0.113861978054
0.110254451632
0.106810063124
0.103530935943
0.100413933396
0.0974650532007
0.0946597009897
0.0919776186347
0.0894054472446
0.0869340822101
0.0845694169402
0.0823170766234
0.080156520009
0.0780579671264
0.0760164931417
0.074031278491
0.0721108689904
0.0702541992068
0.0684529393911
0.0667116940022
0.0650365576148
0.0634035095572
0.0618342421949
0.0603169836104
0.0588362142444
0.0573953017592
0.0560023337603
0.0546490028501
0.0533270128071
0.0520620942116
0.0508153773844
0.0496024265885
0.0484233722091
0.0472702868283
0.0461350120604
0.0450190529227
0.0439435988665
0.0428583472967
0.0418137349188
0.0407600961626
0.0397530533373
0.038731906563
0.0377593077719
0.0367677249014
0.0358161181211
0.034871365875
0.0339562222362
0.0330512411892
0.032156098634
0.0312996543944
0.0304401535541
0.0296289008111
0.0288056172431
0.028048703447
0.0272624082863
0.0265333727002
0.0257779937238
0.0250697880983
0.0243667922914
0.0236721821129
0.0230484679341
0.0223677754402
0.0217655207962
0.0211250074208
0.0205345246941
0.0199443399906
0.0193705148995
0.0188214853406
0.0182829927653
0.0177721958607
0.0172605477273
0.0167849883437
0.0162919554859
0.0158444270492
0.0153880212456
0.0149648888037
0.0145349828526
0.0141350375488
0.0137371458113
0.0133574092761
0.0129872681573
0.0126323280856
0.0122841810808
0.0119534349069
0.0116255721077
0.0113135548308
0.0110111907125
0.0107170362025
0.0104356128722
0.01015868783
0.00989443343133
0.00963649619371
0.00939042121172
0.00915129017085
0.00891964882612
0.00869820266962
0.00847894791514
0.00827286764979
0.0080698877573
0.007872402668
0.00768778519705
0.0075028128922
0.00732478033751
0.00715051637962
0.00698587950319
0.00682448223233
0.00666957814246
0.00651921518147
0.00637201685458
0.00623604282737
0.00609417911619
0.00596977304667
0.00584209756926
0.00571262883022
0.00559568172321
0.0054773981683
0.00536292186007
0.00525645026937
0.00514494394884
0.00504466844723
0.00494303693995
0.00484229018912
0.00475099356845
0.00465725827962
0.0045678159222
0.00448086066172
0.00439851451665
0.00431585730985
0.00423423061147
0.00416022818536
0.00408402038738
0.00400879746303
0.00393909448758
0.00386885018088
0.00380140380003
0.00373416789807
0.00367146241479
0.00360818230547
0.00354839186184
0.00348871340975
0.00343177001923
0.00337555096485
0.00332010281272
0.00326708401553
0.00321494485252
0.00316349300556
0.00311400881037
0.00306533207186
0.0030175098218
0.00297190761194
0.00292625860311
0.00288232765161
0.00283981813118
0.0027976364363
0.00275684008375
0.00271594244987
0.00267753843218
0.00263843382709
0.00260176719166
0.00256550940685
0.00252811331302
0.0024943605531
0.00246024224907
0.00242575374432
0.00239292578772
0.00236011459492
0.00232885871083
0.0022988319397
0.00226768245921
0.0022374773398
0.00220920215361
0.00217984104529
0.00215181079693
0.00212481035851
0.00209723995067
0.00207127328031
0.00204548682086
0.00201933667995
0.00199501821771
0.00196980615146
0.00194717384875
0.00192398193758
0.00190005253535
0.00187767273746
0.0018557193689
0.00183296401519
0.00181280169636
0.00179186707828
0.00178969895933
0.00178744504228
0.00178513629362
0.00178278726526
0.00178043160122
0.00177823274862
0.00177627778612
0.00177447544411
0.00177265668754
0.00177067390177
0.00176854745951
0.00176645885222
0.00176438351627
0.00176244135946
0.00176058313809
0.00175867322832
0.00175672967453
0.00175474304706
0.00175273872446
0.00175073172431
0.00174878048711
0.00174692564178
0.00174502143636
0.00174307578709
0.00174108310603
0.00173909252044
0.00173717807047
0.00173527898733
0.00173332705162
0.00173139455728
0.00172950781416
0.00172758079134
0.00172563036904
0.00172367237974
0.00172175629996
0.00171983893961
0.00171788118314
0.00171597930603
0.00171406264417
0.00171212875284
0.00171025842428
0.00170832697768
0.00170640496071
0.00170448049903
0.00170255464036
0.00170062866528
0.00169871735852
0.00169679266401
0.001694917446
0.00169296935201
0.00169105408713
0.00168914545793
0.00168722693343
0.00168530794326
0.00168339593802
0.00168147159275
0.00167956319638
0.00167764583603
0.00167572358623
