0.780336678028
0.785144329071
0.793307423592
0.794327676296
0.796764373779
0.779446125031
0.777864456177
0.789439201355
0.795563876629
0.769649744034
0.775072515011
0.785444915295
0.779786169529
0.77667349577
0.780535817146
0.782127916813
0.786405742168
0.768544912338
0.768536508083
0.783170878887
0.77622449398
0.779442071915
0.777231633663
0.774882912636
0.773823976517
0.763081252575
0.764117896557
0.769103109837
0.771671056747
0.780027508736
0.771105647087
0.754788637161
0.764161467552
0.765411913395
0.771233379841
0.767588853836
0.773234426975
0.770483374596
0.763432860374
0.773968935013
0.757991969585
0.767545580864
0.764768004417
0.773352146149
0.749693870544
0.763706088066
0.744219660759
0.757039487362
0.757489144802
0.75548094511
0.743030071259
0.75530642271
0.749847829342
0.759436428547
0.756452977657
0.754166185856
0.757591426373
0.744189321995
0.735671639442
0.760790586472
0.752009868622
0.747600078583
0.744838893414
0.750109612942
0.744297146797
0.743517696857
0.746894657612
0.7414457798
0.758680224419
0.740185499191
0.74001032114
0.733506381512
0.735620498657
0.742865145206
0.754714727402
0.747316002846
0.733809232712
0.739045143127
0.734325110912
0.737079381943
0.737009882927
0.730087697506
0.734308242798
0.745361626148
0.736719250679
0.737520217896
0.729286432266
0.730260789394
0.731454372406
0.730915486813
0.735008001328
0.730989933014
0.737627327442
0.72832006216
0.71943795681
0.724394142628
0.728820264339
0.72086340189
0.732159495354
0.724982202053
0.735308408737
0.717882394791
0.719529986382
0.723790764809
0.720523834229
0.717270731926
0.716413199902
0.731909930706
0.725845754147
0.725192129612
0.719464659691
0.722927629948
0.713826596737
0.720377504826
0.71032500267
0.707673370838
0.716572284698
0.710557341576
0.717337429523
0.721749603748
0.717649459839
0.710643768311
0.71537655592
0.718688547611
0.712024152279
0.714422702789
0.709569633007
0.702238500118
0.704773843288
0.698514938354
0.712934970856
0.707295358181
0.696903705597
0.709731996059
0.701107501984
0.704035937786
0.697247564793
0.704997301102
0.709537625313
0.705782473087
0.695014178753
0.709932327271
0.712303042412
0.693449318409
0.705332994461
0.704481184483
0.698361873627
0.698594748974
0.705607295036
0.705824613571
0.712130367756
0.69606846571
0.70710593462
0.694415032864
0.691695272923
0.68052905798
0.698951005936
0.685344874859
0.692841827869
0.711889207363
0.697066128254
0.691044926643
0.687642037868
0.688608765602
0.686294853687
0.697815179825
0.700483977795
0.697791099548
0.693273305893
0.698858737946
0.696187853813
0.693470060825
0.686854064465
0.700571656227
0.696166753769
0.693154215813
0.688340425491
0.695008575916
0.689708530903
0.694726645947
0.688857734203
0.693089783192
0.688700854778
0.691194653511
0.686644852161
0.686253011227
0.689637720585
0.680880308151
0.692963004112
0.684585034847
0.69485014677
0.685956835747
0.689010262489
0.692978441715
0.692853808403
0.674981176853
0.6804702878
0.682183861732
0.686963319778
0.67214602232
0.683815717697
0.680022239685
0.682407796383
0.683117210865
0.684970855713
0.678748846054
0.681737363338
0.681263446808
0.68014472723
0.672839999199
0.67705231905
0.683258056641
0.677629351616
0.689965963364
0.684014320374
0.673438489437
0.683658063412
0.668071866035
0.683070242405
0.676212906837
0.670457541943
0.667768895626
0.673257350922
0.676774203777
0.676431715488
0.668816685677
0.671274542809
0.672554194927
0.674076735973
0.66804766655
0.669880986214
0.664598107338
0.671209335327
0.673042476177
0.672356069088
0.667012214661
0.670011997223
0.672559261322
0.667730569839
0.664806902409
0.660898029804
0.666413486004
0.672687590122
0.65649831295
0.670133292675
0.671084523201
0.66462469101
0.657514572144
0.658814966679
0.655823647976
0.655547857285
0.662814319134
0.665181696415
0.664676189423
0.655245423317
0.658981323242
0.663185954094
0.652630150318
0.66474956274
0.65400826931
0.664768278599
0.668820738792
0.656454443932
0.657034099102
0.66386783123
0.664395093918
0.656770646572
0.668783187866
0.655421853065
0.653979361057
0.661140978336
0.666030943394
0.661349177361
0.661078035831
0.658444225788
0.653562128544
0.666272699833
0.659138977528
0.656881511211
0.649969041348
0.656641066074
0.653392195702
0.65522891283
0.644922614098
0.657541513443
0.663703203201
0.639392971992
0.654100239277
0.655116915703
0.653414964676
0.647055864334
0.655400037766
0.648563504219
0.655779063702
0.656015217304
0.64827466011
0.654783546925
0.647723436356
0.64651620388
0.650787472725
0.648905158043
0.655045151711
0.651660442352
0.645329713821
0.638813197613
0.654487133026
0.641170442104
0.652001261711
0.641237795353
0.643319249153
0.642829477787
0.64650118351
0.64576536417
0.639070749283
0.647824823856
0.635996997356
0.649947524071
0.636280059814
0.645521044731
0.653525352478
0.646257936954
0.636489808559
0.642397522926
0.641209125519
0.644109427929
0.639062345028
0.641336500645
0.638784050941
0.635546207428
0.640552103519
0.637671768665
0.645065009594
0.637479066849
0.639003753662
0.639010965824
0.635208010674
0.639833390713
0.648461163044
0.631734907627
0.635053992271
0.640823304653
0.632395744324
0.63432008028
0.632196962833
0.638000547886
0.633073508739
0.633044302464
0.640366256237
0.639378368855
0.632346749306
0.633761644363
0.629133343697
0.638383567333
0.634722471237
0.628615915775
0.630843698978
0.62981903553
0.63274616003
0.631896615028
0.63571369648
0.630198180676
0.633670866489
0.627574265003
0.627499103546
0.631987094879
0.632161676884
0.637030005455
0.630675077438
0.626407802105
0.629200637341
0.627921819687
0.634639263153
0.63541674614
0.639132976532
0.621183753014
0.627937197685
0.632160663605
0.628133416176
0.632077455521
0.627508819103
0.622081875801
0.632380962372
0.627494871616
0.632799088955
0.626080870628
0.630883991718
0.62592113018
0.620988190174
0.617673277855
0.637276947498
0.637453794479
0.631232082844
0.621731102467
0.621871232986
0.625586092472
0.625348269939
0.629906177521
0.618501484394
0.6221960783
0.63612896204
0.626453757286
0.612044274807
0.623519361019
0.619924604893
0.623602986336
0.617080271244
0.617889285088
0.622757256031
0.622338891029
0.624105811119
0.609182953835
0.621322453022
0.620879292488
0.61758428812
0.624413490295
0.615886986256
0.620492517948
0.625288784504
0.614646792412
0.613138437271
0.621094882488
0.6231726408
0.619635283947
0.614768326283
0.621367275715
0.622876822948
0.621721386909
0.616512298584
0.624665498734
0.615942776203
0.620524942875
0.621385335922
0.625392735004
0.622559666634
0.613307356834
0.620044648647
0.623611569405
0.616737008095
0.624368607998
0.614528954029
0.613297939301
0.617318034172
0.615693688393
0.619471609592
0.616945564747
0.621099352837
0.618776917458
0.612189471722
0.610745728016
0.620929062366
0.610241949558
0.617916882038
0.623107671738
0.617365479469
0.617383956909
0.611225545406
0.609023034573
0.617181301117
0.607276916504
0.605418264866
0.613490045071
0.610018312931
0.608402431011
0.610644221306
0.611205220222
0.617040395737
0.608544230461
0.617118239403
0.607147634029
0.616240203381
0.59616112709
0.615358412266
0.603113472462
0.609155595303
0.614112138748
0.602839112282
0.617716252804
0.603764414787
0.600335001945
0.616961956024
0.607401192188
0.611207008362
0.613878250122
0.608449280262
0.597704529762
0.611294686794
0.606460154057
0.614599883556
0.605966567993
0.600600719452
0.603012681007
0.608807265759
0.614682912827
0.594418883324
0.601680576801
0.595386922359
0.612096369267
0.602448701859
0.602908015251
0.611465096474
0.600322127342
0.600576817989
0.6075720191
0.603866398335
0.591146528721
0.617542207241
0.601765751839
0.597535133362
0.60560375452
0.597100138664
0.604770600796
0.605163455009
0.600638508797
0.6067237854
0.601752579212
0.603406131268
0.592444479465
0.601477026939
0.596328735352
0.603335618973
0.595143675804
0.599796056747
0.602279603481
0.589972853661
0.603693962097
0.605030357838
0.596533954144
0.598789811134
0.602533817291
0.600714981556
0.593377888203
0.602219343185
0.607387244701
0.611329138279
0.602726578712
0.600772559643
0.597005903721
0.598962783813
0.601686239243
0.595157384872
0.590912401676
0.602221667767
0.591721236706
0.592977702618
0.595131218433
0.604625880718
0.604344010353
0.596633076668
0.593083322048
0.59823513031
0.588940620422
0.596831798553
0.597583353519
0.599447786808
0.596918106079
0.601273596287
0.605819165707
0.594085752964
0.590667068958
0.589613616467
0.586162745953
0.600464463234
0.595041871071
0.586844682693
0.597813725471
0.593179523945
0.595248162746
0.588052749634
0.595199167728
0.596236944199
0.593081712723
0.591534435749
0.595060944557
0.596990346909
0.589154362679
0.593866944313
0.584446489811
0.587266325951
0.584684848785
0.596538901329
0.593620955944
0.591971874237
0.592803418636
0.599329710007
0.595660686493
0.582812964916
0.588004410267
0.589837133884
0.610229253769
0.589787125587
0.589155733585
0.584451198578
0.591034471989
0.584123909473
0.585836470127
0.594119846821
0.586216032505
0.577780425549
0.577966630459
0.594779610634
0.589258849621
0.590353727341
0.590644836426
0.583735048771
0.581681489944
0.579992413521
0.591423869133
0.575304150581
0.592920660973
0.591081142426
0.588315188885
0.585866689682
0.588280439377
0.582025945187
0.581593453884
0.593253135681
0.57254576683
0.600678801537
0.581336677074
0.58768081665
0.586659193039
0.579662144184
0.575744330883
0.587109863758
0.581564605236
0.592239797115
0.585089325905
0.575461685658
0.575064480305
0.580717682838
0.577584862709
0.594146847725
0.596399068832
0.578236341476
0.586975455284
0.581015586853
0.583993256092
0.590245604515
0.586569309235
0.577871799469
0.583031475544
0.577219247818
0.586098492146
0.577730178833
0.58460444212
0.586035132408
0.577077805996
0.58786636591
0.585864722729
0.585007429123
0.587904036045
0.565751671791
0.576375067234
0.572567403316
0.575311362743
0.593639075756
0.577774882317
0.567513167858
0.576636016369
0.581507444382
0.58051520586
0.579868733883
0.579509139061
0.595962762833
0.58031719923
0.577875673771
0.584207952023
0.588260412216
0.586645007133
0.583268165588
0.577511787415
0.58089017868
0.589690446854
0.574123561382
0.571762442589
0.569543778896
0.57900428772
0.578409790993
0.57734143734
0.581180036068
0.57533633709
0.580484926701
0.569699645042
0.567792057991
0.573945999146
0.582982420921
0.571226000786
0.567528128624
0.572853326797
0.574206590652
0.571018874645
0.579113066196
0.580958306789
0.576122403145
0.575008511543
0.57306188345
0.575890719891
0.577774524689
0.575961649418
0.570932924747
0.58007144928
0.585049510002
0.562143027782
0.57076883316
0.578955590725
0.581309139729
0.569520115852
0.571916520596
0.581732153893
0.577365279198
0.581499934196
0.574916601181
0.572411060333
0.563786864281
0.570205807686
0.578199565411
0.572940587997
0.564585804939
0.564947605133
0.56613612175
0.569964587688
0.573631107807
0.566764891148
0.56348502636
0.568086564541
0.571013689041
0.573513686657
0.566462576389
0.563444018364
0.579692065716
0.562898337841
0.568740904331
0.573242068291
0.578940749168
0.571582376957
0.566043138504
0.575836241245
0.577615380287
0.569209396839
0.565841794014
0.563171327114
0.570716977119
0.567604482174
0.574813842773
0.570907950401
0.568079710007
0.56983101368
0.567205786705
0.577540636063
0.570447027683
0.575304269791
0.580546498299
0.569741725922
0.570569753647
0.568534553051
0.566188037395
0.576267957687
0.572779238224
0.569813132286
0.578824341297
0.571811079979
0.570399820805
0.567593753338
0.569328784943
0.576690614223
0.566813647747
0.567129790783
0.566436052322
0.569451212883
0.570249080658
0.559623301029
0.571966767311
0.563575387001
0.566761016846
0.566298127174
0.56619656086
0.575755476952
0.567225039005
0.55535620451
0.561249494553
0.564535439014
0.548229396343
0.561938524246
0.552813529968
0.567956387997
0.573032796383
0.562602579594
0.578981697559
0.556477844715
0.573043465614
0.563475549221
0.557911396027
0.570141255856
0.563670694828
0.575142025948
0.577341973782
0.562648534775
0.567379117012
0.56452858448
0.569420218468
0.564427018166
0.564886868
0.546333611012
0.565747022629
0.563830137253
0.555843651295
0.56567800045
0.570396780968
0.564000725746
0.564477920532
0.563586235046
0.562378466129
0.556253731251
0.560852766037
0.566696822643
0.56577038765
0.562856197357
0.555119514465
0.564867675304
0.559315443039
0.563708245754
0.558562219143
0.566908836365
0.573529362679
0.568824410439
0.571907043457
0.557536482811
0.562374889851
0.564894378185
0.554785192013
0.566039919853
0.552302062511
0.559474885464
0.559573054314
0.564441561699
0.563055932522
0.550672411919
0.566009759903
0.557323813438
0.568148732185
0.556420087814
0.564625322819
0.564937591553
0.561435520649
0.556233942509
0.551940083504
0.556921184063
0.549188017845
0.536278247833
0.554584980011
0.549872159958
0.551613688469
0.555416703224
0.557737231255
0.557319223881
0.551927864552
0.55785292387
0.553890645504
0.566533923149
0.567439973354
0.558466672897
0.554596424103
0.550431370735
0.557882964611
0.544498443604
0.555009126663
0.547110021114
0.563560247421
0.558929979801
0.557958006859
0.55214202404
0.554029583931
0.55538135767
0.547413766384
0.555666565895
0.555298030376
0.545723736286
0.553635060787
0.540236771107
0.550167560577
0.554163694382
0.56104016304
0.546717226505
0.536155819893
0.535557568073
0.552916407585
0.564555644989
0.546112716198
0.55108577013
0.544876158237
0.544211864471
0.547481119633
0.557100176811
0.549606442451
0.55817514658
0.549552977085
0.543915808201
0.539195120335
0.565287292004
0.561174213886
0.555047929287
0.558892071247
0.542254328728
0.546003341675
0.551031053066
0.550911188126
0.542490065098
0.548856437206
0.55393153429
0.548595845699
0.538804590702
0.545939326286
0.552042961121
0.5462885499
0.542445540428
0.53929412365
0.549535214901
0.550455152988
0.549522340298
0.555067420006
0.554815471172
0.550168693066
0.548716366291
0.548883974552
0.546486437321
0.553889095783
0.545290410519
0.545267760754
0.535866498947
0.547291636467
0.540671229362
0.544241845608
0.546616196632
0.550124108791
0.544946193695
0.545493960381
0.551750302315
0.544884204865
0.546404957771
0.553808808327
0.534741282463
0.552426576614
0.540880382061
0.536795020103
0.537935256958
0.543176233768
0.549855351448
0.542150080204
0.536888122559
0.5437707901
0.538300812244
0.546780109406
0.550169765949
0.55877584219
0.548611044884
0.543585419655
0.543089210987
0.549597144127
0.543959021568
0.538193285465
0.545792937279
0.539711534977
0.528796553612
0.535755574703
0.539885878563
0.549715161324
0.547361910343
0.543874979019
0.54025799036
0.535453557968
0.539420962334
0.537037014961
0.550092756748
0.539549171925
0.538836061954
0.548691809177
0.542289495468
0.534955739975
0.536375641823
0.546734750271
0.546600103378
0.547655761242
0.546177089214
0.555559933186
0.539224565029
0.543052792549
0.53008300066
0.534003853798
0.527665495872
0.549153804779
0.528220415115
0.534372270107
0.543625295162
0.549904763699
0.542084217072
0.542769491673
0.540418624878
0.544543147087
0.531550586224
0.544852018356
