0.75158059597
0.719741463661
0.724541723728
0.714795351028
0.700941860676
0.690401554108
0.682518482208
0.683478653431
0.682321608067
0.682416141033
0.678155362606
0.689250648022
0.685679018497
0.671420514584
0.680117428303
0.673536062241
0.677637457848
0.666647136211
0.670680046082
0.663410663605
0.65585321188
0.661228179932
0.672983884811
0.657375335693
0.652798712254
0.65331274271
0.642161428928
0.645770311356
0.636688351631
0.645964086056
0.634633481503
0.643644750118
0.635877430439
0.638595283031
0.636651933193
0.622334778309
0.621379256248
0.638005554676
0.630600869656
0.608499586582
0.603367805481
0.630469322205
0.631684541702
0.632597744465
0.617348790169
0.614336311817
0.597427546978
0.601225674152
0.598686754704
0.599407315254
