0.874322831631
0.846874415874
0.884666502476
0.853842556477
0.837282955647
0.821853876114
0.816665112972
0.835501551628
0.800387918949
0.791950047016
0.803395032883
0.770622968674
0.786997973919
0.780022442341
0.758912622929
0.768726050854
0.748473286629
0.733295440674
0.742568910122
0.725394427776
0.730658471584
0.731199979782
0.709033370018
0.725701510906
0.724724054337
0.734231173992
0.720353662968
0.712536334991
0.698555111885
0.719951510429
0.697416901588
0.687706947327
0.703210294247
0.703341662884
0.696415126324
0.691642522812
0.70616877079
0.685674309731
0.685322403908
0.68350058794
0.688510894775
0.679772377014
0.672798931599
0.688596248627
0.67083799839
0.678578495979
0.681155622005
0.67156535387
0.67839640379
0.660918653011
0.668148875237
0.666539490223
0.672532320023
0.667576014996
0.658504724503
0.666468918324
0.664803981781
0.660009622574
0.661895155907
0.672404646873
0.659280776978
0.660213887691
0.655790925026
0.656841218472
0.660982608795
0.654831469059
0.657677650452
0.651744246483
0.646607458591
0.654759824276
0.650186538696
0.655950605869
0.662405312061
0.658908903599
0.645415663719
0.655243575573
0.647025823593
0.639082729816
0.646996796131
0.646190941334
0.651880204678
0.639249563217
0.645620942116
0.637068688869
0.653458476067
0.635369718075
0.650391459465
0.645241200924
0.633219778538
0.637423992157
0.644080102444
0.63489317894
0.635018527508
0.630226671696
0.640602946281
0.637629151344
0.63933300972
0.627426981926
0.629556775093
0.62934243679
0.638419568539
0.623118102551
0.632229685783
0.635182023048
0.640878677368
0.630091607571
0.641983389854
0.634840905666
0.627337872982
0.625553786755
0.636438786983
0.62543708086
0.630369782448
0.633697628975
0.624281823635
0.631174683571
0.617294192314
0.625893115997
0.627619743347
0.622361183167
0.626740455627
0.62833327055
0.624189376831
0.616995453835
0.617055654526
0.62331289053
0.623911559582
0.617054402828
0.619905948639
0.611442506313
0.617516517639
0.629033386707
0.610666513443
0.611991405487
0.62172049284
0.608450710773
0.605463624001
0.614414036274
0.608608543873
0.620308637619
0.602942407131
0.621708512306
0.621402323246
0.602354168892
0.612919569016
0.606776893139
0.613811373711
0.607809245586
0.613939881325
0.597110748291
0.607938110828
0.607323944569
0.606705129147
0.607563555241
0.608968019485
0.600353598595
0.606874108315
0.602220594883
0.618624269962
0.614605724812
0.618506669998
0.599238097668
0.600054621696
0.606174230576
0.59961271286
0.599864542484
0.608767688274
0.596057891846
0.602109789848
0.597460448742
0.593883514404
0.611259818077
0.603683173656
0.603404819965
0.600599646568
0.605792760849
0.595116078854
0.590936362743
0.601236283779
0.606967329979
0.598784804344
0.591359376907
0.596086204052
0.596908867359
0.592804551125
0.602512478828
0.582122087479
0.593875706196
0.58069062233
0.593426823616
0.599794209003
0.5930159688
0.603081941605
0.58890491724
0.592892110348
0.595372915268
0.582938849926
0.600205481052
0.583024978638
0.591837048531
0.596713125706
0.589060783386
0.598839044571
0.5895870924
0.580914139748
0.592682421207
0.59074485302
0.595754683018
0.586670339108
0.582913935184
0.599096238613
0.585311770439
0.583998143673
0.589085638523
0.588076174259
0.604203820229
0.589167058468
0.58188188076
0.578991472721
0.577561318874
0.574421644211
0.588165640831
0.578197538853
0.57584810257
0.583337306976
0.583547949791
0.576253175735
0.576890170574
0.578466713428
0.576560556889
0.581076741219
0.577494502068
0.568672060966
0.581463694572
0.5748077631
0.569958329201
0.575788676739
0.582063138485
0.57215076685
0.568538486958
0.572783112526
0.57496958971
0.575355410576
0.567602217197
0.573888421059
0.570902764797
0.576933324337
0.57295614481
0.561471045017
0.564704358578
0.581267178059
0.563581049442
0.564483702183
0.567268311977
0.575898110867
0.577865064144
0.560290813446
0.570772111416
0.570383369923
0.567398428917
0.562271356583
0.558794021606
0.561684787273
0.563168287277
0.558167695999
0.568047583103
0.560874044895
0.569996058941
0.579233884811
0.557745873928
0.56191265583
0.562445759773
0.561924755573
0.569907665253
0.559222102165
0.568338513374
0.562818229198
0.566064536572
0.559330642223
0.556305348873
0.56334066391
0.559346079826
0.538178145885
0.550400316715
0.561527967453
0.558939993382
0.549662351608
0.545066058636
0.556310892105
0.562523603439
0.571492910385
0.554542303085
0.555495381355
0.566705882549
0.554027736187
0.570153295994
0.546888768673
0.558044970036
0.553291082382
0.557675600052
0.544527173042
0.561099767685
0.544800698757
0.557236969471
0.552973091602
0.55944108963
0.552452862263
0.531868517399
0.553438305855
0.551057159901
0.557389616966
0.551255226135
0.542324662209
0.553176820278
0.541922569275
0.54630959034
0.548962295055
0.551178514957
0.545478582382
0.554824411869
0.540685772896
0.547865331173
0.55435603857
0.548909008503
0.539046704769
0.544220328331
0.549723207951
0.544342398643
0.538422465324
0.538772344589
0.552361190319
0.554435193539
0.54211461544
0.555877387524
0.544333100319
0.550644338131
0.546375572681
0.549214482307
0.534795463085
0.548191547394
0.542844355106
0.539839446545
0.547123908997
0.553971767426
0.560705840588
0.548681795597
0.541369020939
0.540837168694
0.526097893715
0.529641985893
0.533494055271
0.530740499496
0.541865170002
0.539231777191
0.541076898575
0.552229106426
0.534856677055
0.541332662106
0.553423166275
0.535069227219
0.529769659042
0.542763292789
0.528595983982
0.532233059406
0.54279333353
0.527813255787
0.535270273685
0.538592517376
0.546346724033
0.526439487934
0.543261706829
0.541982769966
0.534091770649
0.527926266193
0.538160800934
0.537974774837
0.532123565674
0.527517199516
0.534344315529
0.52932792902
0.53570151329
0.538561761379
0.536235690117
0.536541879177
0.528943300247
0.552143871784
0.521754920483
0.534617960453
0.53617566824
0.537161052227
0.52013361454
0.528502702713
0.530891537666
0.532823562622
0.541563928127
0.530595958233
0.522674679756
0.540332615376
0.534002959728
0.531330823898
0.529551208019
0.528214752674
0.524688124657
0.523944020271
0.523329734802
0.530462563038
0.547587931156
0.525093793869
0.541028380394
0.546920120716
0.52058160305
0.544651329517
0.523501217365
0.535818994045
0.527998387814
0.530387759209
0.530755996704
0.547984600067
0.532195270061
0.518656015396
0.525412201881
0.528712511063
0.519584417343
0.525202810764
0.536792039871
0.528529524803
0.535861670971
0.532193958759
0.534876704216
0.517630159855
0.529298365116
0.524149358273
0.528924107552
0.530164062977
0.527235805988
0.522645950317
0.532093942165
0.521781384945
0.517263174057
0.535151481628
0.529583334923
0.523748874664
0.526537775993
0.522513866425
0.525094926357
0.527960598469
0.521077990532
0.536012887955
0.525138914585
0.525528967381
0.524610996246
0.536027431488
0.523708462715
0.526246547699
0.525578200817
0.526760280132
0.530358016491
0.529664039612
0.521594583988
0.523058712482
0.520491600037
0.531658887863
0.513372778893
0.527564883232
0.522468805313
0.512808442116
0.534383714199
0.530118763447
0.536900997162
0.528252065182
0.541625440121
0.515528142452
0.523891866207
0.51827865839
0.515589177608
0.527672469616
0.513772964478
0.530470192432
0.523283839226
0.520415842533
0.521473646164
0.512707591057
0.521849155426
0.53657323122
0.521925091743
0.527745068073
0.528516352177
0.51782053709
0.522362112999
0.523794233799
0.521808326244
0.526257038116
0.5164270401
0.525378167629
0.511936903
0.529478549957
0.530036687851
0.513882160187
0.515055239201
0.52929854393
