1.18640398979
1.19699203968
0.9776070714
1.07346916199
1.079169631
0.982920408249
1.03669643402
0.966971814632
0.928652107716
0.817453503609
0.802099883556
0.814872920513
0.788834452629
0.831711769104
0.795180916786
0.742941975594
0.809647738934
0.804861545563
0.723380923271
0.724782645702
0.813584685326
0.727219164371
0.78783762455
0.767945885658
0.829977989197
0.702434062958
0.766686320305
0.748413801193
0.737887322903
0.71519356966
0.707091391087
0.725438117981
0.708125889301
0.697490572929
0.788633644581
0.726199090481
0.673462808132
0.677368402481
0.75436770916
0.663603127003
0.716085135937
0.719309151173
0.695257425308
0.698020279408
0.721403777599
0.676163077354
0.711685836315
0.699213087559
0.666655063629
0.707747995853
0.737713754177
0.740804255009
0.683210551739
0.718854784966
0.662533998489
0.71311211586
0.693507790565
0.671618938446
0.732614636421
0.729154586792
0.700154662132
0.697271287441
0.704368233681
0.68781632185
0.694364964962
0.69825977087
0.682878017426
0.66181486845
0.710415005684
0.669144630432
0.664156675339
0.656262755394
0.690689980984
0.671956598759
0.670592963696
0.690492630005
0.67586016655
0.652216911316
0.694101452827
0.651916086674
0.650816261768
0.665793538094
0.69511371851
0.682351768017
0.682488262653
0.673871695995
0.656796276569
0.689324080944
0.688161313534
0.696731209755
0.686479508877
0.729309678078
0.652687191963
0.694031476974
0.654401779175
0.649454951286
0.658752143383
0.690112829208
0.675834238529
0.680342793465
