0.676601052284
0.675321757793
0.666539490223
0.666246533394
0.656663775444
0.657664954662
0.652061343193
0.649286091328
0.645290493965
0.636525988579
0.635773301125
0.637336671352
0.637775540352
0.627357423306
0.626545250416
0.625690758228
0.613707363605
0.623562157154
0.612988650799
0.612846910954
0.604402065277
0.607321083546
0.604440808296
0.597874164581
0.609910607338
0.601820349693
0.597645640373
0.597013115883
0.591276168823
0.589418530464
0.587500214577
0.576771259308
0.580388784409
0.582427024841
0.588132321835
0.578354001045
0.58110678196
0.571173965931
0.575109958649
0.581052541733
0.575551390648
0.583472907543
0.569836497307
0.566096961498
0.572138786316
0.574220895767
0.571444451809
0.562006354332
0.560821950436
0.564938724041
0.548058509827
0.56661939621
0.557015120983
0.560916483402
0.555512845516
0.550805926323
0.537278234959
0.556006908417
0.54321283102
0.551037311554
0.547960817814
0.544871509075
0.54888355732
0.555937409401
0.5334623456
0.533210515976
0.541781306267
0.545218884945
0.537432551384
0.528562128544
0.551424264908
0.523560762405
0.538172721863
0.52987831831
0.527504980564
0.527764678001
0.53018528223
0.52999651432
0.526777148247
0.514839053154
0.525846838951
0.508379518986
0.523885607719
0.522022247314
0.52034252882
0.505232989788
0.508172869682
0.516068637371
0.512858450413
0.525080442429
0.532438695431
0.507676064968
0.511912286282
0.504818379879
0.514757692814
0.496888756752
0.498657643795
0.507056355476
0.495694756508
0.486232489347
0.48730930686
0.500395894051
0.476905405521
0.495645850897
0.470720171928
0.500436425209
0.490489631891
0.48033323884
0.491542875767
0.47922757268
0.493014782667
0.497433394194
0.4879142344
0.481227397919
0.482446849346
0.467542767525
0.481788635254
0.473439782858
0.484139949083
0.476704180241
0.452021420002
0.484603404999
0.476327210665
0.468830913305
0.468799471855
0.474135428667
0.46168589592
0.458659768105
0.466264873743
0.459637314081
0.465949207544
0.464618355036
0.452102929354
0.457486867905
0.448901176453
0.451439261436
0.453531205654
0.453020423651
0.460765361786
0.450001329184
0.452579885721
0.443233281374
0.453766644001
0.449971407652
0.4451623559
0.4488312006
0.452020555735
0.445487529039
0.4483268857
0.428585112095
0.444536834955
0.427157700062
0.4423186481
0.434559047222
0.439257800579
0.433329254389
0.430628061295
0.432820528746
0.426233738661
0.43461343646
0.430483400822
0.443982750177
0.425163835287
0.421960324049
0.414249539375
0.422371536493
0.424251586199
0.424753814936
0.426342397928
0.409217864275
0.431262910366
0.426462352276
0.407730400562
0.416320860386
0.423408985138
0.413680106401
0.412108123302
0.396164983511
0.412376612425
0.427733659744
0.400151371956
0.409056991339
0.398904889822
0.400321990252
0.408035695553
0.419158667326
0.396230250597
0.402796000242
0.401996821165
0.403949171305
0.405486941338
0.39709097147
0.383545637131
0.400553673506
0.38685387373
0.394376754761
0.393197417259
0.410294830799
0.399598628283
0.40603941679
0.370850533247
0.38735216856
0.393070608377
0.405147463083
0.388565957546
0.4027312994
0.385145783424
0.375172913074
0.373430997133
0.393929898739
0.390739649534
0.402530580759
0.38010725379
0.38267159462
0.379569351673
0.375664323568
0.382140368223
0.39158526063
0.407747268677
0.373200625181
0.367975562811
0.377354323864
0.372226923704
0.364817798138
0.381634324789
0.385928273201
0.363439500332
0.359319210052
0.37922090292
0.372094839811
0.374974220991
0.362513840199
0.354310631752
0.373169600964
0.374984592199
0.368336647749
0.371426850557
0.351859033108
0.372088164091
0.348309189081
0.382571786642
0.357640594244
0.369204968214
0.371403127909
0.374650150537
0.344469606876
0.376431792974
0.367334276438
0.342427581549
0.374907195568
0.369290053844
0.350672960281
0.361517369747
0.385820418596
0.364273071289
0.339903444052
0.34777456522
0.362658500671
0.373790621758
0.329408049583
0.348452687263
0.343537151814
0.367468476295
0.342771023512
0.338324487209
0.360484302044
0.371386408806
0.382414460182
0.37184497714
0.339302629232
0.346116572618
0.3534912467
0.341174721718
0.332807809114
0.327170759439
0.334946930408
0.347386658192
0.351469904184
0.349862486124
0.330687254667
0.347134262323
0.358485460281
0.374511152506
0.348395079374
0.362160772085
0.347977459431
0.330552846193
0.363139122725
0.353152006865
0.35965013504
0.354604512453
0.333900749683
0.334989398718
0.317389041185
0.332716137171
0.379321396351
0.338191896677
0.347990751266
0.349044680595
0.34817263484
0.352804303169
0.337644696236
0.342785805464
0.32747143507
0.344832330942
0.329634517431
0.300873816013
0.332061052322
0.335881501436
0.344032108784
0.354121625423
0.318388849497
0.318157166243
0.304366469383
0.345136553049
0.333996802568
0.326588392258
0.319262951612
0.346871882677
0.331615626812
0.346525460482
0.3103543818
0.306791454554
0.345528841019
0.31836271286
0.338718295097
0.351683080196
0.309884041548
0.339035362005
0.310604780912
0.316993832588
0.292853087187
0.295219600201
0.344712615013
0.317309558392
0.316043764353
0.309347599745
0.331237912178
0.347281634808
0.343503206968
0.300322085619
0.301462322474
0.307487517595
0.33681461215
0.3203561306
0.308451414108
0.297699302435
0.304243594408
0.323259800673
0.303456515074
0.355360329151
0.316650748253
0.3016692698
0.323031008244
0.319371849298
0.298542588949
0.314084708691
0.315648585558
0.281307071447
0.310039043427
0.307265430689
0.313231378794
0.28418135643
0.319493293762
0.313837409019
0.300546765327
0.286013692617
0.275254011154
0.316969513893
0.302230507135
0.290425777435
0.281362324953
0.282495886087
0.324440509081
0.278309464455
0.272852480412
0.295951038599
0.265390068293
0.282205045223
0.264277368784
0.267776846886
0.306735783815
0.302994847298
0.284778177738
0.283150136471
0.307119548321
0.300165742636
0.268569290638
0.278997182846
0.281644463539
0.274994671345
0.275653034449
0.344729572535
0.281279236078
0.278539419174
0.300657957792
0.278307646513
0.288746744394
0.264916419983
0.325024306774
0.296571195126
0.310550928116
0.278232723475
0.271781414747
0.270445168018
0.250081717968
0.270359605551
0.289459615946
0.291980922222
0.281046003103
0.300216287374
0.281984269619
0.271422624588
0.288795560598
0.258737504482
0.283492684364
0.278582006693
0.260874867439
0.272143065929
0.260924935341
0.284151524305
0.280809760094
0.282767057419
0.266854703426
0.278012365103
0.320421397686
0.269873797894
0.279828608036
0.247273311019
0.246368467808
0.299191772938
0.278353571892
0.278525024652
0.26883777976
0.268964707851
0.274276256561
0.263240933418
0.260409474373
0.280771493912
0.2680747509
0.26614010334
0.269581466913
0.278553545475
0.297982633114
0.280388712883
0.280367463827
0.265880018473
0.26463881135
0.265048950911
0.265899389982
0.299602866173
0.287583202124
0.252142399549
0.274529457092
0.258422702551
0.261120408773
0.252794921398
0.284919381142
0.265816152096
0.260669440031
0.267775505781
0.26574626565
0.26729336381
0.279159784317
0.281630218029
0.2808765769
0.249421834946
0.2428522259
0.24809370935
0.266341686249
0.316427797079
0.261174708605
0.262674003839
0.242267638445
0.275888234377
0.295803695917
0.261873334646
0.26459774375
0.267183154821
0.262420356274
0.283947885036
0.261862874031
0.235163092613
0.310577094555
0.254228889942
0.276751697063
0.251640886068
0.263205051422
0.261174380779
0.293192654848
0.263926595449
0.259919404984
0.252621680498
0.289902508259
0.257429182529
0.263544172049
0.269269198179
0.254117161036
0.27537381649
0.269681721926
0.263175606728
0.256872236729
0.261522889137
0.243639841676
0.217427298427
0.237782970071
0.26379314065
0.24959847331
0.25939270854
0.266517847776
0.236208721995
0.265188366175
0.294145226479
0.249480292201
0.272496044636
0.282986402512
0.245860621333
0.258888870478
0.261772364378
0.261286020279
0.260325729847
0.247261077166
0.299324840307
0.270078271627
0.235033005476
0.241869017482
0.272363454103
0.245874226093
0.252297252417
0.265589416027
0.260092377663
0.272181153297
0.286416113377
0.25236839056
0.271000862122
0.249137744308
0.286789596081
0.2567255795
0.28349173069
0.272138059139
0.261016756296
0.275620788336
0.248110681772
0.265086054802
0.219138488173
0.244728967547
0.288490980864
0.232897594571
0.250250786543
0.28196901083
0.258044809103
0.263737857342
0.293657869101
0.27323231101
0.222796723247
0.270683050156
0.269306600094
0.266195058823
0.226626068354
0.281538754702
0.225528359413
0.278518468142
0.261512190104
0.271878898144
0.253775328398
0.262601882219
0.25863045454
0.279978066683
0.231816843152
0.24267219007
0.274755716324
0.24655751884
0.266218960285
0.231201693416
0.253576040268
0.239287480712
0.243732124567
0.25415122509
0.240207314491
0.231240540743
0.288170367479
0.24419221282
0.229940876365
0.284152179956
0.27627274394
0.227517426014
0.277544975281
0.239876464009
0.282589793205
0.251505941153
0.236879914999
0.230416491628
0.284490674734
0.253619432449
0.220076441765
0.227069750428
0.25540292263
0.229007422924
0.233805194497
0.221330806613
0.258872061968
0.248176440597
0.24633552134
0.232531398535
0.264789372683
0.251387387514
0.257267773151
0.242617383599
0.269596368074
0.223767846823
0.245350912213
0.273472011089
0.240673616529
0.246456205845
0.304843038321
0.233711272478
0.235586076975
0.245350763202
0.242468416691
0.232029467821
0.244637235999
0.224596709013
0.237571880221
0.264229893684
0.253761470318
0.239199116826
0.239314585924
0.253626972437
0.208127647638
0.228086858988
0.227287515998
0.267658293247
0.228759676218
0.260558336973
0.227916613221
0.255752593279
0.22550034523
0.269584655762
0.252481907606
0.250019609928
0.22280305624
0.211512520909
0.213492438197
0.245993763208
0.255414009094
0.231478899717
0.226835072041
0.26232111454
0.219779714942
0.242763444781
0.236736059189
0.261824011803
0.24544018507
0.288087368011
0.260378152132
0.248256787658
0.245756953955
0.201174795628
0.256128519773
0.255436807871
0.261470496655
0.266052216291
0.276639968157
0.254668831825
0.215374141932
0.215078413486
0.244374364614
0.26193061471
0.247284546494
0.237170577049
0.25273245573
0.251225918531
0.266939461231
0.225394904613
0.253149688244
0.266222000122
0.234007611871
0.265793591738
0.231746077538
0.205080956221
0.262276470661
0.23984323442
0.226167142391
0.238425895572
0.247861891985
0.231999501586
0.227385893464
0.211553156376
0.238592982292
0.252383083105
0.232282534242
0.218743547797
0.282516360283
0.258684873581
0.226583361626
0.236072435975
0.23933134973
0.232645079494
0.218908339739
0.263092875481
0.239279851317
0.25347840786
0.233224034309
0.22938118875
0.214194476604
0.238109514117
0.273972153664
0.222609728575
0.259780079126
0.2569860816
0.243126392365
0.258970171213
0.236677199602
0.262451887131
0.228270277381
0.225574031472
0.24131308496
0.217172220349
0.225035727024
0.225833147764
0.248737171292
0.230619862676
0.21587176621
0.223939165473
0.250561863184
0.237701401114
0.243131682277
0.244527950883
0.217888697982
0.273855030537
0.230960145593
0.23699337244
0.2120706141
0.216345384717
0.226322114468
0.269595324993
0.252205342054
0.241368368268
0.249605342746
0.262011915445
0.250270664692
0.26636531949
0.240239009261
0.212083622813
0.239232107997
0.226427510381
0.228766292334
0.308214634657
0.241290792823
0.27027541399
0.212893977761
0.263653159142
0.233808606863
0.244865998626
0.244903773069
0.277313649654
0.230339065194
0.256478488445
0.255130171776
0.229981958866
0.242463588715
0.204233214259
0.219319686294
0.245291396976
0.208950936794
0.234364688396
0.236891970038
0.21282479167
0.278807342052
0.219643384218
0.231644645333
0.230319648981
0.243499517441
0.244206249714
0.228382855654
0.269853532314
0.232284769416
0.242353633046
0.214572995901
0.218613401055
0.219962596893
0.251798808575
0.235865876079
0.236191391945
0.216115862131
0.228720247746
0.223849490285
0.237579733133
0.260290831327
0.235768124461
0.213549643755
0.229716494679
0.252196699381
0.241317495704
0.230548635125
0.240057006478
0.214827269316
0.219551742077
0.227928772569
0.254691779613
