0.690845191479
0.694654226303
0.681681931019
0.685509204865
0.68363648653
0.68239736557
0.690794110298
0.699555933475
0.700357139111
0.688149333
0.687467932701
0.703731179237
0.686795592308
0.678475439548
0.675941824913
0.677973210812
0.684035420418
0.673631191254
0.690782368183
0.680102825165
0.679607093334
0.679630458355
0.681430697441
0.670629441738
0.693125367165
0.701129734516
0.664322555065
0.683459162712
0.678675055504
0.683004021645
0.675028264523
0.689774870872
0.660442531109
0.681981921196
0.690527498722
0.68250387907
0.669464468956
0.668361902237
0.677204489708
0.678598701954
0.661660254002
0.683007955551
0.670211732388
0.667843937874
0.688304185867
0.671986341476
0.678716242313
0.689332008362
0.664594173431
0.679778695107
0.670671164989
0.675722062588
0.656295359135
0.672764182091
0.682411015034
0.6639508605
0.667964220047
0.671364367008
0.676468253136
0.653482139111
0.671524405479
0.6768861413
0.662795782089
0.673795163631
0.659225821495
0.669894039631
0.673488914967
0.667849421501
0.665218472481
0.672818958759
0.663133859634
0.663347065449
0.6622646451
0.671857357025
0.660849690437
0.662047624588
0.661113381386
0.671791613102
0.660652577877
0.661226689816
0.658762931824
0.673277497292
0.673363089561
0.678415894508
0.6576821208
0.661284804344
0.680472075939
0.663069844246
0.663618266582
0.661666989326
0.658931136131
0.671947896481
0.659008026123
0.66593503952
0.660670518875
0.659813284874
0.654315173626
0.673783481121
0.667798280716
0.65791285038
0.656213223934
0.656087458134
0.657392203808
0.657339692116
0.66266387701
0.655771493912
0.654382348061
0.657227993011
0.656756341457
0.672983467579
0.666515648365
0.656715631485
0.656227052212
0.652827560902
0.652053415775
0.654774427414
0.65859746933
0.655859231949
0.654646098614
0.649874508381
0.663903236389
0.66019910574
0.654059827328
0.659139633179
0.660971224308
0.663451135159
0.666237831116
0.659236311913
0.646526277065
0.664683818817
0.651318788528
0.649080395699
0.657826423645
0.653210878372
0.652113139629
0.658802390099
0.666887104511
0.663123309612
0.648783922195
0.653711855412
0.662578761578
0.65656799078
0.653598070145
0.656829237938
0.641947388649
0.652618706226
0.64825373888
0.640797376633
0.645806133747
0.646301150322
0.658793509007
0.660619735718
0.655511021614
0.651347517967
0.638991653919
0.649045825005
0.641970098019
0.650973856449
0.655513286591
0.646962702274
0.647914409637
0.642207920551
0.651861846447
0.655020833015
0.638473153114
0.639305055141
0.641716659069
0.652794241905
0.641350626945
0.647584795952
0.638948440552
0.652140676975
0.642155051231
0.650823354721
0.651632606983
0.645370423794
0.632889389992
0.647489666939
0.653427958488
0.651041090488
0.651759147644
0.636790335178
0.656198203564
0.640022218227
0.648974180222
0.644846081734
0.640331268311
0.645103216171
0.632485985756
0.643191576004
0.643748223782
0.638875544071
0.655886471272
0.639534413815
0.64273172617
0.630066514015
0.639560103416
0.641512095928
0.640089929104
0.649632453918
0.652635514736
0.635781705379
0.633944928646
0.643939733505
0.642459630966
0.643105387688
0.642520189285
0.633043110371
0.639301657677
0.649427115917
0.638463616371
0.641144692898
0.636541128159
0.640764474869
0.642652392387
0.631985425949
0.642293810844
0.641864776611
0.634135127068
0.642284929752
0.632756054401
0.632345378399
0.637019753456
0.643405079842
0.643020689487
0.628003358841
0.638865768909
0.635040700436
0.635427355766
0.634455025196
0.631383359432
0.634502708912
0.650890469551
0.635682761669
0.638426423073
0.648853302002
0.634258687496
0.63058000803
0.629654884338
0.63532269001
0.640039801598
0.637582540512
0.640481889248
0.630188643932
0.632275998592
0.626671910286
0.648791074753
0.631069362164
0.634461760521
0.630776762962
0.640521705151
0.626167118549
0.627563893795
0.632626354694
0.635537028313
0.633130013943
0.633720219135
0.623638749123
0.636411368847
0.62940043211
0.631197869778
0.636249363422
0.638765215874
0.633135616779
0.622775912285
0.628085970879
0.619885444641
0.632001101971
0.629185795784
0.631026804447
0.627347230911
0.629966557026
0.635845661163
0.636502087116
0.632177829742
0.640550613403
0.632316708565
0.62913775444
0.639922499657
0.631949424744
0.631578326225
0.624905943871
0.632365107536
0.622527420521
0.629422426224
0.631720781326
0.637535154819
0.628132462502
0.628492116928
0.625720202923
0.637844324112
0.63505423069
0.626378953457
0.628394961357
0.622606933117
0.635887026787
0.621448636055
0.635599792004
0.615527510643
0.6326572299
0.63637137413
0.63171428442
0.62670725584
0.62674677372
0.622151434422
0.621003806591
0.628508806229
0.630142271519
0.625648081303
0.62502682209
0.628565371037
0.622645497322
0.627529144287
0.625333368778
0.623655796051
0.615750312805
0.621722757816
0.629484176636
0.618895828724
0.625567317009
0.619552373886
0.623433351517
0.622051179409
0.613728582859
0.612073898315
0.633816480637
0.616730630398
0.625651359558
0.621808111668
0.620339751244
0.62084954977
0.618844389915
0.617050290108
0.619272232056
0.619568407536
0.628203690052
0.627849876881
0.609578609467
0.616931736469
0.620119094849
0.631010770798
0.620708286762
0.625357925892
0.615338563919
0.615753948689
0.61944770813
0.618065416813
0.618046104908
0.615726590157
0.617297947407
0.616160690784
0.62667965889
0.62101405859
0.616824686527
0.614444434643
0.612951159477
0.611384749413
0.619529008865
0.609831750393
0.61561435461
0.618379533291
0.616376757622
0.610475540161
0.624691843987
0.612071096897
0.606561601162
0.629982709885
0.625017404556
0.614214599133
0.639599919319
0.611298263073
0.614862561226
0.622107207775
0.61428374052
0.616168141365
0.624579310417
0.618175208569
0.613829910755
0.612906038761
0.606778681278
0.614861011505
0.609500646591
0.617959082127
0.607283592224
0.610677182674
0.61410343647
0.608767330647
0.613158047199
0.620239198208
0.607214152813
0.60925090313
0.603782534599
0.609554052353
0.613804042339
0.606039345264
0.608651041985
0.611607670784
0.614500522614
0.619697928429
0.611695587635
0.606481611729
0.614618003368
0.61784350872
0.607889473438
0.608817577362
0.611663937569
0.617094695568
0.599060714245
0.621716737747
0.60649895668
0.615961492062
0.618494451046
0.607321739197
0.629216730595
0.611392259598
0.610695064068
0.607316851616
0.606027901173
0.608944475651
0.603292346001
0.617022812366
0.616847097874
0.618115842342
0.617002606392
0.607641160488
0.619105696678
0.613311648369
0.612105727196
0.610471725464
0.619863450527
0.619406700134
0.610366821289
0.607214689255
0.604420483112
0.608707308769
0.614796340466
0.604663908482
0.621704220772
0.616645872593
0.612502157688
0.614047408104
0.619082450867
0.612732648849
0.612643301487
0.6177085042
0.611286222935
0.617693662643
0.611061215401
0.60573720932
0.609446167946
0.613346397877
0.611310243607
0.618413805962
0.611555933952
0.604008615017
0.614390194416
0.611434042454
0.612743258476
0.599759936333
0.617307424545
0.611352860928
0.611519932747
0.621188998222
0.608683347702
0.609922945499
0.612206935883
0.616588175297
0.618612766266
0.614940166473
0.612419068813
0.613239645958
0.615233719349
0.602488458157
0.610734522343
0.602176845074
0.614563643932
0.608344197273
0.607292413712
0.619028449059
0.614855706692
0.619304060936
0.613240599632
0.616384804249
0.617105484009
0.612762033939
0.622229993343
0.596316814423
0.60906046629
0.610034763813
0.609347462654
0.60024946928
0.611181855202
0.622670590878
0.606345176697
0.615818023682
0.617263376713
0.614802598953
0.619513034821
0.612977921963
0.609004974365
