0.665992677212
0.621166706085
0.590244412422
0.559864401817
0.547424614429
0.519479990005
0.506930649281
0.488777011633
0.476357609034
0.471354722977
0.487524688244
0.437575250864
0.421589821577
0.415024667978
0.39132001996
0.388533771038
0.380139827728
0.373965710402
0.359577745199
0.361173450947
0.351809978485
0.343480169773
0.325981855392
0.323018103838
0.305615752935
0.303377538919
0.311654895544
0.281847387552
0.282672017813
0.269214302301
0.283834159374
0.281952649355
0.253644794226
0.230006694794
0.226210042834
0.247539922595
0.23258498311
0.231954813004
0.214289516211
0.19302071631
0.202797085047
0.213414594531
0.178610250354
0.217764958739
0.156178623438
0.172806739807
0.173619121313
0.151720523834
0.151908412576
0.134819641709
0.116586886346
0.135245963931
0.140890955925
0.121015809476
0.103339545429
0.121982455254
0.133145898581
0.134429052472
0.114532321692
0.106801457703
0.101404048502
0.0909307226539
0.0989087745547
0.100095570087
0.0830833092332
0.0762939527631
0.0974243059754
0.0832260772586
0.0953062921762
0.105889827013
0.0746420025826
0.086446352303
0.103950321674
0.0576075129211
0.0681155994534
0.112089581788
0.0537116080523
0.0763414725661
0.0945526957512
0.0846347883344
0.0476891435683
0.082908667624
0.0490018837154
0.0992189571261
0.0676411017776
0.0661680623889
0.0555626749992
0.0520265735686
0.0560972392559
0.0787838697433
0.0593686066568
0.072114340961
0.0464749224484
0.0742287784815
0.0461000688374
0.0400553531945
0.0343298949301
0.0886670053005
0.0900679454207
0.0582637749612
0.0754326879978
0.0547371059656
0.0404843948781
0.0366328246891
0.0361055992544
0.0642963349819
0.0523237138987
0.0320247747004
0.0290897600353
0.0771862268448
0.0485810898244
0.0356439016759
0.0566111691296
0.0278046652675
0.0409664325416
0.0270221531391
0.0507050491869
0.0474237725139
0.0539625361562
0.0744803473353
0.0659477114677
0.029522927478
0.0422149188817
0.0451788604259
0.0483328551054
0.0741590708494
0.0324883200228
0.0408626236022
0.0273061003536
0.0275325682014
0.060203127563
0.018908187747
0.0276579074562
0.0391828007996
0.0677334591746
0.0360758826137
0.0375161133707
0.0319663248956
0.0391537360847
0.0242819786072
0.04084347561
0.0321399122477
0.0336477868259
0.044044688344
0.0179113801569
0.0226746723056
0.0205679703504
0.0295785162598
0.0582670941949
0.0404228195548
0.0180157423019
0.0221258886158
0.0208010748029
0.0336277484894
0.0397386327386
0.0264914818108
0.0233530625701
0.0352757312357
0.0521635971963
0.0207602437586
0.0217958372086
0.0257007479668
0.0295851249248
0.0205122716725
0.0357990153134
0.0412755981088
0.00955860130489
0.02736065723
0.0647704228759
0.0264358818531
0.0251983180642
0.0304919816554
0.0270464159548
0.0345282778144
0.0549815669656
0.0405308827758
0.0142851145938
0.0334322080016
0.0196642279625
0.0222124569118
0.0299708247185
0.0335108861327
0.0173149928451
0.00746551854536
0.0286363624036
0.0265751481056
0.0301671009511
0.0114930840209
0.0265637841076
0.0212968010455
0.0193463321775
0.0156966038048
0.015425292775
0.021577687934
0.0104278530926
0.0337559655309
0.0280173998326
0.01184709277
0.0379437059164
0.0422832258046
0.024173732847
0.0175997298211
0.0339701138437
0.0106921484694
0.0060312114656
0.0278949104249
0.0316403843462
0.0188603028655
0.0264870915562
0.025092355907
0.00619238056242
0.0138533366844
0.0149930259213
0.0271179750562
0.0168922618032
0.0132820056751
0.0133778722957
0.0453538820148
0.0127604231238
0.045714084059
0.0344186127186
0.00867933221161
0.00914622098207
0.0228983070701
0.0149257322773
0.0256874114275
0.0443063266575
0.025356406346
0.0400726832449
0.020062122494
0.0153268929571
0.0101851942018
0.0537948608398
0.0232571326196
0.0352771542966
0.00926948338747
0.0141726713628
0.0270456522703
0.0169853884727
0.0455928817391
0.0256564691663
0.049506817013
0.0270909760147
0.0113016702235
0.00946135912091
0.0186216123402
0.0166165139526
0.0216099359095
0.0242034103721
0.00933553185314
0.0166417676955
0.0073212524876
0.0171776544303
0.0186077095568
0.034990850836
0.0139434626326
0.0779581665993
0.00931758247316
0.0307878851891
0.0258620884269
0.0140554895625
0.00703164422885
0.010386317037
0.0222235955298
0.0121577819809
0.0319808572531
0.028520423919
0.0160938706249
0.0211847350001
0.00523970648646
0.0196446962655
0.0453343093395
0.0333045944571
0.0368621908128
0.00955835450441
0.0147485155612
0.0219931341708
0.00894761644304
0.0773739591241
0.0118632158265
0.0273376554251
0.0411154814065
0.00700812926516
0.114103265107
0.0110323466361
0.0632809698582
0.0192767418921
0.0214291308075
0.0337202325463
0.00918749440461
0.0224457532167
0.0192935820669
0.0454185307026
0.0314208753407
0.00563527597114
0.0582040958107
0.0301293823868
0.0149992629886
0.0158960204571
0.0169387292117
0.0287605561316
0.0130242519081
0.00510979816318
0.0110290851444
0.00815896969289
0.0148754762486
0.00694334041327
0.0679621696472
0.0183833986521
0.0057233995758
0.0122498255223
0.0104786269367
0.0407316125929
0.0473499894142
0.0348053686321
0.0200120229274
0.0232886951417
0.0288123972714
0.0259613711387
0.0041799293831
0.0183905716985
0.0118046607822
0.0118972985074
0.0375902727246
0.0168381556869
0.0187249798328
0.00849415268749
0.00237524602562
0.0118980174884
0.00563064822927
0.00653830263764
0.0249912310392
0.00494020525366
0.0279769860208
0.0166712626815
0.0279108993709
0.00537449074909
0.0093736667186
0.0262473989278
0.024379150942
0.070098862052
0.024079836905
0.0203330311924
0.0190645735711
0.00802935287356
0.0157774593681
0.0340760238469
0.0159809272736
0.0139524405822
0.0278194714338
0.0219655763358
0.0258329864591
0.0218098741025
0.0130030782893
0.0110498890281
0.0409569814801
0.0188834089786
0.0032819439657
0.00713580008596
0.00644649425521
0.0173899438232
0.00191706605256
0.015531167388
0.00763182993978
0.0118435034528
0.00519888475537
0.0153791392222
0.0234087742865
0.0315297655761
0.0205663125962
0.0196189042181
0.0238409228623
0.0332013256848
0.0173736494035
0.0313568562269
0.0312428884208
0.0113908350468
0.0137649746612
0.016767539084
0.0315340310335
0.0102210054174
0.0163242146373
0.0222573243082
0.00595917273313
0.00704058865085
0.00584017904475
0.0231058858335
0.0206895247102
0.0120713654906
0.0107755325735
0.0103621855378
0.0136130265892
0.00278948200867
0.00433741649613
0.0207952223718
0.00826560426503
0.00608928781003
0.0139410058036
0.00804083608091
0.0193230900913
0.00627801194787
0.038470055908
0.00476078316569
0.00389821827412
0.0102979233488
0.0046285665594
0.00846435688436
0.0188360903412
0.02037040703
0.00615491438657
0.00265847961418
0.0100481305271
0.0274787545204
0.00368729885668
0.0228653997183
0.00570877455175
0.0104886163026
0.00774267548695
0.0123693812639
0.0068642818369
0.00743784941733
0.0106019070372
0.00496312882751
0.00206377310678
0.011500059627
0.0258073844016
0.00896133575588
0.00840137246996
0.00380080845207
0.00665306020528
0.0099753588438
0.00347841135226
0.0057781864889
0.00830984674394
0.00474744848907
0.0112028326839
0.00553574133664
0.0020546077285
0.00706100510433
0.0116975838318
0.00800577178597
0.00441697333008
0.00267217052169
0.0243254899979
0.0185634866357
0.0139858145267
0.00292188604362
0.0175517015159
0.0134359626099
0.00691658770666
0.0027580964379
0.015811637044
0.0142305698246
0.00587309803814
0.00222803838551
0.00431402539834
0.00268331845291
0.00983368232846
0.00803705584258
0.0115829780698
0.00656472286209
0.00340467598289
0.0267865117639
0.00446750223637
0.00755309779197
0.00505510019138
0.0151523388922
0.0207982435822
0.025136012584
0.0334968827665
0.0103948302567
0.00834549125284
0.0191086791456
0.00678115524352
0.00220215064473
0.00906500872225
0.0136392479762
0.00408958597109
0.0423396117985
0.0113552380353
0.00805138610303
0.0212096199393
0.00920210871845
0.013541479595
0.0157017204911
0.0219661872834
0.0163053516299
0.0139484303072
0.0168551765382
0.00172010343522
0.0160120129585
0.00866774097085
0.0109127927572
0.0304807219654
0.0114702563733
0.00967373512685
0.0149621767923
0.0113405743614
0.00542500708252
0.00751992687583
0.00946547091007
0.00966896209866
0.00741796148941
0.00339831481688
0.00937873870134
0.0261931344867
0.0175361540169
0.00618418678641
0.0146536016837
0.0131022166461
0.0102453697473
0.0044640111737
0.018065225333
0.00194751098752
0.00312026566826
0.0399437397718
0.00957616139203
0.00405883044004
0.00103525049053
0.00541536044329
0.00857855007052
0.00287745404057
0.013010549359
0.023523202166
0.00220653042197
0.00935456901789
0.0156501568854
0.0321246497333
0.0156332813203
0.00328539125621
0.00284981029108
0.00830697640777
0.0131660783663
0.00269530247897
0.0075706015341
0.00961184408516
0.0458624847233
0.00335183111019
0.0246936175972
0.0068451766856
0.00561834266409
0.00551740638912
0.0379747264087
0.0112368622795
0.00452162558213
0.0185603257269
0.0396049357951
0.00295181921683
0.0115012312308
0.00344697316177
0.0339370928705
0.0301063563675
0.00363245350309
0.00336516927928
0.00285526923835
0.0154176354408
0.00217490410432
0.00363979232498
0.0119500448927
0.00215484178625
0.00341985467821
0.00566181913018
0.00748961418867
0.0073176054284
0.00688773067668
0.0149528989568
0.0083819758147
0.00161802174989
0.0107171870768
0.00771714001894
0.00576409325004
0.00883889198303
0.0119446171448
0.00328468414955
0.00597957056016
0.0213633608073
0.00514575233683
0.00291792512871
0.00629286048934
0.012016297318
0.00141515722498
0.00147324847057
0.0168174039572
0.00571671873331
0.0356862545013
0.00964737776667
0.00676088733599
0.00263708946295
0.00318061700091
0.00213893991895
0.0156108736992
0.00687490496784
0.00174187368248
0.00208074995317
0.00301638641395
0.00177503039595
0.00765181239694
0.00764153338969
0.00109941198025
0.0124929314479
0.00964748300612
0.0038784542121
0.00220189383253
0.0158114992082
0.00128869630862
0.00425854232162
0.00308727659285
0.00347483553924
0.00769818620756
0.0154762556776
0.00346714537591
0.00643288576975
0.00165617465973
0.025029072538
0.0103929797187
0.00158740731422
0.00100398110226
0.0100197847933
0.00775747001171
0.00612029153854
0.000658154545818
0.00637236982584
0.00465920614079
0.0343507863581
0.0267843361944
0.0304379872978
0.0305160805583
0.0406859852374
0.0121387727559
0.0191238727421
0.00824525952339
0.0120220240206
0.0245537552983
0.0032656120602
0.0466245412827
0.016967093572
0.0508673749864
0.00721291685477
0.0116397012025
0.00159811566118
0.0128594655544
0.00888039451092
0.00628948165104
0.00759403128177
0.00744438450783
0.0111433332786
0.0038729228545
0.00656767608598
0.067495174706
0.0129914283752
0.00468518445268
0.00146754051093
0.0395245589316
0.00173705862835
0.0479485206306
0.00219280133024
0.00482500251383
0.0163968522102
0.0284004528075
0.00903699360788
0.0433660149574
0.00232084072195
0.00372946588323
0.0196594037116
0.00268720975146
0.013887221925
0.00220361608081
0.00632848171517
0.00280759809539
0.00798359233886
0.0266649797559
0.0204359441996
0.00210138852708
0.00577296689153
0.0138308769092
0.00820570625365
0.0332496352494
0.0250911787152
0.00666776392609
0.00698629720137
0.0219873972237
0.00223191198893
0.01826030761
0.00832020211965
0.0130027690902
0.00741173280403
0.00330746872351
0.0105501813814
0.00438241101801
0.00180733203888
0.00947234127671
0.00992064271122
0.0038216910325
0.0032892243471
0.0270168725401
0.00413925014436
0.00350670842454
0.00341270328499
0.0122665595263
0.00165266077965
0.0144480587915
0.0182653944939
0.00913780741394
0.0392865501344
0.00451939133927
0.00199212366715
0.00153930007946
0.0048372708261
0.019447684288
0.005346538499
0.00352293159813
0.0108862984926
0.00385017809458
0.00737772183493
0.0163388475776
0.00462236162275
0.00305253313854
0.0154490284622
0.00417917175218
0.0124758556485
0.00218818709254
0.00280511029996
0.0138306152076
0.00498674111441
0.00814460869879
0.00631455425173
0.00467381812632
0.000896543322597
0.00739401299506
0.00238107284531
0.00180065003224
0.00464049121365
0.0513237267733
0.0398763604462
0.013719111681
0.00298958737403
0.00782024860382
0.0104316361248
0.0289735347033
0.0376183278859
0.0130563667044
0.00713789695874
0.000932940631174
0.0073123392649
0.00763651914895
0.0292061753571
0.0147726060823
0.00149452872574
0.00156699807849
0.00207180390134
0.00140911445487
0.00691897934303
0.00558632751927
0.0372921489179
0.0199788883328
0.0212107542902
0.00358278048225
0.00434902496636
0.00865901634097
0.00282457983121
0.00379373994656
0.00800136197358
0.00785948708653
0.00103620172013
0.00553782982752
0.00408055773005
0.00162702496164
0.0232033375651
0.0222639013082
0.00680877640843
0.00114605564158
0.00115700496826
0.0327693372965
0.0298377014697
0.0286087058485
0.00143750465941
0.00289104576223
0.0287291705608
0.00897220149636
0.0112367318943
0.0252844598144
0.00531257828698
0.0167095027864
0.0460527502
0.0514172427356
0.0031972785946
0.0332480333745
0.00841613765806
0.0124788265675
0.00396420806646
0.0213001128286
0.0178875103593
0.0068024774082
0.00652602408081
0.0142948077992
0.00507379695773
0.00734499841928
0.00770091498271
0.0100007001311
0.00965643301606
