0.725687623024
0.717610061169
0.721633672714
0.721003770828
0.717333614826
0.721886456013
0.717229545116
0.713920176029
0.717421174049
0.717434048653
0.719625771046
0.71344602108
0.717788934708
0.712708175182
0.707323908806
0.709331989288
0.710694670677
0.711251914501
0.70998030901
0.709872961044
0.705015897751
0.705944955349
0.713542640209
0.704721450806
0.706336796284
0.704533994198
0.705188751221
0.700470924377
0.709983348846
0.709214091301
0.706382393837
0.693912506104
0.702167510986
0.71017485857
0.698782742023
0.699531495571
0.699975073338
0.703437447548
0.705730617046
0.698006093502
0.703853785992
0.703404128551
0.69589561224
0.698492586613
0.699696183205
0.698380172253
0.696777403355
0.696373045444
0.695645391941
0.700387001038
0.696655333042
0.692998945713
0.692540764809
0.695794820786
0.694021880627
0.698910593987
0.694213569164
0.693046927452
0.697484314442
0.687527537346
0.68695628643
0.694899380207
0.693377673626
0.694725215435
0.689786672592
0.690132856369
0.689393401146
0.690742075443
0.688980102539
0.682987987995
0.688941836357
0.692850112915
0.683151185513
0.688974797726
0.687533318996
0.692899167538
0.687684714794
0.68462407589
0.691802680492
0.684501707554
0.682983517647
0.689540982246
0.675676047802
0.683355093002
0.683445870876
0.684691548347
0.683108866215
0.686958134174
0.682996809483
0.684141159058
0.684198439121
0.686479866505
0.685868322849
0.68047529459
0.683074712753
0.682664990425
0.684275269508
0.683478534222
0.679365515709
0.67884016037
0.675501525402
0.680662453175
0.681754052639
0.673397898674
0.674554884434
0.678080499172
0.673831641674
0.677695453167
0.675155997276
0.682587265968
0.67548674345
0.67356300354
0.671266853809
0.68067997694
0.677715778351
0.674222350121
0.675040245056
0.670714437962
0.67265945673
0.676413238049
0.674553394318
0.677548229694
0.670078158379
0.67050331831
0.676595032215
0.670615136623
0.678822755814
0.67260581255
0.672384142876
0.672194600105
0.668978631496
0.671960890293
0.670132219791
0.673773288727
0.66989171505
0.669885993004
0.669699788094
0.669167876244
0.669354856014
0.669732689857
0.66927587986
0.671115994453
0.671549081802
0.661849617958
0.671334147453
0.667778968811
0.669363558292
0.667929291725
0.667985439301
0.668127954006
0.664123654366
0.670125365257
0.666973114014
0.662729263306
0.664692044258
0.66123598814
0.665993154049
0.66587293148
0.6648042202
0.665094912052
0.660875022411
0.663324952126
0.665434598923
0.661494553089
0.664891898632
0.663423717022
0.662910342216
0.658273696899
0.663329958916
0.65500921011
0.666184425354
0.658996582031
0.658601760864
0.654804706573
0.656614720821
0.659497976303
0.663514137268
0.661185801029
0.661493659019
0.657265365124
0.661263823509
0.65763771534
0.65963447094
0.658829391003
0.654454350471
0.6528018713
0.657377541065
0.660170078278
0.65463167429
0.664915800095
0.659278094769
0.659311711788
0.653259277344
0.65595459938
0.654637277126
0.651335775852
0.655271530151
0.657900869846
0.654460191727
0.648878276348
0.660529732704
0.657525658607
0.651378929615
0.654377102852
0.655999898911
0.652963340282
0.65327835083
0.658166229725
0.648622989655
0.65132445097
0.648352622986
0.655586063862
0.648654818535
0.650948345661
0.648763000965
0.65033018589
0.651737093925
0.648432731628
0.648488879204
0.646938860416
0.64846944809
0.652726054192
0.650958478451
0.643303394318
0.64567899704
0.65209633112
0.647140204906
0.643783628941
0.647433996201
0.646897792816
0.643194556236
0.648806095123
0.647608041763
0.646910130978
0.648138582706
0.641872048378
0.643685162067
0.642718672752
0.642098486423
0.640297889709
0.650281488895
0.645658612251
0.640909314156
0.64554131031
0.638902842999
0.640557765961
0.638379633427
0.638400256634
0.643488883972
0.636395871639
0.638837337494
0.636698365211
0.645285129547
0.644755125046
0.641845822334
0.638095617294
0.639584779739
0.634275555611
0.63716596365
0.636401534081
0.641947984695
0.633410811424
0.633677482605
0.640321075916
0.633623838425
0.637797415257
0.639748632908
0.632628798485
0.632106602192
0.631011664867
0.634807765484
0.635041296482
0.631501436234
0.638545691967
0.634787380695
0.634704887867
0.63466501236
0.634001433849
0.637302458286
0.632414877415
0.629534006119
0.62920075655
0.62506711483
0.634614884853
0.632759809494
0.632157027721
0.629583418369
0.630075454712
0.631185829639
0.62955313921
0.629195809364
0.629338920116
0.627799272537
0.627899885178
0.624015271664
0.630760550499
0.623719215393
0.628914415836
0.633717179298
0.628513813019
0.632260680199
0.626462638378
0.623305141926
0.626893937588
0.621964633465
0.626641690731
0.625262737274
0.622114479542
0.620047569275
0.625792860985
0.618463218212
0.620439469814
0.621692121029
0.618241250515
0.623329997063
0.616554260254
0.621367871761
0.624524652958
0.616084039211
0.620927035809
0.623285353184
0.622852921486
0.621448397636
0.622784614563
0.619526028633
0.618917405605
0.619975864887
0.621498584747
0.617701888084
0.620762705803
0.619630277157
0.617702960968
0.613015115261
0.616653561592
0.614407777786
0.617374777794
0.619561910629
0.620224118233
0.612757325172
0.616613090038
0.61710447073
0.619391739368
0.615740060806
0.611543893814
0.613772749901
0.616277754307
0.612118601799
0.613320887089
0.612839400768
0.610895872116
0.609989643097
0.608221232891
0.619817018509
0.614687263966
0.614829838276
0.618103802204
0.609246850014
0.616967380047
0.606442809105
0.61337351799
0.610272884369
0.612924396992
0.61055380106
0.609543800354
0.611052215099
0.607838153839
0.608066916466
0.606190085411
0.605092823505
0.60122179985
0.60710132122
0.604025363922
0.613055169582
0.600211083889
0.603829085827
0.602408528328
0.599880456924
0.603903055191
0.603630959988
0.601367413998
0.602423012257
0.607905626297
0.601886749268
0.603736400604
0.603522837162
0.602528512478
0.59546071291
0.602744102478
0.597388744354
0.602177739143
0.598046958447
0.600215017796
0.599418342113
0.597732126713
0.591391742229
0.598816752434
0.599335372448
0.594276428223
0.602251112461
0.596677362919
0.597580492496
0.598779201508
0.590775191784
0.605841040611
0.593073666096
0.5938590765
0.596048116684
0.59236651659
0.598073959351
0.594295978546
0.595981419086
0.598204910755
0.604588925838
0.599613964558
0.598460078239
0.596588373184
0.598723053932
0.594950854778
0.596623718739
0.598452270031
0.592069029808
0.591231584549
0.597296833992
0.593917012215
0.593804359436
0.597411155701
0.59608733654
0.603501617908
0.589188575745
0.591127097607
0.588450074196
0.593506336212
0.599731147289
0.591053307056
0.599809467793
0.595878779888
0.597535133362
0.595052182674
0.593141198158
0.597791552544
0.596025288105
0.590270042419
0.589288711548
0.589603483677
0.596151530743
0.599366366863
0.597482264042
0.594405472279
0.59492701292
0.597705304623
0.599097251892
0.597122430801
0.592657923698
0.593461871147
0.595532238483
0.600912094116
0.600598037243
0.602600097656
0.592442810535
0.591372549534
0.593087315559
0.59509062767
0.598868012428
0.595791637897
0.591699659824
0.593311309814
0.590514302254
0.596114397049
0.593429148197
0.596108019352
0.599368274212
0.593980848789
0.595841765404
0.593883156776
0.59924018383
0.596461474895
0.588997125626
0.586358845234
0.594574689865
0.592508435249
0.592472672462
0.601363897324
0.594997823238
0.598123192787
0.600887715816
0.597630858421
0.594682693481
0.598497331142
0.595384120941
0.592792928219
0.586927771568
0.585924983025
0.592982470989
0.593877196312
0.599638342857
0.5873285532
0.595703005791
0.595048844814
0.593463122845
0.591650664806
