0.737006306648
0.735602259636
0.734212338924
0.732830047607
0.731451392174
0.730080366135
0.728720486164
0.727367281914
0.726013481617
0.72467392683
0.723360061646
0.722052276134
0.720750331879
0.719464123249
0.718176662922
0.71689927578
0.715626776218
0.714352667332
0.713081300259
0.711823701859
0.710589885712
0.709393262863
0.708217322826
0.707056283951
0.70588439703
0.704724252224
0.703578174114
0.702451229095
0.701334357262
0.700221419334
0.699111402035
0.698004722595
0.696901500225
0.695807039738
0.69472181797
0.693646550179
0.692592561245
0.691566407681
0.690589189529
0.689668238163
0.688763976097
0.687871992588
0.686994016171
0.686127066612
0.685260891914
0.68438911438
0.683514237404
0.682643711567
0.681771874428
0.68090069294
0.680029690266
0.679167091846
0.678306937218
0.677447378635
0.676599442959
0.67576277256
0.674935042858
0.674116015434
0.673295021057
0.672471344471
0.671639025211
0.670797228813
0.669941842556
0.669074356556
0.668184280396
0.667276978493
0.666359305382
0.665430724621
0.664492428303
0.663545012474
0.66258084774
0.661603212357
0.660613119602
0.659608721733
0.658598661423
0.657575428486
0.656539082527
0.655486226082
0.654419839382
0.653341889381
0.652251005173
0.651144623756
0.650023460388
0.648884236813
0.647725641727
0.646550178528
0.645361244678
0.644161224365
0.642943024635
0.641709625721
0.640467405319
0.639211416245
0.637938737869
0.636647284031
0.635341882706
0.634023427963
0.632692217827
0.631348848343
0.629988491535
0.628610432148
0.627215564251
0.625802397728
0.624374508858
0.622931659222
0.621467769146
0.619987547398
0.618493676186
0.61698704958
0.615460157394
0.613910675049
0.612337887287
0.610742330551
0.609131276608
0.607501864433
0.60584539175
0.604172706604
0.602481842041
0.600768208504
0.599039375782
0.597298204899
0.595516204834
0.593694865704
0.591839551926
0.589953660965
0.588039577007
0.58609610796
0.584112644196
0.582088708878
0.580058097839
0.578014671803
0.575948774815
0.573874175549
0.571783542633
0.569685876369
0.567573010921
0.56544482708
0.563310623169
0.561165571213
0.559012651443
0.556853830814
0.554688870907
0.552516937256
0.550334453583
0.548149049282
0.545960664749
0.5437682271
0.541575312614
0.53938126564
0.537192285061
0.535008251667
0.532830953598
0.530658125877
0.528485178947
0.526318490505
0.524156808853
0.522001028061
0.519843041897
0.51769298315
0.51554530859
0.513399958611
0.511263728142
0.509136080742
0.507019340992
0.504911482334
0.502811074257
0.500722646713
0.4986525774
0.496593296528
0.494552671909
0.49253320694
0.490529239178
0.488537311554
0.486560344696
0.484595894814
0.482645273209
0.480707675219
0.478785008192
0.476878553629
0.474992096424
0.473131209612
0.471286654472
0.469452381134
0.46763253212
0.465827941895
0.464042782784
0.462277233601
0.460535854101
0.458821356297
0.457127571106
0.455451637506
0.45379203558
0.452143788338
0.450514644384
0.448901444674
0.447306483984
0.445729702711
0.444172173738
0.442637443542
0.441120654345
0.439619570971
0.438133835793
0.436666309834
0.435213923454
0.433776438236
0.432354450226
0.430948853493
0.429559618235
0.428184330463
0.426828086376
0.425487279892
0.424158900976
0.422842979431
0.421542286873
0.420255750418
0.418979912996
0.417714715004
0.416462659836
0.41522616148
0.414003401995
0.412792563438
0.411600351334
0.410419523716
0.409247934818
0.408090740442
0.40694758296
0.40581703186
0.404701292515
0.403597474098
0.402502179146
0.401418030262
0.40034365654
0.399281263351
0.398231804371
0.397193104029
0.396162986755
0.39514836669
0.394144266844
0.393155425787
0.392174780369
0.391201049089
0.390233695507
0.389274030924
0.3883241117
0.387380957603
0.386442899704
0.385511934757
0.384588837624
0.383673131466
0.382764786482
0.38186943531
0.380987465382
0.380105227232
0.379204809666
0.378270894289
0.377291351557
0.37627056241
0.375205397606
0.374092131853
0.372936725616
0.371738672256
0.370518893003
0.369290918112
0.368048548698
0.366789072752
0.365511327982
0.364216715097
0.362906336784
0.361579269171
0.360255718231
0.358935981989
0.357605725527
0.356261461973
0.354912698269
0.353555589914
0.352182745934
0.350798368454
0.349414795637
0.348032772541
0.34664529562
0.345249831676
0.343838959932
0.342404574156
0.340948492289
0.339484840631
0.338012486696
0.336536824703
0.335062235594
0.333582520485
0.332094043493
0.330591201782
0.329094529152
0.327594876289
0.326093614101
0.324593693018
0.323100417852
0.321595996618
0.320085912943
0.318562716246
0.317008703947
0.315450817347
0.313890784979
0.312326729298
0.310761272907
0.309198021889
0.30762937665
0.30605635047
0.304479598999
0.302901566029
0.301322311163
0.299732744694
0.298140734434
0.296542465687
0.294941753149
0.293341040611
0.291739940643
0.290138185024
0.288536578417
0.286937385798
0.285344570875
0.283753812313
0.282167524099
0.280588954687
0.279014915228
0.277439445257
0.275860786438
0.274274766445
0.272690445185
0.271114081144
0.269541174173
0.267971098423
0.266404569149
0.264837265015
0.263266682625
0.261700809002
0.260141938925
0.25859156251
0.25704100728
0.255488723516
0.253942072392
0.252396643162
0.250852525234
0.249316558242
0.247793212533
0.246272519231
0.244751080871
0.243229195476
0.241709336638
0.240192353725
0.238680526614
0.237172663212
0.235668793321
0.234170511365
0.232677027583
0.231182903051
0.229693338275
0.228210344911
0.22673484683
0.225267007947
0.223807409406
0.222354903817
0.220909714699
0.219473227859
0.218041732907
0.216617196798
0.215201035142
0.213791549206
0.212390363216
0.210996523499
0.209611624479
0.208234906197
0.206868126988
0.205511495471
0.204165577888
0.202830463648
0.20150616765
0.200192973018
0.19889099896
0.197600841522
0.196322336793
0.195056289434
0.193802729249
0.192562267184
0.191333860159
0.190117657185
0.188913747668
0.187722221017
0.186543092132
0.185376465321
0.184222370386
0.183080837131
0.181952133775
0.180836334825
0.179733127356
0.178642526269
0.177564635873
0.176499336958
0.175446599722
0.174406439066
0.173378735781
0.172363504767
0.171360775828
0.170370489359
0.16939252615
0.168426841497
0.167473420501
0.166532233357
0.165604323149
0.164689600468
0.163786947727
0.16289627552
0.16201749444
0.161150470376
0.160295173526
0.159451439977
0.158619210124
0.157798469067
0.156989052892
0.156190782785
0.155403614044
0.154627397656
0.153862044215
0.15310741961
0.152363419533
0.151629909873
0.150906786323
0.150193989277
0.149491488934
0.148799031973
0.14811694622
0.147444978356
0.146783232689
0.146131053567
0.145488381386
0.144855856895
0.144232749939
0.143618792295
0.143013820052
0.142417714
0.141830354929
0.141251608729
0.140681371093
0.140119507909
0.139566227794
0.139021232724
0.138484627008
0.13795606792
0.137435317039
0.136922284961
0.136416837573
0.135918915272
0.135428398848
0.134945228696
0.134469494224
0.134000837803
0.133539065719
0.133084088564
0.132635995746
0.132194444537
0.131759345531
0.131330668926
0.130908727646
0.130493029952
0.130083441734
0.129679858685
0.129282191396
0.12889033556
0.128504186869
0.128123655915
0.127748653293
0.127379089594
0.12701484561
0.126655876637
0.126302048564
0.125953316689
0.125609591603
0.125270769
0.124936752021
0.124607495964
0.12428291142
0.123962916434
0.123647421598
0.123616211116
0.123585239053
0.123554430902
0.123523838818
0.123493425548
0.123463153839
0.123433016241
0.123403012753
0.123373135924
0.123343363404
0.123313717544
0.12328414619
0.123254671693
0.123225271702
0.123195946217
0.123166695237
0.123137503862
0.123108372092
0.123079307377
0.123050279915
0.12302134186
0.122992426157
0.122963555157
0.122934743762
0.122905954719
0.122877247632
0.122848585248
0.122819945216
0.122791364789
0.122762806714
0.12273427099
0.122705794871
0.122677348554
0.12264893949
0.122620552778
0.122592203319
0.122563868761
0.122535593808
0.122507311404
0.122479081154
0.122450888157
0.122422710061
0.122394554317
0.122366443276
0.122338347137
0.122310273349
0.122282244265
0.122254237533
0.122226238251
0.122198283672
0.122170358896
0.122142456472
0.12211458385
0.122086726129
0.122058905661
0.122031114995
0.122003339231
0.121975593269
0.121947869658
0.121920183301
0.121892504394
0.121864840388
0.121837228537
0.121809639037
0.121782071888
0.121754527092
0.121727004647
0.121699512005
0.121672041714
0.121644601226
0.121617175639
0.121589772403
0.12156239897
0.12153506279
0.121507748961
0.121480450034
0.121453180909
0.121425941586
0.121398702264
0.121371515095
0.121344335377
0.121317185462
0.121290065348
0.121262975037
0.121235899627
0.12120885402
0.121181823313
0.121154814959
0.121127851307
0.121100895107
0.121073961258
0.121047064662
0.121020190418
0.120993338525
0.120966508985
0.120939709246
0.120912931859
0.120886176825
0.120859444141
0.12083273381
0.12080604583
0.120779402554
0.120752759278
0.120726153255
0.120699569583
0.120673008263
0.120646461844
0.12061996758
0.120593465865
0.120567023754
0.120540581644
0.120514176786
0.120487786829
0.120461419225
0.120435088873
0.120408780873
0.120382502675
0.120356231928
0.120329998434
