0.693213045597
0.69052952528
0.687160432339
0.682296693325
0.677865505219
0.671808481216
0.658225953579
0.648145496845
0.637963950634
0.624022066593
0.614604949951
0.601433932781
0.581255793571
0.568780899048
0.552378416061
0.536448657513
0.519696593285
0.505311906338
0.486370712519
0.469651222229
0.453272491693
0.436072826385
0.411205857992
0.385917693377
0.366323024035
0.353503108025
0.330721884966
0.306963652372
0.309285610914
0.28141272068
0.260303705931
0.229387328029
0.223944053054
0.205550968647
0.199922680855
0.20154453814
0.168769910932
0.163850739598
0.142513513565
0.162148997188
0.149608030915
0.12973447144
0.115644745529
0.101310737431
0.103878371418
0.0894440338016
0.0953453779221
0.0970899239182
0.0787937045097
0.0792795717716
0.074894964695
0.0772731378675
0.0654597505927
0.0525688268244
0.0483699738979
0.0506171770394
0.0459313727915
0.0564086250961
0.0623971112072
0.0555699057877
0.0466478131711
0.0334328338504
0.0521857477725
0.0597709640861
0.0374570228159
0.043994050473
0.0311434324831
0.0500994995236
0.0393223837018
0.0489068999887
0.043446443975
0.0363052822649
0.0280945096165
0.0432128868997
0.0339903533459
0.0284456387162
0.044539436698
0.0580479055643
0.0378316305578
0.0372083261609
0.0443509444594
0.0374440252781
0.0352094806731
0.0329944528639
0.0244111530483
0.0533026829362
0.0365581698716
0.0279196407646
0.0317109934986
0.0157420225441
0.0300409831107
0.0252327192575
0.0320964790881
0.0288196764886
0.0145648960024
0.0281564015895
0.0282316226512
0.0209466610104
0.0233960598707
0.0164146982133
0.0213591102511
0.027183258906
0.0139229279011
0.0261679571122
0.0453611761332
0.033280171454
0.0512532740831
0.0297718904912
0.0268574953079
0.0129337375984
0.0235664788634
0.0327700041234
0.0214197337627
0.0287726279348
0.0247911866754
0.0169566161931
0.022389607504
0.0298010688275
0.0318298041821
0.0294681377709
0.0491301827133
0.02108386904
0.0256199259311
0.0407757088542
0.0131638469175
0.0182723235339
0.0359206981957
0.0285596381873
0.019200252369
0.0151312435046
0.0162256825715
0.0234309546649
0.0121557489038
0.0211703982204
0.0293444097042
0.0183944571763
0.0249544475228
0.0235577169806
0.0234076343477
0.023204529658
0.0269892271608
0.0145039949566
0.014661048539
0.0249421279877
0.0157612878829
0.00592328375205
0.00878705829382
0.0240418314934
0.0112888077274
0.017170926556
0.00789351202548
0.0183678064495
0.0295681226999
0.00884469971061
0.0255694855005
0.00931772962213
0.0141965327784
0.00722523918375
0.036920633167
0.0172109212726
0.0256364271045
0.0244200117886
0.027393989265
0.0075532742776
0.0110143870115
0.0310520753264
0.00377430254593
0.0250414870679
0.0142773091793
0.0265507437289
0.00388134503737
0.0125193083659
0.0181392673403
0.0138002829626
0.0158802401274
0.0171617325395
0.00565817998722
0.0230898465961
0.0161493606865
0.0192410461605
0.00700960960239
0.0231938231736
0.0262526907027
0.0112113002688
0.0133477598429
0.0132536701858
0.0306652542204
0.0192134156823
0.0437984913588
0.0229790657759
0.00944650825113
0.0190759953111
0.02704568021
0.00531930476427
0.0172381419688
0.0115645434707
0.0123423160985
0.0381293073297
0.0207390580326
0.0133526008576
0.0129123497754
0.0223195012659
0.02012196742
0.0419749468565
0.0170833654702
0.0143710644916
0.0278379656374
0.0161037780344
0.011940356344
0.0161721315235
0.0354089699686
0.0112641667947
0.0177322942764
0.00651440583169
0.0305720139295
0.023191191256
0.0351228937507
0.0299040302634
0.00946054141968
0.0347214080393
0.00263968203217
0.00699405837804
0.00781744718552
0.0308832265437
0.0207299031317
0.013223413378
0.00535581214353
0.0208262261003
0.0184139553457
0.00853990390897
0.0167788658291
0.033300023526
0.0132757630199
0.0200238022953
0.0384643301368
0.00866698194295
0.0406344234943
0.0232032071799
0.01304485742
0.0244462471455
0.0113528044894
0.0104914475232
0.0114186545834
0.0230562146753
0.00626219203696
0.0175520200282
0.0334823392332
0.0384768545628
0.0122443176806
0.0437872633338
0.0215458869934
0.0137018123642
0.0165875833482
0.0367942079902
0.0084928246215
0.0174962691963
0.0132354479283
0.0257873982191
0.0261641889811
0.0186168923974
0.0297239124775
0.00776138249785
0.00450190901756
0.0440664328635
0.0191776882857
0.00424434104934
0.0122408550233
0.044716950506
0.0053583914414
0.0187663771212
0.0165646951646
0.00585918407887
0.00965529680252
0.0185599327087
0.021664114669
0.0289336740971
0.0171246528625
0.00901255011559
0.011924915947
0.0272886510938
0.0209447760135
0.0109533565119
0.0095211789012
0.00548279704526
0.015632243827
0.0342902131379
0.0360159538686
0.0204996690154
0.0137129919603
0.00753764621913
0.0131570342928
0.0186587180942
0.0265415385365
0.0162766780704
0.0116823203862
0.0613881982863
0.01115688961
0.0124728223309
0.0293440464884
0.0212879534811
0.0179540589452
0.00583834433928
0.0040376810357
0.00286037893966
0.041642896831
0.0146710760891
0.0408742316067
0.00150799856056
0.00565398996696
0.00240525300615
0.0284222625196
0.018726658076
0.041982781142
0.0404422655702
0.025842545554
0.0158680770546
0.00507846241817
0.0254500526935
0.025302991271
0.00315920403227
0.0133386077359
0.0138214332983
0.0250132195652
0.0316814035177
0.0212545841932
0.0276908595115
0.00384314125404
0.0157999359071
0.0334871932864
0.00928356684744
0.0238489937037
0.0185043830425
0.0421622954309
0.00751366326585
0.0308550558984
0.0126074673608
0.0153021719307
0.0114771677181
0.0204234328121
0.01060074009
0.00760976411402
0.0175167173147
0.0163252279162
0.0559278950095
0.00677818106487
0.0326916575432
0.0207991283387
0.0282476954162
0.0141395637766
0.00950210075825
0.0394553355873
0.015770252794
0.00661332206801
0.02738564834
0.00508008571342
0.0186980552971
0.0283478107303
0.051658872515
0.0153552545235
0.00369210774079
0.0156347621232
0.00397676415741
0.0132148349658
0.0125923771411
0.0172286313027
0.00908940285444
0.0314541757107
0.0199372656643
0.0192233826965
0.0096687739715
0.0146059002727
0.0185172632337
0.017121097073
0.0107338018715
0.0105437403545
0.0102919777855
0.00328568951227
0.0203391071409
0.0347252972424
0.00752039672807
0.00422410434112
0.0143340248615
0.00785252451897
0.0419278591871
0.013839142397
0.0182276368141
0.0223728790879
0.0295073352754
0.00551552558318
0.0258654206991
0.0264866482466
0.023606447503
0.0198372397572
0.0080548543483
0.00777473021299
0.00650816829875
0.0122677991167
0.00638947729021
0.00383882108144
0.00521557731554
0.0219504777342
0.0344985611737
0.00992437824607
0.0100496700034
0.00993813294917
0.00526343751699
0.00618495512754
0.00950223486871
0.00472603552043
0.00564880715683
0.00543697038665
0.00418482488021
0.00963141862303
0.0251597911119
0.0188506748527
0.0101392781362
0.0159789156169
0.00391322234645
0.0217109546065
0.0280663091689
0.00406312150881
0.0174119528383
0.0301331039518
0.0332785844803
0.0083389794454
0.0230672471225
0.0131818419322
0.00311039132066
0.00870655104518
0.0167541764677
0.000910612987354
0.0237481351942
0.0132979797199
0.0018995491555
0.00936174951494
0.0309559330344
0.0160503797233
0.0213557053357
0.0200824234635
0.0149644641206
0.00731864199042
0.0109694413841
0.0219551716
0.00455553643405
0.0126581797376
0.0375655703247
0.00739068631083
0.0545266605914
0.0130590470508
0.00602505076677
0.0133681967854
0.0198824256659
0.00639735395089
0.0404939502478
0.011051309295
0.0510929711163
0.00349927926436
0.00296502816491
0.00691373972222
0.0263824146241
0.00552907353267
0.0322075523436
0.0167991612107
0.00199546385556
0.00709098391235
0.00148067215923
0.01272439491
0.00306639447808
0.0157390180975
0.0170221105218
0.0270998328924
0.0145761929452
0.0131477750838
0.036993842572
0.0144461896271
0.0061266431585
0.0242212247103
0.012922889553
0.0377571061254
0.000982995028608
0.0143073415384
0.0233416911215
0.00839372165501
0.00188532425091
0.0304246023297
0.0124156763777
0.0493966154754
0.0108971726149
0.019934123382
0.00971540436149
0.00626854784787
0.035262607038
0.00425363937393
0.00499208690599
0.00404492253438
0.00761909084395
0.0148487892002
0.00440645636991
0.0123557578772
0.0079292440787
0.00340086175129
0.0121457865462
0.0162886548787
0.0170391499996
0.0169555414468
0.0303319785744
0.00397723866627
0.0206833537668
0.00284424587153
0.0104714613408
0.00245249643922
0.00871135480702
0.0291676204652
0.00405342876911
0.011763356626
0.017597284168
0.0319655686617
0.00644562905654
0.00821902696043
0.00595212401822
0.0158244017512
0.015354918316
0.00246070884168
0.0164835061878
0.0621467791498
0.00213905749843
0.00616909237579
0.0104672377929
0.00285258796066
0.0152834905311
0.00274418457411
0.00113911612425
0.0104927737266
0.00385968782939
0.015831861645
0.0205538161099
0.0145957693458
0.00590325985104
0.00972984917462
0.016549654305
0.00964170508087
0.00861017033458
0.00879990216345
0.00822476483881
0.00264122593217
0.0208838582039
0.00890091992915
0.0387965627015
0.0115086156875
0.0287654716522
0.0122407423332
0.01087514963
0.0183095894754
0.0121483709663
0.0261293854564
0.0312185827643
0.00274496292695
0.00933286268264
0.0140459667891
0.0162019431591
0.00510291755199
0.0118965897709
0.00494815036654
0.00759435351938
0.00131894752849
0.0178691167384
0.0234270971268
0.00198374339379
0.00156902219169
0.00964653864503
0.0161305386573
0.00580588076264
0.0105878878385
0.0136518385261
0.000928163935896
0.0173905007541
0.0350377820432
0.0165231581777
0.0124611146748
0.00684306584299
0.00771109759808
0.0330160595477
0.00923835206777
0.0265862885863
0.00472363922745
0.0183905269951
0.0165080409497
0.00887273903936
0.0271498896182
0.00766741111875
0.00935913436115
0.0147805204615
0.00180890504271
0.0218150932342
0.00843382813036
0.00421064067632
0.0112815927714
0.02611845918
0.0192858092487
0.0104930698872
0.0076494589448
0.0295881181955
0.015873298049
0.0357539281249
0.0280832666904
0.0133634498343
0.000922049279325
0.020153241232
0.052689190954
0.00404604477808
0.0122480774298
0.016964731738
0.00428524147719
0.0134285679087
0.0201304107904
0.0389625951648
0.0147037459537
0.0067612696439
0.000862685672473
0.00163811724633
0.00633418373764
0.0133204637095
0.013133302331
0.00381633499637
0.00721321348101
0.0321840792894
0.0131256524473
0.0160641483963
0.0101266149431
0.0319010429084
0.0206346772611
0.00143682083581
0.0155419744551
0.00455150892958
0.00553148565814
0.00750482361764
0.0174461193383
0.0212002303451
0.0374493934214
0.00756376096979
0.0353553779423
0.027129938826
0.00888546649367
0.00560662150383
0.0240579433739
0.00499390345067
0.0196970235556
0.00603809021413
0.0269400589168
0.0312811769545
0.01787561737
0.021196834743
0.00415923679247
0.00300703174435
0.0287971571088
0.00759396515787
0.00595211097971
0.0094472002238
0.0212292280048
0.0184878930449
0.026279559359
0.00509502366185
0.0181485172361
0.0141134252772
0.00970787554979
0.0114369625226
0.0322304703295
0.0366853997111
0.0193916652352
0.00975426193327
0.0226735901088
0.0108414087445
0.00658526550978
0.0273664854467
0.00365071068518
0.0049501163885
0.0159462522715
0.0235698837787
0.0218808632344
0.0434057824314
0.0061142896302
0.0138943940401
0.0111195463687
0.00355465663597
0.0359617173672
0.00919855106622
0.0213064756244
0.0241699051112
0.00581926712766
0.0049876649864
0.0315082632005
0.0245853103697
0.00253204838373
0.00884567666799
0.00467886449769
0.00246889935806
0.0140197034925
0.0223103575408
0.0301366336644
0.00113217078615
0.0240624193102
0.00549933407456
0.00737246777862
0.00364678306505
0.00217692391016
0.063223965466
0.00917206704617
0.00473689520732
0.0154509935528
0.00636500772089
0.0157009214163
0.0331495963037
0.00465494534001
0.027874192223
0.0075612058863
0.0036446407903
0.0120563926175
0.0199613645673
0.0122147696093
0.0129412058741
0.0124915335327
0.0327471420169
0.00503958435729
0.0183319468051
0.00657968875021
0.00411147624254
0.00466296030208
0.0135761192068
0.0150679992512
0.0185337439179
0.0247673355043
0.00582661200315
0.00193267478608
0.00735413702205
0.00399226369336
0.0103657497093
0.0378568172455
0.00691071897745
0.00126225978602
0.0238537099212
0.00186919153202
0.0300665460527
0.0336710512638
0.0123793929815
0.0110748047009
0.0016390082892
0.0102287027985
0.00395309180021
0.00934859737754
0.0342109911144
0.0147882504389
0.0139337973669
0.013996751979
0.019917069003
0.0392888523638
0.00288846925832
0.00528433267027
0.00788161717355
0.00824114494026
0.00271624466404
0.00823604967445
0.0346780233085
0.0306224469095
0.00587460864335
0.0334027372301
0.00515290955082
0.00361497234553
0.0133199458942
0.0176962576807
0.0122048230842
0.0187052618712
0.0139140747488
0.00843426398933
0.0068388027139
0.00142646417953
0.00517902849242
0.0133661199361
0.0213726386428
0.012144475244
0.00536964926869
0.027985798195
0.00121779204346
0.020225096494
0.0250586867332
0.00428270874545
0.00334917893633
0.0110478308052
0.0297921020538
0.00950559601188
0.0159949660301
0.015485743992
0.0311400908977
0.00663165934384
0.00178821058944
0.0125947901979
0.00394586659968
0.0107174245641
0.00905184354633
0.0289654824883
0.0167982336134
