0.978206038475
0.789492964745
0.666419923306
0.681694507599
0.731223404408
0.709854185581
0.665860652924
0.701999843121
0.685983121395
0.660492956638
0.616613030434
0.62566202879
0.61831599474
0.619459211826
0.670763611794
0.628881931305
0.632525086403
0.653690397739
0.647316336632
0.62379938364
0.634046256542
0.60480338335
0.59624427557
0.625277161598
0.585419893265
0.602791368961
0.597142755985
0.591860115528
0.644897818565
0.609157621861
0.59258878231
0.584131479263
0.586771726608
0.577449262142
0.582488000393
0.593412578106
0.597785711288
0.597963869572
0.609465718269
0.582570314407
0.556724607944
0.563260436058
0.555658340454
0.580817937851
0.592803239822
0.562096774578
0.550727069378
0.561918020248
0.58320581913
0.620373189449
0.563332617283
0.597506761551
0.557522296906
0.593871176243
0.573146939278
0.575232625008
0.570154190063
0.569600224495
0.577294945717
0.546029269695
0.538840711117
0.594130456448
0.543318688869
0.551331043243
0.579388797283
0.536131083965
0.546201229095
0.571779489517
0.525354444981
0.534014880657
0.59432476759
0.556491494179
0.551620423794
0.534872710705
0.511240959167
0.588177144527
0.58732688427
0.599633395672
0.540382921696
0.505377948284
0.575392723083
0.517336606979
0.562566161156
0.536731302738
0.534469842911
0.550344586372
0.536170482635
0.579611718655
0.571094334126
0.558651387691
0.522995054722
0.563057184219
0.555743038654
0.540315330029
0.521631598473
0.541791379452
0.553969085217
0.530519425869
0.501741945744
0.551530480385
0.529762923717
0.501062989235
0.552384674549
0.579987168312
0.571053147316
0.546113789082
0.521723031998
0.521850049496
0.500429749489
0.481743216515
0.524240016937
0.536184549332
0.556672930717
0.532576620579
0.529810547829
0.522647798061
0.492896258831
0.545883715153
0.492312967777
0.517698645592
0.487057358027
0.522681474686
0.54002571106
0.525926411152
0.550894320011
0.479019284248
0.547060549259
0.503072500229
0.522916376591
0.517788767815
0.475729584694
0.488788515329
0.493723571301
0.549246013165
0.547998607159
0.477366864681
0.554275989532
0.516677737236
0.507012665272
0.460686177015
0.520572841167
0.502909302711
0.532065868378
0.482988208532
0.509789288044
0.47568410635
0.529532432556
0.471763402224
0.551887094975
0.480646312237
0.497508019209
0.483094155788
0.490974068642
0.561633646488
0.529545545578
0.530620396137
0.516952812672
0.509682357311
0.500578582287
0.475915014744
0.48698887229
0.500221192837
0.50211161375
0.503453612328
0.53742146492
0.517124295235
0.51192510128
0.481197476387
0.51295042038
0.499736666679
0.522963881493
0.477943450212
0.489882677794
0.503036916256
0.518453538418
0.529215872288
0.455473035574
0.469002693892
0.480210572481
0.481202214956
0.522948563099
0.556456267834
0.48323392868
0.460301280022
0.520246207714
0.472512602806
0.465692728758
0.474483668804
0.514152467251
0.436085909605
0.468993246555
0.462948530912
0.540594279766
0.451544344425
0.512743294239
0.458132296801
0.526013493538
0.514590024948
0.446694582701
0.488553225994
0.502134859562
0.497458249331
0.443540334702
0.444410145283
0.466464459896
0.481092125177
0.48187071085
0.457161575556
0.514159440994
0.430999606848
0.47131857276
0.484694093466
0.483494490385
0.503859043121
0.520538747311
0.51767706871
0.454771727324
0.479712277651
0.46858638525
0.482456713915
0.491434544325
0.467797726393
0.490371108055
0.508151769638
0.515914618969
0.477513492107
0.430792450905
0.500890910625
0.48219537735
0.474458396435
0.514140129089
0.507035911083
0.450578451157
0.432080894709
0.409462630749
0.444059193134
0.446618139744
0.442141413689
0.463814198971
0.458207666874
0.451055884361
0.504715979099
0.456229299307
0.500955700874
0.465373426676
0.446747004986
0.473946988583
0.436615288258
0.466771900654
0.448687523603
0.463392972946
0.457460492849
0.547541856766
0.517883002758
0.470085173845
0.468368411064
0.468891680241
0.457796633244
0.485787510872
0.454095751047
0.511645555496
0.497140467167
0.47442728281
0.499310612679
0.449799090624
0.4845097363
0.450123548508
0.507267057896
0.432303607464
0.499345064163
0.473167389631
0.435159742832
0.498089045286
0.466693252325
0.494656711817
0.512907385826
0.473469644785
0.473854362965
0.442554980516
0.45474344492
0.482956886292
0.484796613455
0.487766325474
0.501494944096
0.453858375549
0.44150108099
0.453043043613
0.48761677742
0.461312443018
0.490612894297
0.425861269236
0.458043962717
0.436569571495
0.438363283873
0.430733323097
0.432144612074
0.463257193565
0.479552417994
0.483738601208
0.512855648994
0.43190023303
0.427193313837
0.426770836115
0.443136155605
0.45241817832
0.446147948503
0.47466185689
0.467195153236
0.41082033515
0.465190112591
0.449661433697
0.451592117548
0.447247624397
0.456362456083
0.450440704823
0.42120796442
0.45873144269
0.453850358725
0.478111058474
0.423813760281
0.471066921949
0.467998892069
0.474042892456
0.511123538017
0.434821337461
0.476989120245
0.472295761108
0.406837880611
0.429175913334
0.463450372219
0.486062139273
0.428357690573
0.471133649349
0.456624627113
0.415717571974
0.459004312754
0.428751349449
0.463436543941
0.460853606462
0.473312735558
0.462100148201
0.426790773869
0.441854268312
0.455593049526
0.434398382902
0.434919774532
0.407131433487
0.437332898378
0.468479573727
0.373734772205
0.428628116846
0.445862859488
0.468983232975
0.47053989768
0.438640028238
0.409779697657
0.435587733984
0.448253661394
0.489917367697
0.464463621378
0.421941131353
0.469210356474
0.40474909544
0.471899628639
0.441111505032
0.436340987682
0.438081085682
0.424951255322
0.44028672576
0.443178117275
0.403383493423
0.399021804333
0.448165088892
0.3962225914
0.416480839252
0.458412587643
0.439846366644
0.478546798229
0.414151668549
0.415456771851
0.420506507158
0.395164906979
0.435155928135
0.391314655542
0.416966736317
0.415844500065
0.414258569479
0.411895245314
0.399260133505
0.376030296087
0.484600007534
0.503731131554
0.422964245081
0.375758618116
0.482679784298
0.425439685583
0.4473913908
0.415971785784
0.45799267292
0.436351120472
0.405589550734
0.460215002298
0.446385741234
0.399910897017
0.451150208712
0.453315883875
0.475677967072
0.420148521662
0.419594734907
0.403209805489
0.474380791187
0.413322925568
0.450611591339
0.452526718378
0.472744673491
0.419021457434
0.389360308647
0.452036142349
0.437525451183
0.464319705963
0.432956159115
0.438681155443
0.466681033373
0.440115123987
0.464416384697
0.458123207092
0.434765964746
0.403721541166
0.453171223402
0.4462210536
0.450489252806
0.389179199934
0.441861778498
0.452474743128
0.4354827106
0.451436936855
0.433580994606
0.488570123911
0.432772010565
0.461547553539
0.445509761572
0.410271406174
0.440528273582
0.406882017851
0.405041515827
0.473120719194
0.46577757597
0.449375212193
0.379857480526
0.39894759655
0.40658479929
0.40601426363
0.430319726467
0.401427477598
0.421587914228
0.46725833416
0.350430607796
0.438557296991
0.42495277524
0.443806409836
0.410152256489
0.386706829071
0.42712149024
0.456285357475
0.455559253693
0.41228801012
0.420541375875
0.437963694334
0.397806316614
0.406692355871
0.459056526423
0.400372385979
0.396134138107
0.407376855612
0.432089716196
0.437501549721
0.471359044313
0.348171710968
0.426469147205
0.43142670393
0.449665784836
0.404867112637
0.434748381376
0.373128414154
0.423316836357
0.408698409796
0.463328003883
0.460703700781
0.391980499029
0.437091946602
0.437988787889
0.374641299248
0.414328187704
0.447112113237
0.433215111494
0.434217065573
0.474111199379
0.414884656668
0.433300554752
0.411886304617
0.399270623922
0.425249040127
0.399555772543
0.416466712952
0.480772525072
0.392585337162
0.442192554474
0.392264246941
0.369719535112
0.389541566372
0.450144261122
0.422828674316
0.363201379776
0.359341472387
0.391387939453
0.429729640484
0.438711881638
0.414289236069
0.389816254377
0.417218506336
0.397843450308
0.442724823952
0.412176072598
0.467475116253
0.360933840275
0.432690888643
0.392657458782
0.433735400438
0.372698932886
0.410137355328
0.412909537554
0.45523160696
0.464682817459
0.406149357557
0.433844208717
0.413145184517
0.406836986542
0.379616856575
0.450410693884
0.392867892981
0.391569644213
0.43544459343
0.389347136021
0.365852236748
0.435274928808
0.435979396105
0.384122818708
0.374750494957
0.471504151821
0.376087129116
0.422205150127
0.386259585619
0.413892567158
0.421080887318
0.401054412127
0.389615535736
0.40139144659
0.387227207422
0.420267701149
0.412941455841
0.4197473526
0.351526647806
0.394487708807
0.459765702486
0.416775614023
0.379321187735
0.402461796999
0.408108979464
0.389076113701
0.386511653662
0.341971576214
0.420258492231
0.407236933708
0.51120865345
0.47290328145
0.414350599051
0.343290776014
0.437879800797
0.381712079048
0.411331504583
0.386730968952
0.415799111128
0.417734950781
0.417456567287
0.397656589746
0.393637388945
0.364947587252
0.45110219717
0.391483724117
0.417536079884
0.399268090725
0.390244483948
0.426240265369
0.378530949354
0.464117944241
0.403469860554
0.373839884996
0.428101986647
0.402582764626
0.382931172848
0.352479726076
0.413433849812
0.361801445484
0.384562164545
0.392812550068
0.420642465353
0.39364823699
0.431653916836
0.39811912179
0.450858205557
0.431631147861
0.409975081682
0.423293203115
0.424663156271
0.445402294397
0.367316871881
0.388441056013
0.431927829981
0.408419907093
0.406345158815
0.417509287596
0.344405084848
0.398836761713
0.422802656889
0.428109288216
0.39447465539
0.384326756001
0.426873028278
0.412597715855
0.436362445354
0.398176789284
0.459011107683
0.41578695178
0.370597541332
0.34647244215
0.356469601393
0.374348014593
0.377926945686
0.434754520655
0.396547198296
0.408877551556
0.386569410563
0.374473065138
0.370902508497
0.415268838406
0.418955892324
0.459341347218
0.379007846117
0.416896104813
0.417110770941
0.438646942377
0.361721426249
0.412584364414
0.366569578648
0.469608873129
0.395051836967
0.426949203014
0.362372398376
0.433698147535
0.45281380415
0.391116708517
0.483262896538
0.368641763926
0.428889364004
0.424327641726
0.43417853117
0.384823232889
0.388699948788
0.426114112139
0.4345703125
0.409654647112
0.385364502668
0.453982681036
0.407446950674
0.34976708889
0.443126559258
0.374827623367
0.372511595488
0.411282867193
0.424712866545
0.411195188761
0.389440983534
0.354886323214
0.385629057884
0.397359222174
0.363139599562
0.469479233027
0.422958523035
0.3778193295
0.374723732471
0.351698189974
0.350020796061
0.39597928524
0.360167145729
0.435122966766
0.339070916176
0.399571239948
0.380238413811
0.347698330879
0.362918227911
0.41604372859
0.394769281149
0.444104909897
0.444955527782
0.432090938091
0.437442600727
0.440839976072
0.410393029451
0.400463461876
0.413939356804
0.393411248922
0.414208233356
0.376922428608
0.41759121418
0.397376447916
0.390000641346
0.419643640518
0.398172438145
0.370048671961
0.376740962267
0.433150798082
0.346569299698
0.407322347164
0.419872462749
0.406947731972
0.427432984114
0.382045030594
0.416330844164
0.391268283129
0.397330015898
0.409145444632
0.356370657682
0.394887417555
0.452512055635
0.357809215784
0.45206746459
0.401681214571
0.33755838871
0.400670707226
0.337504386902
0.424185097218
0.36069253087
0.389574557543
0.431384921074
0.342824161053
0.412436187267
0.380541205406
0.367439419031
0.399254262447
0.377990722656
0.361965954304
0.366365462542
0.386053442955
0.383904069662
0.444592505693
0.362803786993
0.372196614742
0.454697102308
0.449526339769
0.367757052183
0.500464558601
0.355361044407
0.33447599411
0.432752281427
0.416841268539
0.328544586897
0.389709621668
0.395047992468
0.425901174545
0.40556165576
0.345722287893
0.415739715099
0.404333770275
0.385294854641
0.340388894081
0.377084285021
0.436957836151
0.38780644536
0.416545003653
0.435498863459
0.383079886436
0.354545712471
0.441810548306
0.359496712685
0.398475050926
0.334027856588
0.392351388931
0.455400705338
0.397646278143
0.401865661144
0.362524926662
0.375751882792
0.36328035593
0.392861276865
0.414638459682
0.415295422077
0.363549023867
0.387266516685
0.374270737171
0.407892853022
0.37032404542
0.391348898411
0.450473457575
0.475774735212
0.407418310642
0.415399938822
0.37359187007
0.407486915588
0.4085765481
0.423320263624
0.40323805809
0.385710000992
0.380616873503
0.386310756207
0.409690856934
0.374600827694
0.341863930225
0.358617991209
0.366967171431
0.376958817244
0.448822677135
0.347896665335
0.366246432066
0.363149642944
0.378317147493
0.400238364935
0.403372526169
0.364867806435
0.389791250229
0.354547441006
0.370485335588
0.413600087166
0.337955087423
0.407101601362
0.390123456717
0.403547108173
0.334210962057
0.367566823959
0.376696288586
0.405643284321
0.436546444893
0.368224203587
0.387392401695
0.420732885599
0.396091520786
0.417153418064
0.400542110205
0.397576838732
0.337704509497
0.390971362591
0.398185551167
0.369327664375
0.37281614542
0.399483472109
0.422752737999
0.405596375465
0.390449553728
0.403541237116
0.380955010653
0.386423438787
0.368347674608
0.413408905268
0.369897723198
0.387551695108
0.436756044626
0.394689053297
0.436644405127
0.432744294405
0.311334788799
0.445921480656
0.386343747377
0.346355259418
0.378034353256
0.372092038393
0.394010096788
0.309322863817
0.433539003134
0.436522930861
0.398456782103
0.380534857512
0.429387152195
0.384046018124
0.370333105326
0.369572788477
0.364077538252
0.378816395998
0.320167839527
0.398984283209
0.398116886616
0.361415952444
0.396267592907
0.407575517893
0.422860652208
0.412616193295
0.388374745846
0.383628815413
0.411818861961
0.385999649763
0.355357497931
0.404130250216
0.41807705164
0.353607773781
0.349690288305
0.354663014412
0.393774151802
0.394858956337
0.358512759209
0.390017777681
0.378294795752
0.431038707495
0.401634931564
0.361113488674
0.377386689186
0.372992604971
0.402424842119
0.377686589956
0.323812782764
0.42456638813
0.357569783926
0.411104440689
0.381224483252
0.411781579256
0.355161309242
0.329610079527
0.345882773399
0.385228931904
0.393536984921
0.38485622406
0.410418778658
0.391565084457
0.382021874189
0.35693269968
0.350485444069
0.420113682747
0.349420845509
0.390762478113
0.407398492098
0.391777902842
0.382813096046
0.393368154764
0.36995112896
0.364036828279
0.385487705469
0.333528906107
0.341022700071
0.389029234648
0.368055850267
0.351758182049
0.344990700483
0.319206953049
0.402207046747
0.406792789698
0.333657056093
0.409287452698
0.362076461315
0.324266314507
0.340454220772
0.416526019573
0.3631465137
0.403596431017
0.415487527847
0.397725611925
0.328002899885
0.412111908197
0.406921327114
0.404577404261
0.401456296444
0.312173306942
0.384850591421
0.39139944315
0.424218267202
0.399375736713
0.305131047964
0.382543772459
0.382016062737
0.350054889917
0.404229581356
0.428390920162
0.380103588104
0.325792014599
0.330970406532
0.354669809341
0.408601939678
0.422465771437
0.401788771152
0.352476239204
0.345690965652
0.370830357075
0.417032629251
0.322802782059
0.385475337505
0.390389740467
0.344782650471
0.372301459312
0.378881543875
0.350328177214
0.354847222567
0.388846546412
0.328364104033
0.387615680695
