0.692431807518
0.692978322506
0.695006132126
0.690889954567
0.692679703236
0.691716194153
0.698625981808
0.690513074398
0.691294014454
0.693588495255
0.693146765232
0.694127082825
0.693569302559
0.692285239697
0.691587269306
0.687102854252
0.688331127167
0.689800202847
0.687161922455
0.686613380909
0.68892210722
0.687293231487
0.691963613033
0.689790606499
0.681515514851
0.686802566051
0.680478870869
0.683244526386
0.683986842632
0.683234214783
0.68416249752
0.686374485493
0.68176150322
0.682807862759
0.68014550209
0.678227841854
0.679019093513
0.676941514015
0.677662849426
0.679556965828
0.679712533951
0.674266517162
0.671244084835
0.672179579735
0.66751152277
0.666398525238
0.671129465103
0.644283533096
0.667458355427
0.665218532085
0.671213805676
0.659474611282
0.653249084949
0.64716643095
0.646824538708
0.642940104008
0.652199804783
0.651196718216
0.640886187553
0.649334549904
0.642450273037
0.625373184681
0.638632714748
0.642456591129
0.633697628975
0.650348961353
0.647337019444
0.63938832283
0.61868917942
0.624232232571
0.625707626343
0.616680562496
0.627682745457
0.612461745739
0.603999912739
0.625044822693
0.615001618862
0.616728842258
0.610462784767
0.61122071743
0.617542922497
0.608426868916
0.631565451622
0.647711098194
0.62330442667
0.604759931564
0.585711956024
0.610131323338
0.620401799679
0.622096002102
0.603591918945
0.584254562855
0.612831473351
0.612563967705
0.600607991219
0.593579828739
0.590684175491
0.622199773788
0.600972890854
0.614673554897
0.598271489143
0.586250662804
0.599481701851
0.602576375008
0.585746943951
0.598266541958
0.585701525211
0.601702272892
0.598189294338
0.589845359325
0.591248095036
0.583058893681
0.593537926674
0.553938806057
0.58744841814
0.566174566746
0.587571024895
0.58572781086
0.591373562813
0.576010644436
0.576914191246
0.581448316574
0.578096926212
0.584426403046
0.563379406929
0.585229814053
0.585561990738
0.591252923012
0.581692516804
0.571519374847
0.569307923317
0.588934242725
0.600237190723
0.587715029716
0.595882177353
0.560813486576
0.579329133034
0.567347586155
0.576359272003
0.556240081787
0.562815785408
0.573283553123
0.585584402084
0.55281919241
0.580384194851
0.581676900387
0.552886784077
0.555648684502
0.572536587715
0.578149318695
0.565891802311
0.590797007084
0.540885269642
0.585918962955
0.590980529785
0.603719472885
0.568779706955
0.574038743973
0.562701821327
0.560114979744
0.57550907135
0.604492664337
0.555941283703
0.569997787476
0.554180622101
0.548785448074
0.570459783077
0.54194009304
0.557889699936
0.534220278263
0.575880050659
0.539151608944
0.556706666946
0.549401342869
0.57074546814
0.544350802898
0.549379765987
0.560932278633
0.551403045654
0.53728222847
0.543025016785
0.544254183769
0.543035447598
0.548196494579
0.532687425613
0.549450218678
0.529646098614
0.551079034805
0.55114120245
0.550648450851
0.541439175606
0.561178803444
0.535014808178
0.550588607788
0.564824700356
0.563583672047
0.539046883583
0.530916273594
0.541871786118
0.555208802223
0.558122456074
0.537542641163
0.549666702747
0.553862392902
0.55233502388
0.536840319633
0.507926464081
0.529734253883
0.5457701087
0.522847056389
0.527247607708
0.561769604683
0.536428630352
0.529079973698
0.521211802959
0.547529935837
0.526179909706
0.522238016129
0.524079024792
0.498599380255
0.553459405899
0.495348781347
0.539218962193
0.516451001167
0.523092269897
0.543517112732
0.513498842716
0.55193144083
0.522709012032
0.511541604996
0.551311671734
0.515301942825
0.520453631878
0.507964372635
0.504772007465
0.513921141624
0.48911228776
0.519174218178
0.500499010086
0.496891587973
0.519798398018
0.523674666882
0.504463136196
0.52771872282
0.497307240963
0.495454192162
0.507011771202
0.481380403042
0.481894493103
0.504505395889
0.559025287628
0.523031413555
0.519156992435
0.519527614117
0.506264746189
0.534666657448
0.497303515673
0.494510382414
0.497414559126
0.510386765003
0.488572210073
0.486881136894
0.510985195637
0.508759260178
0.515862822533
0.50329631567
0.500458717346
0.510450065136
0.491658806801
0.511359155178
0.524755239487
0.517549514771
0.512213051319
0.485660672188
0.496926575899
0.514042496681
0.486623704433
0.510664999485
0.534227073193
0.50495839119
0.535814166069
0.510867595673
0.484709441662
0.507354259491
0.491318076849
0.505668818951
0.536788284779
0.518055081367
0.506744027138
0.499780416489
0.500646352768
0.49929395318
0.513814628124
0.493075609207
0.488162964582
0.503460586071
0.478689044714
0.47302159667
0.504261434078
0.487165391445
