0.705007910728
0.693652391434
0.696436583996
0.685935139656
0.726720452309
0.712560415268
0.694094836712
0.695507824421
0.691882908344
0.703471779823
0.718210935593
0.716369330883
0.688632667065
0.707294583321
0.694974601269
0.677572131157
0.686143219471
0.689038217068
0.712716579437
0.698446452618
0.714234113693
0.69412946701
0.689004123211
0.705390155315
0.707835137844
0.698965728283
0.684487700462
0.680438280106
0.717223525047
0.716098248959
0.697666585445
0.706615149975
0.694657623768
0.717067718506
0.69365978241
0.685528695583
0.709483385086
0.710516810417
0.687284529209
0.703711390495
0.702080309391
0.678929626942
0.682500481606
0.715553104877
0.702544271946
0.685507297516
0.718539595604
0.715554535389
0.678292095661
0.727289259434
0.703446090221
0.689424157143
0.691324234009
0.699502766132
0.685439705849
0.696829080582
0.695267677307
0.690878212452
0.688595414162
0.692893743515
0.699343860149
0.702300429344
0.701162338257
0.699791312218
0.689028859138
0.679560542107
0.688432335854
0.7034496665
0.715370893478
0.693147599697
0.703621089458
0.697960853577
0.677359819412
0.690345704556
0.685866415501
0.693723857403
0.699864089489
0.671583890915
0.707854688168
0.70871591568
0.690482378006
0.691027998924
0.693937897682
0.688458800316
0.677834570408
0.687592566013
0.692848145962
0.697253584862
0.689106583595
0.702262222767
0.690441727638
0.707741439342
0.695366978645
0.701912462711
0.694246768951
0.695831179619
0.687910854816
0.71049618721
0.724084973335
0.698124408722
0.701701819897
0.691217422485
0.703556418419
0.694680035114
0.692696332932
0.697346031666
0.685145556927
0.699940741062
0.695130109787
0.695071697235
0.6986541152
0.685064971447
0.689234435558
0.689324378967
0.678551495075
0.686415076256
0.696514010429
0.677639722824
0.724548220634
0.692483901978
0.694833755493
0.71756964922
0.705333530903
0.675339102745
0.696929812431
0.694116055965
0.693255007267
0.699819803238
0.676685929298
0.697723984718
0.674860060215
0.696363627911
0.694608747959
0.707199037075
0.689199209213
0.708380401134
0.706723570824
0.680094182491
0.698685348034
0.68253993988
0.68897330761
0.701678097248
0.685430169106
0.690884232521
0.684282183647
0.705705463886
0.693210780621
0.705239951611
0.673316001892
0.68695795536
0.680884897709
0.663207888603
0.674914300442
0.706522643566
0.693432927132
0.684286892414
0.693782806396
0.719056785107
0.690192818642
0.684379160404
0.708594560623
0.68839943409
0.679871201515
0.704597651958
0.700160980225
0.708695113659
0.698132455349
0.686193227768
0.676400005817
0.699001252651
0.704535484314
0.695867478848
0.666211664677
0.702825784683
0.676113605499
0.67355376482
0.683076500893
0.686350166798
0.687752604485
0.677914977074
0.692809343338
0.694269835949
0.711197197437
0.690506696701
0.684104084969
0.694496929646
0.681696295738
0.670939981937
0.691031992435
0.694609999657
0.695940494537
0.693605601788
0.698943376541
0.675676763058
0.692791223526
0.689857423306
0.671642482281
0.675753116608
0.693476557732
0.694887638092
0.692057549953
0.694279432297
0.680334866047
0.691775739193
0.684410750866
0.678702890873
0.671856820583
0.688240706921
0.692246317863
0.7043145895
0.701518714428
0.685523033142
0.687029600143
0.70695734024
0.677182376385
0.695004820824
0.689091920853
0.67680978775
0.695186555386
0.688842177391
0.707676708698
0.695191264153
0.686845064163
0.691013395786
0.678761899471
0.684204220772
0.680560588837
0.669937074184
0.697200477123
0.683654069901
0.683067679405
0.685630083084
0.688752830029
0.669190764427
0.697857916355
0.667999207973
0.689392328262
0.679404675961
0.675337135792
0.719755232334
0.691076934338
0.687300682068
0.677494645119
0.685287714005
0.686954855919
0.688269793987
0.68108779192
0.687897741795
0.680689513683
0.692869186401
0.688539206982
0.675105273724
0.66745454073
0.688625633717
0.691211402416
0.679844796658
0.686638236046
0.678743243217
0.694689929485
0.686908423901
0.675602912903
0.690583467484
0.687538683414
0.690720915794
0.684191524982
0.668396294117
0.684896528721
0.693180203438
0.699939548969
0.693709015846
0.696979045868
0.692927956581
0.705351173878
0.680472016335
0.678507864475
0.684086918831
0.685837626457
0.68067240715
0.697140157223
0.686527132988
0.695569753647
0.688668727875
0.675838708878
0.686789989471
0.708964705467
0.693293273449
0.687315583229
0.694374501705
0.680137395859
0.69319909811
0.70450335741
0.68866366148
0.675476372242
0.693479239941
0.685801267624
0.690297782421
0.681868314743
0.679734528065
0.681925833225
0.688660264015
0.685142993927
0.683224618435
0.696245908737
0.683947324753
0.697389125824
0.691867828369
0.687607526779
0.672766923904
0.699369311333
0.677237033844
0.682417273521
0.688364684582
0.681047618389
0.676582455635
0.687869608402
0.681865036488
0.700133562088
0.688501596451
0.68749755621
0.674118161201
0.671462714672
0.682004630566
0.676420032978
0.674239814281
0.686469256878
0.689485251904
0.67375433445
0.679528832436
0.686468958855
0.671548187733
0.689301431179
0.684769511223
0.687860608101
0.68327665329
0.67885696888
0.672454833984
0.67232054472
0.664907455444
0.675178706646
0.675286412239
0.696338474751
0.685520350933
0.680626869202
0.686601221561
0.686367154121
0.676615953445
0.691004931927
0.689206242561
0.671926081181
0.673283398151
0.674215972424
0.681691288948
0.690202057362
0.688818454742
0.693987905979
0.681514620781
0.701152026653
0.681644499302
0.684325873852
0.681484639645
0.666905939579
0.681364238262
0.679410815239
0.68565672636
0.665727734566
0.696111321449
0.689602315426
0.692618012428
0.665673077106
0.671088814735
0.671714246273
0.671289384365
0.684482455254
0.677085340023
0.681402564049
0.688917219639
0.690672338009
0.711639821529
0.669654905796
0.672472834587
0.697453916073
0.684146642685
0.677336990833
0.67005199194
0.679114758968
0.678591072559
0.663252949715
0.672906339169
0.675781667233
0.678991377354
0.691615104675
0.684219300747
0.668589293957
0.680903017521
0.681220948696
0.693324685097
0.680487334728
0.663286209106
0.655884683132
0.666939616203
0.671692609787
0.694908022881
0.672661185265
0.679567813873
0.691763401031
0.678194522858
0.682592749596
0.658408582211
0.690650880337
0.671082735062
0.665842652321
0.676738619804
0.684200406075
0.681197464466
0.674412250519
0.685301244259
0.697752118111
0.689370036125
0.681261301041
0.68551504612
0.673970878124
0.678149342537
0.673598706722
0.673802673817
0.664428472519
0.689591467381
0.66868108511
0.686388731003
0.664195418358
0.682266771793
0.682076931
0.696865797043
0.676846563816
0.670896351337
0.690424501896
0.671012639999
0.679032504559
0.663581907749
0.693320393562
0.683349490166
0.664209902287
0.680759191513
0.688532590866
0.678980827332
0.679370641708
0.687012314796
0.677541911602
0.687477767467
0.685947537422
0.679729402065
0.675323903561
0.688463509083
0.685097575188
0.676772236824
0.680295109749
0.664130806923
0.683065950871
0.686127543449
0.690272510052
0.665770769119
0.677761018276
0.678535997868
0.673757135868
0.68885332346
0.691340327263
0.681105315685
0.681157529354
0.687926352024
0.686996817589
0.675600767136
0.672427713871
0.667007565498
0.678006827831
0.674247980118
0.665494441986
0.700454354286
0.672199368477
0.664478957653
0.676828086376
0.66680431366
0.663285136223
0.676241934299
0.684611558914
0.676018238068
0.671440958977
0.668746352196
0.679330527782
0.696157634258
0.682042777538
0.685174584389
0.699713945389
0.675342023373
0.688238680363
0.673368752003
0.675538122654
0.674067497253
0.688080847263
0.679228723049
0.690766394138
0.686650872231
0.693764150143
0.673680067062
0.67840886116
0.675209224224
0.679451107979
0.666814386845
0.672104001045
0.670115828514
0.671627879143
0.672370493412
0.674851417542
0.686828613281
0.677649796009
0.66516661644
0.664031744003
0.686890244484
0.662047147751
0.671101927757
0.681106805801
0.669076561928
0.674861192703
0.679253578186
0.68366342783
0.691488146782
0.668689846992
0.679498791695
0.662528157234
0.673841297626
0.676164507866
0.680899858475
0.669028222561
0.697774171829
0.686560332775
0.667928874493
0.682467579842
0.661564648151
0.683179140091
0.689616262913
0.683519661427
0.678533017635
0.676069021225
0.700263619423
0.678938806057
0.687252163887
0.684399187565
0.675157427788
0.679406881332
0.669900119305
0.700374245644
0.678014099598
0.695102214813
0.683981239796
0.694558262825
0.663057208061
0.69725638628
0.681096196175
0.681621134281
0.686839342117
0.685420811176
0.6715067029
0.686817467213
0.681339561939
0.686069250107
0.680465757847
0.678286373615
0.673837661743
0.686396598816
0.690365076065
0.682181179523
0.68284124136
0.690112769604
0.672549784184
0.68987172842
0.679086327553
0.685034155846
0.672573387623
0.684221684933
0.684162437916
0.674743354321
0.69925403595
0.670998990536
0.685234904289
0.667041242123
0.666427910328
0.674619197845
0.690679311752
0.680292248726
0.67664706707
0.672202527523
0.681406617165
0.671666681767
0.663263618946
0.666861653328
0.686474442482
0.691366493702
0.682317495346
0.681226551533
0.681743919849
0.667423307896
0.683656036854
