0.692561745644
0.692309558392
0.691789150238
0.691628813744
0.692059099674
0.690679013729
0.689872503281
0.68911421299
0.688868761063
0.686773657799
0.686246156693
0.685936629772
0.683733105659
0.683368206024
0.681296169758
0.679344058037
0.675181627274
0.6750857234
0.673409223557
0.67191183567
0.667838811874
0.661634325981
0.660064160824
0.660519659519
0.658728897572
0.654985368252
0.652025401592
0.649608612061
0.643963932991
0.644608676434
0.639860272408
0.634529829025
0.635325074196
0.628382563591
0.627319276333
0.624226272106
0.623034358025
0.619760215282
0.615239679813
0.613703727722
0.604197561741
0.606263756752
0.599774003029
0.594420433044
0.593775629997
0.587955772877
0.588571608067
0.581413328648
0.583588302135
0.580124020576
0.569692969322
0.563011586666
0.571150124073
0.562234282494
0.557134866714
0.557615578175
0.553114533424
0.548377871513
0.543206870556
0.541588485241
0.536040663719
0.53023982048
0.525970995426
0.520312845707
0.523479163647
0.526883006096
0.508948028088
0.503887653351
0.507085502148
0.500304818153
0.494639635086
0.487118899822
0.484521716833
0.487404674292
0.480762153864
0.474669337273
0.459473162889
0.462941080332
0.465769797564
0.45636844635
0.45227843523
0.446413964033
0.45066639781
0.444678366184
0.442331463099
0.4293397367
0.427308231592
0.425799638033
0.417807668447
0.422295033932
0.407670766115
0.405157774687
0.393236458302
0.397197067738
0.390192180872
0.389915645123
0.383145958185
0.383223384619
0.378968536854
0.372307896614
0.367099672556
0.352510780096
0.344339698553
0.343538224697
0.345405727625
0.353127449751
0.3381921947
0.338203907013
0.332918763161
0.313056796789
0.313456654549
0.313340872526
0.307259380817
0.303880751133
0.292651832104
0.283635705709
0.292500048876
0.289843887091
0.295858860016
0.279377818108
0.28004977107
0.281257659197
0.25800216198
0.263589203358
0.255373895168
0.262278258801
0.251024603844
0.252648591995
0.246949598193
0.242883071303
0.225414142013
0.23080123961
0.223919838667
0.246695592999
0.234392076731
0.225243464112
0.209487915039
0.218810707331
0.216833680868
0.19581836462
0.200637146831
0.188167110085
0.186808288097
0.194437086582
0.190546363592
0.186357736588
0.189702644944
0.187017530203
0.17374792695
0.179938644171
0.169265419245
0.169119045138
0.163518935442
0.165529415011
0.16019782424
0.159182444215
0.170469895005
0.155454143882
0.142437011003
0.155877113342
0.134511679411
0.157782405615
0.138653710485
0.13964048028
0.131715416908
0.148589253426
0.135281950235
0.133682072163
0.12387753278
0.123325921595
0.141317903996
0.131341829896
0.14563895762
0.125596284866
0.116507068276
0.105587430298
0.107081957161
0.128578111529
0.0980273708701
0.114426672459
0.123572818935
0.109756082296
0.102436937392
0.107466556132
0.102980963886
0.11025249958
0.0925079137087
0.0954104065895
0.0946846753359
0.105357415974
0.097362190485
0.1004306674
0.0961314290762
0.0944845229387
0.0996925011277
0.0868947282434
0.0968394055963
0.0877001658082
0.114876583219
0.0927440747619
0.0686274841428
0.0827459767461
0.0873134583235
0.0788381248713
0.0689430683851
0.0836364626884
0.0781492367387
0.0756697580218
0.0854969322681
0.0731571614742
0.0756294056773
0.0697163641453
0.0638514086604
0.0774190798402
0.0709903165698
0.0683783739805
0.0633832961321
0.0596788823605
0.0623749606311
0.0713808313012
0.0766821801662
0.0547378174961
0.0736040472984
0.071568377316
0.0585313290358
0.0595625117421
0.0554054155946
0.05738998577
0.0545021183789
0.062169637531
0.0581591613591
0.0584293007851
0.0593246407807
0.0588261596859
0.0659986659884
0.0573118552566
0.0522731207311
0.0534631498158
0.0586252063513
0.0494735054672
0.0387700647116
0.0650039762259
0.0485118739307
0.0515830293298
0.0633380264044
0.0389918722212
0.0527794249356
0.0548548288643
0.0473369881511
0.04790841043
0.0595308169723
0.0474547408521
0.0436036475003
0.05020801723
0.0546554923058
0.047027040273
0.0545042641461
0.0483472235501
0.0492430068552
0.0494613274932
0.0483346059918
0.0662581175566
0.0452987775207
0.0473777875304
0.0382031612098
0.0368423648179
0.0350535660982
0.0496889911592
0.0476855784655
0.0251902006567
0.0536506660283
0.0378775447607
0.0375816337764
0.0377983041108
0.0508976317942
0.0404148101807
0.0527414269745
0.0397123768926
0.031297557056
0.0317728482187
0.0332683287561
0.0341448150575
0.0380707718432
0.0320050530136
0.0279865376651
0.0439142026007
0.0340003371239
0.0302466377616
0.0375176034868
0.0416024513543
0.0456108376384
0.0473081991076
0.0375032201409
0.0295920297503
0.0301723126322
0.0434278398752
0.0459262132645
0.0405751988292
0.0306797511876
0.0351216718554
0.0364109352231
0.0275557730347
0.0248273424804
0.0412296913564
0.0217367634177
0.0323543772101
0.0378410182893
0.0551938973367
0.0390888340771
0.0343236029148
0.0383805371821
0.0249215103686
0.040348071605
0.0380120500922
0.0243005733937
0.0298440139741
0.0348031334579
0.0288233943284
0.0292883515358
0.0597819499671
0.0244667679071
0.0258487407118
0.0439898744226
0.0203879792243
0.0328268297017
0.024977883324
0.0310052130371
0.0207552555948
0.0285264626145
0.021063555032
0.0257422048599
0.0421358495951
0.032882489264
0.0262669213116
0.0205610767007
0.0206503327936
0.0402166284621
0.0204714890569
0.0270656291395
0.0236385501921
0.0210398696363
0.0226696580648
0.0314921066165
0.0234342105687
0.0187298562378
0.0255346186459
0.0296161323786
0.0254737064242
0.0219648648053
0.0185972116888
0.0162010509521
0.0349186547101
0.0170761309564
0.0208024252206
0.0170820001513
0.0235175490379
0.0198994278908
0.0194349158555
0.0329838059843
0.0272755138576
0.0231731329113
0.0285493079573
0.0295954253525
0.0386160835624
0.0265383124352
0.0300082955509
0.0299540888518
0.0274983681738
0.028302108869
0.0261581148952
0.0236451476812
0.01948848553
0.0218579918146
0.0193523857743
0.0312332063913
0.0326421745121
0.0249751619995
0.0183128174394
0.0219265222549
0.0175804160535
0.0176585316658
0.0277308691293
0.0141292847693
0.0170695353299
0.0172487366945
0.018625035882
0.0263210907578
0.0281610526145
0.0160651579499
0.0174600221217
0.0203531365842
0.0238167177886
0.0332938395441
0.0155034027994
0.021096913144
0.0182403363287
0.016325423494
0.0152091030031
0.0328933149576
0.0124678462744
0.0147012649104
0.0161903668195
0.0144716463983
0.0230964198709
0.0364040248096
0.0214644633234
0.0511106848717
0.0199855603278
0.0155932791531
0.0148722650483
0.0192711986601
0.0198178756982
0.021650519222
0.0189036466181
0.0140094896778
0.0142727000639
0.020652404055
0.0190000236034
0.0177490394562
0.0393080189824
0.018570676446
0.0134584167972
0.0199556909502
0.0323450006545
0.0245165470988
0.0162999629974
0.0166692920029
0.0256590489298
0.0113535830751
0.0255879797041
0.0196881946176
0.0195324998349
0.0269795395434
0.0189621895552
0.0230368915945
0.0136366961524
0.0183447822928
0.0172382276505
0.0219635926187
0.0153120327741
0.0202399995178
0.0151085061952
0.0240663792938
0.0182695202529
0.0223419815302
0.0151124736294
0.0276448838413
0.0264422297478
0.0185367241502
0.0193415135145
0.0212925095111
0.0135531648993
0.0111681660637
0.017936591059
0.015581115149
0.0316838994622
0.0226390492171
0.0198470726609
0.0199370272458
0.00975159555674
0.0275767557323
0.0341764576733
0.0145094944164
0.0133492900059
0.0308726839721
0.0136460326612
0.0178231857717
0.0223210863769
0.00956769753247
0.0384807176888
0.010752053
0.0222863238305
0.021622704342
0.0183618031442
0.0230947546661
0.014538497664
0.0161293353885
0.0232580583543
0.0114241717383
0.0193596072495
0.0399216264486
0.00941922329366
0.00902134459466
0.0161943174899
0.0299193877727
0.017896508798
0.0265049804002
0.0181095339358
0.0206183139235
0.0168667379767
0.0146804898977
0.0217994693667
0.0132990898564
0.00878330599517
0.0295603126287
0.0169962923974
0.0126762343571
0.0176320225
0.0166633576155
0.0154448710382
0.0227746404707
0.0139363920316
0.0201121028513
0.00985764525831
0.0177156254649
0.0147123755887
0.00625692820176
0.0119779799134
0.0153199629858
0.0254228636622
0.0102169504389
0.0329456441104
0.0122593604028
0.0143284741789
0.015978878364
0.0227018985897
0.00985857006162
0.0178479868919
0.0108412280679
0.0131036238745
0.0140355536714
0.00783311296254
0.0131521774456
0.01644718647
0.00893604569137
0.0213165003806
0.0141200972721
0.0256719626486
0.00829720310867
0.0116257322952
0.0203484576195
0.0263655856252
0.00983434915543
0.0110972113907
0.0210416149348
0.0202177166939
0.012181809172
0.0178294386715
0.0134265040979
0.0198928266764
0.0169588550925
0.0106905894354
0.0127567779273
0.00813008379191
0.0177925862372
0.0181104652584
0.017296044156
0.0155153898522
0.00883113127202
0.017648562789
0.0106846950948
0.0199602749199
0.0154122235253
0.016237873584
0.0184953901917
0.0113098472357
0.0116835525259
0.0087188500911
0.0214120578021
0.00864094682038
0.0210395809263
0.0165699496865
0.0114367194474
0.0253490079194
0.02700609155
0.0189020335674
0.00960101000965
0.0106262825429
0.0181262753904
0.00593959074467
0.0111324312165
0.00868618674576
0.0186828076839
0.0189236924052
0.0298090241849
0.0121863484383
0.00875709857792
0.0210504569113
0.0200082529336
0.0149190556258
0.0159602891654
0.0207169856876
0.0186099503189
0.0146696316078
0.00610900251195
0.0077422154136
0.012069744058
0.0296810548753
0.0138664823025
0.0287106335163
0.0239375699311
0.0101752094924
0.00626123603433
0.00935054011643
0.017167834565
0.0109285311773
0.0104368561879
0.00509524578229
0.0173011496663
0.00677987886593
0.0132533982396
0.0144098168239
0.0123733943328
0.021699314937
0.0143341626972
0.0310677755624
0.0038187133614
0.00943533889949
0.0193561408669
0.0159821715206
0.0277907326818
0.0224705040455
0.00789129082114
0.0182504300028
0.0111249620095
0.0198263544589
0.00684922328219
0.0204591434449
0.0118269696832
0.0123355872929
0.0116084590554
0.0267763324082
0.00764347845688
0.00955079961568
0.0276620127261
0.0142398066819
0.0314437188208
0.0165636129677
0.0168129522353
0.0150350062177
0.0223002228886
0.0060523301363
0.0117900287732
0.0122776450589
0.00849627889693
0.0134304631501
0.0227201767266
0.0112258410081
0.0238567590714
0.0114927571267
0.01186908409
0.0227717012167
0.0130028631538
0.0271564815193
0.0101685961708
0.0179565735161
0.0210305787623
0.0109648946673
0.0100419931114
0.0107177048922
0.00856968853623
0.0208836346865
0.0102891437709
0.015581398271
0.0102024879307
0.0251228678972
0.00765944784507
0.00616982858628
0.0169137027115
0.00828069169074
0.00906497985125
0.00549616012722
0.0370303951204
0.0130939530209
0.0210071373731
0.00723406858742
0.00834385119379
0.018476055935
0.0161824058741
0.0131426267326
0.019748147577
0.0131123438478
0.0170968379825
0.0203538313508
0.0227582585067
0.00874830409884
0.00642210431397
0.0106888506562
0.0114498939365
0.00766138499603
0.0147779835388
0.00835543591529
0.0102723846212
0.0202634483576
0.0138900382444
0.00466804392636
0.00567995524034
0.0067032314837
0.00684717576951
0.0139039596543
0.0156315043569
0.00562346167862
0.00872410461307
0.011313887313
0.0100701171905
0.00696747750044
0.0126302465796
0.00657079415396
0.00803114194423
0.0111531000584
0.0145392091945
0.0145750250667
0.0119386157021
0.00738610420376
0.00365971704014
0.00790753960609
0.00803783535957
0.00671471841633
0.0266613699496
0.0136336488649
0.0109306871891
0.00937864929438
0.0186677630991
0.00707135396078
0.0133882490918
0.0159778892994
0.0148330666125
0.0181987602264
0.0127611504868
0.006161023397
0.0132590821013
0.00363261415623
0.0089257620275
0.0158784966916
0.0255104918033
0.0211753435433
0.00508779799566
0.00683308625594
0.0169079843909
0.0266577154398
0.0210291985422
0.0146300746128
0.00564170302823
0.00910470634699
0.0159072503448
0.00985638797283
0.00644486024976
0.0132136913016
0.00827252399176
0.00912260357291
0.0102632734925
0.0167053546757
0.0168810058385
0.00567008927464
0.00750722782686
0.0120927169919
0.0164905879647
0.01426339522
0.00748213101178
0.00734666921198
0.00253782048821
0.00958710350096
0.0137794874609
0.00813877955079
0.0209341179579
0.00624521542341
0.0184688400477
0.0028550743591
0.0221226811409
0.0155821377411
0.0152002777904
0.0164343267679
0.0102848494425
0.00487109739333
0.0209201667458
0.00968633778393
0.00778013281524
0.00576123921201
0.0252547990531
0.0143946483731
0.0146058266982
0.0134933367372
0.00708266766742
0.00753143802285
0.00453991396353
0.0119439903647
0.0100730732083
0.0105509022251
0.0183965768665
0.00678706495091
0.00479761790484
0.00502105336636
0.00916807819158
0.00966874416918
0.00597385084257
0.0190554801375
0.0143013093621
0.0257391389459
0.0080095725134
0.0119073241949
0.0247485041618
0.0129393022507
0.0248049292713
0.00720124924555
0.00525854434818
0.0052052969113
0.0278565380722
0.0220053344965
0.00431304611266
0.0124140502885
0.00613186787814
0.0117148449644
0.00715954322368
0.00820269621909
0.0108002545312
0.0185047443956
0.0273886099458
0.00885071791708
0.00745132938027
0.0222161170095
0.00990022346377
0.0064658690244
0.011954006739
0.0113251265138
0.00646203802899
0.0186582766473
0.0162729974836
0.00691049732268
0.0101673640311
0.00443774648011
0.0145885720849
0.030321367085
0.0123924799263
0.00239517143928
0.00845426600426
0.00674415659159
0.0142031693831
0.00762050691992
0.00396579550579
0.00925290212035
0.00743884127587
0.00554816331714
0.00687101949006
0.00522137247026
0.0069671026431
0.00757167860866
0.00969558488578
0.00976182427257
0.00618702266365
0.00611665844917
0.0171063281596
0.009422454983
0.00818906910717
0.00308105535805
0.00486109498888
0.0205565541983
0.0104188853875
0.00964842643589
0.0252685826272
0.0231850128621
0.00770521955565
0.0106772258878
0.00590219767764
0.0107706356794
0.019782261923
0.0148281473666
0.0164234843105
0.0297775100917
0.00587264169008
0.0177343226969
0.0154465185478
0.00273875519633
0.0124401766807
0.0226419959217
0.0127890892327
0.014481482096
0.0283353626728
0.0151571203023
0.0147746270522
0.0248157363385
0.0118722524494
0.016238052398
0.0151653615758
0.00914188288152
0.0121770091355
0.011462116614
0.0106669869274
0.00855851173401
0.00833072327077
0.0169732961804
0.00414248602465
0.00984617136419
0.004596861545
0.00996606610715
0.00935704633594
0.0187724139541
0.00727625191212
0.0067110885866
0.00314663094468
0.00642944406718
0.00538444845006
0.00694884546101
0.00555373029783
0.0179764144123
0.0207593888044
0.00576019054279
0.00721562094986
0.00675527052954
0.0157643035054
0.00516319042072
0.0332664884627
0.0323746055365
0.00309111201204
0.00454466789961
0.00489972857758
0.013345265761
0.00927426479757
0.0227518938482
0.00761910760775
0.0214310325682
0.0035664185416
0.0127552431077
0.00990982074291
0.0329405963421
0.00382304028608
0.010723025538
0.00392821058631
0.0034321101848
0.00527281546965
0.00382905057631
0.00865711644292
0.00986066367477
0.0230785887688
0.0141433719546
0.0176803953946
0.00724100554362
0.00430224137381
0.00678665656596
0.0154319135472
0.00860302895308
0.00420100288466
0.00622556777671
0.0161633100361
0.0160124804825
0.00935479812324
0.00680596847087
0.0102406982332
0.00388580281287
0.0129979867488
0.00723981810734
0.00744732748717
0.00909167621285
0.00564876431599
0.00847914069891
0.00411590281874
0.00411431491375
0.0111006936058
0.00538340350613
0.0048339641653
0.0280139390379
0.0162170827389
0.00923665519804
0.0104623651132
0.0198968425393
0.00968264229596
0.00862859096378
0.0284546688199
0.00511324685067
0.00860498286784
0.00294490042143
0.0068514207378
0.0044469232671
0.00843952037394
0.00823596306145
0.0162384528667
0.00381882325746
0.00346019328572
0.0075198886916
0.00500026671216
0.0105201434344
0.00864243879914
0.0203277766705
0.0196243468672
0.00494571309537
0.00525007257238
0.0114596318454
0.00842379871756
0.0027328596916
0.0152485081926
0.00480721425265
0.00613450538367
0.00700711039826
0.0104225659743
0.00547339394689
0.00456918869168
0.00473334826529
0.0147534059361
0.00718687474728
0.0153029328212
0.0189070962369
0.02190236561
0.00463056983426
0.0133130308241
0.00475495913997
0.00477479398251
0.00907174311578
0.00743336696178
0.0342500880361
0.00904215499759
0.00604631332681
