0.692322969437
0.690110445023
0.686251699924
0.683950126171
0.681498169899
0.67905330658
0.674611449242
0.671794891357
0.668200671673
0.664712071419
0.662320315838
0.658679485321
0.656912147999
0.652668893337
0.648059666157
0.645615279675
0.637758076191
0.636614143848
0.635824501514
0.630040585995
0.625993430614
0.61879914999
0.617093384266
0.612083554268
0.609038412571
0.60475230217
0.594225525856
0.594266414642
0.585648834705
0.584248840809
0.583728373051
0.591284155846
0.577065050602
0.559312164783
0.577908396721
0.56592553854
0.5649985075
0.545171618462
0.553913772106
0.539101958275
0.536474049091
0.537767648697
0.525624155998
0.531214892864
0.504697263241
0.515492498875
0.494578301907
0.514739692211
0.511770546436
0.500050067902
0.50012588501
0.495982646942
0.493427217007
0.471228778362
0.473974078894
0.478192925453
0.468089938164
0.474717587233
0.46128436923
0.464833408594
0.472739547491
0.446634948254
0.459182947874
0.470615804195
0.435411632061
0.453485995531
0.450639754534
0.438415884972
0.433180510998
0.436355620623
0.428076177835
0.435061782598
0.41701027751
0.411947518587
0.434364259243
0.423581838608
0.416636109352
0.408367991447
0.434478104115
0.426191449165
0.415395587683
0.412678539753
0.398577392101
0.40602144599
0.426735401154
0.416983395815
0.393059104681
0.415040552616
0.394297689199
0.411396592855
0.401818096638
0.402449458838
0.387199908495
0.406084984541
0.394921123981
0.409091860056
0.373605132103
0.381216466427
0.388643205166
0.372349798679
0.378062486649
0.404303908348
0.376537710428
0.394077241421
0.378564745188
0.395489573479
0.391013741493
0.384680390358
0.36902615428
0.379471719265
0.371615707874
0.383336216211
0.378495484591
0.386972129345
0.379055649042
0.366269767284
0.392669886351
0.369597196579
0.357216954231
0.372956246138
0.380680650473
0.368252575397
0.369379252195
0.365814507008
0.384726107121
0.372280299664
0.374628573656
0.390096306801
0.361968547106
0.355287283659
0.386242091656
0.355168491602
0.351821571589
0.372026950121
0.366719156504
0.36910250783
0.356522202492
0.337880432606
0.360173404217
0.388930022717
0.347007721663
0.360188543797
0.377508819103
0.37033200264
0.381755203009
0.359789431095
0.368046760559
0.365899294615
0.350044250488
0.393390595913
0.356987953186
0.343818485737
0.359653145075
0.357158154249
0.348219454288
0.341287225485
0.347567826509
0.404008150101
0.348294138908
0.342284351587
0.351902276278
0.375150352716
0.336134016514
0.332780569792
0.338725209236
0.362555354834
0.336798757315
0.357126891613
0.366416931152
0.36086499691
0.35532912612
0.353373020887
0.341872304678
0.350907623768
0.350133836269
0.386158972979
0.377563118935
0.350672155619
0.337063163519
0.372588068247
0.328462660313
0.343724817038
0.322576910257
0.340554684401
0.359381854534
0.33260256052
0.351666271687
0.378730177879
0.351390123367
0.342825889587
0.381990224123
0.362651109695
0.327253580093
0.400404393673
0.34596273303
0.361949801445
0.333450525999
0.357522130013
0.335879743099
0.32528206706
0.329769462347
0.370986789465
0.36251103878
0.330445230007
0.37225446105
0.345936387777
0.337891131639
0.343260318041
0.33315423131
0.35768032074
0.325409889221
0.340619653463
0.365975230932
0.323006749153
0.34001532197
0.352169215679
0.322107106447
0.349512934685
0.350071817636
0.333055347204
0.331032067537
0.362332165241
0.360244244337
0.362645298243
0.316946297884
0.37094604969
0.330120325089
0.336227864027
0.352811574936
0.335953354836
0.36334913969
0.335888892412
0.335070997477
0.330743998289
0.333731949329
0.369998127222
0.315935343504
0.31571033597
0.322511166334
0.324357271194
0.347033917904
0.328950077295
0.339666426182
0.304122447968
0.331408768892
0.324722498655
0.35888209939
0.31642588973
0.326839983463
0.333111196756
0.300794988871
0.320471644402
0.34634578228
0.339533001184
0.309099972248
0.339021474123
0.312352508307
0.321091890335
0.337956786156
0.315649479628
0.328655749559
0.33502176404
0.3240262568
0.304829925299
0.340597242117
0.341290593147
0.30657351017
0.341928273439
0.332094997168
0.33092468977
0.379045337439
0.326984077692
0.32093372941
0.31446787715
0.328579336405
0.325140297413
0.338116675615
0.301458954811
0.317874282598
0.32101047039
0.300692051649
0.324983805418
0.322682678699
0.33003488183
0.326594740152
0.334157913923
0.320854514837
0.31164586544
0.297562360764
0.357169777155
0.312425613403
0.297197014093
0.33638843894
0.333020418882
0.331874638796
0.326541811228
0.328167200089
0.315874040127
0.317701756954
0.310017198324
