0.782379567623
0.573162794113
0.512911081314
0.448692023754
0.383650779724
0.342671245337
0.293458133936
0.257375210524
0.194793701172
0.171074137092
0.145481407642
0.110666573048
0.103879638016
0.0674139559269
0.0700000524521
0.0548738650978
0.0845078900456
0.0434901602566
0.033095702529
0.0423727296293
0.0425877831876
0.045086145401
0.0290626566857
0.00731967529282
0.0415501259267
0.0411982759833
0.00927412696183
0.037255179137
0.0271781180054
0.0281711742282
0.0542161613703
0.00676156533882
0.0289243813604
0.0132374018431
0.0349641144276
0.0655938982964
0.0118007203564
0.0289359651506
0.0326037481427
0.0363602265716
0.00494163390249
0.0343884043396
0.00934739597142
0.0361081175506
0.0119609022513
0.00581098021939
0.0303050521761
0.011753378436
0.0312764495611
0.0232086181641
0.0191848333925
0.0266573745757
0.00809880625457
0.00676483940333
0.0126591930166
0.0232820417732
0.019845765084
0.0156275313348
0.0104804551229
0.00993407331407
0.0114372521639
0.00666445679963
0.00482578668743
0.00224694958888
0.0119095742702
0.00297000212595
0.0100910514593
0.00344779691659
0.0105938864872
0.00349643453956
0.0035535225179
0.0108424853534
0.0210012737662
0.00518701551482
0.022890560329
0.00840556435287
0.00427056709304
0.00145906105172
0.00404009688646
0.0189371146262
0.015311983414
0.0110927652568
0.00810859911144
0.00115127488971
0.0164648368955
0.00358659238555
0.0125671727583
0.00438039936125
0.0129928486422
0.00457539269701
0.00521921692416
0.000791387050413
0.00729954941198
0.00125666055828
0.00147334625944
0.0362789705396
0.00211199047044
0.0198562070727
0.00261244596913
0.00450672348961
0.00432234909385
0.0129181081429
0.00731485988945
0.00125963194296
0.00302192429081
0.000671697489452
0.00384607049637
0.0195145010948
0.0137546053156
0.00164530216716
0.00100973655935
0.0123171024024
0.00228731962852
0.0238587278873
0.000469400401926
0.00577683793381
0.0126895215362
0.000764966302086
0.0145802432671
0.0319230258465
0.0133312502876
0.0723089054227
0.187039151788
0.0401112288237
0.00200468907133
0.00902158394456
0.0499677620828
0.0116736572236
0.0951560214162
0.00201449962333
0.0372644104064
0.0267525259405
0.0229469034821
0.0134403128177
0.0206588879228
0.00995690375566
0.0398601442575
0.027153622359
0.0262711662799
0.00289439293556
0.0673548355699
0.00455849105492
0.0152177140117
0.0104482518509
0.0109824705869
0.00460634892806
0.01495268289
0.00795756001025
0.0213295556605
0.0222594775259
0.00362007739022
0.00376393646002
0.00723444717005
0.00282205780968
0.00215693004429
0.00490302685648
0.00722684105858
0.0242964159697
0.00494412146509
0.00378619483672
0.00196177791804
0.00794117618352
0.00462614418939
0.00250413059257
0.0202435012907
0.00118285813369
0.00832540448755
0.0127493962646
0.00107114994898
0.00104532914702
0.00213150912896
0.00242787809111
0.0113682197407
0.00163647986483
0.00175354722887
0.00109277537558
0.000340268888976
0.004382527899
0.00456992443651
0.000775360618718
0.0014076011721
0.023959543556
0.0269310865551
0.000454705179436
0.00154580338858
0.00198263628408
0.00040827356861
0.000913608702831
0.00230812956579
0.0340098701417
0.00282722618431
0.00049189949641
0.00393604021519
0.0144754024222
0.00268719578162
0.00192742678337
0.000723937933799
0.00253858650103
0.00203928397968
0.00452455319464
0.00126615457702
0.000811271893326
0.00201617740095
0.00788210518658
0.00978606380522
0.0371714383364
0.0183430407196
0.00676778750494
0.000232236474403
0.000427074410254
0.0212903898209
0.0209306608886
0.00119957781862
0.00750183966011
0.000392162299249
0.000550597789697
0.00232580769807
0.00718098832294
0.0262343473732
0.00901025626808
0.00341341691092
0.0205981750041
0.00828117597848
0.0120557611808
0.00945787318051
0.015356246382
0.000487307988806
0.00593563122675
0.00415189377964
0.00120512233116
0.00412726728246
0.00208525103517
0.0092033855617
0.0080999545753
0.0605631843209
0.00408940808848
0.000517626060173
0.0214827954769
0.00108992494643
0.0083521194756
0.00198755087331
0.00331949372776
0.0154548436403
0.00125430629123
0.0221356842667
0.000351136317477
0.00367319909856
0.0180477872491
0.0191882252693
0.00569602940232
0.00836303923279
0.00599305331707
0.0197903197259
0.0402528718114
0.00985591858625
0.00293746893294
0.00469112815335
0.00412320205942
0.00611936533824
0.00757130980492
0.00285583571531
0.0033809391316
0.000835926271975
0.0120281297714
0.00120234349743
0.000915165815968
0.00257424288429
0.0032669249922
0.0208769030869
0.00200373656116
0.00205337302759
0.00255254330114
0.0018980181776
0.00097303383518
0.00468148477376
0.00159367814194
0.000795159605332
0.000784010859206
0.00411741482094
0.00158073322382
0.0216645468026
0.00901058036834
0.00495982356369
0.00107245519757
0.004629438743
0.00137886230368
0.000566400936805
0.000189129859791
0.012208881788
0.0188178233802
0.00318832183257
0.00118723348714
0.000652112299576
0.000379286415409
0.00560054555535
0.0172645095736
0.0210132189095
0.0137013280764
0.0040604332462
0.00221281638369
0.000152836146299
0.00117045291699
0.000889778661076
0.00127053970937
0.019763180986
0.011362968944
0.00201724865474
0.00624216068536
0.00961144920439
0.0130482194945
0.00159403914586
0.0159548521042
0.00492729386315
0.0323529578745
0.00792292691767
0.00417706696317
0.00240225391462
0.0643610730767
0.00140627264045
0.00456965947524
0.000702136021573
0.00502362288535
0.0415917448699
0.0107720335945
0.030263626948
0.0245255548507
0.00290571688674
0.00135730893817
0.00941308401525
0.0238652154803
0.00259897438809
0.00662364065647
0.00162626779638
0.0476735383272
0.000593358883634
0.00210200971924
0.00646806554869
0.00158953026403
0.00986688118428
0.00129307853058
0.00198590196669
0.00262610893697
0.00784409791231
0.00148942321539
0.00690229050815
0.00514412252232
0.0258130934089
0.000662364182062
0.00488301739097
0.00365995778702
0.00319807883352
0.00159833440557
0.0186999067664
6.77390635246e-05
0.000157432150445
9.94450092549e-05
0.0138532361016
0.00413723895326
0.00703832693398
0.0261764433235
0.000148621053086
0.0112081123516
0.0028980744537
0.00127231760416
0.0428896024823
0.00110539922025
0.000245120580075
0.00505571532995
0.00458739278838
0.00940797943622
0.00831965636462
0.00141475256532
0.000196692795726
0.000345428445144
7.00497766957e-05
0.000146310630953
0.0367558300495
0.000638782570604
0.000559305481147
0.0200594235212
4.86919161631e-05
0.033271048218
0.00227630534209
0.00161887286231
0.00178537901957
0.000558835454285
0.00828318297863
0.0275461599231
0.0071588139981
0.00261221569963
0.000314906181302
0.00141558807809
0.000446289894171
0.000598667189479
0.00074537738692
0.00817140936852
0.000703780679032
0.000348693632986
0.0233301389962
0.000502020295244
0.0133963935077
0.00123644503765
0.00147096673027
0.000132938832394
0.000269615353318
0.0280884671956
0.00401487061754
0.000227105978411
0.00450034346431
0.00325795845129
0.000497457454912
0.000222816277528
0.02825717628
0.00235649337992
0.000206470795092
0.000503708026372
0.00585091067478
0.00392954563722
0.000570732925553
3.41770719388e-05
0.00239455490373
0.000387356296415
0.00773038296029
3.52898605342e-05
0.00234587443992
0.000647346721962
0.00824359618127
0.0102096395567
0.0172449015081
0.000582376902457
0.000334018026479
0.000404966907809
0.000120918681205
0.000183223455679
5.45650218555e-05
0.0175614152104
0.0223176069558
0.0120989624411
0.000310203642584
0.000342807034031
0.00339230941609
0.0137655716389
0.000262677727733
0.00116572633851
0.0061943391338
6.51676091366e-05
0.00922963023186
0.000132649278385
0.00118623371236
0.000365862913895
0.0572030097246
0.000152101740241
0.00072749867104
0.00215637311339
5.69416406506e-05
0.00017291289987
0.00017551802739
6.9930414611e-05
0.00183944450691
0.00144457397982
0.000369276356651
0.000103097911051
0.00429768441245
0.00828495807946
3.81271929655e-05
0.000333667412633
0.000250578537816
0.000336403347319
0.0102359093726
2.62661578745e-05
0.000573080847971
9.33876217459e-05
2.69704360107e-05
0.000799320288934
7.00510645402e-05
0.000121343909996
0.00141878705472
0.000201301692869
0.000423391495133
0.000416001828853
0.0176708176732
0.00022073512082
0.00318277347833
0.00234469678253
0.00241980049759
0.000369063374819
0.000251113029663
0.0228608995676
0.00387107231654
0.00130962138064
0.00149603851605
6.01278334216e-05
0.000113866124593
0.00984760653228
0.00163866893854
0.000510931946337
0.000629444431979
0.000447085825726
4.31501539424e-05
0.000266469811322
0.000430106098065
0.00302407937124
0.000297804130241
0.00429915869609
0.00331649114378
0.000446284509962
4.12361514464e-05
0.000218598870561
0.000138848481583
0.00296249683015
0.00186190498061
0.000997797702439
0.000939013087191
0.000596282246988
0.000218568267883
0.0260271448642
0.00149286456872
0.000162280426593
0.00160862866323
1.70668754436e-05
3.87471300201e-05
0.00563606293872
1.31658944156e-05
0.00355889624916
1.97455119633e-05
4.87996294396e-06
2.43751983362e-05
3.96563518734e-05
4.7497684136e-05
0.000215727821342
1.29574127641e-05
4.72782357974e-06
0.000177489346243
5.0801292673e-05
0.00049483042676
0.0339273586869
0.00284345517866
0.00010179891251
3.24699794874e-05
1.98430898308e-05
0.00433824770153
0.000501482107211
0.0128538794816
0.00265224906616
2.40526132984e-05
9.85601946013e-06
4.58702706965e-05
0.045093420893
1.19746928249e-05
0.00247796648182
0.00330944126472
9.9321907328e-05
1.01403666122e-05
2.13233397517e-05
5.15434021509e-06
3.22175174006e-06
7.22815184417e-06
2.60050455836e-05
9.39537676459e-06
0.0159676000476
0.00407885946333
0.0155010782182
0.00559060880914
2.08986784855e-05
0.000374248658773
0.000759833783377
1.22470846691e-05
8.14182276372e-05
0.000189646685612
8.02846552688e-05
0.00111932866275
6.24881358817e-05
0.000525224430021
0.00941155385226
0.000194627413293
9.8852076917e-05
0.000113849186164
0.000251003686571
0.000184529766557
7.70475962781e-05
2.3457030693e-05
0.000334696873324
0.00310214725323
0.000283966830466
0.000234627892496
0.00105374213308
1.45641743075e-05
3.23549866152e-05
0.0024746702984
0.000724670244381
0.000795494124759
0.00183137657586
6.09445633017e-05
0.000388407963328
0.000211751146708
0.00020551054331
0.000140350413858
0.0305318161845
0.00145774311386
0.000117695584777
0.00374456588179
0.000161063609994
0.000214396903175
0.0033714575693
0.000861409876961
0.024557126686
0.000415901071392
0.00107427802868
0.000109426422569
0.000704281439539
0.0241835284978
4.9988480896e-05
0.000168124097399
0.000191141996766
0.000535133236554
0.00379128521308
2.80096555798e-05
0.0020802624058
0.00673642521724
0.000138425733894
0.000356164906407
0.000717934395652
0.00120182486717
3.19070713886e-05
0.00022769451607
0.000340694561601
0.000131179695018
0.000487894722028
6.89071821398e-05
9.03548352653e-05
0.00163533852901
0.000335220189299
0.000159133647685
0.000220197209273
0.000438459799625
2.13152816286e-05
0.000149739149492
0.000450667313999
5.76056263526e-05
0.00114016828593
0.00262548075989
0.0254429336637
0.00221932167187
0.000340879167197
0.000219918918447
0.000418592913775
1.3540906366e-05
9.51004476519e-05
0.00051494804211
6.85745180817e-05
0.0070411269553
0.0828627496958
0.00105989922304
0.000726400932763
0.0130230067298
0.000306882575387
0.0136235775426
0.00248167919926
0.000133497582283
0.0034260796383
0.00137134641409
8.50211945362e-05
9.98945761239e-05
0.000475818291306
0.102196596563
0.00131969701033
0.00280996132642
0.00103333219886
0.0001234539086
0.00543512869626
0.0268674343824
0.000321746658301
0.000958858814556
0.0407038480043
0.0176999084651
0.0140646016225
0.000314350909321
0.000367141969036
0.000177317124326
0.0313500612974
0.00432537635788
0.0289777051657
0.0456583946943
0.0219471957535
0.0405430942774
3.11494950438e-05
0.00316354958341
0.0528786666691
0.000260859495029
0.00787796918303
0.00182745233178
0.0177896190435
0.0209076106548
0.00172892783303
0.000223468232434
0.0677608400583
0.0400681756437
0.00107465859037
0.0422216802835
0.0148389618844
0.0225783083588
0.00441310415044
0.0732554420829
0.00057314458536
0.0132200168446
0.0001802953484
0.0131555544212
0.000425406382419
0.094579257071
0.0891017541289
0.0677255615592
0.0063896602951
0.0190808605403
0.0888384953141
0.0931339412928
0.0790398195386
0.104017272592
0.0836059972644
0.093700863421
0.0214413758367
0.0185970533639
0.0269734282047
0.00164662988391
0.126909688115
0.0266047548503
0.147284984589
0.00467122159898
0.00447413697839
0.0239690672606
0.0544385537505
0.116308264434
0.0646266788244
0.00281709106639
0.0633751004934
0.000708536012098
0.00789814721793
0.00713165802881
0.0204267967492
0.0166469011456
0.00417635822669
0.00152052391786
0.0126496125013
0.00835714209825
0.0464903078973
0.00309864873998
0.070170044899
0.0282661952078
0.0221082475036
0.000884688924998
0.000459245638922
0.00391359394416
0.00117624562699
0.00597524875775
0.0488716736436
0.000919059559237
0.0055348998867
0.013043303974
0.000700185599271
0.000425881909905
0.00274427235126
0.00382559699938
0.000360387202818
0.00138262554538
0.000218968809349
0.00337111391127
0.000328941910993
0.000115054688649
0.0013585803099
0.000278952793451
0.000565819849726
0.000396037503378
0.00929100997746
0.000234217252
0.000511155638378
0.000249297416303
0.000131279142806
4.42741365987e-05
0.011154522188
0.000284629291855
9.95203663479e-05
0.000229083394515
0.000647568900604
0.00160990550648
0.00365913938731
0.00016207304725
0.000254298647633
0.000763895572163
0.000346704473486
0.000395804585423
3.44084000972e-05
0.000175784123712
0.0289243962616
6.39364807284e-05
0.000658770615701
0.00048057953245
0.000478673784528
5.54662001377e-05
0.000985384220257
0.00178926892113
0.00046191419824
0.00822692923248
0.000438636838226
0.00157781213056
0.00463876593858
0.000571988115553
0.00298217008822
5.04853960592e-05
6.274797488e-05
0.000506494368892
0.00274631124921
0.00029267827631
0.00820631626993
0.000654031289741
0.00245414650999
0.0260723214597
0.000197562229005
0.000199080997845
0.00136313529219
0.000231759200688
0.000495029671583
0.0010306086624
0.00209612492472
0.00247407075949
0.000307931157295
0.000817197840661
0.003433882026
0.000841641332954
8.53596284287e-05
0.000135999667691
0.0109570045024
0.01501188986
4.01196739404e-05
0.000133751920657
0.000245776696829
0.00288539775647
0.000221268055611
0.000129465319333
0.000529128185008
0.00312799098901
0.0828735008836
0.00142490630969
0.0561373531818
0.00116688048001
1.85672197404e-05
0.00235412106849
0.00177061080467
2.17425440496e-05
0.000582228589337
0.00419514952227
0.00123733410146
0.0197655111551
0.00429810862988
0.000167068021256
0.000272205768852
0.00172814796679
0.00522435735911
0.0225849337876
9.17154193303e-06
0.000964101287536
3.27399538946e-05
0.000207452263567
0.000164295357536
6.4199366534e-06
6.60156147205e-05
9.62708600127e-06
0.00910312123597
2.86427912215e-05
1.05517783595e-05
3.85620478482e-05
2.53857051575e-05
4.19541311203e-06
9.03039981495e-05
1.81620071089e-05
0.000460249721073
0.00366169586778
4.93206498504e-05
0.000212900486076
0.00610126089305
0.000172697182279
4.67310710519e-05
0.000102107907878
0.000784679315984
0.00421774713323
7.17430957593e-05
2.83959598164e-05
0.00112306501251
4.23697310907e-05
0.000213788662222
1.6549422071e-05
1.35050586323e-05
0.000126483675558
9.63388538366e-06
0.000189423546544
2.6420571885e-05
0.0299606993794
0.000319453887641
0.00458792643622
4.99337729707e-05
0.0125581426546
0.000101756049844
6.85031636749e-06
0.000743282958865
3.75474292014e-06
0.0068082343787
0.000639935431536
0.0733129456639
0.0128048807383
7.42360643926e-05
2.74506346614e-05
1.41051168612e-05
0.027615474537
2.74287758657e-05
0.0105261895806
4.14721671405e-06
2.20638157771e-05
0.00167338713072
0.000613332493231
0.00172003498301
0.00153290771414
0.043723616749
0.00104435102548
1.43717052197e-05
1.81328814506e-05
5.46522496734e-05
2.81418106169e-05
0.00252291583456
0.000326492008753
0.0611583814025
0.000152350621647
0.000123727688333
0.000476313609397
7.52394989831e-05
0.000685791193973
0.00214570318349
0.000480351649458
8.93450705917e-05
6.80971106704e-06
7.56636609367e-06
1.32131262944e-05
0.0021752929315
0.000136765549541
0.000492301303893
0.00118663406465
0.00978050474077
4.73707177662e-06
4.55064910057e-05
0.00452814204618
0.0100634628907
1.96836917894e-05
1.16224509839e-05
0.000298551894957
0.000764767406508
5.46822811884e-05
7.5558032222e-06
8.14000377432e-05
6.23497180641e-06
1.23276277009e-05
6.15893222857e-05
0.00072753126733
9.20562233659e-05
4.88840378239e-05
1.28253523144e-05
4.79955597257e-05
0.03125513345
6.86568382662e-05
8.07516844361e-05
1.99405531021e-06
4.34613393736e-05
4.57462829218e-06
0.00140722526703
0.000125078047859
2.86220620183e-05
6.96988645359e-05
0.00345827685669
0.000835034588818
0.000362024322385
1.7752408894e-05
3.68489709217e-05
0.000152264503413
7.38015369279e-05
0.00272821518593
0.000106403131213
0.00224403408356
4.28515231761e-05
1.85084718396e-05
2.13719831663e-05
0.00144847121555
0.00617395946756
0.00125893205404
1.33763760459e-05
0.00613234099001
0.00845172535628
0.00510068191215
0.00298992241733
0.000105442668428
2.18350214709e-05
5.16254149261e-05
0.00101730308961
1.39167104862e-05
2.69026968454e-05
