0.693161427975
0.690904557705
0.688393175602
0.685562968254
0.682484090328
0.67699944973
0.672913908958
0.65722066164
0.644079267979
0.625969409943
0.596624135971
0.596694648266
0.550366461277
0.51649916172
0.507030010223
0.534063339233
0.49216940999
0.507675945759
0.495782345533
0.480009526014
0.511265039444
0.463150888681
0.470410704613
0.449406385422
0.45825985074
0.430728554726
0.468898534775
0.410206079483
0.454951286316
0.374810785055
0.42256039381
0.397464722395
0.392080008984
0.404869198799
0.344455510378
0.332281082869
0.346385985613
0.347910672426
0.304681062698
0.344910562038
0.299027532339
0.322151392698
0.27035677433
0.277038753033
0.24288032949
0.2755458951
0.276385396719
0.266605943441
0.282989084721
0.321423411369
0.279852747917
0.260774224997
0.250723332167
0.25246861577
0.197313174605
0.30281829834
0.254288822412
0.214073032141
0.310307353735
0.295389175415
0.232799902558
0.255703508854
0.251064807177
0.335997521877
0.251012206078
0.241527959704
0.289644628763
0.237710818648
0.2735247612
0.215559333563
0.242588579655
0.306117296219
0.235061645508
0.223792508245
0.278206318617
0.276811331511
0.262553364038
0.248097971082
0.363997966051
0.29853028059
0.2811229527
0.258367985487
0.302366048098
0.247305899858
0.263777732849
0.268485575914
0.245132476091
0.237433195114
0.251683533192
0.184130713344
0.233083695173
0.254584819078
0.265537679195
0.266016066074
0.250211566687
0.273799538612
0.207638397813
0.266948163509
0.290904074907
0.224916115403
0.269771546125
0.294931411743
0.256930351257
0.238163009286
0.196819394827
0.245234921575
0.267256379128
0.24122685194
0.247272342443
0.241988658905
0.296203792095
0.229206442833
0.252645045519
0.169608235359
0.204476624727
0.242381215096
0.194370254874
0.238266602159
0.228061497211
0.223023355007
0.263038426638
0.238440856338
0.283707082272
0.257108658552
0.274673640728
0.227348417044
0.287831902504
0.262549847364
0.26035374403
0.212338224053
0.263283282518
0.260624945164
0.241358980536
0.266417741776
0.22126801312
0.238868311048
0.251715451479
0.223753467202
0.314971983433
0.227928310633
0.253722161055
0.274585902691
0.205830991268
0.248736158013
0.29134580493
0.231087774038
0.219575867057
0.221899390221
0.284019351006
0.233764648438
0.267775714397
0.235111609101
0.190344959497
0.175024494529
0.231046274304
0.256588250399
0.216815963387
0.209039717913
0.257523238659
0.192682743073
0.200849920511
0.206784501672
0.234992161393
0.173759609461
0.193715542555
0.222124680877
0.187181934714
0.163593068719
0.186108335853
0.268153935671
0.208531856537
0.231154501438
0.231263995171
0.211229607463
0.181132018566
0.182526037097
0.175163477659
0.231731161475
0.203015357256
0.218806996942
0.187469124794
0.220641180873
0.229259774089
0.214281409979
0.235254779458
0.194743663073
0.247845247388
0.195893615484
0.18694216013
0.210035964847
0.201733961701
0.213845938444
0.159178733826
0.196559935808
0.240488782525
0.237942099571
0.189075410366
0.179474011064
0.158039182425
0.164852619171
0.184815645218
0.212565764785
0.254139453173
0.208722412586
0.182513937354
0.240928590298
0.20724478364
0.201966404915
0.226007714868
0.175577268004
0.190701678395
0.22302505374
0.220695868134
0.19299942255
0.214095085859
0.217579185963
0.182322353125
0.201531559229
0.168930128217
0.223195746541
0.241319417953
0.196495041251
0.182673126459
0.132920086384
0.21636646986
0.135022491217
0.173735126853
0.22119513154
0.162093684077
0.183543086052
0.200943008065
0.224985092878
0.180534496903
0.233498871326
0.143644154072
0.227629572153
0.153722003102
0.23098962009
0.246010124683
0.263002693653
0.21494628489
0.207274258137
0.176147550344
0.195270374417
0.222743108869
0.185446873307
0.201268687844
0.177635744214
0.179807186127
0.165469542146
0.171660929918
0.274355947971
0.169127061963
0.18400298059
0.121416717768
0.183014079928
0.141189470887
0.18037237227
0.230029150844
0.210818111897
0.184334844351
0.177679032087
0.185625478625
0.17877356708
0.238747388124
0.155041515827
0.126621350646
0.168183788657
0.117458693683
0.14137069881
0.186238244176
0.178830265999
0.157555401325
0.210930675268
0.212703570724
0.110848866403
0.193729862571
0.18495734036
0.211393177509
0.234271630645
0.197602808475
0.183816820383
0.167785719037
0.176871657372
0.162141755223
0.200895175338
0.1785556674
0.236677646637
0.213493019342
0.208335414529
0.107579410076
0.22616674006
0.185586243868
0.174692198634
0.153614297509
0.144953399897
0.13853096962
0.146962419152
0.180019065738
0.133829250932
0.154992476106
0.219027072191
0.13318040967
0.170301049948
0.169329985976
0.181378886104
0.142164066434
0.220866113901
0.133989661932
0.176025688648
0.166656464338
0.131188496947
0.197975128889
0.188711702824
0.151495456696
0.24507804215
0.135957092047
0.265474677086
0.153000563383
0.147693157196
0.218298837543
0.147945970297
0.13756608963
0.161504179239
0.121504992247
0.152895689011
0.200339496136
0.161137506366
0.198668837547
0.169099748135
0.190862461925
0.157653182745
0.16289922595
0.141736879945
0.183218866587
0.170234233141
0.177649781108
0.134482175112
0.125162035227
0.152441471815
0.180805027485
0.15228754282
0.157333552837
0.143601074815
0.142211824656
0.189563438296
0.17710313201
0.13000138104
0.127686351538
0.186048969626
0.170549213886
0.18633133173
0.113038524985
0.154711186886
0.130062118173
0.125316470861
0.18030577898
0.178155034781
0.20007263124
0.177986890078
0.160483703017
0.128419220448
0.111278697848
0.124810285866
0.18787831068
0.192021176219
0.189352124929
0.178012534976
0.132869631052
0.141546979547
0.154041990638
0.187333628535
0.180203974247
0.151330918074
0.196328505874
0.171982318163
0.114365115762
0.13701787591
0.178949043155
0.132721498609
0.162642776966
0.126234933734
0.172311738133
0.181436628103
0.136424005032
0.221684157848
0.13755685091
0.12369196862
0.152269124985
0.190031692386
0.202756419778
0.163201794028
0.153081789613
0.152175724506
0.108434334397
0.174559637904
0.170710384846
0.176686957479
0.124207988381
0.16062875092
0.186208307743
0.164158299565
0.278537392616
0.132097229362
0.159585297108
0.137369886041
0.179948851466
0.169757261872
0.119664333761
0.19257375598
0.186589241028
0.167282164097
0.19137956202
0.19367043674
0.1680098176
0.134071901441
0.16505253315
0.172286465764
0.201346546412
0.151425033808
0.100862205029
0.124224357307
0.10883653909
0.147923469543
0.132332503796
0.145212084055
0.160249501467
0.189199015498
0.134107530117
0.133286088705
0.152077019215
0.147220015526
0.13438937068
0.195987477899
0.257509499788
0.181805804372
0.168951377273
0.12077921629
0.118179932237
0.156676217914
0.16111010313
0.105925120413
0.203602686524
0.114582449198
0.164123088121
0.160879477859
0.11772865057
0.134256720543
0.158751681447
0.159260943532
0.226582124829
0.155487522483
0.164461016655
0.175560474396
0.165427625179
0.110413379967
0.1968601197
0.152267813683
0.147774219513
0.0990350693464
0.166380420327
0.119950316846
0.215258941054
0.146009936929
0.20838496089
0.141041889787
0.100023075938
0.159933447838
0.173075675964
0.23125718534
0.188900843263
0.172059372067
0.185123950243
0.16518111527
0.148295387626
0.131554290652
0.171424508095
0.173138946295
0.105825647712
0.138066038489
0.171351537108
0.116851769388
0.115107141435
0.168564990163
0.158556044102
0.144668757915
0.13572768867
0.151534900069
0.149873912334
0.196802198887
0.140539437532
0.147512301803
0.185873195529
0.122885711491
0.12491646409
0.20561555028
0.1515558213
0.122149787843
0.131265312433
0.156766310334
0.148433253169
0.139996945858
0.199068501592
0.165096640587
0.143989279866
0.133455812931
0.136482104659
0.145401358604
0.156658634543
0.207640111446
0.117948181927
0.151963308454
0.123333461583
0.155106425285
0.108805969357
0.120248146355
0.16395367682
0.225202947855
0.194413349032
0.138796031475
0.151430338621
0.141782522202
0.101350903511
0.181656718254
0.226269796491
0.181667387486
0.155227690935
0.158169493079
0.180277004838
0.100794188678
0.168693184853
0.162859097123
0.162102788687
0.106950037181
0.121918097138
0.168351113796
0.182800143957
0.198000282049
0.146508827806
0.130043700337
0.210986256599
0.166490390897
0.168531998992
0.133734628558
0.136244282126
0.141560077667
0.166148737073
0.123803123832
0.193583995104
0.16294144094
0.106636658311
0.24549947679
0.207906737924
0.132752120495
0.155957981944
0.1239913553
0.159954831004
0.156339138746
0.12537060678
0.189477607608
0.196603432298
0.137790620327
0.193265855312
0.123064234853
0.0934341400862
0.144053667784
0.146364867687
0.113825894892
0.196689963341
0.185103788972
0.138697937131
0.172630414367
0.102165073156
0.156087338924
0.18579235673
0.134484454989
0.136981502175
0.135298609734
0.162576273084
0.171412289143
0.152929499745
0.13067483902
0.114033043385
0.129989013076
0.184720948339
0.139378517866
0.16884920001
0.18287178874
0.16580337286
0.100162893534
0.148407444358
0.120439521968
0.12242282927
0.164446875453
0.120622195303
0.134584471583
0.138743579388
0.169752210379
0.210061833262
0.169122382998
0.199687793851
0.100173488259
0.13363084197
0.205324530602
0.152251914144
0.14880618453
0.168743342161
0.113560147583
0.158973917365
0.105944342911
0.133386790752
0.128233611584
0.099518917501
0.115984775126
0.176092162728
0.0967954471707
0.152719438076
0.111216686666
0.140676215291
0.142121165991
0.0981553047895
0.0882896780968
0.232831001282
0.171218842268
0.133896827698
0.134297996759
0.135073021054
0.15846799314
0.185572817922
0.125739127398
0.102200984955
0.197991117835
0.131615683436
0.125665575266
0.121966890991
0.129902124405
0.162340968847
0.155140832067
0.129555165768
0.15134242177
0.142225161195
0.117340549827
0.148672565818
0.14012414217
0.121546730399
0.171733155847
0.118170149624
0.122365497053
0.172280699015
0.173916399479
0.12789106369
0.149991586804
0.162487432361
0.0940744057298
0.137090831995
0.103647619486
0.136713311076
0.175732031465
0.107138231397
0.135698616505
0.143828049302
0.152339249849
0.201424852014
0.102132692933
0.126940771937
0.163410946727
0.102128207684
0.112563423812
0.161601185799
0.114098757505
0.139822408557
0.0900950580835
0.160140141845
0.161566033959
0.120109133422
0.157395005226
0.118346370757
0.106650114059
0.0980623736978
0.180086269975
0.0866954699159
0.146950274706
0.163794249296
0.101661331952
0.117167271674
0.13088876009
0.13202559948
0.130738168955
0.0976729989052
0.213259905577
0.135249838233
0.0707263424993
0.116631604731
0.098789729178
0.11766204983
0.117004550993
0.10295022279
0.123418740928
0.106261692941
0.109263837337
0.138963297009
0.063640229404
0.117546066642
0.124407760799
0.110254250467
0.127265706658
0.194422572851
0.145174831152
0.146300807595
0.0834838300943
0.069561034441
0.117500863969
0.09983086586
0.142005369067
0.153532862663
0.140190884471
0.146121427417
0.106269583106
0.141809225082
0.121257930994
0.185888230801
0.0910525992513
0.144307330251
0.149832233787
0.120172582567
0.120242848992
0.125556603074
0.131477445364
0.0905057936907
0.0858061611652
0.0805455669761
0.15074133873
0.133364602923
0.126991227269
0.10789142549
0.134171947837
0.140870735049
0.138600885868
0.123550906777
0.127298817039
0.117855779827
0.124681986868
0.13803756237
0.103354506195
0.153255626559
0.106260590255
0.1296787709
0.0878412202001
0.135197073221
0.185843452811
0.129433169961
0.142158091068
0.102236606181
0.113648988307
0.129571259022
0.0929912030697
0.079416282475
0.175567910075
0.138372525573
0.181043967605
0.108839444816
0.114992059767
0.0934035107493
0.167264208198
0.087861277163
0.157155230641
0.0701176226139
0.148490145802
0.126173943281
0.158091083169
0.107062496245
0.106748610735
0.14334218204
0.129132181406
0.111279986799
0.139883592725
0.120557002723
0.136776641011
0.12727072835
0.200784415007
0.129052489996
0.175715222955
0.150371804833
0.0976107493043
0.127994775772
0.159086480737
0.0878475159407
0.133694574237
0.0987991169095
0.109817132354
0.0986171811819
0.139918655157
0.138924717903
0.0706734880805
0.118832372129
0.115584678948
0.115990616381
0.137442216277
0.125128254294
0.0960962027311
