0.693289756775
0.692987799644
0.693090081215
0.692973077297
0.692844808102
0.692835867405
0.692773342133
0.692704677582
0.692677855492
0.692659974098
0.692555427551
0.692497193813
0.692384898663
0.692386448383
0.692283391953
0.692160189152
0.692221581936
0.692146480083
0.692055881023
0.692058682442
0.691993772984
0.691889643669
0.691894233227
0.691777586937
0.69174516201
0.691646814346
0.691606163979
0.691551089287
0.691689670086
0.691418409348
0.691346824169
0.691329240799
0.691204488277
0.691312491894
0.691004753113
0.691142559052
0.69093888998
0.690720438957
0.690743327141
0.690593600273
0.690659880638
0.690582811832
0.690109372139
0.690472185612
0.689939618111
0.689886629581
0.689477086067
0.690345406532
0.68873244524
0.689817249775
0.689782857895
0.689370036125
0.689235925674
0.688998758793
0.688072025776
0.688706278801
0.686949968338
0.68808400631
0.688283622265
0.688391923904
0.687035083771
0.688129544258
0.687639117241
0.686063230038
0.686151921749
0.685773849487
0.686311721802
0.686762750149
0.685749530792
0.686371445656
0.684915304184
0.685227394104
0.684635579586
0.684749126434
0.685682892799
0.685430765152
0.683576643467
0.684514641762
0.686561644077
0.684476435184
0.686332583427
0.683553159237
0.683017790318
0.681874573231
0.68317180872
0.683585107327
0.684612214565
0.681330859661
0.681335747242
0.682481586933
0.680454909801
0.678784430027
0.68293607235
0.681811094284
0.678916215897
0.679572999477
0.676872432232
0.678816199303
0.678286492825
0.677884340286
0.678664505482
0.679164886475
0.677723050117
0.678149580956
0.677898108959
0.676679372787
0.673703014851
0.677196800709
0.66873896122
0.676808416843
0.671320796013
0.674664139748
0.671974360943
0.669629275799
0.671303629875
0.672664761543
0.672487080097
0.67197406292
0.668062090874
0.667022824287
0.664488852024
0.670179247856
0.668973684311
0.668122529984
0.662130951881
0.663610160351
0.668935418129
0.665068686008
0.663313686848
0.66265052557
0.65708732605
0.6579631567
0.665565311909
0.659246206284
0.658097565174
0.657111763954
0.653191328049
0.657025277615
0.66318833828
0.658025979996
0.646616339684
0.648504197598
0.658699989319
0.650850772858
0.650789558887
0.652909517288
0.648958981037
0.65209710598
0.653577327728
0.650429546833
0.658875703812
0.646614313126
0.63514238596
0.641484200954
0.647070109844
0.649477422237
0.641982793808
0.650252640247
0.643610060215
0.638870477676
0.646058142185
0.634155988693
0.640589594841
0.644140779972
0.647199094296
0.657672166824
0.654864490032
0.640710294247
0.631674706936
0.630814135075
0.643105685711
0.635093748569
0.633335709572
0.637003839016
0.638408839703
0.649002015591
0.642060220242
0.635243058205
0.643285989761
0.640690803528
0.623357534409
0.638708651066
0.633122444153
0.634486973286
0.632651925087
0.635661959648
0.631444334984
0.638362824917
0.615733027458
0.631046354771
0.629032433033
0.625367105007
0.641053438187
0.629406154156
0.626814603806
0.629974961281
0.62508559227
0.653972446918
0.630697131157
0.639791965485
0.621606886387
0.612607359886
0.640447080135
0.633844196796
0.620718479156
0.622331798077
0.620919406414
0.61422586441
0.621858298779
0.61924302578
0.632732272148
0.619905591011
0.631542444229
0.636476814747
0.642210006714
0.628381550312
0.617426216602
0.624490559101
0.632705807686
0.638652384281
0.621368765831
0.636766076088
0.625117003918
0.638540744781
0.62270450592
0.616417646408
0.621112108231
0.637390434742
0.619864463806
0.639041900635
0.609745085239
0.620685756207
0.603243708611
0.602648496628
0.606628477573
0.612443506718
0.617737472057
0.626258194447
0.616417348385
0.621264219284
0.631877541542
0.615088045597
0.624732255936
0.624296963215
0.614627897739
0.613497257233
0.616303741932
0.624605953693
0.629829883575
0.620341777802
0.624373674393
0.627830266953
0.62969571352
0.635148584843
0.607254981995
0.605946362019
0.612634539604
0.61515468359
0.615163743496
0.603350460529
0.599327325821
0.611067116261
0.638939261436
0.631892681122
0.621044993401
0.629305958748
0.621020674706
0.625974476337
0.607057154179
0.635447800159
0.607479631901
0.626308917999
0.614808917046
0.614172041416
0.583077728748
0.627765476704
0.61572933197
0.59330868721
0.620604395866
0.629449903965
0.624622344971
0.624809443951
0.61219149828
0.628555953503
0.599949657917
0.634859263897
0.603988409042
0.618332564831
0.603330910206
0.605261802673
0.615370988846
0.619548082352
0.615131437778
0.598045110703
0.621137499809
0.607632875443
0.614594638348
0.632729053497
0.608065187931
0.624849617481
0.609047472477
0.61332577467
0.648866891861
0.597060859203
0.626902222633
0.599087238312
0.620257556438
0.596231102943
0.609797239304
0.606838166714
0.625933587551
0.613321125507
0.631629884243
0.600623905659
0.611608684063
0.605961561203
0.625989735126
0.607694923878
0.60559630394
0.61755001545
0.619394898415
0.604199767113
0.600804328918
0.596763193607
0.609150826931
0.586164772511
0.622175514698
0.620057880878
0.617433190346
0.609951853752
0.605652868748
0.590752959251
0.624228954315
0.622676551342
0.611503720284
0.610507786274
0.611561834812
0.625675976276
0.600802779198
0.608064055443
0.629609465599
0.605241060257
0.611355066299
0.592498421669
0.620714128017
0.623685419559
0.569600343704
0.61054122448
0.619370639324
0.600910782814
0.605304539204
0.605615496635
0.600324034691
0.601898431778
0.616478800774
0.607795238495
0.603119134903
0.612790882587
0.597088873386
0.624545812607
0.609939575195
0.61469078064
0.59356367588
0.60723400116
0.618180692196
0.613677442074
0.599559962749
0.606966495514
0.595768809319
0.632250845432
0.588008165359
0.599538564682
0.581818521023
0.597893118858
0.585132598877
0.600808501244
0.611722230911
0.624098539352
0.603210747242
0.607930243015
0.590297222137
0.610543906689
0.618569076061
0.598826944828
0.608087539673
0.61350029707
0.610741913319
0.602931797504
0.621627271175
0.60418266058
0.603751301765
0.599244594574
0.593347787857
0.599255502224
0.608988642693
0.617680966854
0.584938406944
0.582202851772
0.595959722996
0.606155514717
0.610587418079
0.612856626511
0.604580640793
0.60564249754
0.596192002296
0.611018538475
0.597219586372
0.594372570515
0.574857413769
0.587968945503
0.595832943916
0.610729038715
0.606323063374
0.583605885506
0.619279980659
0.613719761372
0.621667027473
0.584457397461
0.601145029068
0.600785493851
0.616354882717
0.603753864765
0.593602776527
0.609394073486
0.62806892395
0.624167621136
0.60060274601
0.602025866508
0.599309325218
0.592268705368
0.589677214622
0.594146311283
0.598183453083
0.615674436092
0.594787716866
0.609366238117
0.586698830128
0.577155709267
0.612285375595
0.615159511566
0.592121899128
0.590816140175
0.59588354826
0.605194747448
0.582082629204
0.608538389206
0.607557594776
0.588593423367
0.588172018528
0.574078023434
0.598038494587
0.603318691254
0.613102674484
0.596161901951
0.600303828716
0.588070988655
0.615782737732
0.60801255703
0.581428349018
0.613619148731
0.595939218998
0.59283810854
0.611856222153
0.624597191811
0.608070909977
0.605617403984
0.602269947529
0.596084296703
0.581698298454
0.600629746914
0.585982918739
0.58357000351
0.590454399586
0.593143820763
0.58605247736
0.583783566952
0.600917458534
0.59359896183
0.581832528114
0.569640696049
0.608985185623
0.587993323803
0.584924519062
0.592019021511
0.615836977959
0.583236634731
0.59634500742
0.567860066891
0.559606730938
0.576618611813
0.602541089058
0.618982851505
0.601069033146
0.614624977112
0.60172533989
0.597346305847
0.581299483776
0.603567779064
0.579433679581
0.593451321125
0.594332277775
0.581955909729
0.606752634048
0.593873083591
0.58709436655
0.601243793964
0.602022469044
0.595009446144
0.607203602791
0.600200235844
0.574578762054
0.602113187313
0.590391755104
0.612784266472
0.603198289871
0.62044864893
0.57036703825
0.578585743904
0.585348725319
0.618238210678
0.612022161484
0.57904791832
0.584330737591
0.597851514816
0.590985059738
0.587010622025
0.597999036312
0.553083121777
0.607685506344
0.588405013084
0.589691281319
0.602898955345
0.563144683838
0.627026379108
0.622009158134
0.564594864845
0.588230729103
0.591017961502
0.598965704441
0.610126197338
0.606872439384
0.596444785595
0.587968945503
0.602297246456
0.591844916344
0.599522233009
0.586340844631
0.559570252895
0.570425271988
0.593423604965
0.601461946964
0.581390440464
0.585614442825
0.600346386433
0.590203821659
0.589739620686
0.58810955286
0.588807702065
0.582349181175
0.575330257416
0.59452944994
0.603069126606
0.582558631897
0.608672380447
0.583020746708
0.577652156353
0.58413797617
0.611449480057
0.574772596359
0.603344500065
0.58015370369
0.592323422432
0.59710085392
0.611876428127
0.592977166176
0.573343396187
0.621354103088
0.596480190754
0.612635731697
0.599182426929
0.56852132082
0.596841931343
0.581224441528
0.574702858925
0.602978050709
0.569056510925
0.591977655888
0.579492986202
0.599880814552
0.5896474123
0.5901876688
0.58583855629
0.586310744286
0.585899412632
0.583253860474
0.598931729794
0.596474528313
0.578191041946
0.579394459724
0.558276832104
0.583208501339
0.592250645161
0.569367229939
0.586257517338
0.571444571018
0.611489772797
0.565165102482
0.588057458401
0.581107139587
0.5797316432
0.569214701653
0.584910154343
0.586681485176
0.567131340504
0.566957831383
0.599048495293
0.573101103306
0.617427110672
0.576900422573
0.552423715591
0.553475439548
0.569792091846
0.583045303822
0.576443314552
0.597585558891
0.578707754612
0.566192626953
0.575458645821
0.600809812546
0.59122723341
0.583399057388
0.613796710968
0.578820466995
0.601905524731
0.596152544022
0.565235257149
0.598480701447
0.620278894901
0.617083072662
0.591071069241
0.57214486599
0.57364398241
0.594180643559
0.63700824976
0.615497410297
0.580553770065
0.577983677387
0.590277075768
0.551421165466
0.601240217686
0.59588521719
0.573856532574
0.575456321239
0.606216073036
0.553511440754
0.554121315479
0.601632833481
0.5761089921
0.570961236954
0.553901612759
0.579058408737
0.597544074059
0.576646983624
0.595141947269
0.612412035465
0.561836779118
0.595762252808
0.595463693142
0.567574501038
0.584256052971
0.564207732677
0.577631056309
0.56637597084
0.587180972099
0.551528036594
0.567794680595
0.594658255577
0.560974299908
0.601951777935
0.612601816654
0.59869146347
0.569310724735
0.592709481716
0.589053988457
0.599092245102
0.579133808613
0.611369729042
0.579345822334
0.561242878437
0.558454394341
0.576949298382
0.581150114536
0.550560951233
0.584631562233
0.589712619781
0.570799827576
0.591365516186
0.612530589104
0.557867109776
0.59007614851
0.583714127541
0.574653089046
0.590701043606
0.563355147839
0.581173062325
0.599787414074
0.589752614498
0.590034663677
0.602431893349
0.588029563427
0.575793147087
0.597518324852
0.573486745358
0.592555224895
0.577161312103
0.593749582767
0.592962384224
0.590585827827
0.581710994244
0.585616588593
0.55663228035
0.58837646246
0.564033567905
0.639065504074
0.585349917412
0.568817734718
0.585539460182
0.577520728111
0.566211700439
0.570400714874
0.577935814857
0.578237593174
0.593303501606
0.591564416885
0.577293455601
0.561441242695
0.581126153469
0.594781041145
0.572734236717
0.585099220276
0.549696087837
0.56626021862
0.577843666077
0.603239536285
0.556892156601
0.598137438297
0.574448525906
0.562123417854
0.582580924034
0.583030819893
0.559886217117
0.588813185692
0.551879882812
0.574074447155
0.585150301456
0.56366109848
0.583073318005
0.561262130737
0.581879079342
0.592834770679
0.5837277174
0.556851267815
0.605812907219
0.58649212122
0.549450039864
0.559676885605
0.574226617813
0.581871211529
0.581334114075
0.57768124342
0.604934453964
0.566590487957
0.571370780468
0.561622560024
0.547776758671
0.560089111328
0.568461358547
0.596055984497
0.565017044544
0.571588635445
0.554459154606
0.58165448904
0.589829623699
0.570950329304
0.570567071438
0.594499111176
0.592637240887
0.56560587883
0.567495346069
0.593755781651
0.554723799229
0.59135556221
0.582080900669
0.596778333187
0.580894529819
0.585921883583
0.599507391453
0.576229989529
0.575933218002
0.591770648956
0.541516542435
0.583538651466
0.580997765064
0.593095064163
0.575865864754
0.583378314972
0.570777118206
0.569373130798
0.578845143318
0.590084850788
0.566216170788
0.600235998631
0.571827948093
0.565678238869
0.582882940769
0.563561916351
0.577585041523
0.561451077461
0.562343597412
0.567668735981
0.603389024734
0.560832738876
0.573475897312
0.575590908527
0.581790268421
0.595712780952
0.582818031311
0.576747477055
0.556911170483
0.575867950916
0.566906154156
0.589438438416
0.568969488144
0.566422045231
0.541289865971
0.59295809269
0.572589457035
0.542952597141
0.581438064575
0.618141531944
0.5741725564
0.565915822983
0.545523881912
0.595822513103
0.606182515621
0.558715820312
0.558141112328
0.609560608864
0.578428685665
0.542511582375
0.557617723942
0.574345231056
0.58782017231
0.555611789227
0.570544421673
0.568050503731
0.578837633133
0.551382124424
0.579246163368
0.541290640831
0.564768373966
0.576843678951
0.569192707539
0.606263756752
0.531933963299
0.553532004356
0.562709391117
0.570274293423
0.561618387699
0.553352713585
0.571619868279
0.557601213455
0.561344385147
0.561979651451
0.563526570797
0.595767855644
0.57154750824
0.568598687649
0.572864353657
0.571383833885
0.574003994465
0.595336079597
0.537549734116
0.556175351143
0.58229970932
0.573466479778
0.58566826582
0.567476391792
0.601337611675
0.524309873581
0.567457675934
0.576582610607
0.581363737583
0.58336275816
0.55770611763
0.578193604946
0.578531861305
0.540184080601
0.554906904697
0.576177597046
0.591903626919
0.58928000927
0.581966936588
0.580577492714
0.559153437614
0.585616052151
0.55912655592
0.616239309311
0.569982886314
0.571532845497
0.578877449036
0.548292756081
0.549054384232
0.568670630455
0.565304994583
0.549475371838
0.617804706097
0.553365945816
0.568628251553
0.567529976368
0.575650274754
0.567970514297
0.573189973831
0.609816670418
0.590082287788
0.568890690804
0.573249042034
0.560922980309
0.571708202362
0.587254285812
0.586227655411
0.57039386034
0.55740827322
0.558558344841
0.563903272152
0.584856748581
0.573632538319
0.573116898537
0.555033862591
0.572621762753
0.52523380518
0.556928217411
0.593598127365
0.571723401546
0.558307647705
0.573176622391
0.569085478783
0.561655700207
0.55077278614
0.603864789009
0.579231142998
0.551136612892
0.559568226337
0.545327544212
0.601091384888
0.598847329617
0.588811218739
0.613037467003
0.554258406162
0.574609458447
0.552747488022
0.546725809574
0.552398920059
0.586450517178
0.551862239838
0.589364409447
0.566879451275
0.554716527462
0.584256649017
0.590596556664
0.562673151493
0.552707970142
0.598036885262
0.577436566353
0.555321216583
0.563246667385
0.579829275608
0.584684848785
0.580642819405
0.558058261871
0.557045578957
0.548534333706
0.569703161716
0.545764744282
0.586659252644
0.566313743591
0.597994565964
0.566959679127
0.579426586628
0.593901336193
0.571804761887
0.568104147911
0.574251413345
0.544896066189
0.56779140234
0.553745925426
0.588333547115
0.582463979721
0.562663316727
0.560267806053
