0.846549451351
0.753125846386
0.775559127331
0.711341381073
0.712850272655
0.718626439571
0.719161748886
0.654732763767
0.69334179163
0.665472090244
0.656329870224
0.613255262375
0.631726324558
0.602093338966
0.58215880394
0.595221161842
0.579173147678
0.583041250706
0.589801847935
0.560762226582
0.575398623943
0.531426429749
0.560604631901
0.560189545155
0.538446903229
0.540464878082
0.56526941061
0.550828456879
0.559718608856
0.557674825191
0.535860955715
0.522807598114
0.510089457035
0.501300394535
0.497653782368
0.51531535387
0.505149304867
0.508053660393
0.517097592354
0.492528378963
0.48614397645
0.506883382797
0.482016205788
0.44545930624
0.471955090761
0.481273382902
0.471416145563
0.460441410542
0.4803840518
0.479710996151
0.455950260162
0.463041126728
0.501198470592
0.475580215454
0.469691246748
0.492549687624
0.456419557333
0.430819988251
0.480306565762
0.44668623805
0.447189122438
0.46846216917
0.444790989161
0.477932602167
0.43962392211
0.449765920639
0.417476296425
0.485093206167
0.429496765137
0.431330233812
0.423358410597
0.423245251179
0.424071907997
0.463025271893
0.416108131409
0.453286737204
0.437148272991
0.425515860319
0.428728342056
0.414544165134
0.418300420046
0.418431431055
0.387982845306
0.411472529173
0.406805276871
0.402276098728
0.409760832787
0.381483793259
0.416380435228
0.404789447784
0.40403598547
0.395542412996
0.388927400112
0.405692875385
0.399457007647
0.385152727365
0.384317994118
0.378430038691
0.352394431829
0.376254081726
0.360342890024
0.373939096928
0.39601573348
0.379195511341
0.39262843132
0.382402807474
0.400631129742
0.3631323874
0.349948912859
0.393068492413
0.354644179344
0.343058288097
0.389125287533
0.34553065896
0.360547631979
0.372221231461
0.393127888441
0.363251239061
0.362381875515
0.356925934553
0.35753017664
0.387831240892
0.369579136372
0.355841368437
0.374412417412
0.351494163275
0.349709004164
0.313422590494
0.358389735222
0.331014275551
0.353286027908
0.325904518366
0.331331014633
0.319313198328
0.35437181592
0.349219083786
0.357605338097
0.317430824041
0.30175113678
0.28498223424
0.32506364584
0.322719752789
0.31772813201
0.319786936045
0.308406502008
0.292215585709
0.341259837151
0.32245349884
0.311805874109
0.331795930862
0.310516744852
0.307875037193
0.316251844168
0.325425744057
0.301073133945
0.305784493685
0.347667127848
0.280342042446
0.308926254511
0.302784532309
0.286606252193
0.310827374458
0.293414443731
0.289189010859
0.327997863293
0.275961130857
0.267357468605
0.285508424044
0.292375892401
0.284770458937
0.296820938587
0.268355071545
0.312980622053
0.285571187735
0.285470306873
0.26485401392
0.245781198144
0.262900650501
0.315193593502
0.289824694395
0.289245575666
0.253852963448
0.252726078033
0.269784718752
0.261675059795
0.248861446977
0.272848665714
0.315176308155
0.25937962532
0.24993096292
0.267980277538
0.261859863997
0.299030482769
0.236391842365
0.253136605024
0.276021748781
0.272965997458
0.271700292826
0.264789074659
0.279009759426
0.24606795609
0.29683932662
0.266817599535
0.23419098556
0.256699055433
0.225944623351
0.249098777771
0.268205404282
0.226413294673
0.263823539019
0.234832584858
0.293797880411
0.191227868199
0.214687049389
0.245809823275
0.246990591288
0.238009944558
0.255446493626
0.248219132423
0.237337514758
0.237140402198
0.254015475512
0.228297755122
0.247097238898
0.251886248589
0.244298309088
0.26284134388
0.234886139631
0.238475739956
0.26254555583
0.208788305521
0.241501152515
0.225030511618
0.231478139758
0.193618223071
0.256743431091
0.214210599661
0.236055925488
0.222522825003
0.208896845579
0.211039587855
0.230008199811
0.26954767108
0.207408770919
0.217299193144
0.23688711226
0.224774092436
0.206897720695
0.199247673154
0.232699811459
0.250453472137
0.192782968283
0.22734823823
0.236184388399
0.190416663885
0.217447757721
0.274705797434
0.167177692056
0.236389234662
0.224110081792
0.197172299027
0.250522196293
0.195901080966
0.189821824431
0.224083572626
0.226199567318
0.179033756256
0.199205204844
0.219293400645
0.179658710957
0.190852448344
0.226845145226
0.203604727983
0.216043651104
0.201207697392
0.147997066379
0.209288582206
0.210474029183
0.185228526592
0.204041272402
0.203754886985
0.191599994898
0.198531702161
0.172715365887
0.171044096351
0.185235768557
0.234504073858
0.188531085849
0.176776602864
0.15436090529
0.179295614362
0.179399698973
0.192048326135
0.181898131967
0.213618129492
0.255103856325
0.2090806216
0.214699015021
0.198752880096
0.189803823829
0.16854120791
0.196103036404
0.193810850382
0.218288332224
0.211750641465
0.212452366948
0.152022391558
0.245409920812
0.175334259868
0.159851446748
0.207018181682
0.220972076058
0.222521841526
0.169764146209
0.210507616401
0.152391627431
0.177286103368
0.227499887347
0.203354716301
0.201665341854
0.150161057711
0.179514020681
0.227702111006
0.192736744881
0.183484300971
0.172657266259
0.166254371405
0.161863341928
0.186060756445
0.191977337003
0.176326066256
0.190277546644
0.156965568662
0.218821123242
0.237013801932
0.19144910574
0.173966273665
0.152540758252
0.146545633674
0.193551078439
0.216158047318
0.174648419023
0.192050024867
0.197543814778
0.165002480149
0.194265753031
0.195601567626
0.163490921259
0.184664383531
0.212365597486
0.174998551607
0.187858611345
0.159392863512
0.171537742019
0.195350900292
0.136467769742
0.147214606404
0.190027564764
0.180818587542
0.20006492734
0.140903756022
0.145328968763
0.193173184991
0.184267252684
0.119528591633
0.209522977471
0.185455292463
0.177569136024
0.203744783998
0.139411240816
0.186784759164
0.153579041362
0.191805914044
0.166783601046
0.161624625325
0.133746653795
0.170758351684
0.171679243445
0.17832146585
0.122659392655
0.158193975687
0.128747731447
0.224827200174
0.180477842689
0.148496612906
0.219828858972
0.152037143707
0.1458786726
0.153894066811
0.187412440777
0.176829025149
0.167949080467
0.152811408043
0.165663033724
0.155940830708
0.191274166107
0.131570249796
0.131970137358
0.147222161293
0.113844059408
0.174075767398
0.190818428993
0.193283557892
0.119958139956
0.164426743984
0.217649951577
0.180775314569
0.179729372263
0.186453953385
0.217503502965
0.111317902803
0.157900631428
0.131832033396
0.165090456605
0.113977253437
0.129697918892
0.129196569324
0.192356288433
0.206882461905
0.181051671505
0.134264826775
0.137177333236
0.154174983501
0.187150642276
0.148427337408
0.154744297266
0.131057262421
0.160832136869
0.177384987473
0.129709482193
0.123230837286
0.121660165489
0.154991075397
0.115376345813
0.227728053927
0.16379134357
0.153627172112
0.160975307226
0.14579449594
0.149116560817
0.168607980013
0.162719130516
0.178350925446
0.164782375097
0.115493513644
0.133914619684
0.160341143608
0.145838946104
0.150009334087
0.151552885771
0.134730607271
0.170261740685
0.153472557664
0.155776083469
0.185174018145
0.122152023017
0.147346094251
0.154690161347
0.191100001335
0.132190942764
0.203871414065
0.161163434386
0.120030730963
0.119026109576
0.182705879211
0.190768420696
0.127337753773
0.136470749974
0.154085546732
0.18404853344
0.140193760395
0.20866522193
0.155495986342
0.15807390213
0.147665262222
0.135911509395
0.140141323209
0.142805337906
0.138688340783
0.150848999619
0.15445189178
0.1041655913
0.182871818542
0.127210363746
0.124861888587
0.15464219451
0.153998121619
0.143638476729
0.150731801987
0.178899481893
0.142808958888
0.174081623554
0.133916243911
0.100688561797
0.132467865944
0.164242625237
0.182088941336
0.161630690098
0.158914878964
0.17608396709
0.140028178692
0.134731724858
0.160127982497
0.138953775167
0.171649321914
0.121397584677
0.194260641932
0.135232269764
0.139309972525
0.106581553817
0.138666778803
0.14843018353
0.119116060436
0.188433423638
0.0969434902072
0.125756114721
0.117855459452
0.107790969312
0.139602661133
0.11755592376
0.160913676023
0.12903727591
0.140121132135
0.105477236211
0.131133496761
0.144818753004
0.156010225415
0.128927513957
0.120067171752
0.114461258054
0.177202478051
0.0944632589817
0.137080699205
0.182431548834
0.105229958892
0.185955345631
0.107630424201
0.160107731819
0.127413794398
0.0930347070098
0.115916348994
0.108965039253
0.142121091485
0.155490964651
0.146543070674
0.0903336107731
0.128396719694
0.126228317618
0.114917263389
0.0957272201777
0.116291753948
0.122425124049
0.161707103252
0.132309272885
0.132271304727
0.100245088339
0.117908373475
0.0912188738585
0.144662454724
0.220770463347
0.164663121104
0.13791371882
0.0916726067662
0.147423431277
0.118040531874
0.163178265095
0.15044721961
0.105332285166
0.108438163996
0.140922233462
0.142281547189
0.169775396585
0.161548152566
0.117614470422
0.104003198445
0.111407674849
0.141231670976
0.120994329453
0.117005594075
0.144690692425
0.144459947944
0.12671045959
0.111082039773
0.14312453568
0.102591864765
0.100790515542
0.107066363096
0.14354224503
0.123667523265
0.208907052875
0.103511236608
0.108118832111
0.114382684231
0.159082740545
0.128228217363
0.114606827497
0.137381136417
0.0971942991018
0.20268663764
0.179673165083
0.136199682951
0.143045470119
0.0934121832252
0.110988356173
0.11940985173
0.101947948337
0.128046035767
0.155455961823
0.129835426807
0.14240796864
0.133642747998
0.100202456117
0.134397238493
0.162338942289
0.129501283169
0.14037913084
0.110309459269
0.164191648364
0.134546637535
0.170286566019
0.125677064061
0.109947346151
0.165491133928
0.159803271294
0.165572151542
0.124168246984
0.0836790725589
0.134868517518
0.124054990709
0.111447028816
0.150594085455
0.145896106958
0.146317407489
0.141717374325
0.133001387119
0.126881703734
0.134463533759
0.105355292559
0.152153268456
0.114735744894
0.119369953871
0.169835492969
0.131391912699
0.125446647406
0.126458346844
0.141051024199
0.154340937734
0.108724102378
0.150931060314
0.0749661922455
0.127732932568
0.148298993707
0.115986287594
0.115045838058
0.151275381446
0.134554818273
0.178109392524
0.126919493079
0.163847535849
0.151641026139
0.121682435274
0.150972783566
0.146613970399
0.171162307262
0.0982178673148
0.109606079757
0.0915328413248
0.126091688871
0.126398250461
0.132958337665
0.151178896427
0.0895475596189
0.125159546733
0.122797958553
0.142364025116
0.102672077715
0.111091800034
0.121092773974
0.131973877549
0.10677203536
0.099636785686
0.0979623198509
0.15488307178
0.152868375182
0.174597874284
0.100388094783
0.10265339911
0.159560933709
0.165884032845
0.0810820758343
0.0916547179222
0.167448431253
0.103373125196
0.102373495698
0.0889747589827
0.0837972909212
0.0792557150126
0.104208290577
0.132799401879
0.105093084276
0.120036937296
0.12476579845
0.114231780171
0.157653659582
0.141933530569
0.0764317214489
0.118846945465
0.118915647268
0.103807747364
0.105153806508
0.123750582337
0.127058133483
0.121423751116
0.164850443602
0.141566246748
0.116702362895
0.156595259905
0.108617976308
0.142077475786
0.0849229022861
0.111390516162
0.11548641324
0.147849008441
0.164887756109
0.136542364955
0.179830744863
0.128893375397
0.114358447492
0.143971532583
0.166305363178
0.131835773587
0.140655189753
0.0973567590117
0.119177609682
0.110175453126
0.138746201992
0.103050790727
0.112753950059
0.10144726187
0.119463272393
0.105037227273
0.1097234115
0.13542458415
0.133852407336
0.13286562264
0.094853207469
0.102222509682
0.126668825746
0.124467283487
0.0835884064436
0.115445785224
0.141563981771
0.0938050970435
0.135204985738
0.106977529824
0.0995345413685
0.152591004968
0.126477867365
0.139615178108
0.105972968042
0.122944712639
0.0788683444262
0.140379786491
0.119079478085
0.101745046675
0.136267244816
0.138252586126
0.113878391683
0.138730555773
0.117139786482
0.162359416485
0.152675867081
0.0872596278787
0.0935786813498
0.109535001218
0.131053239107
0.149485692382
0.0885154530406
0.124763175845
0.122676834464
0.132535532117
0.154664590955
0.110967181623
0.094526283443
0.103021919727
0.105237856507
0.130388811231
0.129730507731
0.109701983631
0.113917410374
0.101277820766
0.0958489701152
0.122949302197
0.0882591456175
0.129608556628
0.141921043396
0.154180184007
0.11910225451
0.127984389663
0.135631248355
