0.769419312477
0.750854849815
0.782375514507
0.725894510746
0.76096457243
0.744940757751
0.770735681057
0.74022269249
0.779049217701
0.744843840599
0.742820501328
0.736012578011
0.740540802479
0.74777162075
0.764479756355
0.748986124992
0.758944094181
0.749284565449
0.76346206665
0.752003729343
0.734754562378
0.756699323654
0.75251698494
0.733866333961
0.740067958832
0.747717559338
0.732819914818
0.722955644131
0.726157605648
0.715596139431
0.743423402309
0.728009045124
0.73475086689
0.749944925308
0.748474657536
0.727621257305
0.741187989712
0.714614808559
0.722428560257
0.762524664402
0.714972138405
0.735927224159
0.729104399681
0.73695152998
0.726263582706
0.717506766319
0.750712573528
0.721073925495
0.724702119827
0.736555397511
0.726244568825
0.730035126209
0.73129683733
0.723364830017
0.725351631641
0.719860255718
0.733175456524
0.721572160721
0.712271213531
0.732067584991
0.726839363575
0.722988843918
0.724838376045
0.723152637482
0.719060242176
0.699523031712
0.713380098343
0.718802571297
0.719425022602
0.70981502533
0.718615710735
0.713551461697
0.738938570023
0.723654687405
0.714220166206
0.710111677647
0.702941536903
0.725562334061
0.720407009125
0.712651073933
0.711308836937
0.71891361475
0.720444381237
0.740467071533
0.724193274975
0.713194072247
0.711907863617
0.705525815487
0.718980610371
0.706445217133
0.693115592003
0.726332783699
0.710151314735
0.705896914005
0.715962827206
0.69891756773
0.714364826679
0.726432025433
0.714736640453
0.69302457571
0.718560278416
0.71796309948
0.69390296936
0.714035928249
0.715210855007
0.732511520386
0.700123250484
0.696891963482
0.692881584167
0.70677870512
0.70016002655
0.698278665543
0.700158119202
0.695726275444
0.706514835358
0.719283759594
0.712223470211
0.706148326397
0.707430124283
0.704877316952
0.713732361794
0.69714152813
0.717197835445
0.704583466053
0.704423248768
0.694933950901
0.698294579983
0.69934296608
0.710183143616
0.698649585247
0.722014963627
0.701357722282
0.691084861755
0.668068647385
0.717744529247
0.710902273655
0.688930690289
0.690096735954
0.702230334282
0.697765946388
0.690892517567
0.694858133793
0.69099521637
0.706684589386
0.694653093815
0.700447738171
0.678943097591
0.687406897545
0.688484668732
0.68528842926
0.679481685162
0.709439396858
0.695418059826
0.693974733353
0.693739593029
0.691719532013
0.703160524368
0.684539377689
0.696562469006
0.708094894886
0.686464011669
0.679487228394
0.690230071545
0.693256556988
0.695517122746
0.684189558029
0.666229486465
0.690975010395
0.689894378185
0.682245075703
0.679546296597
0.677303016186
0.687448501587
0.681520462036
0.685536146164
0.68985170126
0.680462121964
0.703411996365
0.701279699802
0.684638857841
0.685863435268
0.685584306717
0.68562567234
0.692221820354
0.687170982361
0.681382656097
0.690303742886
0.680238306522
0.680152356625
0.681251764297
0.679291903973
0.683852493763
0.686179578304
0.67958688736
0.680137574673
0.679369568825
0.678989708424
0.689446210861
0.667965173721
0.696446180344
0.680660545826
0.669208705425
0.689999818802
0.692975699902
0.675145745277
0.688248515129
0.685294866562
0.690364360809
0.675683617592
0.673513352871
0.6790574193
0.678033471107
0.68479681015
0.664739668369
0.69095158577
0.684240996838
0.679719746113
0.674763977528
0.669551670551
0.678164422512
0.684335649014
0.671137571335
0.691437363625
0.680787146091
0.686020612717
0.684223473072
0.684934675694
0.682386219501
0.680725157261
0.680608510971
0.684091210365
0.674194574356
0.686590731144
0.668786227703
0.694225490093
0.699733316898
0.689131736755
0.68047863245
0.680124282837
0.67840719223
0.667640924454
0.67029774189
0.691722810268
0.668686628342
0.669617593288
0.664065301418
0.683538377285
0.665440261364
0.663692891598
0.673916697502
0.670919895172
0.667586863041
0.668348014355
0.663119196892
0.679074823856
0.680947721004
0.666746020317
0.678293764591
0.656161129475
0.670906126499
0.673869729042
0.67093962431
0.67508649826
0.656028687954
0.664180636406
0.66521859169
0.671850144863
0.67420989275
0.692582726479
0.666571319103
0.66592258215
0.672292709351
0.666939258575
0.677085220814
0.6558547616
0.662236154079
0.6574203372
0.670306384563
0.655921399593
0.671431064606
0.666847109795
0.672758221626
0.665532529354
0.670227646828
0.662775695324
0.666209816933
0.655078053474
0.670324504375
0.664380788803
0.665603220463
0.66508102417
0.663724780083
0.673514962196
0.674623370171
0.67336255312
0.659541904926
0.668850839138
0.674367845058
0.670296490192
0.651271104813
0.666323423386
0.681159198284
0.659933328629
0.668428897858
0.664059460163
0.663975059986
0.665844976902
0.657227098942
0.659883439541
0.657181918621
0.661758363247
0.663676202297
0.667375147343
0.670080780983
0.668317556381
0.660531997681
0.676429510117
0.670884311199
0.657533884048
0.66316062212
0.665124416351
0.656178534031
0.659323334694
0.669366836548
0.668998479843
0.655067324638
0.655753612518
0.661536216736
0.667861521244
0.660082280636
0.657323420048
0.652403593063
0.698184549809
0.667270183563
0.664646208286
0.660810887814
0.660192847252
0.660722970963
0.656696915627
0.663261771202
0.669925391674
0.658601462841
0.653890967369
0.669386029243
0.670929968357
0.649062097073
0.65906637907
0.661843061447
0.648879468441
0.668575465679
0.661266505718
0.646836280823
0.654564082623
0.653900384903
0.661429822445
0.646392285824
0.653385639191
0.660978019238
0.659943461418
0.664341449738
0.654882669449
0.648119568825
0.659464836121
0.65257114172
0.66982614994
0.661292314529
0.644060611725
0.645879507065
0.653550386429
0.640703499317
0.66485708952
0.649448513985
0.651770889759
0.646595716476
0.643069803715
0.66748726368
0.657404541969
0.654028236866
0.664830565453
0.654314279556
0.657059431076
0.663118302822
0.661377549171
0.643374681473
0.660479426384
0.661549329758
0.65162563324
0.647733271122
0.652473926544
0.666461348534
0.665365993977
0.656985342503
0.666484475136
0.644087195396
0.658395409584
0.657869338989
0.651916384697
0.6614844203
0.645761489868
0.641315877438
0.663040399551
0.658986151218
0.655540585518
0.660389244556
0.633617997169
0.653944730759
0.647711932659
0.652294993401
0.654951095581
0.660320997238
0.652886986732
0.651502907276
0.653815746307
0.641472101212
0.653468608856
0.651390731335
0.643355309963
0.649940371513
0.642381668091
0.64701884985
0.652713537216
0.647276341915
0.657590270042
0.648467183113
0.648889958858
0.655770599842
0.64849036932
0.647739827633
0.657438278198
0.643036425114
0.642662167549
0.650923192501
0.649044275284
0.663447380066
0.647274553776
0.661873281002
0.652597367764
0.650882780552
0.65170788765
0.636795282364
0.643021166325
0.65048968792
0.646198034286
0.642966151237
0.64077603817
0.648631095886
0.648230671883
0.646604537964
0.658715903759
0.651555657387
0.645744264126
0.657786309719
0.647308886051
0.639661967754
0.65795147419
0.645053625107
0.648623943329
0.648383557796
0.654895603657
0.64670664072
0.641506791115
0.652437388897
0.648122668266
0.659257411957
0.659533262253
0.64050590992
0.650402069092
0.640735805035
0.6486774683
0.647166252136
0.653965592384
0.655308246613
0.642127633095
0.642872512341
0.65465348959
0.653611660004
0.66511374712
0.64141947031
0.641580581665
0.642679452896
0.647190213203
0.644498229027
0.642552495003
0.647468805313
0.653021454811
0.628623604774
0.651219964027
0.637936830521
0.653519332409
0.631841421127
0.639130294323
0.646026909351
0.645484745502
0.641913592815
0.648484826088
0.646047234535
0.649428904057
0.645124852657
0.658055067062
0.641414582729
