0.775815069675
0.704635858536
0.680748522282
0.689903199673
0.689534604549
0.662447810173
0.656001627445
0.656518399715
0.654712080956
0.649542450905
0.656182050705
0.629422724247
0.644570350647
0.604240596294
0.60228151083
0.596974015236
0.611039280891
0.581556379795
0.574825882912
0.573168098927
0.545059859753
0.52361780405
0.535628020763
0.560724258423
0.524826824665
0.576779723167
0.506876766682
0.507408976555
0.482613414526
0.492545217276
0.519531786442
0.559387326241
0.472816616297
0.513118267059
0.48851749301
0.47407451272
0.424822002649
0.498869746923
0.464888066053
0.43180218339
0.418828636408
0.452542304993
0.451100558043
0.432603567839
0.416199177504
0.423396676779
0.398456603289
0.400889843702
0.425472289324
0.43591979146
0.35412684083
0.415957778692
0.414369672537
0.357530832291
0.417681992054
0.416122406721
0.361658394337
0.384695440531
0.345512062311
0.343331724405
0.374756723642
0.36200299859
0.34735584259
0.310167104006
0.41099485755
0.333770394325
0.350309342146
0.296503782272
0.299350678921
0.354483485222
0.310323566198
0.274240851402
0.293718278408
0.328739672899
0.263403326273
0.284337073565
0.253892064095
0.290241003036
0.32374215126
0.255026102066
0.298419713974
0.271533638239
0.342621475458
0.313455313444
0.287817239761
0.267751008272
0.2501552701
0.25738042593
0.297221004963
0.27961692214
0.26978328824
0.295282185078
0.22697801888
0.235648944974
0.228243708611
0.286506056786
0.30661469698
0.204476356506
0.279509305954
0.256495803595
0.255195826292
0.222284406424
0.223975524306
0.20587323606
0.261790812016
0.255275815725
0.21919721365
0.193176701665
0.225525453687
0.191002443433
0.190117433667
0.220760181546
0.217389449477
0.22233581543
0.272908329964
0.205013975501
0.174010619521
0.219744339585
0.171175926924
0.212944105268
0.218127220869
0.198698446155
0.175807982683
0.130927890539
0.226355060935
0.171477541327
0.289081990719
0.17751301825
0.225182086229
0.192552909255
0.224517136812
0.177650049329
0.187808692455
0.164811655879
0.175753846765
0.221451923251
0.180539503694
0.216778337955
0.197481334209
0.149373888969
0.164300531149
0.24635219574
0.171129405499
0.143231570721
0.150889545679
0.221511766315
0.15066626668
0.138540580869
0.17898260057
0.137100055814
0.150234237313
0.150794073939
0.193614929914
0.155629351735
0.116191573441
0.211463466287
0.174049809575
0.229672670364
0.131345272064
0.147963374853
0.147030428052
0.188284009695
0.195221826434
0.127233251929
0.15403150022
0.130978018045
0.200740799308
0.161096930504
0.141315490007
0.145140349865
0.136441260576
0.11804626137
0.128577038646
0.151494815946
0.20371375978
0.114758513868
0.102141290903
0.149046480656
0.123933196068
0.140860840678
0.153803393245
0.123420231044
0.188037872314
0.109066747129
0.127302497625
0.113411411643
0.149249866605
0.138903066516
0.156999319792
0.109794966877
0.112401254475
0.0930369049311
0.141124263406
0.148402899504
0.115660429001
0.0968614816666
0.135264411569
0.127636179328
0.100443214178
0.128634914756
0.176386117935
0.128862932324
0.157088771462
0.158559530973
0.0782307609916
0.156441584229
0.139365136623
0.113739736378
0.0884660854936
0.141293630004
0.100294791162
0.0541724339128
0.116883896291
0.145470693707
0.0948394015431
0.136993721128
0.0819202214479
0.111575961113
0.0970685854554
0.12990899384
0.0921811908484
0.108460083604
0.0860398933291
0.14212860167
0.111824847758
0.0920081064105
0.0843198895454
0.0709820464253
0.111739486456
0.121336460114
0.0796015113592
0.104066900909
0.0752706080675
0.159700885415
0.111964382231
0.123563244939
0.0722294971347
0.0617498569191
0.118257701397
0.0763585567474
0.106152139604
0.112918667495
0.077368862927
0.0983228981495
0.070781365037
0.0901114195585
0.118505746126
0.118445277214
0.0675634592772
0.0756557658315
0.0501000843942
0.0509964376688
0.120241694152
0.190728202462
0.133785322309
0.0830875858665
0.100999541581
0.124505348504
0.0929643362761
0.11045191437
0.0461309291422
0.0699121877551
0.0696213394403
0.0939548388124
0.056390915066
0.101366989315
0.0668925046921
0.0955123081803
0.0857890993357
0.0794735699892
0.128151401877
0.0728410482407
0.0562914535403
0.0715447887778
0.0777610987425
0.0667675286531
0.0515284985304
0.0898562073708
0.0624911747873
0.0940879285336
0.087851755321
0.0695170164108
0.0707724317908
0.1567838341
0.0725502222776
0.0563565790653
0.105026163161
0.108703650534
0.0465122424066
0.065079882741
0.0927684605122
0.0848365798593
0.0343409217894
0.115797393024
0.073030218482
0.0565217323601
0.0835650637746
0.0683538168669
0.0538592115045
0.0696040168405
