1.18297255039
1.11195659637
1.01291620731
0.980311274529
0.941908478737
0.775772035122
0.846651256084
0.805807650089
0.76008272171
0.70381128788
0.762452065945
0.749917924404
0.712554931641
0.664337098598
0.725114643574
0.723211228848
0.659915983677
0.690546393394
0.697842180729
0.628037452698
0.626906812191
0.706939399242
0.628639340401
0.635394454002
0.59953469038
0.623212397099
0.662494778633
0.682015120983
0.643891096115
0.613350272179
0.591738820076
0.606020629406
0.668291032314
0.574267625809
0.617548704147
0.60635894537
0.601689577103
0.605628609657
0.558644592762
0.633481562138
0.620656132698
0.612923204899
0.638005316257
0.594181597233
0.589377880096
0.590541124344
0.616847872734
0.59544557333
0.623309969902
0.610667586327
0.588224172592
0.581476151943
0.641405820847
0.572774887085
0.616204679012
0.643551707268
0.591498613358
0.609201133251
0.591306567192
0.600621581078
0.57437235117
0.583381593227
0.566331803799
0.61908864975
0.569464504719
0.603684782982
0.604126214981
0.597999751568
0.592581570148
0.568826198578
0.582808434963
0.617079019547
0.610680878162
0.593769848347
0.585695683956
0.59961438179
0.592549681664
0.573732376099
0.585902392864
0.5367821455
0.571254968643
0.574471533298
0.574789822102
0.597041904926
0.554752707481
0.555817127228
0.564182579517
0.576964437962
0.586539208889
0.564872920513
0.57470113039
0.572361826897
0.609603583813
0.595157802105
0.543145656586
0.615584731102
0.569112181664
0.547721266747
0.581951022148
0.58409768343
0.56999206543
0.572549700737
0.579308629036
0.563593626022
0.559839069843
0.577834665775
0.579731225967
0.557855784893
0.604315876961
0.556680619717
0.591186523438
0.577040314674
0.551376700401
0.54619383812
0.562327563763
0.590088009834
0.587369740009
0.552804648876
0.542524814606
0.563097000122
0.550840318203
0.585804283619
0.571512341499
0.544544637203
0.564948141575
0.571042597294
0.581638038158
0.563267052174
0.57180672884
0.559618532658
0.534608364105
0.574419915676
0.545360088348
0.605659544468
0.548609256744
0.566278219223
0.514651358128
0.567614734173
0.555235564709
0.536655902863
0.547678172588
0.565301418304
0.528191328049
0.52607947588
0.538739323616
0.583895802498
0.557837605476
0.547964692116
0.550211966038
0.565290033817
0.569412946701
0.548603117466
0.559277176857
0.547375261784
0.536470234394
0.597996175289
0.549838781357
0.5418638587
0.551880300045
0.581601023674
0.575178861618
0.559981703758
0.558482348919
0.557166993618
0.578805625439
0.588300168514
0.54772233963
0.5226380229
0.591056585312
0.498055368662
0.563267469406
0.556888699532
0.50899374485
0.556745529175
0.518708825111
0.53468054533
0.570512473583
0.522055625916
0.555272638798
0.518432199955
0.547145068645
0.583816587925
0.528368651867
0.544849395752
0.529706537724
0.501080095768
0.535014510155
0.541801691055
0.517055630684
0.565995395184
0.542539656162
0.50912976265
0.558464109898
0.521340668201
0.50172996521
0.535642385483
0.519403874874
0.537557423115
0.518983244896
0.572632133961
0.533718645573
0.526023566723
0.55712479353
0.558987677097
0.528497695923
0.532909274101
0.564538300037
0.565615415573
0.572934269905
0.513767421246
0.528262794018
0.552853047848
0.531591534615
0.561692476273
0.492547929287
0.548945009708
0.54080593586
0.516850113869
0.524024605751
0.569800794125
0.539005994797
0.514024674892
0.554310798645
0.513373315334
0.523249089718
0.532696247101
0.56306964159
0.523448348045
0.560807406902
0.514245092869
0.595178723335
0.545210778713
0.501731514931
0.564605295658
0.530398309231
0.574414610863
0.506881475449
0.508436381817
0.547701179981
0.570281922817
0.519197106361
0.51643884182
0.520544230938
0.520118951797
0.536504507065
0.514033019543
0.542213797569
0.490418970585
0.515301883221
0.53830820322
0.549220383167
0.534495651722
0.532935976982
0.510680735111
0.515780866146
0.518457949162
0.493046939373
0.487290203571
0.53212171793
0.502177536488
0.574781477451
0.536407411098
0.478239774704
0.519762933254
0.505245685577
0.505977332592
0.527827739716
0.487827211618
0.529286384583
0.508586883545
0.515138864517
0.498212039471
0.489660352468
0.508532583714
0.493555814028
0.519158661366
0.517870426178
0.521997451782
0.48956656456
0.515771448612
0.502585589886
0.528813183308
0.572432518005
0.52877497673
0.527254700661
0.490006834269
0.507324576378
0.544395387173
0.532273590565
0.501374483109
0.529894948006
0.520910859108
0.5131534338
0.552369594574
0.547779858112
0.498656570911
0.513226866722
0.5118881464
0.460089176893
0.478585511446
0.488969355822
0.471625030041
0.520369648933
0.479964286089
0.522517800331
0.507928192616
0.541661202908
0.551874577999
0.485996812582
0.579304456711
0.535288572311
0.525680541992
0.547568917274
0.48787394166
0.525819420815
0.516087889671
0.495458841324
0.510681033134
0.526892483234
0.528892159462
0.480424463749
0.510964751244
0.520076453686
0.527422726154
0.52536034584
0.535484969616
0.519043028355
0.50099170208
0.528145968914
0.533293187618
0.524710357189
0.510437250137
0.522476613522
0.491234779358
0.523308694363
0.500074267387
0.508888483047
0.486609041691
0.475231647491
0.518760204315
0.472104787827
0.497510969639
0.481254160404
0.497634679079
0.45170712471
0.487959414721
0.498158156872
0.53028434515
0.467773377895
0.506747961044
0.483031660318
0.500110805035
0.473034024239
0.535337209702
0.514369785786
0.492310374975
0.508587777615
0.508855879307
0.465330243111
0.45147266984
0.504500389099
0.470033288002
0.494355261326
0.480796515942
0.469564080238
0.507014036179
0.527441978455
0.512565255165
0.488287806511
0.479342281818
0.522784411907
0.451014459133
0.488654315472
0.480336904526
0.460441768169
0.506575703621
0.472971320152
0.518301188946
0.517583250999
0.516793191433
0.52680182457
0.502912700176
0.481224983931
0.49705979228
0.479741901159
0.51069021225
0.499566048384
0.490837305784
0.490867495537
0.501652657986
0.511025071144
0.56092530489
0.471188664436
0.55511367321
0.484496623278
0.463890105486
0.523118257523
0.545758485794
0.474164485931
0.542762875557
0.525932252407
0.514804303646
0.50113427639
0.46635439992
0.452813982964
0.493948668242
0.461225569248
0.463801681995
0.483261406422
0.465714603662
0.510752022266
0.512308835983
0.458252459764
0.507794082165
0.473323702812
0.460945546627
0.478020429611
0.452174633741
0.511030077934
0.500165939331
0.469270646572
0.463861525059
0.521375656128
0.429798096418
0.488577187061
0.492073476315
0.488533049822
0.461230874062
0.511843919754
0.49248790741
0.434724003077
0.475199222565
0.487373769283
0.460989058018
0.442172795534
0.508739590645
0.504036605358
0.425582230091
0.457055807114
0.521918237209
0.459876835346
0.533101141453
0.459326684475
0.497636288404
0.464315384626
0.465086340904
0.51936340332
0.464929789305
0.455351740122
0.44855466485
0.477218478918
0.525388062
0.464632630348
0.462838828564
0.474941641092
0.439527779818
0.506483137608
0.493359297514
0.439766943455
0.445872098207
0.440015912056
0.482315838337
0.475274056196
0.486243188381
0.44453600049
0.486516714096
0.528806209564
0.488541841507
0.47485485673
0.483667075634
0.474493473768
0.499517291784
0.450308889151
0.449392914772
0.473582446575
0.501511752605
0.445833235979
0.490437418222
0.439707309008
0.498952209949
0.45038112998
0.46300509572
0.432846963406
0.462338209152
0.50391626358
0.459402531385
0.483693927526
0.47539806366
0.440540969372
0.49514362216
0.477599292994
0.469152569771
0.479499876499
0.470801860094
0.450950503349
0.453275054693
0.496681213379
0.467718988657
0.458106517792
0.46019256115
0.48789703846
0.434424102306
0.479933351278
0.462713688612
0.475765019655
0.479619473219
0.429593294859
0.485539287329
0.441720664501
0.509766578674
0.479171127081
0.542516171932
0.49453791976
0.485856354237
0.472867935896
0.486355662346
0.493122309446
0.452729940414
0.446234285831
0.474972695112
0.465485364199
0.454717338085
0.474141776562
0.452477872372
0.460723370314
0.473193109035
0.502150952816
0.471916347742
0.449596792459
0.418168157339
0.494112551212
0.503227174282
0.448308169842
0.427378058434
0.453790813684
0.44936466217
0.450725197792
0.492887318134
0.444142639637
0.432829201221
0.450385838747
0.477569997311
0.442397177219
0.456268668175
0.465505689383
0.424308747053
0.446894735098
0.480585753918
0.459834098816
0.472029983997
0.474631816149
0.408127129078
0.432081460953
0.499861896038
0.432030797005
0.473791658878
0.4534047544
0.465001732111
0.495572715998
0.494515925646
0.473178446293
0.461282223463
0.46437561512
0.432532787323
0.43251979351
0.478037834167
0.455526888371
0.465824216604
0.442475616932
0.44011208415
0.412820875645
0.427084058523
0.455554783344
0.43704149127
0.452211022377
0.473066389561
0.495209366083
0.450841218233
0.444408148527
0.526776194572
0.468397110701
0.412746846676
0.525799870491
0.481124132872
0.429842084646
0.419091492891
0.451735496521
0.482451498508
0.459000140429
0.486055523157
0.462345778942
0.414880216122
0.437049537897
0.428393959999
0.42782574892
0.519532740116
0.459650278091
0.488571107388
0.487579673529
0.462843596935
0.426184654236
0.457245439291
0.435664266348
0.475792050362
0.496124595404
0.379476636648
0.461318910122
0.481049358845
0.459481805563
0.449492305517
0.431085944176
0.468815863132
0.429278999567
0.416503280401
0.475187718868
0.463977485895
0.473403573036
0.468063086271
0.452607691288
0.413010954857
0.489098161459
0.43896856904
0.436526864767
0.460583090782
0.421182960272
0.452781409025
0.442065358162
0.458600223064
0.483084917068
0.444292157888
0.510485470295
0.421589702368
0.400804460049
0.457611590624
0.487615197897
0.449445426464
0.459394514561
0.435635268688
0.447154790163
0.436746001244
0.429071128368
0.485354155302
0.442716658115
0.439106792212
0.458945453167
0.469220221043
0.438077777624
0.450950622559
0.481411963701
0.425706446171
0.422727942467
0.397357434034
0.449475616217
0.418605536222
0.36965161562
0.441932886839
0.48067933321
0.4314057827
0.459288358688
0.400585860014
0.39013504982
0.403452575207
0.429487138987
0.41904386878
0.44689399004
0.449471771717
0.415892809629
0.384323269129
0.44089153409
0.430770009756
0.462764084339
0.42418807745
0.410012185574
0.44252333045
0.438798218966
0.469734489918
0.447101652622
0.442941725254
0.445344954729
0.471556872129
0.450033426285
0.444391787052
0.474519044161
0.445405393839
0.424542039633
0.436381429434
0.450999647379
0.437748730183
0.462307989597
0.451787799597
0.446187883615
0.405740499496
0.463145494461
0.428161561489
0.440233707428
0.433324664831
0.385205715895
0.432188093662
0.392086148262
0.445245951414
0.427803814411
0.418610334396
0.421045005322
0.422145187855
0.397343069315
0.427198797464
0.386747449636
0.420201510191
0.468354076147
0.468336343765
0.473130047321
0.472238302231
0.394640922546
0.373132914305
0.483761459589
0.418155044317
0.462477982044
0.407823890448
0.368204027414
0.398954600096
0.434224456549
0.477441191673
0.449429869652
0.409459114075
0.431809335947
0.41509693861
0.3873270154
0.445761322975
0.411507129669
0.466738730669
0.440141916275
0.433897316456
0.487415999174
0.457229107618
0.381561130285
0.392520576715
0.407829076052
0.425939559937
0.436053305864
0.408603459597
0.441831231117
0.40100261569
0.424408614635
0.404552787542
0.430963128805
0.432100683451
0.480645418167
0.478873342276
0.496595799923
0.438271582127
0.43925973773
0.406139552593
0.446753680706
0.451119869947
0.414641141891
0.453668653965
0.401752382517
0.454944372177
0.433988928795
0.438388317823
0.425628989935
0.395363628864
0.440416425467
0.447406709194
0.421164005995
0.433561265469
0.433433413506
0.42414778471
0.402141600847
0.399955421686
0.385746777058
0.473431348801
0.391435354948
0.4391964674
0.419764339924
0.447382867336
0.410327881575
0.422069877386
0.470547348261
0.464602559805
0.416781306267
0.432341307402
0.388545781374
0.405078947544
0.45533528924
0.403830766678
0.382737278938
0.471087276936
0.450140267611
0.450797826052
0.449885308743
0.411603242159
0.452753305435
0.420671194792
0.405212342739
0.45648008585
0.466417253017
0.467942476273
0.47679361701
0.362050950527
0.457732141018
0.455117046833
0.377305716276
0.455942600965
0.416624188423
0.427779197693
0.496231019497
0.439660489559
0.408526957035
0.494577169418
0.377906739712
0.432402014732
0.427640110254
0.446116268635
0.435119628906
0.420869112015
0.394335567951
0.462513029575
0.38726568222
0.401176720858
0.429219514132
0.469084620476
0.443500488997
0.428872466087
0.4483730793
0.420323371887
0.441322922707
0.445405602455
0.444304943085
0.403710335493
0.428135722876
0.490506052971
0.436820209026
0.454287409782
0.4062936306
0.428226947784
0.451975464821
0.421621918678
0.427895754576
0.438895404339
0.447064876556
0.406048208475
0.390466570854
0.405449867249
0.472413748503
0.409227460623
0.43603721261
0.429596751928
0.434412896633
0.405663728714
0.436687350273
0.471948981285
0.388884156942
0.453057229519
0.459381848574
0.40655747056
0.412449747324
0.443990200758
0.383853197098
0.43008390069
0.424786746502
0.438744306564
0.435997188091
0.446857720613
0.410279661417
0.447347193956
0.39486643672
0.433852791786
0.467564195395
0.443117827177
0.464509099722
0.419920772314
0.415407419205
0.392134130001
0.404384702444
0.425964802504
0.452555477619
0.458317309618
0.404212623835
0.427172094584
0.409353166819
0.443189293146
0.416097015142
0.459071040154
0.412549734116
0.410853028297
0.328968554735
0.384701400995
0.440374910831
0.415307551622
0.364671200514
0.391514182091
0.445902347565
0.419315546751
0.431060194969
0.444259315729
0.427239179611
0.410541892052
0.457588970661
0.406715393066
0.459671914577
0.39882299304
0.413287729025
0.471625477076
0.44939276576
0.400688976049
0.404132306576
0.438608258963
0.416311919689
0.494810670614
0.380805104971
0.472468614578
0.391386300325
0.413876265287
0.365780502558
0.459511816502
0.400117576122
0.38463768363
0.428234964609
0.393665969372
0.376722335815
0.399595856667
0.432533144951
0.473646074533
0.446285873652
0.402056574821
0.405984133482
0.419650495052
0.452802211046
0.48619645834
0.439037829638
0.366341650486
0.39909362793
0.387331604958
0.419943004847
0.391397625208
0.383162677288
0.428533643484
0.445997744799
0.436224371195
0.417664021254
0.44267526269
0.403909921646
0.430072396994
0.430090755224
0.418907880783
0.390169978142
0.415380388498
0.419652462006
0.409239023924
0.449632823467
0.458495974541
0.419144451618
0.436235457659
0.403561711311
0.512571811676
0.401709735394
0.432050168514
0.405810058117
0.428691595793
0.371407032013
0.4410546422
0.422049999237
0.419031441212
0.366454124451
0.414359033108
0.463244527578
0.410734713078
0.45440196991
0.433966815472
0.389477878809
0.417663216591
0.483409553766
0.419337958097
0.411228984594
0.442137509584
0.441459685564
0.424820005894
0.392577171326
0.417890250683
0.410555511713
0.376819729805
0.402803599834
0.446472227573
0.360713541508
0.441985815763
0.405976831913
0.378246247768
0.39331060648
0.37090715766
0.471616566181
0.440605431795
0.481270939112
0.453302145004
0.395292103291
0.380874693394
0.426843047142
0.452504456043
0.415564537048
0.375324130058
