1.05669331551
1.06452000141
1.05877864361
1.04533493519
1.13524830341
1.11588251591
0.938802719116
1.02077555656
1.03147935867
1.00927317142
0.968625426292
0.914328455925
1.04331111908
1.01810824871
0.853574216366
1.09977173805
1.04022598267
0.946480810642
0.932957947254
1.01579010487
0.829986870289
0.982401192188
0.926365375519
0.906663417816
0.854397654533
1.00798356533
0.917247593403
0.861757159233
0.870104312897
0.90629696846
0.838203251362
0.898068189621
0.919832766056
0.880071640015
0.953881442547
0.857122063637
0.897826254368
0.878536164761
0.926297962666
0.884567320347
0.906609356403
0.937443971634
0.860754311085
0.861595571041
0.898850440979
0.847694277763
0.86138767004
0.896253764629
0.88075876236
0.916013896465
