0.692085802555
0.688522994518
0.686511099339
0.686589241028
0.682811021805
0.677707374096
0.676888644695
0.674928367138
0.663855731487
0.665000081062
0.654697477818
0.655511021614
0.647972464561
0.642607033253
0.636022925377
0.631734251976
0.625804185867
0.624953985214
0.614914476871
0.611502766609
0.611144185066
0.599362432957
0.615868926048
0.603850126266
0.586749613285
0.588098466396
0.584064483643
0.570792973042
0.561566531658
0.554327785969
0.547833204269
0.539473354816
0.547070264816
0.553600907326
0.527724266052
0.533647179604
0.501842975616
0.507186770439
0.506972253323
0.490416139364
0.499078154564
0.502974152565
0.502919852734
0.466261744499
0.482988864183
0.466499745846
0.445685267448
0.440226435661
0.443959444761
0.448426693678
0.447578579187
0.443274348974
0.455774694681
0.425330251455
0.470081418753
0.413364619017
0.399003714323
0.412763655186
0.40939873457
0.41885510087
0.42070415616
0.39460259676
0.388749063015
0.388233453035
0.38616079092
0.385893583298
0.361357688904
0.399036616087
0.367161512375
0.374311119318
0.371728956699
0.348166942596
0.357671529055
0.357465654612
0.349562555552
0.346633046865
0.325623810291
0.333437949419
0.351782947779
0.310046941042
0.331344813108
0.317551881075
0.299268603325
0.314177721739
0.348352491856
0.323795080185
0.317837923765
0.313208013773
0.332141041756
0.302029758692
0.304508566856
0.304722726345
0.282875984907
0.289084672928
0.258454412222
0.278570383787
0.276381403208
0.289258658886
0.289125472307
0.294668108225
0.272122740746
0.251222282648
0.259670495987
0.246374070644
0.24503415823
0.240324676037
0.230814829469
0.253064155579
0.235262677073
0.248579055071
0.223769620061
0.228949368
0.226039975882
0.235149621964
0.207824885845
0.238223195076
0.197466999292
0.223984435201
0.204893887043
0.205878764391
0.180251300335
0.20458959043
0.188853591681
0.177859276533
0.182763203979
0.193881034851
0.17116202414
0.183267280459
0.136715993285
0.156234636903
0.159870922565
0.174384251237
0.167314946651
0.151840239763
0.171723917127
0.13446110487
0.171911522746
0.139839723706
0.126196727157
0.126073941588
0.153372749686
0.16480833292
0.115040048957
0.11295261234
0.143540933728
0.114877745509
0.11584213376
0.101292364299
0.100710988045
0.140116766095
0.0846028774977
0.0922536179423
0.109979525208
0.124453037977
0.108259566128
0.0936095714569
0.0849218294024
0.104467101395
0.0699431598186
0.0773362666368
0.0850922912359
0.0830937623978
0.0924992784858
0.0927262455225
0.0868956297636
0.0638986155391
0.0657793283463
0.116297841072
0.0771396160126
0.109577231109
0.123634301126
0.120192363858
0.0839979052544
0.0821296051145
0.0633125305176
0.0741468593478
0.0922525301576
0.122726052999
0.118078544736
0.109500609338
0.0777493193746
0.0601966716349
0.0799966976047
0.0726144835353
0.0621500425041
0.0655630379915
0.0962166190147
0.0631432682276
0.071834474802
0.0549627356231
0.0951122939587
0.0592748411
0.0779496133327
0.107018627226
0.0808930769563
0.0841172933578
0.103740125895
0.0899048596621
0.0487264879048
0.0733497068286
0.0524023398757
0.0490481294692
0.0707807466388
0.0801507458091
0.063343308866
0.0554834678769
0.0830006450415
0.0717499256134
0.0833492279053
0.048833783716
0.0932399481535
0.0551915243268
0.0369308143854
0.0554779842496
0.0315515622497
0.042503580451
0.0499341674149
0.0676637068391
0.0703004226089
0.103064335883
0.0988003239036
0.0394968949258
0.0519325360656
0.0535976588726
0.0720622166991
0.103225871921
0.0578926168382
0.0532164908946
0.0535364001989
0.0847392976284
0.0374289900064
0.0502247326076
0.0470804348588
0.0730824023485
0.0523948594928
0.0569655820727
0.0869413614273
0.0597176887095
0.0426070503891
0.0562346018851
0.0967034250498
0.0456984043121
0.0789698734879
0.0387790650129
0.0622767955065
0.0967234745622
0.0469252057374
0.0623233430088
0.0515097267926
0.0407905951142
0.0590308457613
0.0600371770561
0.0524231567979
0.0994858145714
0.044556800276
0.0819030478597
0.0643369629979
0.0583769157529
0.05468409881
0.0386532731354
0.0581776127219
0.0697835534811
0.0509796664119
0.0412620529532
0.0480278767645
0.0570031292737
0.0679128244519
0.0645948201418
0.0566650293767
0.0407171063125
0.0644911378622
0.0439452119172
0.0500863939524
0.0666747838259
0.0664903149009
0.0558698438108
0.0333973504603
0.0691921785474
0.0506914779544
0.0522198937833
0.0501317977905
0.0368952229619
0.0431549809873
0.0688376426697
0.0404808446765
0.0578718334436
0.0400745943189
0.0485968999565
0.0561738796532
0.0527090318501
0.0341521278024
0.0388395227492
0.0686814412475
0.0729255154729
0.0385878197849
0.0620824098587
0.0437749028206
0.0441482551396
0.0460989028215
0.0463630519807
