0.715634226799
0.711206197739
0.713030874729
0.707959115505
0.708559811115
0.70751863718
0.703681766987
0.704111993313
0.701458752155
0.700458049774
0.701649010181
0.696764230728
0.698661983013
0.69432425499
0.69548624754
0.693998634815
0.69377976656
0.695516943932
0.696253955364
0.698101222515
0.694497466087
0.691569209099
0.691380620003
0.688453793526
0.690035462379
0.69253051281
0.688318610191
0.689997375011
0.687754094601
0.687121868134
0.687367796898
0.686768174171
0.688443958759
0.689052164555
0.6842238307
0.685920596123
0.685799181461
0.682369947433
0.685343921185
0.682947993279
0.680561065674
0.680603086948
0.680057942867
0.680689096451
0.68372040987
0.679043531418
0.679318845272
0.683757066727
0.677856206894
0.680789709091
0.678009390831
0.679750442505
0.674869000912
0.676753222942
0.678040444851
0.678821086884
0.675995886326
0.671660482883
0.673763513565
0.673636853695
0.667352795601
0.669434130192
0.671914577484
0.668481767178
0.667772769928
0.669393777847
0.666062235832
0.665181159973
0.665422260761
0.668183386326
0.662860155106
0.666225969791
0.65828359127
0.658407986164
0.657747864723
0.664340734482
0.657915234566
0.654825806618
0.655863940716
0.656290888786
0.660620093346
0.65315926075
0.655637860298
0.655867099762
0.654482185841
0.651877582073
0.649717152119
0.640016674995
0.641539812088
0.638840734959
0.636397600174
0.630804955959
0.643061339855
0.63227045536
0.644291996956
0.638122916222
0.635922670364
0.634796261787
0.644492089748
0.631563901901
0.628663599491
0.624018311501
0.627446174622
0.6275421381
0.629273951054
0.616958200932
0.617306530476
0.612046957016
0.613180100918
0.606389820576
0.606658577919
0.610244095325
0.602814733982
0.604224145412
0.606939911842
0.602285146713
0.602159738541
0.602431237698
0.592987716198
0.598826885223
0.596242189407
0.597654461861
0.604502856731
0.581457734108
0.582929313183
0.584689795971
0.584279298782
0.573792219162
0.570685386658
0.571981966496
0.575398206711
0.58798032999
0.577231347561
0.562327861786
0.575780153275
0.563596427441
0.565224707127
0.57238060236
0.564327716827
0.548397302628
0.559171974659
0.559482693672
0.533238947392
0.536885142326
0.558354377747
0.543350577354
0.542337238789
0.551079809666
0.530256569386
0.525618970394
0.5325756073
0.52093744278
0.521426439285
0.522738993168
0.531322717667
0.505938410759
0.53219294548
0.517054915428
0.524495959282
0.523163974285
0.521548032761
0.510771393776
0.499968379736
0.50127607584
0.51613008976
0.493405848742
0.501123309135
0.487043648958
0.467898100615
0.47346419096
0.510501563549
0.489962816238
0.462703943253
0.476221978664
0.466188728809
0.487286448479
0.461868792772
0.482266843319
0.464591920376
0.453650921583
0.470868438482
0.456659525633
0.461733698845
0.457645684481
0.452595919371
0.452467024326
0.453686088324
0.483816295862
0.436810821295
0.441616386175
0.448213070631
0.47363525629
0.448508441448
0.426833897829
0.450802117586
0.435483247042
0.434509217739
0.413582772017
0.404020398855
0.413879871368
0.42049023509
0.436117619276
0.39738047123
0.40574118495
0.408408850431
0.392265975475
0.392639756203
0.39105707407
0.395558774471
0.416935235262
0.403852730989
0.396247446537
0.376930803061
0.409710586071
0.394903928041
0.389297634363
0.376529365778
0.392589360476
0.373241305351
0.391477644444
0.377619445324
0.353750020266
0.391732305288
0.3956618011
0.352125138044
0.348584532738
0.40642401576
0.363449394703
0.41169834137
0.367394655943
0.339884102345
0.339055091143
0.323082089424
0.339532285929
0.326451420784
0.342256754637
0.372617930174
0.317761540413
0.369753569365
0.357637017965
0.331235438585
0.36438024044
0.34845289588
0.374172836542
0.33321171999
0.314921081066
0.321159005165
0.341968894005
0.30906277895
0.354932457209
0.337157309055
0.324214220047
0.35676753521
0.30592250824
0.315098881721
0.328363776207
0.390106201172
0.293824315071
0.31942743063
0.307320713997
0.347600162029
0.307228207588
0.313340127468
0.322384804487
0.34450006485
0.329389691353
0.337467759848
0.332231611013
0.296151906252
0.339779883623
0.318452686071
0.327918380499
0.358269304037
0.322569340467
0.300266236067
0.325723111629
0.32808804512
0.321841835976
0.303561359644
0.321548819542
0.306181699038
0.336741298437
0.344555437565
0.328079968691
0.330734312534
0.276008576155
0.319670319557
0.319674521685
0.304126322269
0.372149050236
0.362486332655
0.312806397676
0.31827750802
0.347077608109
0.315867841244
0.353111147881
0.32108399272
0.29957267642
0.316238880157
0.271928399801
