0.71105825901
0.695409536362
0.689163506031
0.685498416424
0.683861494064
0.675359427929
0.675338387489
0.673019349575
0.665174841881
0.668869256973
0.662289857864
0.663760304451
0.650890886784
0.632957816124
0.639035761356
0.628716468811
0.616913378239
0.608610272408
0.585512399673
0.574564397335
0.564701497555
0.550653517246
0.542008936405
0.514790177345
0.487521886826
0.461167424917
0.437108397484
0.432513713837
0.407187610865
0.394290685654
0.34586340189
0.328125953674
0.313222438097
0.284000873566
0.285186558962
0.231856182218
0.236938804388
0.231601387262
0.200898632407
0.185624986887
0.204728156328
0.156653255224
0.164657145739
0.124530494213
0.122784517705
0.123224534094
0.137473627925
0.116466082633
0.129958286881
0.112090133131
0.12783254683
0.0926453396678
0.0763596817851
0.0723127573729
0.105305716395
0.0453683063388
0.0702891945839
0.0863638743758
0.0786668360233
0.0369761064649
0.0564289726317
0.0746464580297
0.0908241197467
0.0516395643353
0.0554152093828
0.0289502628148
0.081031024456
0.0246826037765
0.0759042948484
0.0485240928829
0.071186773479
0.0415870957077
0.0337992049754
0.0578551590443
0.0754366219044
0.0433221943676
0.051867261529
0.0837033241987
0.0498438216746
0.0361874587834
0.0203209742904
0.018531864509
0.0700104758143
0.0359522849321
0.0615483149886
0.0494310744107
0.0259221289307
0.0188667923212
0.0242858957499
0.0474214740098
0.0169589966536
0.013557093218
0.0483073405921
0.0368672609329
0.0268536377698
0.019341064617
0.0268703233451
0.0137607026845
0.032127328217
0.014213019982
0.0141413733363
0.0110805276781
0.0113274762407
0.0223487764597
0.0100501142442
0.0217011515051
0.0154364118353
0.00827565509826
0.0260670688003
0.024679755792
0.0107435043901
0.0284584723413
0.00584602029994
0.00664437562227
0.0126238884404
0.0275617670268
0.0298253148794
0.014072955586
0.0117151094601
0.0286014378071
0.00436249375343
0.0139620592818
0.0265175290406
0.0101794535294
0.00793334655464
0.0114911478013
0.0210549011827
0.00273709162138
0.0136421900243
0.027752360329
0.00701350020245
0.00389106059447
0.00171118311118
0.0023314494174
0.00512361293659
0.00393543299288
0.00442651379853
0.0287939272821
0.0065169124864
0.0122126815841
0.0119328638539
0.00806396733969
0.0293861497194
0.00238008913584
0.0168984998018
0.00986958947033
0.0156227601692
0.00330647616647
0.00872588064522
0.00266474601813
0.00338723044842
0.00390492705628
0.0149340163916
0.00245674327016
0.00953109748662
0.0176834668964
0.0345468260348
0.0375096052885
0.0165153741837
0.00223648687825
0.0100028291345
0.0387209765613
0.0217348150909
0.00802010111511
0.0213965773582
0.0137568190694
0.0155894737691
0.0270103737712
0.00855415593833
0.0126438941807
0.0126366429031
0.00370046286844
0.00724681746215
0.00147141597699
0.00878440029919
0.0333891063929
0.0189263373613
0.0136403571814
0.0229048039764
0.00325196655467
0.00405509630218
0.00119611283299
0.00171623460483
0.0183201748878
0.0173905733973
0.0471412800252
0.0062498874031
0.029067452997
0.00445090094581
0.00392128201202
0.00467912619933
0.0165464561433
0.0033545778133
0.0267544165254
0.0292131770402
0.0132672330365
0.00372774433345
0.00138236419298
0.00298352818936
0.0118378475308
0.0413667447865
0.0215508677065
0.00565458089113
0.00400303909555
0.00249567371793
0.0476553849876
0.00421506725252
0.00331933912821
0.0111779505387
0.00344791286625
0.00757673149928
0.0472483299673
0.0145236756653
0.0208146516234
0.00452162092552
0.0023854484316
0.00123357749544
0.00878460239619
0.00620367517695
0.0463108494878
0.02138793841
0.0044752554968
0.00279675377533
0.0164322033525
0.00746628595516
0.00250547891483
0.00227038515732
0.0424487367272
0.0390205085278
0.0115016615018
0.00164865911938
0.00326418410987
0.020755995065
0.00473230006173
0.0273271985352
0.0117491260171
0.0229237601161
0.0100628351793
0.0132758608088
0.00824765022844
0.00592162506655
0.00708488700911
0.0022001543548
0.00359558244236
0.00278731272556
0.0440186746418
0.00304049486294
0.0134697817266
0.000539232220035
0.00903972610831
0.0271713491529
0.00482980115339
0.00440586404875
0.004937838763
0.00313087063842
0.011103766039
0.00449119741097
0.00228420854546
0.0198590625077
0.00188887584955
0.00105393398553
0.011749333702
0.00422984454781
0.0136610586196
0.0135330026969
0.0676313042641
0.0190785713494
0.00148038426414
0.00057228282094
0.0103923073038
0.00144610158168
0.0229324661195
0.0144995525479
0.0241488087922
0.00168677850161
0.00059912231518
0.00926315132529
0.00747447879985
0.00448782276362
0.0129215810448
0.000766324985307
0.00181244697887
0.00360622792505
0.0157706942409
0.00224207900465
0.0322397686541
0.00532281491905
0.00217220257036
0.00298844510689
0.00088878365932
0.00133388012182
0.0230375844985
0.00368627463467
0.00305348658003
0.000722129014321
0.00878055486828
0.000734547560569
0.041277308017
0.0261063855141
0.000659281038679
