0.693164944649
0.692191302776
0.690534353256
0.68793284893
0.684150218964
0.678258359432
0.670691490173
0.661948978901
0.652482807636
0.642038285732
0.632203996181
0.620706319809
0.608441591263
0.595919549465
0.582980573177
0.57008844614
0.556453049183
0.542128503323
0.528142988682
0.512730062008
0.497610151768
0.482372313738
0.467672348022
0.452975541353
0.436211645603
0.419555872679
0.406890064478
0.392200529575
0.378255039454
0.363288104534
0.351413041353
0.337253630161
0.325230956078
0.312308490276
0.300948500633
0.289506793022
0.277523994446
0.267437905073
0.257488369942
0.246808379889
0.235147759318
0.226151257753
0.215752020478
0.206698596478
0.198321983218
0.190638065338
0.180831804872
0.171927794814
0.163274630904
0.156039237976
0.147098049521
0.139085963368
0.132033675909
0.124739669263
0.11801802367
0.112032078207
0.104416057467
0.0968869850039
0.0924369320273
0.0858031883836
0.0808048173785
0.0748032853007
0.0706719309092
0.0655807331204
0.0611045658588
0.0574748516083
0.0540680401027
0.0501009300351
0.0463542751968
0.0431244857609
0.040336728096
0.0383804664016
0.0355406105518
0.0325385145843
0.0315919220448
0.0300479047
0.0264812614769
0.0266285259277
0.024475293234
0.0229426193982
0.0219877120107
0.0209662690759
0.0190972387791
0.0182070937008
0.0177056398243
0.0172216109931
0.0161204300821
0.0157823003829
0.0149797881022
0.0134607711807
0.0133030451834
0.0133369658142
0.0119991973042
0.0112467277795
0.0114587014541
0.0108530344442
0.0102183641866
0.00985564384609
0.00990771688521
0.00923838466406
0.00854173675179
0.00865506753325
0.00819461513311
0.00845539476722
0.0076293121092
0.00791401509196
0.00758597813547
0.00709578348324
0.00703229382634
0.00670394999906
0.00648005632684
0.00623230449855
0.00611794507131
0.00617631571367
0.00581087078899
0.00569364149123
0.00560083147138
0.00537052750587
0.00547441048548
0.00519001530483
0.00520992977545
0.00495038786903
0.00508328946307
0.00462164403871
0.00473657390103
0.0044548464939
0.00428499747068
0.00429739058018
0.00433279294521
0.00429669115692
0.00406675320119
0.00399188417941
0.00394921004772
0.00385511270724
0.00385344657116
0.00380085967481
0.00374407949857
0.00360596762039
0.00348561047576
0.00341919111088
0.00326637178659
0.00340253976174
0.00345568824559
0.00330418790691
0.00318385614082
0.00308522488922
0.00318544264883
0.00311547261663
0.00288916029967
0.00311128166504
0.00279697589576
0.00280586746521
0.00285793165676
0.0027597702574
0.00280046695843
0.0026915858034
0.00261815194972
0.00264087598771
0.00254773255438
0.00275158765726
0.00248387618922
0.00260304473341
0.00258480780758
0.00251191249117
0.00240928959101
0.00237892637961
0.00228992640041
0.00227480870672
0.00229729176499
0.0022024794016
0.00233011716045
0.00228681229055
0.00217084540054
0.00228346232325
0.00214631436393
0.002100457903
0.00200041919015
0.00195082684513
0.00200246204622
0.00195582280867
0.00193905993365
0.00189487892203
0.0018654493615
0.00194413482677
0.00182680645958
0.00184364756569
0.00191442621872
0.00175667181611
0.00165443285368
0.00174541037995
0.00174107169732
0.00166622491088
0.00172529451083
0.00158279621974
0.00160798209254
0.00161434034817
0.00157879618928
0.00164656387642
0.00153612566646
0.00154606858268
0.00149487459566
0.00144960870966
0.00159233261365
0.00145806942601
0.00146324106026
0.00144728564192
0.00137031136546
0.00137329800054
0.0014276097063
0.00145067006815
0.00142900983337
0.00141522777267
0.00137732527219
0.00133465067483
0.00125915766694
0.00125211605337
0.00132807961199
0.00127652974334
0.00131683202926
0.00123778509442
0.00126146373805
0.00124203856103
0.00121560925618
0.00120491685811
0.00116854126099
0.00121664232574
0.00117098272312
0.00114137062337
0.00117335037794
0.0012089026859
0.00116603856441
0.0011472592596
0.00114805344492
0.00117148761638
0.00110242480878
0.00109063158743
0.00105936476029
0.00106142205186
0.00104780110996
0.00103193591349
0.0010377264116
0.000989244203083
0.00106021109968
0.00103376840707
0.000942392915022
0.000998105038889
0.00101789936889
0.000950439483859
0.00105030357372
0.000927137385588
0.0010220084805
0.000957981101237
0.000915578682907
0.000988952233456
0.00093976513017
0.000940768513829
0.000909655704163
0.000928593042772
0.000827448267955
0.000887374335434
0.00090408406686
0.000877201848198
0.000979541335255
0.000825761584565
0.000850872311275
0.000801573274657
0.000887333648279
0.000841386849061
0.000883871980477
0.000796238949988
0.000785234500654
0.000811103847809
0.000762198586017
0.000779991562013
0.000739899871405
0.000806270341855
0.000773848907556
0.000759811082389
0.000798301014584
0.000730941770598
0.000756135676056
0.000770165002905
0.000763816875406
0.000756131717935
0.000713995832484
0.000753883388825
0.00069596117828
0.000702332006767
0.000675242219586
0.000688835571054
0.000683070800733
0.000676667783409
0.000754334090743
0.000704689882696
0.00070454843808
0.000677462492604
0.000646111206152
0.000698572897818
0.00067195284646
0.000661529949866
0.000661155965645
0.000650231726468
0.000654711388052
0.000614118005615
0.000679008720908
0.000645910098683
0.000631190428976
0.000630266731605
0.000607079360634
0.000650728936307
0.000646816159133
0.000616471923422
0.000581730855629
0.000594776880462
0.000613878364675
0.000620134989731
0.000577582977712
0.000599537743255
0.00054441386601
0.000588018912822
0.000556598708499
0.000575304555241
0.00057955365628
0.000603556982242
0.000628107052762
0.000562829780392
0.000566904549487
0.000552614510525
0.000556677347049
0.000525783165358
0.000545841176063
0.000547992240172
0.00057062599808
0.000556485028937
0.000500760099385
0.000497312750667
0.00052309356397
0.000496694177855
0.000509813078679
0.000540570414159
0.000517599924933
0.000530313409399
0.000458197842818
0.000496737426147
0.000486606761115
0.000466224038973
0.000482487172121
0.000480884540593
0.000492433609907
0.000467224163003
0.000515270745382
0.000467480684165
0.000441015028628
0.000475931097753
0.000487726560095
0.000506631622557
0.000487815326778
0.000461476971395
0.000457212969195
0.000468532700324
0.00044008900295
0.00046124716755
0.000410350708989
0.000426491722465
0.00042736864998
0.000454344291938
0.000424205994932
0.000434753776062
0.000431831955211
0.000423161312938
0.000453610147815
0.000430191546911
0.000414250913309
0.000426404672908
0.000399895419832
0.000410302105593
0.000429797451943
0.00042279830086
0.000423113902798
0.000412664754549
0.000417384580942
0.000402044912335
0.000392128422391
0.000408162362874
0.000397541647544
0.000448320031865
0.00039325634134
0.000373411079636
0.000386191357393
0.000377871940145
0.000399308162741
0.000381267542252
0.00038540220703
0.000384473474696
0.000358129793312
0.000399896642193
0.000367835629731
0.00036650817492
0.000362737075193
0.000359388679499
0.000359494733857
0.000352799484972
0.000329647416947
0.000338592624757
0.000348307046806
0.000366001739167
0.000346922519384
0.000355697702616
0.000365383457392
0.000340983417118
0.000352200353518
0.00035218661651
0.000345553562511
0.000329179456457
0.000357456156053
0.000339232065016
0.0003729078162
0.000324183522025
0.000333198258886
0.000356966833351
0.000344150321325
0.000324773427565
0.000333358941134
0.000379618722945
0.000334232929163
0.000328933325363
0.00032339055906
0.000324306136463
0.000300560204778
0.000317469792208
0.000322334875818
0.000358205696102
0.000302377913613
0.000296950456686
0.000315195968142
0.000414517970057
0.000316190853482
0.000334724667482
0.000323799613398
0.00030604089261
0.000289606745355
0.000304401211906
0.000297194288578
0.00030744378455
0.000305840367218
0.000303651206195
0.000301068590488
0.00027515104739
0.000285312795313
0.000295178731903
0.000289888499537
0.000288916489808
0.000294667028356
0.000265556678642
0.000277387764072
0.000290735071758
0.000265261303866
0.00028356933035
0.00028700902476
0.000276016624412
0.000273300713161
0.000278442690615
0.00028561722138
0.000281748478301
0.000277998507954
0.000287434522761
0.000252386642387
0.000260542408796
0.000264762551524
0.000308777729515
0.000270872202236
0.000265449110884
0.000264185218839
0.000268334377324
0.000261661072727
0.00025260518305
0.000277447979897
0.000248577183811
0.000250394485192
0.000267957017059
0.00025095581077
0.000244411290623
0.000246938259806
0.000247958640102
0.000237092070165
0.000255011575064
0.000253298814641
0.00026097081718
0.000235365514527
0.000243030212005
0.000246523821261
0.000242801048444
0.000235020459513
0.000235376050114
0.000241822024691
0.000244824710535
0.000220048896153
0.000242474983679
0.000246035808232
0.000223194656428
0.000233078579186
0.000241421192186
0.000226227435633
0.000231166777667
0.000226246091188
0.000227667536819
0.00023621993023
0.000235692627029
0.000228640405112
0.00020910135936
0.000220559930312
0.000226033167564
0.000213801962673
0.00022107642144
0.000208260084037
0.000218591056182
0.000208064477192
0.000236709893215
0.000230412071687
0.000254281738307
0.000217916356632
0.000229755591135
0.000220787056605
0.000199946647626
0.000211321690585
0.000205668213312
0.000235544459429
0.000200553869945
0.000191342362086
0.000230513585848
0.000199174915906
0.000218146436964
0.000191524042748
0.000199563437491
0.00021409279725
0.000210602433071
0.000211784266867
0.000196574939764
0.000193996878807
0.000209391655517
0.000223793453188
0.000201101167477
0.000194119929802
0.000184776683454
0.000187320576515
0.000201983566512
0.000222097660298
0.000207359320484
0.000207413118915
0.000190191363799
0.000197837245651
0.000218393193791
0.000199689922738
0.000191146711586
0.000179025024408
0.000187604659004
0.000183526717592
0.000186420686077
0.000177218898898
0.000209479927435
0.000198776542675
0.000210917874938
0.000184826523764
0.000188655030797
0.00017438622308
0.000178232803592
0.000184237374924
0.000196017033886
0.000177598907612
0.000199341680855
0.000175527122337
0.000164312819834
0.000186996723642
0.000185557451914
0.00018828685279
0.000179108305019
0.000185629367479
0.000177696958417
0.000175976863829
0.000184552642168
0.00017425288388
0.000177889261977
0.000161158415722
0.000188566671568
0.000182958814548
0.000174681059434
0.000173924316186
0.000166450656252
0.000174762957613
0.000166788042407
0.000182572228368
0.000179839349585
0.000168866754393
0.000160270297783
0.000190154954907
0.000183807744179
0.000170844374225
0.000165247984114
0.000162720534718
0.000163489254192
0.000157363465405
0.000164358949405
0.0001560645469
0.000163802309544
0.000166357829585
0.000154298671987
0.000153606451931
0.000163872551639
0.000151504078531
0.000147706421558
0.00016608707665
0.000155945162987
0.000157463218784
0.000156814290676
0.000149040701217
0.00015176096349
0.000174342203536
0.000151209635078
0.000151678264956
0.000152819309733
0.000150099775055
0.00016162089014
0.000159465314937
0.000163268865435
0.000138412462547
0.000151770975208
0.000160514420713
0.000147713493789
0.000136876202305
0.00014846023987
0.000154879846377
0.00015712165623
0.000143079145346
0.000160256458912
0.000152374399477
0.000146985417814
0.000144708144944
0.0001422342757
0.000140182644827
0.000139978001243
0.00012783020793
0.00014184245083
0.00013659967226
0.000148824881762
0.000139041760121
0.000145669706399
0.000141428186907
0.000147540617036
0.000141892000102
0.000141777985846
0.000141219541547
0.000144924648339
0.000142140153912
0.00013344756735
0.000142997450894
0.000131886132294
0.000132554501761
0.000140249932883
0.000135799607961
0.000134573900141
0.000145485508256
0.000130867934786
0.000139150666655
0.00013239227701
0.000171623323695
0.000132329529151
0.000132692162879
0.00014031912724
0.000122112527606
0.000159667688422
0.0001364047057
0.000126781800645
0.000124374681036
0.000133389243274
0.000122140598251
0.00013837084407
0.000119092153909
0.000123564022942
0.000128128056531
0.000126274331706
0.000129689506139
0.000121390563436
0.000119257310871
0.000124435406178
0.000124793106806
0.000129309468321
0.00012743769912
0.00013854521967
0.000122808865854
0.000119335738418
0.000121400742501
0.000122367535369
0.000123840640299
0.00012328287994
0.000114959366329
0.000115514965728
0.000125354141346
0.000124168305774
0.00011583417654
0.00013556034537
0.000116650116979
0.000121721204778
0.000119900178106
0.000136284696055
0.000123181787785
0.000118158379337
0.000115192793601
0.000106729152321
0.000120401200547
0.000114261179988
0.00012422222062
0.000111855959403
0.000112477580842
0.00011394109606
0.000122159995954
0.000114575101179
0.000116917508421
0.000114867238153
0.000113064132165
0.000126964805531
0.000113290094305
0.00011299054313
0.000114022841444
0.000101385187008
0.000114555783512
0.000114388349175
0.00011124957382
0.000113497713755
0.000107512620161
0.000105858496681
0.000102700949355
0.000111191700853
0.000102071353467
0.000107066349301
0.000113762405817
0.000108152955363
0.000110140288598
0.000113484129542
0.000108449014078
0.000122546931379
0.000108125736006
0.000106435632915
0.00010096810729
0.000112003195682
9.47838125285e-05
0.000114394708362
9.92940113065e-05
0.00010398701852
0.000110493310785
0.000128894447698
0.000105900602648
9.53939088504e-05
0.000108923348307
0.000108064792585
0.000102167330624
9.78814787231e-05
0.000106368286652
0.000100119686977
9.93408539216e-05
0.000102902879007
9.60208126344e-05
0.000102821853943
9.95057271211e-05
0.000101228673884
9.7937285318e-05
0.000108066509711
0.000111733701488
0.000104145598016
9.91754350252e-05
0.000102602542029
0.000101024466858
0.000101420657302
9.43523627939e-05
9.721700917e-05
9.66468069237e-05
9.68464810285e-05
0.000105573642941
9.92006025626e-05
9.42821789067e-05
0.000105667553726
9.69435932348e-05
9.84057769529e-05
9.84078287729e-05
9.19559315662e-05
9.57057418418e-05
9.85063816188e-05
0.000106088766188
0.000103712191049
9.28409499465e-05
9.63886341196e-05
8.946552407e-05
9.2255686468e-05
8.65577167133e-05
9.22694453038e-05
9.09456648515e-05
9.11188108148e-05
8.50949290907e-05
9.73836649791e-05
9.18080404517e-05
9.4280592748e-05
8.8643435447e-05
9.3521848612e-05
8.69945361046e-05
8.9297464001e-05
9.33044575504e-05
8.94391414477e-05
8.92190510058e-05
8.09938646853e-05
9.05844135559e-05
9.66718798736e-05
8.90706360224e-05
8.84003384272e-05
9.06220811885e-05
8.15033708932e-05
9.19008161873e-05
9.27734654397e-05
9.64240534813e-05
9.24379710341e-05
8.84302498889e-05
8.72279561008e-05
0.000107115360152
9.23463667277e-05
9.33708579396e-05
8.66571426741e-05
0.000100021825347
0.000101384102891
8.48856434459e-05
9.84952930594e-05
8.57153063407e-05
8.56224796735e-05
8.90887458809e-05
9.3110902526e-05
9.18916484807e-05
9.38673110795e-05
8.62360393512e-05
9.0171903139e-05
0.000113781112304
9.05103952391e-05
9.09604787012e-05
9.45436331676e-05
9.6069277788e-05
8.92690222827e-05
8.66117115947e-05
8.65065012476e-05
8.93475007615e-05
8.29598866403e-05
8.39808199089e-05
0.000114330046927
9.03700929484e-05
9.28271911107e-05
8.68651768542e-05
9.01142120711e-05
9.25848289626e-05
8.94142576726e-05
9.54165225266e-05
8.67825510795e-05
8.98287762539e-05
8.88705108082e-05
8.67393318913e-05
9.23354236875e-05
9.06639688765e-05
8.57734266901e-05
9.39917445066e-05
9.81075936579e-05
9.05871784198e-05
8.36510225781e-05
8.81956002559e-05
9.04118496692e-05
7.96472886577e-05
8.28788033687e-05
9.23179541132e-05
9.35845600907e-05
8.90876617632e-05
8.36625695229e-05
9.67369051068e-05
9.30107125896e-05
0.000102624559077
8.93134711077e-05
9.0600369731e-05
9.23434199649e-05
9.06302448129e-05
0.000101048128272
7.93129365775e-05
0.000104409729829
9.47015505517e-05
8.144727326e-05
9.37635559239e-05
8.7766937213e-05
8.44423120725e-05
8.80161314853e-05
9.26697030081e-05
8.77697530086e-05
0.00010617726366
9.05350316316e-05
9.63958591456e-05
9.40636527957e-05
8.45968534122e-05
0.000101345722214
9.30909372983e-05
0.0001056821784
8.69057403179e-05
8.58959101606e-05
9.15797354537e-05
9.40098616411e-05
9.92168279481e-05
9.09146037884e-05
9.69259854173e-05
8.31524594105e-05
9.04147600522e-05
8.56304832269e-05
8.69429495651e-05
8.80450024852e-05
8.92051830306e-05
9.52963091549e-05
9.24994456e-05
9.5076407888e-05
9.03661493794e-05
9.0334455308e-05
9.31118556764e-05
9.04668995645e-05
8.79787330632e-05
8.95440389286e-05
9.77788658929e-05
8.43876841827e-05
8.11273857835e-05
8.6070758698e-05
8.94192417036e-05
9.07298235688e-05
8.08031909401e-05
8.71015581652e-05
8.75156401889e-05
9.40184472711e-05
9.63821657933e-05
8.94139302545e-05
9.06155401026e-05
8.36440667626e-05
8.26629984658e-05
8.82517924765e-05
8.35386454128e-05
9.10979433684e-05
8.79335857462e-05
8.28683987493e-05
9.1902227723e-05
8.75231125974e-05
8.67925045895e-05
9.50989633566e-05
8.90096271178e-05
9.56416115514e-05
9.936276183e-05
0.000106262690679
8.90218288987e-05
8.59172505443e-05
8.67540147738e-05
8.20517889224e-05
8.3624952822e-05
8.87296700967e-05
7.97623142716e-05
8.77211641637e-05
8.44462992973e-05
8.68892166181e-05
9.97633615043e-05
8.9528344688e-05
9.09102673177e-05
0.000102580168459
9.89184482023e-05
8.83610846358e-05
8.7234613602e-05
9.51965776039e-05
8.81804007804e-05
8.65331603563e-05
9.31419344852e-05
8.50334618008e-05
9.01394159882e-05
9.9556040368e-05
9.23844563658e-05
8.96370693226e-05
8.95286575542e-05
8.85517947609e-05
8.54085155879e-05
8.84249748196e-05
8.14146114863e-05
8.51446893648e-05
9.17079960345e-05
9.78500756901e-05
8.57793711475e-05
8.6161569925e-05
9.46041836869e-05
8.13103106339e-05
0.000106526931631
9.30783935473e-05
8.83677712409e-05
8.50546275615e-05
8.45427930471e-05
9.00806844584e-05
8.89549628482e-05
8.55450416566e-05
8.70388248586e-05
9.78350799414e-05
8.81376254256e-05
7.93331128079e-05
