0.769375562668
0.718089640141
0.765779197216
0.735774636269
0.751879036427
0.755177140236
0.779476881027
0.696850657463
0.788976609707
0.752968370914
0.734920322895
0.726765394211
0.723996520042
0.754329323769
0.74761480093
0.762535214424
0.737182557583
0.718683540821
0.753519177437
0.727275252342
0.764517903328
0.757800638676
0.744735658169
0.748668551445
0.725951254368
0.770442903042
0.732424676418
0.702883183956
0.746610164642
0.775708734989
0.739385187626
0.747636020184
0.747641444206
0.734469771385
0.708543717861
0.710539758205
0.698745429516
0.771361410618
0.731654644012
0.730039060116
0.756737411022
0.755087077618
0.750346839428
0.723845422268
0.751164853573
0.749674260616
0.705359697342
0.73326164484
0.725441455841
0.738070428371
0.732648670673
0.725091576576
0.722682893276
0.728497028351
0.784546554089
0.708613574505
0.743489682674
0.717059016228
0.733705163002
0.71080583334
0.695774078369
0.736673593521
0.721245884895
0.753011405468
0.75375276804
0.693171679974
0.722722053528
0.739825904369
0.732331216335
0.705366611481
0.725621938705
0.714802503586
0.724135637283
0.722664892673
0.74251306057
0.727107524872
0.71459043026
0.720451116562
0.737235307693
0.728994727135
0.712985157967
0.721221625805
0.735346198082
0.718587577343
0.705644786358
0.714180231094
0.735529839993
0.717554748058
0.733286499977
0.728829741478
0.741782307625
0.713375031948
0.719522595406
0.710453808308
0.732818722725
0.712492287159
0.721579790115
0.693964421749
0.721724033356
0.731807351112
0.739270150661
0.732314825058
0.729406714439
0.71983063221
0.751662552357
0.695705831051
0.703113973141
0.720167934895
0.732659041882
0.718893229961
0.705720603466
0.697758793831
0.733289480209
0.69603651762
0.720562577248
0.709075272083
0.714056253433
0.738401830196
0.729737758636
0.717710196972
0.749213695526
0.711678087711
0.743960618973
0.724424183369
0.701919317245
0.690863192081
0.726461708546
0.733448326588
0.727582395077
0.710579633713
0.700544714928
0.728873968124
0.750575840473
0.73357796669
0.750149786472
0.693350732327
0.712906479836
0.720488905907
0.738243162632
0.702685892582
0.703907728195
0.69625723362
0.701223552227
0.712187409401
0.72603982687
0.728869795799
0.695702075958
0.711886227131
0.728745341301
0.715952932835
0.707891523838
0.681022822857
0.72291123867
0.714573264122
0.688572704792
0.714524567127
0.698421657085
0.718717396259
0.677482366562
0.697577178478
0.716002821922
0.6916051507
0.71666431427
0.719743728638
0.699796438217
0.682319164276
0.710402309895
0.702597856522
0.692506492138
0.708037912846
0.682662904263
0.70436924696
0.718449234962
0.727513074875
0.734614551067
0.710538685322
0.697174191475
0.706565141678
0.713727235794
0.736586093903
0.705710411072
0.712846398354
0.696968615055
0.708790540695
0.704039216042
0.68863594532
0.750215411186
0.707688093185
0.701224148273
0.724488317966
0.716177761555
0.725699663162
0.689842104912
0.703553140163
0.724467754364
0.715853214264
0.689246952534
0.720825076103
0.731922209263
0.708397865295
0.691580295563
0.694918274879
0.715653717518
0.700710594654
0.701331615448
0.688512861729
0.690831720829
0.683819890022
0.705597817898
0.702252209187
0.711110174656
0.700760245323
0.680344462395
0.70525932312
0.712280869484
0.728441178799
0.713784277439
0.721748709679
0.681731760502
0.676059246063
0.72854745388
0.6760237813
0.685498595238
0.7034034729
0.735044300556
0.717404425144
0.715751469135
0.682013034821
0.68405520916
0.685654342175
0.71492433548
0.725832462311
0.717344105244
0.709396243095
0.702243506908
0.747189462185
0.6805087924
0.68717110157
0.695755064487
0.701960861683
0.712516307831
0.699317574501
0.716550350189
0.701563417912
0.680405676365
0.717878103256
0.724871516228
0.684036493301
0.698712408543
0.69815659523
0.695060908794
0.693381249905
0.708999693394
0.677168250084
0.702282547951
0.693236291409
0.680659472942
0.726389050484
0.690774142742
0.698531866074
0.699283480644
0.730125844479
0.710081279278
0.68894213438
0.705283343792
0.711745262146
0.719004273415
0.718789875507
0.724347054958
0.724042356014
0.672281563282
0.683928251266
0.723104417324
0.704157888889
0.69825899601
0.668335855007
0.701254546642
0.68705791235
0.715116202831
0.691324353218
0.684864044189
0.673290729523
0.714376449585
0.723541617393
0.701265931129
0.687116384506
0.710098206997
0.715364158154
0.728221476078
0.693808495998
0.705063700676
0.705044567585
0.713577330112
0.727451205254
0.689106106758
0.691106498241
0.706284821033
0.70326924324
0.7001106143
0.714235126972
