0.693147003651
0.692570030689
0.692012727261
0.691452980042
0.690921843052
0.690387189388
0.689874887466
0.689328312874
0.688807845116
0.688299417496
0.687759041786
0.687215805054
0.686602652073
0.686030089855
0.685371518135
0.684606015682
0.68372297287
0.682857692242
0.68188226223
0.680703163147
0.679356396198
0.677830636501
0.676051437855
0.674280822277
0.672119736671
0.669305741787
0.666028141975
0.662320792675
0.658192455769
0.653844177723
0.64920938015
0.643366456032
0.638162434101
0.633175730705
0.627865672112
0.622081041336
0.615508317947
0.608837962151
0.602114319801
0.595017910004
0.587317228317
0.57906627655
0.570426106453
0.561560332775
0.551091909409
0.539951622486
0.527849435806
0.515780627728
0.504272758961
0.490466684103
0.47652900219
0.46197155118
0.445685565472
0.429951101542
0.413412183523
0.397704780102
0.380964368582
0.362528592348
0.343378275633
0.324341863394
0.303915083408
0.283187448978
0.264491379261
0.241301819682
0.221154481173
0.200631633401
0.180221661925
0.159963995218
0.138949751854
0.118042446673
0.100232034922
0.0833410844207
0.0656549930573
0.051771517843
0.0399532169104
0.0280224885792
0.0193719118834
0.0140787111595
0.0101947924122
0.00878802780062
0.00423476006836
0.00329804699868
0.00240339525044
0.00199255277403
0.0011464987183
0.00079354463378
0.000766458513681
0.000485341908643
0.000381064863177
0.000340463680914
0.000251221994404
0.000211419377592
0.000126424027258
0.000101199511846
8.37020779727e-05
7.95975138317e-05
8.47647461342e-05
5.1673672715e-05
3.88102707802e-05
4.82329596707e-05
2.59093721979e-05
2.38711945713e-05
2.79640134977e-05
2.35968564084e-05
2.15240324906e-05
1.4110295524e-05
2.40956815105e-05
1.40774427564e-05
1.88711546798e-05
1.4056136024e-05
2.10482739931e-05
1.3319541722e-05
3.51306880475e-05
8.48275522003e-06
1.95218508452e-05
1.37551742228e-05
8.40862321638e-06
9.84205598797e-06
1.07401756395e-05
9.53033031692e-06
3.88480511901e-05
1.62050200743e-05
6.5772715061e-06
7.58612077334e-06
8.33145350043e-06
7.0110395427e-06
6.01584588367e-06
7.47847479943e-06
7.14441603122e-06
5.9422668528e-06
9.02023748495e-06
1.97555000341e-05
0.000365199695807
1.2644916751e-05
8.88268186827e-06
7.98474775365e-06
9.19607919059e-06
8.12172129372e-06
1.49118241097e-05
9.61206751526e-06
1.35119025799e-05
2.32941947615e-05
1.02032645373e-05
2.34785420616e-05
1.43756160469e-05
8.99947553989e-06
1.49889228851e-05
1.89752554434e-05
9.94244419417e-06
1.07315472633e-05
1.30491443997e-05
1.23844847622e-05
1.21418952403e-05
3.26086119458e-05
1.47106102304e-05
1.41542250276e-05
2.95223671856e-05
1.89658348972e-05
1.5627772882e-05
1.04891660158e-05
1.07719115476e-05
1.28016181407e-05
1.15237089631e-05
1.08325930341e-05
1.46272650454e-05
2.25632065849e-05
2.3226657504e-05
8.11775498732e-06
1.52397942657e-05
2.14695573959e-05
1.2122040971e-05
1.67310026882e-05
1.32226841743e-05
1.26937547975e-05
1.05134367914e-05
1.19818723761e-05
1.73101216205e-05
1.34798292493e-05
4.7613899369e-05
2.39409855567e-05
8.32759906189e-06
1.21302246043e-05
1.30466014525e-05
1.05349490696e-05
9.73144597083e-06
1.05300759969e-05
1.06483239506e-05
9.80285494734e-06
9.85934275377e-06
1.07025343823e-05
1.84585460374e-05
6.86810926709e-06
8.69600808073e-06
1.11657009256e-05
1.00232418845e-05
7.45779743738e-06
1.38406894621e-05
9.08505990083e-06
8.47331375553e-06
1.3746296645e-05
1.05164699562e-05
6.69681685395e-06
9.55896575761e-06
1.57701670105e-05
6.85299255565e-06
3.19403188769e-05
7.19783338354e-06
8.02073554951e-06
8.87592796062e-06
6.95716698829e-06
7.13472763891e-06
6.41041242488e-06
8.46628518048e-06
9.43695977185e-06
8.91178115126e-06
8.87047463038e-06
9.11426559469e-06
6.61954845782e-06
7.57320640332e-06
2.26003830903e-05
1.01754658317e-05
6.37119092062e-06
7.75114767748e-06
1.33532894324e-05
7.60817010814e-06
5.41687859368e-06
5.41776125829e-06
8.99503538676e-06
6.45264481136e-06
1.09185684778e-05
5.98356109549e-06
5.15691590408e-06
3.50275536221e-06
6.23625010121e-06
7.09671257937e-06
9.79915148491e-06
7.04496733306e-06
5.95367191636e-06
5.63755429539e-06
1.72065156221e-05
6.50564243188e-06
6.33074660072e-06
6.14958753431e-06
1.41903055919e-05
5.18481692779e-06
7.66004723118e-06
1.23490772239e-05
7.19268928151e-06
9.02431293071e-06
5.60503167435e-06
9.89564523479e-06
7.25240761312e-06
4.8565839279e-06
5.89085129832e-06
7.45013585401e-06
5.13395889357e-06
6.92661660651e-06
6.8809995355e-06
6.52879862173e-06
5.28194595972e-06
6.3036541178e-06
8.26316590974e-06
4.53030907011e-06
6.49775256534e-06
5.98738142799e-06
7.01256476532e-06
9.41355665418e-06
9.96586368274e-06
7.50444860387e-06
6.6492239057e-06
4.8470310503e-06
7.48588809074e-06
4.89087778988e-06
5.15198280482e-06
4.53067514172e-06
8.45232625579e-06
4.47455158792e-06
7.40352288631e-06
6.01157717028e-06
3.96711538997e-06
5.21103766005e-06
8.4360517576e-06
1.27102248371e-05
3.84672739528e-06
6.45618456474e-06
4.28033081334e-06
7.43643249734e-06
5.86241549172e-06
9.18519253901e-06
4.87056513521e-06
1.75003988261e-05
5.99419672653e-06
3.90255536331e-06
4.85888267576e-06
6.74556031299e-06
5.84959389016e-06
6.79816639604e-06
7.05856291461e-06
3.95200004277e-06
5.44158046978e-06
7.88711349742e-06
6.40148618913e-06
4.70799022878e-06
4.27155055149e-06
3.83742872145e-06
6.88683076078e-06
8.53046822158e-06
5.00920350532e-06
1.07178802864e-05
3.42803514286e-06
4.19625439463e-06
3.04190166389e-06
4.01158604291e-06
3.73653256247e-06
4.02410705647e-06
4.85775126435e-06
5.12099677508e-06
3.59521322935e-06
4.77108960695e-06
8.32274508866e-06
5.45299326404e-06
3.57516228178e-06
4.2229689825e-06
4.17354658566e-06
5.41734880244e-06
5.92315473114e-06
3.26956683239e-06
5.20089133715e-06
8.87526402948e-06
7.40857967685e-06
5.28816644874e-06
4.18986019213e-06
4.19972093368e-06
3.79673247153e-06
5.03392584505e-06
6.26032306172e-06
5.02364218846e-06
7.31336876925e-06
7.44645330997e-06
4.13286124967e-06
3.27828752233e-06
6.38425717625e-06
3.17622675539e-06
4.3928366722e-06
3.22061241604e-05
4.00025646741e-06
3.45333455698e-06
4.00839917347e-06
4.67864083475e-06
3.94037624574e-06
5.74826162847e-06
5.424547453e-06
5.69299982089e-06
5.15315423399e-06
5.23652124684e-06
3.96861696572e-06
5.82312213737e-06
4.06170056522e-06
5.05909883941e-06
4.41899146608e-06
6.26057089903e-06
4.85549981022e-06
9.63904312812e-06
3.20126423503e-06
4.83830990561e-06
3.23818926518e-06
1.33528110382e-05
3.25154383063e-06
3.82671260013e-06
1.91681629076e-05
2.60256229012e-06
4.01743227485e-06
3.32975537276e-06
3.20735694004e-06
2.98985833069e-06
1.25639435282e-05
3.01398813463e-06
3.9886713239e-06
3.59609225598e-06
3.02708053823e-06
3.52117854163e-06
3.82670032195e-06
6.17723389951e-06
4.81710821987e-06
4.36814161731e-06
3.0561479889e-06
5.01200656799e-06
3.95463348468e-06
4.60876890429e-06
4.54530163552e-06
3.72524777958e-06
2.96253256238e-06
3.53504469786e-06
3.21928837366e-06
2.9023397019e-06
4.23276469519e-06
3.72553358829e-06
4.9198333727e-06
4.92867457069e-06
5.35905837751e-06
4.70513487016e-06
3.36698008141e-06
3.95290771849e-06
4.72488545711e-06
6.83310463501e-06
6.23649066256e-06
3.76824073101e-06
3.78077220375e-06
3.18175443681e-06
3.9220412873e-06
4.8868059821e-05
3.19164360008e-06
3.31057754011e-06
4.30441605204e-06
5.80252253712e-06
3.43006831827e-06
3.62575792678e-06
4.03254398407e-06
9.07044795895e-06
9.27900146053e-06
4.54894234281e-06
4.22508719566e-06
4.02676914746e-06
5.64609672438e-06
6.91708828526e-06
3.73537295673e-06
4.52486301583e-06
7.44333920011e-06
3.48242588188e-06
7.00176587998e-06
4.07767220167e-06
3.38151130563e-06
6.19560523774e-06
4.47890442956e-06
3.62780133401e-06
4.81709685118e-06
3.78508684662e-06
4.72484816783e-06
3.23351787301e-06
3.73887974092e-06
4.20992000727e-06
3.99735336032e-06
3.61471097676e-06
4.90199136038e-06
5.99363102083e-06
4.58323074781e-06
3.85082239518e-06
2.87209422822e-06
4.16220063926e-06
4.18638182964e-06
5.53748350285e-06
4.56332054455e-06
4.17709634348e-06
3.71330975213e-06
8.29043801787e-06
3.03638307741e-06
5.46450064576e-06
4.81384222439e-06
4.9377540563e-06
3.91189360016e-06
3.65979508388e-06
2.74358876595e-06
4.56529323856e-06
3.91740923078e-06
3.22219784721e-06
1.00122260847e-05
2.60983051703e-06
3.80052006221e-06
2.92530398838e-06
6.59842726236e-06
3.72984391106e-06
3.657456773e-06
3.83688393413e-06
2.99625276057e-06
3.1285580917e-06
3.2006771562e-06
2.84012435259e-06
2.87704392576e-06
3.41092572853e-06
5.48585467186e-06
2.51882920566e-06
4.06140588893e-06
3.00846886603e-06
1.91876406461e-05
2.9192240163e-06
2.18939226215e-06
4.04857155445e-06
3.8732291614e-06
2.21644063458e-06
4.53533357359e-06
2.10042321669e-06
4.42281361757e-06
5.53847803531e-06
3.27220050167e-06
4.32189472122e-06
4.39083260062e-06
3.27309066961e-06
2.93635548587e-06
2.9799866752e-06
3.30595207743e-06
3.97529174734e-06
4.42283771918e-06
3.30128841597e-06
3.28440523845e-06
2.90990487883e-06
4.62490652353e-06
5.64257288715e-06
2.86105751002e-06
3.03931506096e-06
2.1649698283e-06
2.05076285056e-05
3.25737573803e-06
3.29372574015e-06
5.48757179786e-06
4.54175597042e-06
6.12090616414e-06
3.90987406718e-06
3.36698485626e-06
4.25421421824e-06
3.27133079736e-06
3.17128842653e-06
4.00173257731e-06
3.47372838405e-06
2.17282240556e-06
4.2992210183e-06
2.69474298875e-06
3.14574594995e-06
3.37310416398e-06
2.36152163779e-06
3.03434580928e-06
3.62578362001e-06
4.09567928727e-06
3.76188995688e-06
2.37315725826e-06
3.48798357663e-06
3.30767670675e-06
3.03841784444e-06
3.26929261973e-06
4.39545874542e-06
5.83467362958e-06
3.63888966604e-06
2.00970544029e-06
3.12069914798e-06
2.75960769613e-06
2.57001761383e-06
5.67711958865e-06
1.97946610569e-06
3.53829909727e-06
4.15994190917e-06
3.30159878104e-06
2.4531143481e-06
2.7223586585e-06
3.85289422411e-06
3.76479374609e-06
2.78719744529e-06
2.83982694782e-06
2.62059552369e-06
2.80349286186e-06
2.14781562136e-06
2.46650074587e-06
3.14687576974e-06
2.67846758106e-06
2.41880252361e-06
3.43329861607e-06
2.56767020801e-06
2.31966259889e-06
2.15508202928e-06
2.72818397207e-06
2.57785723079e-06
2.85901774078e-06
1.84194186659e-06
4.72398005513e-06
3.20825347444e-06
3.04715808852e-06
2.37170911532e-06
2.83808685708e-06
7.07689014234e-06
2.76800324173e-06
2.69650263363e-06
4.75688693768e-06
1.63317383794e-06
2.34031472246e-06
2.01057923732e-06
3.17827789331e-06
7.2062084655e-06
4.63980859422e-06
2.18911600314e-06
2.41008115154e-06
2.66654228653e-06
3.37629307978e-06
2.36995720115e-06
6.5450421971e-06
5.39942675459e-06
3.1748386391e-06
2.41095563069e-06
2.34815138356e-06
2.61392324319e-06
0.00133696186822
3.90732702726e-06
2.60942051682e-05
6.64931576466e-05
0.000341862643836
0.000529193959665
0.0174558740109
1.74987817445e-05
3.95852111978e-06
1.63288700605e-06
0.000238989843638
0.108167715371
5.4566394283e-06
9.73485748545e-06
3.66488784493e-05
0.000438620947534
0.000892865122296
0.137664705515
0.00153370015323
0.0126438485458
5.03777264385e-05
2.23554670811e-05
1.70763014467e-05
1.81961695489e-05
2.32987749769e-05
5.7817393099e-05
0.0210558585823
0.0422536879778
0.0032989999745
0.00116383016575
0.00806015916169
0.0133756706491
0.000143925732118
0.00018180492043
0.000217910506763
0.000265569571638
0.000341944454703
0.000381747900974
0.000413315312471
0.000427324965131
0.000521886453498
0.000485243508592
0.000555509584956
0.000578522623982
0.000515695195645
0.00051179487491
0.000614503747784
0.000523140828591
0.00050008011749
0.00052112841513
0.00053892552387
0.000534154532943
0.000486935925437
0.000574466830585
0.000498272594996
0.000501690839883
0.000497284578159
0.000483083975269
0.000534803373739
0.000458354799775
0.000443833385361
0.000460471928818
0.000504194584209
0.000498339009937
0.000536535517313
0.000444822275313
0.000472863990581
0.00046261359239
0.000490448786877
0.000521497800946
0.000446869060397
0.000510730780661
0.000419039832195
0.000441942276666
0.000411099958001
0.000464670622023
0.000506997166667
0.000493232859299
0.000453163433122
0.000464225566247
0.000410363485571
0.000443914032076
0.000431253080023
0.000400880002417
0.00043070098036
0.000406733743148
0.000462914176751
0.000453289656434
0.000430960964877
0.000392795103835
0.000412778637838
0.000388893880881
0.000388568267226
0.00041088758735
0.000400262186304
0.000397315685404
0.000431859138189
0.000417992065195
0.000377662741812
0.000388529762859
0.00040256336797
0.000381755904527
0.000450376537628
0.00037940099719
0.0003906924685
0.000374029768864
0.000358577788575
0.000390595640056
0.000385147781344
0.000371194095351
0.000385389022995
0.000377590913558
0.000359944533557
0.000574181845877
0.000405489932746
0.000371525064111
0.000352919567376
0.000336417055223
0.000348419271177
0.000348322966602
0.000343269843142
0.000351490627509
0.000359894038411
0.000340956437867
0.000327858899254
0.000345688255038
0.000359286263119
0.000353588431608
0.000380063196644
0.000393122114474
0.000398883741582
0.000333635951392
0.00032495794585
0.000350384565536
0.000341631181072
0.000365176936612
0.000313793774694
0.000312462012516
0.000358989287633
0.000330548471538
0.000313816708513
0.000325412547681
0.000328981259372
0.000328849360812
0.000345544889569
0.00032225981704
0.000348192785168
0.000299613835523
0.00031129096169
0.000310484145302
0.000291695760097
0.000310125993565
0.000280500535155
0.000320962280966
0.000290464726277
0.000301358959405
0.000316754740197
0.000367761793314
0.000294045661576
0.000331317220116
0.000318981823511
0.000316787598422
0.000312790478347
0.000274839519989
0.000317742611514
0.000279042404145
0.000290143972961
0.00033444177825
0.000294619501801
0.000273452576948
0.000259294640273
0.000378773838747
0.000280363106867
0.000263046647888
0.00032520617242
0.000322037783917
0.000279392435914
0.000294203666272
0.000290670228424
0.000298997707432
0.000281723710941
0.000285773858195
0.00027986211353
0.000251214165473
0.000270529155387
0.000267376395641
0.000307198002702
0.000252034660662
0.000273230456514
0.000283810892142
0.00030034041265
0.000293693505228
0.000274208636256
0.000251601886703
0.000257727078861
0.000253731268458
0.000268175790552
0.000273984420346
0.000244193390245
0.000293123390293
0.000259131018538
0.00025199825177
0.000304697401589
