0.694363176823
0.69100612402
0.690928637981
0.688664078712
0.687035560608
0.68691778183
0.685564815998
0.685779035091
0.683237373829
0.68399566412
0.683255970478
0.682499706745
0.680252730846
0.681391477585
0.675215542316
0.676238715649
0.672000467777
0.66527056694
0.67030608654
0.670594215393
0.677418768406
0.65461063385
0.670052826405
0.665327250957
0.661732435226
0.659947812557
0.669784605503
0.66215223074
0.654538571835
0.679324567318
0.659148871899
0.646941184998
0.659272134304
0.651637673378
0.640427291393
0.646030008793
0.647467017174
0.635071992874
0.628150761127
0.628877460957
0.629348695278
0.632428348064
0.633389830589
0.61780333519
0.620407819748
0.607901573181
0.609373092651
0.665470182896
0.640060961246
0.589313030243
0.605544865131
0.613383948803
0.590357720852
0.576670408249
0.569698750973
0.592779457569
0.610539197922
0.589623808861
0.614618897438
0.579951703548
0.561675846577
0.579190135002
0.572666585445
0.587953805923
0.624613165855
0.568299353123
0.601681768894
0.571437954903
0.561559379101
0.580504417419
0.562226712704
0.533714354038
0.559161543846
0.56072717905
0.602391004562
0.531974136829
0.548837542534
0.588754355907
0.587226033211
0.543199241161
0.549803435802
0.562490224838
0.578741788864
0.6138702631
0.549914121628
0.612526595592
0.587136864662
0.573645889759
0.586063981056
0.566796123981
0.546947419643
0.568620681763
0.547774016857
0.606620132923
0.534693062305
0.543262481689
0.552432715893
0.526083350182
0.581926286221
0.575688362122
