0.693147242069
0.693085134029
0.693029463291
0.692971408367
0.692911982536
0.692851603031
0.692791163921
0.692730367184
0.692669451237
0.692608773708
0.692548036575
0.692487537861
0.69242733717
0.692367017269
0.692307174206
0.692247569561
0.692188084126
0.692129015923
0.692070066929
0.692011475563
0.69195318222
0.691895127296
0.691837370396
0.691780149937
0.691722989082
0.691666305065
0.691609740257
0.691553652287
0.691497802734
0.691442430019
0.691387295723
0.691332399845
0.691277980804
0.691223740578
0.691169977188
0.691116392612
0.691063404083
0.691010475159
0.690958023071
0.690905928612
0.690854132175
0.690802574158
0.690751552582
0.69070070982
0.69065028429
0.690600216389
0.69055044651
0.690500974655
0.690451860428
0.690403044224
0.690354645252
0.690306484699
0.690258800983
0.690211296082
0.690164327621
0.690117537975
0.690071046352
0.690024852753
0.689979195595
0.689933717251
0.68988853693
0.689843893051
0.689799368382
0.689755320549
0.68971157074
0.68966794014
0.689624905586
0.689582049847
0.68953949213
0.689497351646
0.689455509186
0.689413845539
0.689372718334
0.689331710339
0.68929117918
0.68925088644
0.689210891724
0.68917131424
0.689131855965
0.689092874527
0.689054191113
0.689015805721
0.688977777958
0.688939988613
0.688902497292
0.688865244389
0.688828468323
0.688791811466
0.688755512238
0.688719570637
0.688683927059
0.6886485219
0.688613593578
0.688578784466
0.688544273376
0.68851006031
0.688476264477
0.688442647457
0.68840944767
0.688376307487
0.688343524933
0.688311159611
0.688279092312
0.688247084618
0.688215613365
0.688184261322
0.688153326511
0.688122570515
0.688092112541
0.688061892986
0.688032031059
0.688002407551
0.687973022461
0.687943994999
0.687915205956
0.687886655331
0.687858462334
0.687830507755
0.687802672386
0.687775194645
0.687747955322
0.687721073627
0.687694430351
0.687667906284
0.687641859055
0.687615990639
0.687590360641
0.687564909458
0.687539756298
0.687514901161
0.687490344048
0.687465965748
0.687441766262
0.687417984009
0.687394320965
0.687370955944
0.687347710133
0.687324881554
0.687302172184
0.687279760838
0.68725758791
0.687235593796
0.687213897705
0.687192380428
0.687171161175
0.687150001526
0.687129318714
0.687108695507
0.687088370323
0.687068283558
0.687048435211
0.687028706074
0.68700927496
0.686990082264
0.686971068382
0.686952233315
0.686933577061
0.686915159225
0.686897099018
0.68687915802
0.686861336231
0.686843812466
0.686826407909
0.686809420586
0.686792433262
0.686775684357
0.686759114265
0.686742782593
0.686726629734
0.686710715294
0.686694920063
0.686679422855
0.686664104462
0.686648845673
0.686633884907
0.68661916256
0.686604440212
0.686590075493
0.686575829983
0.686561763287
0.686547875404
0.686534106731
0.686520516872
0.686507284641
0.686494112015
0.686480998993
0.686468183994
0.68645554781
0.68644297123
0.686430573463
0.686418473721
0.686406433582
0.686394512653
0.686382889748
0.686371266842
0.686359882355
0.686348676682
0.686337590218
0.686326622963
0.686315894127
0.6863052845
0.686294794083
0.686284482479
0.68627423048
0.686264157295
0.686254262924
0.686244606972
0.68623483181
0.686225414276
0.686216056347
0.686206817627
0.686197817326
0.68618875742
0.686180055141
0.686171352863
0.68616271019
0.686154305935
0.686145961285
0.686137855053
0.686129689217
0.686121821404
0.68611395359
0.686106324196
0.686098694801
0.686091303825
0.686083912849
0.686076700687
0.68606954813
0.686062574387
0.686055600643
0.686048686504
0.686042070389
0.686035454273
0.686029076576
0.686022639275
0.686016380787
0.686010122299
0.68600410223
0.685998260975
0.68599230051
0.685986459255
0.685980796814
0.685975313187
0.68596971035
0.685964286327
0.685958981514
0.68595379591
0.68594866991
0.685943603516
0.685938715935
0.685933709145
0.685928881168
0.685924172401
0.685919463634
0.685914993286
0.685910463333
0.685906112194
0.685901761055
0.685897529125
0.685893297195
0.68588912487
0.685885071754
0.685881137848
0.685877382755
0.685873508453
0.685869753361
0.685866057873
0.685862481594
0.685858845711
0.685855388641
0.685851931572
0.685848653316
0.685845375061
0.685842096806
0.685838937759
0.685835778713
0.685832679272
0.685829699039
0.685826718807
0.685823738575
0.685820996761
0.685818195343
0.685815572739
0.685812830925
0.685810208321
0.685807585716
0.685805082321
0.685802578926
0.685800075531
0.685797810555
0.685795485973
0.685793161392
0.68579095602
0.685788691044
0.685786545277
0.685784518719
0.685782372952
0.685780286789
0.68577837944
0.685776412487
0.685774505138
0.685772657394
0.685770750046
0.685768961906
0.685767173767
0.685765564442
0.685763776302
0.685762107372
0.685760557652
0.685758888721
0.685757398605
0.685755908489
0.685754418373
0.685753047466
0.685751497746
0.685750067234
0.685748755932
0.68574744463
0.685746073723
0.685744822025
0.685743689537
0.68574231863
0.685741126537
0.685739934444
0.685738861561
0.685737729073
0.685736596584
0.685735583305
0.685734450817
0.685733377934
0.685732483864
0.68573153019
0.685730576515
0.685729563236
0.685728669167
0.685727775097
0.685726940632
0.685725986958
0.685725212097
0.685724318027
0.685723602772
0.685722827911
0.685721933842
0.685721337795
0.68572062254
0.685719847679
0.685719192028
0.685718417168
0.685717761517
0.685717225075
0.685716509819
0.685715913773
0.685715258121
0.68571472168
0.685714185238
0.685713589191
0.685712993145
0.685712397099
0.685712039471
0.68571138382
0.685711026192
0.68571048975
0.685710012913
0.68570959568
0.685709059238
0.685708701611
0.685708224773
0.685707807541
0.685707449913
0.685707032681
0.685706675053
0.685706138611
0.685705840588
0.685705542564
0.685705184937
0.685704827309
0.685704469681
0.685704171658
0.685703873634
0.685703635216
0.685703277588
0.685703039169
0.685702681541
0.685702383518
0.685702085495
0.685701847076
0.685701549053
0.685701310635
0.685701072216
0.685700774193
0.685700595379
0.68570047617
0.685700178146
0.685699880123
0.685699760914
0.685699522495
0.685699343681
0.685699105263
0.685698926449
0.685698866844
0.685698568821
0.685698449612
0.685698270798
0.685697972775
0.68569791317
0.685697853565
0.685697674751
0.685697555542
0.685697376728
0.685697257519
0.685697078705
0.685696959496
0.685696840286
0.685696721077
0.685696542263
0.685696482658
0.685696363449
0.68569624424
0.685696184635
0.685696065426
0.685695886612
0.685695827007
0.685695767403
0.685695767403
0.685695528984
0.685695469379
0.685695469379
0.685695290565
0.685695171356
0.685695171356
0.685695052147
0.685694992542
0.685694873333
0.685694873333
0.685694694519
0.685694694519
0.685694634914
0.685694634914
0.68569457531
0.6856944561
0.685694396496
0.685694396496
0.685694277287
0.685694277287
0.685694277287
0.685694158077
0.685694098473
0.685694038868
0.685693979263
0.685693979263
0.685693860054
0.685693800449
0.685693800449
0.685693800449
0.68569368124
0.685693740845
0.68569368124
0.685693740845
0.68569368124
0.685693562031
0.685693502426
0.685693502426
0.685693502426
0.685693442822
0.685693383217
0.685693383217
0.685693442822
0.685693442822
0.685693264008
0.685693383217
0.685693383217
0.685693204403
0.685693204403
0.685693204403
0.685693204403
0.685693085194
0.685693204403
0.685693144798
0.685693085194
0.685693085194
0.685693085194
0.685693144798
0.685693085194
0.685693085194
0.685692965984
0.685693085194
0.685692965984
0.68569290638
0.685692965984
0.68569290638
0.68569290638
0.68569290638
0.68569290638
0.68569290638
0.68569290638
0.685692846775
0.68569290638
0.68569290638
0.68569278717
0.68569290638
0.68569278717
0.68569290638
0.685692846775
0.685692846775
0.685692846775
0.68569278717
0.68569278717
0.68569278717
0.68569278717
0.68569278717
0.68569278717
0.68569278717
0.685692667961
0.68569278717
0.685692608356
0.68569278717
0.68569278717
0.68569278717
0.685692667961
0.685692667961
0.685692667961
0.68569278717
0.685692608356
0.685692667961
0.685692667961
0.68569278717
0.685692667961
0.685692608356
0.685692667961
0.685692608356
0.68569278717
0.685692608356
0.685692667961
0.685692608356
0.685692608356
0.685692608356
0.685692608356
0.685692608356
0.685692608356
0.685692608356
0.685692608356
0.685692608356
0.685692667961
0.685692608356
0.685692667961
0.685692548752
0.685692608356
0.685692667961
0.685692608356
0.685692608356
0.685692608356
0.685692608356
0.685692608356
0.685692608356
0.685692608356
0.685692608356
0.685692667961
0.685692608356
0.685692608356
0.685692667961
0.685692608356
0.685692608356
0.685692608356
0.685692608356
0.685692608356
0.685692548752
0.685692608356
0.685692608356
0.685692608356
0.685692608356
0.685692608356
0.685692608356
0.685692608356
0.685692608356
0.685692548752
0.685692608356
0.685692608356
0.685692608356
0.685692548752
0.685692608356
0.685692608356
0.685692548752
0.685692667961
0.685692608356
0.685692608356
0.685692608356
0.685692608356
0.685692667961
0.685692548752
0.685692608356
0.685692608356
0.685692608356
0.685692548752
0.685692548752
0.685692608356
0.685692548752
0.685692548752
0.685692667961
0.685692608356
0.685692608356
0.685692608356
0.685692608356
0.685692608356
0.685692608356
0.685692608356
0.685692608356
0.685692608356
0.685692608356
0.685692608356
0.685692548752
0.685692608356
0.685692548752
0.685692608356
0.685692548752
0.685692608356
0.685692608356
0.685692608356
0.685692608356
0.685692548752
0.685692608356
0.685692608356
0.685692548752
0.685692608356
0.685692608356
0.685692608356
0.685692608356
0.685692608356
0.685692608356
0.685692608356
0.685692608356
0.685692608356
0.685692608356
0.685692608356
0.685692608356
0.685692548752
0.685692548752
0.685692548752
0.685692608356
0.685692608356
0.685692608356
0.685692608356
0.685692608356
0.685692548752
0.685692608356
0.685692608356
0.685692608356
0.685692608356
0.685692608356
0.685692608356
0.685692608356
0.685692548752
0.685692608356
0.685692548752
0.685692608356
0.685692608356
0.685692608356
0.685692548752
0.685692489147
0.685692608356
0.685692608356
0.685692608356
0.685692608356
0.685692608356
0.685692608356
0.685692548752
0.685692667961
0.685692608356
0.685692608356
0.685692489147
0.685692548752
0.685692608356
0.685692608356
0.685692608356
0.685692489147
0.685692608356
0.685692608356
0.685692608356
0.685692608356
0.685692608356
0.685692608356
0.685692548752
0.685692608356
0.685692608356
0.685692608356
0.685692608356
0.685692608356
0.685692608356
0.685692548752
0.685692608356
0.685692608356
0.685692608356
0.685692548752
0.685692548752
0.685692608356
0.685692608356
0.685692608356
0.685692608356
0.685692608356
0.685692548752
0.685692608356
0.685692548752
0.685692608356
0.685692608356
0.685692548752
0.685692667961
0.685692608356
0.685692608356
0.685692608356
0.685692608356
0.685692608356
0.685692608356
0.685692608356
0.685692608356
0.685692608356
0.685692608356
0.685692608356
0.685692608356
0.685692548752
0.685692608356
0.685692608356
0.685692548752
0.685692608356
0.685692667961
0.685692548752
0.685692608356
0.685692548752
0.685692608356
0.685692548752
0.685692548752
0.685692608356
0.685692548752
0.685692548752
0.685692548752
0.685692608356
0.685692548752
0.685692608356
0.685692608356
0.685692608356
0.685692548752
0.685692608356
0.685692608356
0.685692608356
0.685692608356
0.685692608356
0.685692608356
0.685692608356
0.685692608356
0.685692608356
0.685692608356
0.685692608356
0.685692608356
0.685692608356
0.685692608356
0.685692608356
0.685692608356
0.685692608356
0.685692608356
0.685692608356
0.685692608356
0.685692608356
0.685692548752
0.685692548752
0.685692667961
0.685692548752
0.685692548752
0.685692608356
0.685692608356
0.685692608356
0.685692608356
0.685692608356
0.685692548752
0.685692548752
0.685692548752
0.685692548752
0.685692608356
0.685692608356
0.685692608356
0.685692608356
0.685692548752
0.685692608356
0.685692608356
0.685692548752
0.685692608356
0.685692608356
0.685692608356
0.685692608356
0.685692608356
0.685692608356
0.685692608356
0.685692608356
0.685692608356
0.685692608356
0.685692608356
0.685692608356
0.685692608356
0.685692608356
0.685692489147
0.685692608356
0.685692548752
0.685692608356
0.685692608356
0.685692608356
0.685692608356
0.685692608356
0.685692548752
0.685692608356
0.685692548752
0.685692489147
0.685692548752
0.685692608356
0.685692608356
0.685692608356
0.685692548752
0.685692608356
0.685692608356
0.685692548752
0.685692608356
0.685692608356
0.685692608356
0.685692608356
0.685692608356
0.685692608356
0.685692608356
0.685692608356
0.685692608356
0.685692608356
0.685692548752
0.685692608356
0.685692608356
0.685692608356
0.685692608356
0.685692608356
0.685692608356
0.685692608356
0.685692548752
0.685692608356
0.685692548752
0.685692548752
0.685692608356
0.685692548752
0.685692608356
0.685692608356
0.685692667961
0.685692608356
0.685692608356
0.685692608356
0.685692608356
0.685692608356
0.685692608356
0.685692608356
0.685692548752
0.685692608356
0.685692608356
0.685692608356
0.685692608356
0.685692608356
0.685692608356
0.685692608356
0.685692548752
0.685692548752
0.685692608356
0.685692548752
0.685692489147
0.685692548752
0.685692608356
0.685692548752
0.685692608356
0.685692608356
0.685692608356
0.685692548752
0.685692548752
0.685692608356
0.685692608356
0.685692608356
0.685692608356
0.685692608356
0.685692548752
0.685692608356
0.685692548752
0.685692608356
0.685692548752
0.685692608356
0.685692608356
0.685692608356
0.685692548752
0.685692608356
0.685692608356
0.685692608356
0.685692548752
0.685692548752
0.685692548752
0.685692548752
0.685692548752
0.685692548752
0.685692608356
0.685692608356
0.685692608356
0.685692608356
0.685692608356
0.685692608356
0.685692608356
0.685692608356
0.685692608356
0.685692608356
0.685692548752
0.685692548752
0.685692608356
0.685692608356
0.685692608356
0.685692548752
0.685692608356
0.685692548752
0.685692608356
0.685692608356
0.685692548752
0.685692608356
0.685692608356
0.685692548752
0.685692608356
0.685692608356
0.685692548752
0.685692608356
0.685692608356
0.685692548752
0.685692608356
0.685692548752
0.685692548752
0.685692608356
0.685692608356
0.685692548752
0.685692608356
0.685692548752
0.685692548752
0.685692548752
0.685692608356
0.685692608356
0.685692608356
0.685692548752
0.685692608356
0.685692608356
0.685692548752
0.685692608356
0.685692608356
0.685692548752
0.685692548752
0.685692608356
0.685692608356
0.685692548752
0.685692608356
0.685692548752
0.685692608356
0.685692608356
0.685692608356
0.685692548752
0.685692548752
0.685692548752
0.685692608356
0.685692548752
0.685692489147
0.685692548752
0.685692608356
0.685692608356
0.685692548752
0.685692548752
0.685692608356
0.685692548752
0.685692608356
0.685692608356
0.685692548752
0.685692608356
0.685692548752
0.685692608356
0.685692608356
0.685692608356
0.685692608356
0.685692608356
0.685692608356
0.685692608356
0.685692608356
0.685692548752
0.685692608356
0.685692608356
0.685692548752
0.685692548752
0.685692548752
0.685692608356
0.685692608356
0.685692608356
0.685692548752
0.685692608356
0.685692548752
0.685692608356
0.685692548752
0.685692548752
0.685692548752
0.685692608356
0.685692608356
0.685692548752
0.685692548752
0.685692548752
0.685692548752
0.685692608356
0.685692548752
0.685692608356
0.685692608356
0.685692548752
0.685692608356
0.685692608356
0.685692608356
0.685692608356
0.685692548752
0.685692548752
0.685692548752
0.685692548752
0.685692608356
0.685692608356
0.685692608356
0.685692548752
0.685692548752
0.685692548752
0.685692608356
0.685692608356
0.685692608356
0.685692548752
0.685692608356
0.685692608356
0.685692548752
0.685692548752
0.685692548752
0.685692608356
0.685692608356
0.685692548752
0.685692548752
0.685692548752
0.685692548752
0.685692608356
0.685692608356
0.685692608356
0.685692548752
0.685692608356
0.685692608356
0.685692548752
0.685692608356
0.685692608356
0.685692548752
0.685692608356
0.685692608356
0.685692548752
0.685692608356
0.685692548752
0.685692548752
0.685692608356
0.685692608356
0.685692548752
0.685692548752
0.685692548752
0.685692608356
0.685692548752
0.685692608356
0.685692548752
0.685692548752
0.685692608356
0.685692548752
0.685692548752
0.685692548752
0.685692608356
0.685692548752
0.685692608356
0.685692548752
0.685692548752
0.685692608356
0.685692548752
0.685692548752
0.685692608356
0.685692608356
0.685692608356
0.685692608356
0.685692548752
0.685692608356
0.685692489147
0.685692608356
0.685692608356
0.685692548752
0.685692548752
0.685692548752
0.685692548752
0.685692608356
0.685692548752
0.685692608356
0.685692608356
0.685692548752
0.685692608356
0.685692608356
0.685692608356
0.685692548752
0.685692548752
0.685692548752
0.685692608356
0.685692548752
0.685692608356
0.685692548752
0.685692548752
0.685692548752
0.685692548752
0.685692608356
0.685692548752
0.685692608356
0.685692608356
0.685692548752
0.685692548752
0.685692608356
0.685692548752
0.685692608356
0.685692548752
0.685692608356
0.685692548752
0.685692608356
0.685692608356
0.685692608356
0.685692608356
0.685692608356
0.685692608356
0.685692608356
0.685692608356
0.685692548752
0.685692548752
0.685692608356
0.685692489147
0.685692548752
0.685692608356
0.685692548752
0.685692608356
0.685692548752
0.685692608356
0.685692548752
0.685692548752
0.685692608356
0.685692608356
0.685692548752
0.685692608356
0.685692608356
0.685692548752
0.685692608356
0.685692608356
0.685692608356
0.685692548752
0.685692548752
0.685692608356
0.685692548752
0.685692608356
0.685692548752
0.685692608356
0.685692608356
0.685692548752
0.685692608356
0.685692548752
0.685692608356
0.685692548752
0.685692548752
0.685692548752
0.685692608356
0.685692548752
0.685692608356
0.685692548752
0.685692608356
0.685692548752
0.685692608356
0.685692548752
0.685692608356
0.685692608356
0.685692608356
0.685692548752
0.685692608356
0.685692608356
0.685692548752
0.685692548752
0.685692608356
0.685692548752
0.685692608356
0.685692608356
0.685692548752
0.685692548752
0.685692548752
0.685692548752
0.685692548752
0.685692548752
0.685692608356
0.685692608356
0.685692548752
0.685692548752
0.685692548752
0.685692608356
0.685692548752
0.685692548752
0.685692608356
0.685692608356
0.685692548752
0.685692608356
0.685692548752
0.685692548752
