0.468292683363
0.56097561121
0.56097561121
0.56097561121
0.56097561121
0.56097561121
0.56097561121
0.56097561121
0.56097561121
0.56097561121
0.56097561121
0.56097561121
0.56097561121
0.56097561121
0.56097561121
0.56097561121
0.56097561121
0.56097561121
0.56097561121
0.56097561121
0.56097561121
0.56097561121
0.56097561121
0.56097561121
0.56097561121
0.56097561121
0.56097561121
0.56097561121
0.56097561121
0.56097561121
0.56097561121
0.56097561121
0.56097561121
0.56097561121
0.56097561121
0.56097561121
0.56097561121
0.56097561121
0.56097561121
0.56097561121
0.56097561121
0.56097561121
0.56097561121
0.56097561121
0.56097561121
0.56097561121
0.56097561121
0.56097561121
0.56097561121
0.56097561121
0.56097561121
0.56097561121
0.56097561121
0.56097561121
0.56097561121
0.56097561121
0.56097561121
0.56097561121
0.56097561121
0.56097561121
0.56097561121
0.56097561121
0.56097561121
0.56097561121
0.56097561121
0.56097561121
0.56097561121
0.56097561121
0.56097561121
0.56097561121
0.56097561121
0.56097561121
0.56097561121
0.653658509254
0.687804877758
0.629268288612
0.673170745373
0.643902420998
0.634146332741
0.653658509254
0.678048789501
0.639024376869
0.678048789501
0.658536612988
0.658536612988
0.658536612988
0.668292701244
0.643902420998
0.658536612988
0.658536612988
0.658536612988
0.668292701244
0.653658509254
0.648780465126
0.678048789501
0.648780465126
0.687804877758
0.668292701244
0.678048789501
0.653658509254
0.673170745373
0.663414657116
0.697560966015
0.673170745373
0.692682921886
0.687804877758
0.678048789501
0.702439010143
0.697560966015
0.692682921886
0.663414657116
0.72682929039
0.707317054272
0.68292683363
0.68292683363
0.687804877758
0.673170745373
0.692682921886
0.692682921886
0.68292683363
0.692682921886
0.692682921886
0.692682921886
0.707317054272
0.707317054272
0.658536612988
0.678048789501
0.707317054272
0.707317054272
0.702439010143
0.68292683363
0.7121950984
0.72682929039
0.697560966015
0.731707334518
0.7121950984
0.687804877758
0.697560966015
0.717073142529
0.697560966015
0.702439010143
0.7121950984
0.692682921886
0.721951246262
0.687804877758
0.707317054272
0.702439010143
0.717073142529
0.702439010143
0.736585378647
0.717073142529
0.7121950984
0.707317054272
0.702439010143
0.697560966015
0.7121950984
0.702439010143
0.741463422775
0.731707334518
0.7121950984
0.736585378647
0.717073142529
0.717073142529
0.717073142529
0.702439010143
0.717073142529
0.692682921886
0.72682929039
0.702439010143
0.707317054272
0.721951246262
0.721951246262
0.717073142529
0.741463422775
0.7121950984
0.7121950984
0.736585378647
0.721951246262
0.702439010143
0.731707334518
0.7121950984
0.717073142529
0.72682929039
0.7121950984
0.721951246262
0.731707334518
0.746341466904
0.721951246262
0.746341466904
0.721951246262
0.736585378647
0.707317054272
0.721951246262
0.741463422775
0.741463422775
0.736585378647
0.7121950984
0.731707334518
0.736585378647
0.746341466904
0.731707334518
0.7121950984
0.707317054272
0.72682929039
0.741463422775
0.736585378647
0.731707334518
0.741463422775
0.72682929039
0.7121950984
0.707317054272
0.736585378647
0.707317054272
0.72682929039
0.736585378647
0.717073142529
0.697560966015
0.731707334518
0.741463422775
0.721951246262
0.687804877758
0.736585378647
0.731707334518
0.721951246262
0.717073142529
0.746341466904
0.741463422775
0.751219511032
0.72682929039
0.72682929039
0.751219511032
0.736585378647
0.731707334518
0.736585378647
0.741463422775
0.717073142529
0.673170745373
0.751219511032
0.731707334518
0.707317054272
0.741463422775
0.731707334518
0.731707334518
0.717073142529
0.746341466904
0.741463422775
0.736585378647
0.751219511032
0.731707334518
0.746341466904
0.760975599289
0.741463422775
0.770731687546
0.760975599289
0.760975599289
0.746341466904
0.746341466904
0.741463422775
0.736585378647
0.707317054272
0.760975599289
0.731707334518
0.731707334518
0.770731687546
0.746341466904
0.756097555161
0.721951246262
0.760975599289
0.751219511032
0.756097555161
0.731707334518
0.770731687546
0.765853643417
0.770731687546
0.731707334518
0.736585378647
0.746341466904
0.770731687546
0.765853643417
0.731707334518
0.760975599289
0.765853643417
0.795121967793
0.751219511032
0.731707334518
0.775609731674
0.770731687546
0.731707334518
0.751219511032
0.736585378647
0.731707334518
0.751219511032
0.760975599289
0.72682929039
0.751219511032
0.751219511032
0.741463422775
0.741463422775
0.760975599289
0.746341466904
0.756097555161
0.760975599289
0.746341466904
0.765853643417
0.775609731674
0.780487775803
0.756097555161
0.760975599289
0.746341466904
0.746341466904
0.765853643417
0.756097555161
0.775609731674
0.795121967793
0.765853643417
0.721951246262
0.765853643417
0.785365879536
0.775609731674
0.770731687546
0.751219511032
0.751219511032
0.756097555161
0.775609731674
0.751219511032
0.7121950984
0.741463422775
0.775609731674
0.770731687546
0.731707334518
0.721951246262
0.751219511032
0.770731687546
0.736585378647
0.760975599289
0.760975599289
0.746341466904
0.756097555161
0.751219511032
0.765853643417
0.775609731674
0.751219511032
0.756097555161
0.731707334518
0.746341466904
0.760975599289
0.775609731674
0.785365879536
0.746341466904
0.765853643417
0.760975599289
0.780487775803
0.731707334518
0.800000011921
0.790243923664
0.760975599289
0.775609731674
0.780487775803
0.760975599289
0.756097555161
0.775609731674
0.780487775803
0.756097555161
0.756097555161
0.775609731674
0.746341466904
0.746341466904
0.765853643417
0.751219511032
0.800000011921
0.785365879536
0.756097555161
0.765853643417
0.785365879536
0.770731687546
0.785365879536
0.780487775803
0.765853643417
0.780487775803
0.760975599289
0.751219511032
0.751219511032
0.72682929039
0.760975599289
0.780487775803
0.751219511032
0.795121967793
0.780487775803
0.770731687546
0.765853643417
0.756097555161
0.775609731674
0.775609731674
0.775609731674
0.785365879536
0.760975599289
0.785365879536
0.780487775803
0.770731687546
0.751219511032
0.760975599289
0.775609731674
0.765853643417
0.770731687546
0.760975599289
0.800000011921
0.765853643417
0.780487775803
0.756097555161
0.756097555161
0.785365879536
0.760975599289
0.770731687546
0.780487775803
0.760975599289
0.765853643417
0.800000011921
0.765853643417
0.756097555161
0.760975599289
0.751219511032
0.765853643417
0.804878056049
0.785365879536
0.770731687546
0.804878056049
0.760975599289
0.804878056049
0.775609731674
0.770731687546
0.775609731674
0.765853643417
0.770731687546
0.785365879536
0.775609731674
0.770731687546
0.770731687546
0.756097555161
0.770731687546
0.765853643417
0.741463422775
0.775609731674
0.760975599289
0.770731687546
0.775609731674
0.775609731674
0.795121967793
0.790243923664
0.760975599289
0.770731687546
0.795121967793
0.775609731674
0.775609731674
0.790243923664
0.760975599289
0.770731687546
0.770731687546
0.790243923664
0.775609731674
0.809756100178
0.790243923664
0.785365879536
0.780487775803
0.780487775803
0.785365879536
0.770731687546
0.795121967793
0.780487775803
0.780487775803
0.795121967793
0.785365879536
0.751219511032
0.775609731674
0.756097555161
0.770731687546
0.790243923664
0.770731687546
0.765853643417
0.746341466904
0.790243923664
0.770731687546
0.785365879536
0.785365879536
0.780487775803
0.765853643417
0.785365879536
0.775609731674
0.780487775803
0.780487775803
0.770731687546
0.770731687546
0.780487775803
0.765853643417
0.800000011921
0.800000011921
0.780487775803
0.770731687546
0.775609731674
0.775609731674
0.785365879536
0.756097555161
0.780487775803
0.800000011921
0.756097555161
0.770731687546
0.790243923664
0.765853643417
0.809756100178
0.785365879536
0.785365879536
0.770731687546
0.770731687546
0.775609731674
0.790243923664
0.790243923664
0.765853643417
0.770731687546
0.775609731674
0.780487775803
0.770731687546
0.790243923664
0.770731687546
0.785365879536
0.790243923664
0.765853643417
0.785365879536
0.804878056049
0.800000011921
0.790243923664
0.795121967793
0.795121967793
0.770731687546
0.756097555161
0.770731687546
0.760975599289
0.785365879536
0.770731687546
0.790243923664
0.770731687546
0.765853643417
0.800000011921
0.790243923664
0.790243923664
0.775609731674
0.775609731674
0.780487775803
0.790243923664
0.775609731674
0.809756100178
0.795121967793
0.765853643417
0.795121967793
0.770731687546
0.770731687546
0.775609731674
0.765853643417
0.785365879536
0.814634144306
0.804878056049
0.795121967793
0.785365879536
0.795121967793
0.800000011921
0.785365879536
0.790243923664
0.775609731674
0.790243923664
0.775609731674
0.790243923664
0.790243923664
0.746341466904
0.785365879536
0.780487775803
0.770731687546
0.790243923664
0.780487775803
0.756097555161
0.800000011921
0.790243923664
0.800000011921
0.795121967793
0.770731687546
0.790243923664
0.775609731674
0.790243923664
0.790243923664
0.780487775803
0.780487775803
0.785365879536
0.790243923664
0.780487775803
0.804878056049
0.790243923664
0.785365879536
0.800000011921
0.780487775803
0.785365879536
0.790243923664
0.785365879536
0.790243923664
0.780487775803
0.809756100178
0.785365879536
0.785365879536
0.804878056049
0.765853643417
0.790243923664
0.760975599289
0.795121967793
0.809756100178
0.785365879536
0.790243923664
0.790243923664
0.800000011921
0.809756100178
0.800000011921
0.790243923664
0.765853643417
0.775609731674
0.785365879536
0.780487775803
0.785365879536
0.785365879536
0.814634144306
0.795121967793
0.785365879536
0.775609731674
0.785365879536
0.824390232563
0.770731687546
0.765853643417
0.800000011921
0.780487775803
0.790243923664
0.780487775803
0.795121967793
0.785365879536
0.780487775803
0.790243923664
0.790243923664
0.795121967793
0.795121967793
0.790243923664
0.780487775803
0.765853643417
0.809756100178
0.790243923664
0.785365879536
0.780487775803
0.746341466904
0.800000011921
0.785365879536
0.770731687546
0.795121967793
0.795121967793
0.800000011921
0.760975599289
0.756097555161
0.795121967793
0.785365879536
0.775609731674
0.800000011921
0.785365879536
0.785365879536
0.804878056049
0.800000011921
0.756097555161
0.785365879536
0.809756100178
0.770731687546
0.785365879536
0.795121967793
0.800000011921
0.800000011921
0.780487775803
0.756097555161
0.804878056049
0.800000011921
0.795121967793
0.790243923664
0.790243923664
0.795121967793
0.775609731674
0.785365879536
0.765853643417
0.780487775803
0.800000011921
0.800000011921
0.795121967793
0.795121967793
0.804878056049
0.770731687546
0.800000011921
0.780487775803
0.785365879536
0.790243923664
0.790243923664
0.785365879536
0.785365879536
0.785365879536
0.800000011921
0.780487775803
0.800000011921
0.780487775803
0.780487775803
0.770731687546
0.760975599289
0.790243923664
0.785365879536
0.785365879536
0.756097555161
0.775609731674
0.760975599289
0.804878056049
0.785365879536
0.765853643417
0.756097555161
0.800000011921
0.809756100178
0.785365879536
0.790243923664
0.795121967793
0.790243923664
0.790243923664
0.780487775803
0.790243923664
0.800000011921
0.765853643417
0.795121967793
0.814634144306
0.775609731674
0.780487775803
0.800000011921
0.795121967793
0.804878056049
0.765853643417
0.804878056049
0.795121967793
0.800000011921
0.785365879536
0.785365879536
0.785365879536
0.800000011921
0.785365879536
0.775609731674
0.790243923664
0.814634144306
0.795121967793
0.785365879536
0.819512188435
0.819512188435
0.780487775803
0.795121967793
0.804878056049
0.770731687546
0.804878056049
0.775609731674
0.780487775803
0.785365879536
0.800000011921
0.800000011921
0.765853643417
0.780487775803
0.795121967793
0.775609731674
0.795121967793
0.790243923664
0.800000011921
0.804878056049
0.785365879536
0.785365879536
0.790243923664
0.795121967793
0.800000011921
0.775609731674
0.790243923664
0.775609731674
0.785365879536
0.765853643417
0.785365879536
0.775609731674
0.795121967793
0.790243923664
0.790243923664
0.800000011921
0.785365879536
0.785365879536
0.770731687546
0.775609731674
0.800000011921
0.809756100178
0.814634144306
0.780487775803
0.790243923664
0.785365879536
0.790243923664
0.785365879536
0.785365879536
0.800000011921
0.736585378647
