0.83369499445
0.742887854576
0.754834294319
0.720954835415
0.680319726467
0.651459336281
0.670432806015
0.652448713779
0.651006102562
0.635650634766
0.637963950634
0.627482950687
0.612349748611
0.62799757719
0.614718854427
0.611550450325
0.630827724934
0.617117524147
0.618532001972
0.634719133377
0.630169630051
0.63809299469
0.602707564831
0.612769722939
0.599652349949
0.61726295948
0.591929793358
0.602903842926
0.578370332718
0.582992911339
0.586474657059
0.575084984303
0.590069711208
0.576365172863
0.570519626141
0.575389146805
0.590394973755
0.594818770885
0.576429963112
0.570089638233
0.563183367252
0.560688734055
0.586589992046
0.570652604103
0.566683113575
0.550611436367
0.553466558456
0.559580564499
0.57599145174
0.583456575871
0.555542051792
0.535030007362
0.553978383541
0.562454760075
0.573862910271
0.55452901125
0.564911186695
0.55179810524
0.565061628819
0.552813112736
0.549794077873
0.524186432362
0.558022081852
0.578990459442
0.538423359394
0.55725723505
0.536935806274
0.521483838558
0.522590279579
0.514995276928
0.512754023075
0.531797885895
0.539737999439
0.517342746258
0.518576443195
0.557583749294
0.550040543079
0.575577676296
0.536441981792
0.530595481396
0.532887399197
0.52710711956
0.563034534454
0.525764346123
0.545898199081
0.520064115524
0.540313065052
0.511666178703
0.53195720911
0.526958167553
0.510803043842
0.527198374271
0.546247601509
0.518253326416
0.519907057285
0.515627741814
0.525211215019
0.530807256699
0.5348533988
0.512001633644
0.502845644951
0.527876496315
0.531854391098
0.526500582695
0.530428051949
0.516236424446
0.53831833601
0.532593309879
0.511750459671
0.503397524357
0.508672177792
0.525178432465
0.507475972176
0.513117074966
0.547887384892
0.506158351898
0.499688982964
0.544193863869
0.526666998863
0.563902080059
0.492568969727
0.525620639324
0.527173757553
0.529256463051
0.537514746189
0.510623633862
0.528337359428
0.502731144428
0.490920990705
0.50988817215
0.484057307243
0.521149218082
0.519472122192
0.523604750633
0.505680084229
0.505508065224
0.503232598305
0.542984426022
0.517531812191
0.508013129234
0.489744156599
0.529546678066
0.474104642868
0.518738031387
0.532742619514
0.505922019482
0.50963306427
0.515424966812
0.521177768707
0.518136501312
0.51827019453
0.478250801563
0.5059222579
0.489791691303
0.521771192551
0.473538428545
0.515377521515
0.50528126955
0.518205523491
0.507075428963
0.493340045214
0.474455326796
0.502116799355
0.488755613565
0.526957392693
0.491797238588
0.532478868961
0.480408966541
0.543449342251
0.488315105438
0.523288607597
0.488127171993
0.499963402748
0.531602561474
0.530115127563
0.486477583647
0.48611420393
0.522140145302
0.495160371065
0.501881957054
0.534053742886
0.513508021832
0.531927585602
0.509519159794
0.525088429451
0.531920611858
0.505135536194
0.524690032005
0.531530499458
0.498410105705
0.501212239265
0.502815663815
0.501964747906
0.527753829956
0.510324478149
0.554033756256
0.507316470146
0.51670306921
0.524842500687
0.478583425283
0.503022968769
0.509221971035
0.495123505592
0.491319745779
0.520733296871
0.533170282841
0.502069592476
0.477413117886
0.479632854462
0.546613693237
0.554110705853
0.511794269085
0.478558719158
0.496355801821
0.488375753164
0.504920601845
0.491782575846
0.480583757162
0.508900165558
0.48505449295
0.504167437553
0.510826826096
0.537315428257
0.517133593559
0.50177937746
0.516483962536
0.510396659374
0.466438800097
0.514466762543
0.471902608871
0.50316286087
0.513848423958
0.464294135571
0.491727024317
0.475462853909
0.494709044695
0.507193386555
0.484185278416
0.502590000629
0.52539306879
0.477643460035
0.457357704639
0.492279946804
0.478832483292
0.480427205563
0.481357842684
0.495820701122
0.51448237896
0.48835426569
0.526243031025
0.48725682497
0.539279937744
0.468079060316
0.508750975132
0.469582378864
0.497422367334
0.523634850979
0.495619356632
0.508451879025
0.46830406785
0.47872069478
0.504163146019
0.48844909668
0.471609354019
0.49745118618
0.475966066122
0.502894282341
0.495440810919
0.461518287659
0.475119978189
0.461795181036
0.476058453321
0.482142537832
0.529112040997
0.514788389206
0.481379002333
0.479589134455
0.47431987524
0.483931481838
0.546471297741
0.4860855937
0.492544412613
0.504862487316
0.510330915451
0.427143454552
0.506244063377
0.485713988543
0.472489595413
0.488132089376
0.506851673126
0.48186430335
0.512135744095
0.490494400263
0.456535071135
0.457539558411
0.488769829273
0.462980031967
0.524644374847
0.478506743908
0.475983589888
