0.69550538063
0.695380330086
0.695241987705
0.695143520832
0.69472181797
0.695078909397
0.695004582405
0.69475209713
0.694858014584
0.694607913494
0.694844961166
0.694471538067
0.694542765617
0.69464892149
0.69450968504
0.694776296616
0.694239974022
0.693954229355
0.694106638432
0.693957388401
0.694720029831
0.693923711777
0.69379478693
0.694037079811
0.693547606468
0.693644404411
0.693439245224
0.693620622158
0.693281829357
0.693677186966
0.693689763546
0.693420827389
0.693545997143
0.693435132504
0.693367779255
0.693492531776
0.692840874195
0.69306075573
0.692886710167
0.692806363106
0.692775309086
0.692668616772
0.692734956741
0.6929692626
0.69225871563
0.692682921886
0.692338645458
0.692669630051
0.692619144917
0.692145347595
0.692423760891
0.69217646122
0.692035198212
0.692180931568
0.692115664482
0.691823422909
0.692031741142
0.691810846329
0.691226780415
0.691509246826
0.691566228867
0.691680014133
0.691755473614
0.691758036613
0.691500306129
0.691407859325
0.691884875298
0.691457808018
0.691192090511
0.691483199596
0.690674483776
0.690713644028
0.690904796124
0.69090282917
0.690724074841
0.690695643425
0.69071918726
0.690805077553
0.69049602747
0.690496206284
0.690439879894
0.690229415894
0.690025210381
0.690209567547
0.689685106277
0.689990699291
0.69029957056
0.689894616604
0.689680576324
0.689744591713
0.689740240574
0.68980807066
0.689587235451
0.689446628094
0.68956297636
0.689361989498
0.689042448997
0.689358532429
0.688845276833
0.689305961132
0.68876850605
0.689082384109
0.689083576202
0.688845455647
0.688904166222
0.688784956932
0.688757181168
0.688592910767
0.688422083855
0.688833713531
0.68837416172
0.688535273075
0.688534796238
0.688301861286
0.687943160534
0.688065290451
0.687605500221
0.688258767128
0.68784981966
0.688185036182
0.687814831734
0.687576532364
0.687804877758
0.68727183342
0.687192797661
0.687895596027
0.686795353889
0.68766105175
0.686816751957
0.687133550644
0.687025666237
0.687074780464
0.686824142933
0.68694204092
0.68634146452
0.686458587646
0.686662495136
0.686929106712
0.685930371284
0.685380160809
0.686174213886
0.685958266258
0.685927391052
0.685584306717
0.685990214348
0.685350656509
0.685902059078
0.68533718586
0.685352444649
0.685115695
0.684773802757
0.685325741768
0.685169875622
0.684543132782
0.684789538383
0.684286892414
0.684964299202
0.68516266346
0.684666991234
0.683924973011
0.684501767159
0.684424638748
0.684249997139
0.684062898159
0.684703826904
0.684109508991
0.683629453182
0.683550477028
0.683574080467
0.683743000031
0.682501316071
0.683474123478
0.683028519154
0.68260794878
0.683030903339
0.682844340801
0.682794213295
0.682506680489
0.682462573051
0.682471811771
0.682120263577
0.682096600533
0.681705236435
0.68208694458
0.681218862534
0.681341052055
0.681550979614
0.681285381317
0.682180404663
0.681213915348
0.680776774883
0.680842399597
0.68108522892
0.68110024929
0.680525124073
0.681023597717
0.680743873119
0.679857969284
0.680393636227
0.679994463921
0.679782748222
0.679821550846
0.679940223694
0.679650425911
0.67882579565
0.679245889187
0.678880095482
0.679050266743
0.678903520107
0.679229974747
0.679210305214
0.678454935551
0.677975714207
0.678828299046
0.678434073925
0.677581787109
0.677780866623
0.677850484848
0.677090108395
0.677777707577
0.677527725697
0.67684417963
0.676944732666
0.676831185818
0.676696777344
0.676425397396
0.677229106426
0.67620164156
0.676529049873
0.67641890049
0.67657327652
0.675703823566
0.674957573414
0.674118161201
0.675576627254
0.675788640976
0.674714744091
0.675110161304
0.674111247063
0.675720155239
0.675219893456
0.675198435783
0.673423945904
0.674233555794
0.673969447613
0.673668444157
0.673372805119
0.673463523388
0.674336075783
0.672739386559
0.672334611416
0.67237007618
0.672355890274
0.671904683113
0.671827316284
0.673315644264
0.671319782734
0.671771109104
0.671761512756
0.670879840851
0.670640051365
0.671617746353
0.671273589134
0.670585691929
0.670322179794
0.671017229557
0.670024752617
0.67044121027
0.670559823513
0.669781029224
0.67021304369
0.668512940407
0.669412314892
0.669180393219
0.669310808182
0.669120013714
0.668648421764
0.668037056923
0.668037176132
0.667760550976
0.666679620743
0.667920768261
0.666736781597
0.667507708073
0.665931165218
0.666360080242
0.66708445549
0.667052328587
0.666803956032
0.665429294109
0.667206764221
0.665817260742
0.665305674076
0.66524720192
0.662780821323
0.664532542229
0.664157152176
0.665170967579
0.665181219578
0.665085673332
0.664606034756
0.664180457592
0.664014041424
0.66312867403
0.662737190723
0.663266539574
0.663829147816
0.663213789463
0.662166535854
0.662364661694
0.662326514721
0.661835610867
0.66163033247
0.661514699459
0.661156952381
0.661347746849
0.659351468086
0.659932672977
0.660196840763
0.661106586456
0.660503864288
0.658865451813
0.659333586693
0.658942162991
0.660474479198
0.659236729145
0.658096313477
0.657735586166
0.658116936684
0.658329188824
0.658146977425
0.657635509968
0.658033072948
0.655864834785
0.656310677528
0.657887101173
0.656836986542
0.656075835228
0.656893789768
0.656175553799
0.655131518841
0.655389785767
0.654962778091
0.655907511711
0.655188202858
0.654691278934
0.652952253819
0.654561698437
0.65380269289
0.653966546059
0.653025686741
0.652393817902
0.653694808483
0.652756154537
0.652493655682
0.652191221714
0.651102006435
0.652096807957
0.65236967802
0.651230752468
0.652148365974
0.652240276337
0.649956703186
0.650520563126
0.650185465813
0.64954417944
0.650989055634
0.650395929813
0.650312781334
0.649639904499
0.649377048016
0.649824857712
0.64790314436
0.64948874712
0.647577702999
0.648436903954
0.647374987602
0.648326992989
0.647800147533
0.645281612873
0.647057652473
0.647241711617
0.647790014744
0.644926249981
0.645066916943
0.64598762989
0.644356250763
0.64384406805
0.646637678146
0.645758926868
0.645725250244
0.645327925682
0.644986212254
0.643232107162
0.643107295036
0.644614458084
0.64428961277
0.644139409065
0.644806921482
0.642519533634
0.641851961613
0.641546607018
0.642871379852
0.639615535736
0.641115486622
0.64062744379
0.640272855759
0.639167010784
0.640165746212
0.638394534588
0.638912439346
0.638934612274
0.638204038143
0.641469419003
0.637638151646
0.637615025043
0.636401712894
0.638808190823
0.636067152023
0.637569725513
0.63708537817
0.636977553368
0.63585048914
0.635761082172
0.636911034584
0.635185420513
0.635660111904
0.6343536973
0.635022819042
0.633346557617
0.635466516018
0.635561823845
0.634187877178
0.63366150856
0.632322371006
0.633943676949
0.629605710506
0.63483440876
0.631745815277
0.633158147335
0.632068395615
0.63080906868
0.631466150284
0.62984162569
0.631596028805
0.630822479725
0.630177557468
0.628557085991
0.62906563282
0.628700315952
0.628778815269
0.627550125122
0.629039406776
0.626380741596
0.627327680588
0.629501342773
0.628260016441
0.626499891281
0.627974271774
0.626739919186
0.626180708408
0.624169826508
0.626937747002
0.623547494411
0.622047662735
0.628921508789
0.624867558479
0.626512050629
0.624164998531
0.625746488571
0.624047338963
0.623782038689
0.620940625668
0.624261021614
0.622568488121
0.621664226055
0.620593547821
0.621752738953
0.621855139732
0.621983289719
0.618996322155
0.619140684605
0.617847859859
0.618757486343
0.622410833836
0.621930837631
0.618504226208
0.619969904423
0.618182361126
0.617919802666
0.618042290211
0.617422580719
0.614843428135
0.616663277149
0.616330206394
0.618221998215
0.617243289948
0.616533756256
0.615146756172
0.616651415825
