0.43902438879
0.429268300533
0.551219522953
0.556097567081
0.492682933807
0.570731699467
0.546341478825
0.492682933807
0.492682933807
0.541463434696
0.517073154449
0.531707346439
0.512195110321
0.521951198578
0.521951198578
0.512195110321
0.595121979713
0.585365831852
0.551219522953
0.473170727491
0.56097561121
0.551219522953
0.556097567081
0.570731699467
0.517073154449
0.546341478825
0.580487787724
0.517073154449
0.565853655338
0.56097561121
0.546341478825
0.600000023842
0.600000023842
0.565853655338
0.536585390568
0.536585390568
0.556097567081
0.575609743595
0.570731699467
0.575609743595
0.56097561121
0.541463434696
0.575609743595
0.575609743595
0.575609743595
0.575609743595
0.556097567081
0.556097567081
0.585365831852
0.546341478825
0.56097561121
0.556097567081
0.56097561121
0.546341478825
0.56097561121
0.556097567081
0.56097561121
0.56097561121
0.556097567081
0.570731699467
0.56097561121
0.56097561121
0.56097561121
0.565853655338
0.56097561121
0.56097561121
0.565853655338
0.56097561121
0.551219522953
0.56097561121
0.56097561121
0.56097561121
0.56097561121
0.565853655338
0.56097561121
0.565853655338
0.556097567081
0.556097567081
0.56097561121
0.56097561121
0.565853655338
0.565853655338
0.56097561121
0.56097561121
0.56097561121
0.56097561121
0.570731699467
0.56097561121
0.56097561121
0.56097561121
0.565853655338
0.56097561121
0.56097561121
0.56097561121
0.56097561121
0.56097561121
0.565853655338
0.565853655338
0.56097561121
0.56097561121
0.56097561121
0.56097561121
0.56097561121
0.56097561121
0.56097561121
0.56097561121
0.556097567081
0.56097561121
0.56097561121
0.565853655338
0.56097561121
0.565853655338
0.56097561121
0.56097561121
0.565853655338
0.56097561121
0.56097561121
0.56097561121
0.56097561121
0.56097561121
0.56097561121
0.565853655338
0.565853655338
0.56097561121
0.56097561121
0.56097561121
0.565853655338
0.56097561121
0.56097561121
0.56097561121
0.56097561121
0.56097561121
0.56097561121
0.565853655338
0.56097561121
0.56097561121
0.56097561121
0.56097561121
0.56097561121
0.56097561121
0.56097561121
0.56097561121
0.56097561121
0.56097561121
0.56097561121
0.56097561121
0.56097561121
0.56097561121
0.56097561121
0.56097561121
0.56097561121
0.56097561121
0.56097561121
0.56097561121
0.56097561121
0.56097561121
0.56097561121
0.56097561121
0.56097561121
0.56097561121
0.56097561121
0.56097561121
0.56097561121
0.56097561121
0.56097561121
0.56097561121
0.56097561121
0.56097561121
0.56097561121
0.56097561121
0.56097561121
0.56097561121
0.56097561121
0.56097561121
0.56097561121
0.56097561121
0.56097561121
0.56097561121
0.56097561121
0.56097561121
0.56097561121
0.56097561121
0.56097561121
0.56097561121
0.56097561121
0.56097561121
0.56097561121
0.56097561121
0.56097561121
0.56097561121
0.56097561121
0.56097561121
0.56097561121
0.56097561121
0.56097561121
0.56097561121
0.56097561121
0.56097561121
0.56097561121
0.56097561121
0.56097561121
0.56097561121
0.56097561121
0.56097561121
0.56097561121
0.565853655338
0.56097561121
0.56097561121
0.56097561121
0.56097561121
0.56097561121
0.56097561121
0.56097561121
0.56097561121
0.56097561121
0.56097561121
0.565853655338
0.56097561121
0.56097561121
0.56097561121
0.56097561121
0.56097561121
0.56097561121
0.56097561121
0.56097561121
0.56097561121
0.56097561121
0.56097561121
0.56097561121
0.56097561121
0.56097561121
0.56097561121
0.565853655338
0.56097561121
0.56097561121
0.56097561121
0.56097561121
0.56097561121
0.56097561121
0.56097561121
0.56097561121
0.565853655338
0.56097561121
0.56097561121
0.56097561121
0.56097561121
0.56097561121
0.56097561121
0.56097561121
0.565853655338
0.56097561121
0.56097561121
0.56097561121
0.56097561121
0.56097561121
0.565853655338
0.56097561121
0.56097561121
0.56097561121
0.565853655338
0.56097561121
0.56097561121
0.56097561121
0.56097561121
0.565853655338
0.56097561121
0.56097561121
0.56097561121
0.56097561121
0.56097561121
0.56097561121
0.56097561121
0.56097561121
0.56097561121
0.56097561121
0.56097561121
0.565853655338
0.56097561121
0.56097561121
0.56097561121
0.565853655338
0.56097561121
0.56097561121
0.56097561121
0.56097561121
0.56097561121
0.56097561121
0.56097561121
0.56097561121
0.56097561121
0.56097561121
0.56097561121
0.56097561121
0.56097561121
0.56097561121
0.565853655338
0.565853655338
0.56097561121
0.56097561121
0.56097561121
