0.700420320034
0.697234988213
0.683078229427
0.676451385021
0.677057027817
0.671286225319
0.65224313736
0.644527077675
0.65394616127
0.627744555473
0.621133565903
0.611634612083
0.62986856699
0.603908479214
0.611431717873
0.610661149025
0.594562530518
0.605080962181
0.563781619072
0.570898830891
0.567711055279
0.563005566597
0.567017018795
0.558691799641
0.550085008144
0.532286763191
0.531465053558
0.538867771626
0.550257205963
0.511484146118
0.541251301765
0.53001588583
0.513443946838
0.498812109232
0.451429277658
0.502049982548
0.500183165073
0.442453712225
0.467105895281
0.474297970533
0.475057452917
0.437477439642
0.469628155231
0.42719206214
0.451523780823
0.422162085772
0.407989770174
0.416439831257
0.443228214979
0.407361447811
0.380922555923
0.385937541723
0.387022286654
0.40541061759
0.385624438524
0.363068789244
0.359848439693
0.378417223692
0.356527686119
0.36266285181
0.382570266724
0.334829866886
0.346381276846
0.332243084908
0.366585403681
0.310761988163
0.361778616905
0.309138596058
0.314298272133
0.360966593027
0.318858146667
0.340537905693
0.311850219965
0.3238722682
0.283728808165
0.288203448057
0.303855031729
0.293466538191
0.265677690506
0.270443886518
0.308041125536
0.331892222166
0.259651273489
0.278125524521
0.295988738537
0.311538279057
0.244132116437
0.262685537338
0.236836224794
0.278748720884
0.280062377453
0.267340838909
0.281069159508
0.284398436546
0.261613577604
0.265402674675
0.222999542952
0.289350956678
0.267204999924
0.277112573385
0.270205646753
0.257481694221
0.245006918907
0.228802382946
0.28612858057
0.223957970738
0.233963489532
0.224710196257
0.295292139053
0.235155880451
0.240323662758
0.238385349512
0.21381880343
0.218749970198
0.213448092341
0.226010546088
0.236695453525
0.255486875772
0.230553969741
0.263023138046
0.235511615872
0.235041603446
0.205393016338
0.27343198657
0.196658208966
0.216099590063
0.226111218333
0.205469816923
0.24459823966
0.239026069641
0.206432729959
0.197998717427
0.184200078249
0.23230984807
0.222419112921
0.162136092782
0.190407469869
0.208631679416
0.195620939136
0.182439297438
0.221457749605
0.208690777421
0.17510342598
0.229278817773
0.22310757637
0.166875600815
0.159436821938
0.241076692939
0.171927630901
0.186720505357
0.21569943428
0.216066032648
0.172595128417
0.18744045496
0.176037833095
0.175737351179
0.150587961078
0.161613836884
0.184277012944
0.167587354779
0.154350697994
0.173883229494
0.146788567305
0.174122482538
0.184062004089
0.188618928194
0.183087006211
0.175946652889
0.164686664939
0.206638351083
0.145499005914
0.163093462586
0.180498808622
0.150249511003
0.17762067914
0.170381233096
0.171093672514
0.202269032598
0.167000219226
0.199066460133
0.20916877687
0.142054229975
0.159093394876
0.128141924739
0.185287475586
0.136574923992
0.19226822257
0.138356477022
0.163472816348
0.161727517843
0.175635412335
0.164689555764
0.118721209466
0.156643792987
0.134046271443
0.138344407082
0.149376615882
0.114214941859
0.169615119696
0.163145393133
0.16006834805
0.145038872957
0.108507104218
0.128239229321
0.172547802329
0.153545677662
0.158115595579
0.173904016614
0.130976632237
0.108991332352
0.110501818359
0.125172659755
0.134554043412
0.122866019607
0.10696040839
0.167582288384
0.133239537477
0.156769499183
0.136595308781
0.108319088817
0.156920239329
0.183273866773
0.0949403122067
0.138314500451
0.18399092555
0.118809863925
0.152845486999
0.156774103642
0.117140606046
0.140301778913
0.131256639957
0.150678470731
0.108666665852
0.153418004513
0.124796301126
0.106601975858
0.119753733277
0.108924306929
0.147523269057
0.204039990902
0.13093213737
0.131801009178
0.199111014605
0.170962959528
0.104810781777
0.131334483624
0.173237651587
0.122877657413
0.107674948871
0.143296539783
0.127824500203
0.117131136358
0.138171896338
0.124928168952
0.175991743803
0.126761585474
0.102670513093
0.123060062528
0.0778016746044
0.125340044498
0.18717700243
0.123222112656
0.106656461954
0.099848203361
0.124859169126
0.0794743597507
0.150070130825
0.0845086276531
0.0933642908931
0.0987934470177
0.103267893195
0.193049117923
0.126270890236
0.0685539543629
0.105166867375
0.159286275506
0.0833339244127
0.098565518856
0.136280938983
0.149581849575
0.126516774297
0.152700662613
0.115667536855
0.097460731864
0.131495326757
0.11573895067
0.112596385181
0.13468323648
0.138520658016
0.160992071033
0.127646043897
0.122825786471
0.110596016049
0.141836285591
0.145599514246
0.16705173254
0.131689950824
0.127887353301
0.117743514478
0.131361439824
0.102189317346
0.136960506439
0.112906500697
0.122575260699
0.0879966765642
0.11987438798
0.120762847364
0.151845395565
0.112861558795
0.0982635468245
0.187655866146
0.140313118696
0.0796466246247
0.115873776376
0.083046592772
0.15876069665
0.0945211797953
0.1621517241
0.0877788066864
0.136010110378
0.135900691152
0.101341858506
0.135399088264
0.114515163004
0.0857495218515
0.132642865181
0.0849178135395
0.126651331782
0.122216254473
0.132466062903
0.119759202003
0.108176961541
0.0978745743632
0.095237582922
0.112095288932
0.0836275070906
0.0996802449226
0.137722045183
0.162356376648
0.126932829618
0.0918889865279
0.0793348550797
0.150785446167
0.122078441083
0.0723547115922
0.0974363684654
0.118518747389
0.109971188009
0.109542459249
0.0898040607572
0.124088548124
0.0816389471292
0.104938060045
0.103391729295
0.102896153927
0.139481246471
0.151883095503
0.117334634066
0.122550599277
0.082911722362
0.0901115611196
0.0691411346197
0.107092365623
0.119634315372
0.104708172381
0.0896007046103
0.0977658927441
0.0801900476217
0.111643560231
0.11002792418
0.118600666523
0.0776023492217
0.09018111974
0.129538834095
0.125197961926
0.151307880878
0.0950321108103
0.0902169123292
0.135841146111
0.144421800971
0.101630270481
0.077720105648
0.0817796960473
0.103831075132
0.1077279374
0.0997227206826
0.0632075592875
0.0867049917579
0.0683723464608
0.152716144919
0.0993136167526
0.100752018392
0.12126930058
0.111892811954
0.103777036071
0.0616267956793
0.0943182781339
0.107990726829
0.0990385487676
0.114269182086
0.0793553590775
0.124869376421
0.10386557132
0.103213652968
0.103546246886
0.0797246620059
0.096305295825
0.110886588693
0.127028167248
0.0877372473478
0.0885627567768
0.0921145156026
0.121593013406
0.0598478317261
0.153051927686
0.108594998717
0.0837000906467
0.0950319245458
0.0735353529453
0.0953776016831
0.0961988940835
0.0902672186494
0.106765702367
0.142052695155
0.100276224315
0.0797310397029
0.100912310183
0.0721427351236
0.120393075049
0.0799117311835
0.14909259975
0.0864332690835
0.101851783693
0.0942182019353
0.0792788416147
0.100676007569
0.100675538182
0.139280974865
0.122872039676
0.0454751551151
0.0813463702798
0.103642888367
0.0872570499778
0.0920592322946
0.159305945039
0.163849398494
0.151229277253
0.0791604593396
0.108593694866
0.118604548275
0.0724775269628
0.122674793005
0.0360468998551
0.109489485621
0.0808630213141
0.0520408712327
0.100383035839
0.101960413158
0.104996442795
0.119507141411
0.143200665712
0.11267157644
0.0520474500954
0.122084528208
0.122577674687
0.149269416928
0.0913101658225
0.0899992510676
0.0832872092724
0.0985675826669
0.11945964396
0.083456851542
0.108658023179
0.0527805052698
0.0925661101937
0.0876841470599
0.0783690288663
0.0881349518895
0.108803063631
0.0876071304083
0.0635640099645
0.0892150700092
0.0834678113461
0.0743878260255
0.065343901515
0.0942687541246
0.116754755378
0.0566788353026
0.0874024480581
0.127138897777
0.0902233421803
0.135296136141
0.112214818597
0.0944548919797
0.0852060839534
0.0836633071303
0.0831690132618
0.0822773724794
0.117387607694
0.0608151890337
0.0856714770198
0.0851794928312
0.141017913818
0.0705416500568
0.119873642921
0.0976813882589
0.152783364058
0.0679730325937
0.0646411776543
0.0649287179112
0.114513672888
0.111841492355
0.138631239533
0.089290574193
0.0535954982042
0.0753481164575
0.0885891616344
0.102729268372
0.065785266459
0.0793844461441
0.0724660903215
0.0822368040681
0.0780907943845
0.103919096291
0.0914032757282
0.092353284359
0.0956242829561
0.100816361606
0.114391565323
0.0898710861802
0.111864902079
0.0496615096927
0.092317931354
0.0579528734088
0.0690499469638
0.0453749895096
0.120255298913
0.0896333679557
0.0689813569188
0.092566087842
0.0631161704659
0.0849467143416
0.110030762851
0.0741768702865
0.0907822027802
0.0946479961276
0.172713324428
0.0336653031409
0.114426605403
0.0959056764841
0.0765224546194
0.0770277753472
0.120476469398
0.0878563001752
0.0749289095402
0.0900970548391
0.113556906581
0.0728968083858
0.0809734091163
0.0686760023236
0.0960114449263
0.0458545424044
0.103744290769
0.0958486124873
0.0533908382058
0.0894128531218
0.0537145659328
0.0675989687443
0.0563918240368
0.108242534101
0.0440789535642
0.0667279660702
0.0845942646265
0.0926961377263
0.0663434714079
0.0635415539145
0.0579527616501
0.0290801040828
0.126191958785
0.0840544328094
0.0934469252825
0.0529982000589
0.0614284202456
0.0571787208319
0.071051850915
0.112935714424
0.104752905667
0.0791571363807
0.116370633245
0.116650626063
0.0990842804313
0.0691306367517
0.0964788496494
0.0593913346529
0.0589608214796
0.0710704922676
0.101279385388
0.112338833511
0.0818128064275
0.0787568613887
0.06953047961
0.0796114355326
0.0703631043434
0.0837502703071
0.0943915769458
0.0721318870783
0.081433236599
0.10958289355
0.0889158025384
0.0207907818258
0.0556810572743
0.119859725237
0.096851810813
0.0366049259901
0.07344532758
0.0815062522888
0.0905434936285
0.0884201079607
0.0615715496242
0.0922145172954
0.0527486093342
0.0535696484149
0.154521927238
0.0852609425783
0.0446283072233
0.0587455369532
0.0770885422826
0.141009017825
0.0891244262457
0.0967280864716
0.126973301172
0.112487666309
0.097837664187
0.0558735728264
0.0629984587431
0.112162455916
0.082927390933
0.0756081342697
0.0941286981106
0.0901942551136
0.077022857964
0.0382041707635
0.0624255798757
0.0886402055621
0.0831997022033
0.0956454947591
0.0749953985214
0.107095651329
0.0830167233944
0.0595537237823
0.0507139079273
0.0830428525805
0.06626162678
0.0845441743731
0.069476492703
0.0993116721511
0.0501556321979
0.0590971335769
0.0962673947215
0.0890520587564
0.0653378665447
0.04090372473
0.120543412864
0.119482964277
0.0403314456344
0.0872453078628
0.0719732120633
0.0575493685901
0.0862537696958
0.105826199055
0.0564818792045
0.0449725538492
0.0720560923219
0.0899385213852
0.0701667368412
0.0599418543279
0.0889602005482
0.100698575377
0.0414952300489
0.0399286299944
0.0761500746012
0.0425941944122
0.0665255486965
0.0537300929427
0.0890397578478
0.0726099461317
0.0671383216977
0.0649991557002
0.0523584932089
0.0819154754281
0.0607962012291
0.0792019814253
0.055364459753
0.0923933461308
0.0706865042448
0.0504182763398
0.0622622668743
0.0818359106779
0.0978803113103
0.087097518146
0.0708559527993
0.0680449530482
0.0552258230746
0.0798174962401
0.0736027434468
0.105541408062
0.0603976473212
0.0473477914929
0.0336481519043
0.0764239132404
0.0752960368991
0.0589109286666
0.098516471684
0.0799693316221
0.0620326213539
0.0327296592295
0.0596113614738
0.129886835814
0.103427968919
0.0817101150751
0.0732490420341
0.0408783592284
0.0583567656577
0.0440749004483
0.0815594494343
0.080343849957
0.0460739582777
0.0714170560241
0.0950249955058
0.0751218274236
0.0591482967138
0.0379443503916
0.0806574597955
0.087107501924
0.0734671726823
0.0919859260321
0.05356637761
0.0742064490914
0.0653893649578
0.0744238346815
0.0652340576053
0.0627203658223
0.1058421731
0.055128287524
0.0736532136798
0.0714272484183
0.0593684650958
0.126857087016
0.0638315528631
0.0403123348951
0.130068108439
0.0919170752168
0.0890292078257
0.0901160091162
0.091432839632
0.116210825741
0.0855565965176
0.0488800220191
0.12245991081
0.0659397020936
0.0826146304607
0.0370975993574
0.0767673105001
0.049234893173
0.0696877092123
0.0802562311292
0.0578139126301
0.0822774916887
0.0883486270905
0.0709392279387
0.0888004675508
0.0237493440509
0.0567516237497
0.0814318284392
0.0698582082987
0.0986198410392
0.0536548607051
0.0835252702236
0.0817632824183
0.105560392141
0.0730285942554
0.0680832639337
0.0689935982227
0.0929172635078
0.0566287823021
0.0929205343127
0.0644463226199
0.0589896962047
0.0509176105261
0.0630245059729
0.0701392740011
0.0537805221975
0.0378591269255
0.0580715537071
0.0592681244016
0.0625964477658
0.071756310761
0.0396161228418
0.032287992537
0.0569533929229
