0.693984746933
0.692541718483
0.691698551178
0.690704464912
0.689745485783
0.688513636589
0.685752093792
0.683864414692
0.677685856819
0.670898497105
0.666246116161
0.664627373219
0.656404733658
0.644373178482
0.620013177395
0.613852024078
0.597684025764
0.589344143867
0.572880446911
0.547554373741
0.505267322063
0.525967001915
0.457981973886
0.464422047138
0.467896610498
0.45028501749
0.431085139513
0.48044860363
0.36085614562
0.407905101776
0.359257817268
0.364020437002
0.367374777794
0.318600058556
0.328693151474
0.338801681995
0.301804482937
0.387467086315
0.325793594122
0.227353915572
0.293057233095
0.259842544794
0.356298416853
0.239670425653
0.278018891811
0.289857029915
0.286327004433
0.274866968393
0.34885841608
0.292151987553
0.277092605829
0.253807127476
0.248962193727
0.289896070957
0.228157132864
0.284122943878
0.225121319294
0.32269346714
0.305606871843
0.199266642332
0.236426487565
0.214938387275
0.219451829791
0.26101142168
0.241819053888
0.254732966423
0.269809782505
0.189890146255
0.208003759384
0.237250447273
0.192110791802
0.179534584284
0.175742715597
0.179538443685
0.188966408372
0.156334519386
0.17960074544
0.232605949044
0.19357869029
0.211887836456
0.238428100944
0.229221448302
0.21109354496
0.190693110228
0.15491989255
0.178331628442
0.215385735035
0.193947911263
0.173864349723
0.175463855267
0.136405169964
0.16960144043
0.165624782443
0.142205312848
0.21213541925
0.235097572207
0.186346903443
0.206364527345
0.150937452912
0.16514095664
0.198942199349
0.159654334188
0.188026025891
0.158155605197
0.236567527056
0.225826188922
0.14014108479
0.164809048176
0.193443402648
0.130796775222
0.18624907732
0.187540531158
0.206793487072
0.177733018994
0.137886703014
0.225021332502
0.16716606915
0.168715178967
0.246417418122
0.11244995892
0.220771685243
0.18808542192
0.152559801936
0.181044995785
0.226950824261
0.180828601122
0.168663397431
0.147648617625
0.204933062196
0.122850298882
0.123438894749
0.172873482108
0.16388477385
0.124195858836
0.202669203281
0.120840236545
0.146786034107
0.161523014307
0.123356051743
0.118028983474
0.162491306663
0.114149585366
0.145520314574
0.130467191339
0.151713386178
0.171468615532
0.186991542578
0.17457228899
0.189234957099
0.185584798455
0.1973002702
0.144727379084
0.190878078341
0.189060598612
0.173406422138
0.232145339251
0.152838215232
0.159609228373
0.200943008065
0.138062208891
0.165955260396
0.115818291903
0.150706544518
0.179091140628
0.177108213305
0.10566367209
0.192217037082
0.186543315649
0.223597675562
0.14081530273
0.120136223733
0.187323376536
0.216943800449
0.136108711362
0.157149612904
0.190054729581
0.183942064643
0.125128731132
0.14595285058
0.161706730723
0.140535891056
0.13916093111
0.169160112739
0.150274127722
0.126656904817
0.170506000519
0.140965044498
0.217799901962
0.168583750725
0.109405532479
0.176997825503
0.126982182264
0.178781718016
0.167500942945
0.182250767946
0.124164134264
0.180875301361
0.159501478076
0.130196139216
0.113751798868
0.131753087044
0.132299244404
0.157046362758
0.160785466433
0.145964697003
0.164364814758
0.1785376966
0.188797473907
0.198945209384
0.13253583014
0.123180694878
0.139330685139
0.124061964452
0.147257551551
0.120148763061
0.17534956336
0.111520513892
0.187752321362
0.138622865081
0.126040801406
0.176849961281
0.191347286105
0.141289040446
0.136254757643
0.241866320372
0.197035491467
0.168308272958
0.143978357315
0.126371696591
0.13996437192
0.143312856555
0.118561640382
0.172154307365
0.114439897239
0.145053714514
0.114792630076
0.120795495808
0.128258302808
0.145762875676
0.156060323119
0.198365911841
0.154713407159
0.169364318252
0.110043346882
0.136589214206
0.185964554548
0.142465516925
0.124773852527
0.0833724066615
0.151914194226
0.121142193675
0.178603008389
0.15262748301
0.132744863629
0.118073120713
0.151786610484
0.146690174937
0.134267374873
0.143533080816
0.133004665375
0.164251863956
0.11804869771
0.126789405942
0.155717939138
0.164405763149
0.140168070793
0.157095879316
0.122443035245
0.161752045155
0.154986202717
0.104863531888
0.116717904806
0.144599482417
0.165158614516
0.124480776489
0.150730058551
0.192170679569
0.154136270285
0.130035847425
0.160785809159
0.144769877195
0.183283135295
0.13537876308
0.18820913136
0.175571188331
0.172181814909
0.120326764882
0.157904237509
0.0864600464702
0.181511074305
0.186107203364
0.153270334005
0.127485319972
0.130963519216
0.0902675315738
0.141536161304
0.0892137512565
0.10024870187
0.10800743103
0.120272569358
0.0983446240425
0.138186976314
0.133038282394
0.151076078415
0.108145795763
0.118750356138
0.141535505652
0.140651017427
0.115155883133
0.148962751031
0.188050985336
0.135469198227
0.138275682926
0.167854234576
0.144983038306
0.125832945108
0.132661104202
0.147186562419
0.199200600386
0.114360146224
0.166303887963
0.122974395752
0.193547844887
0.228953704238
0.129896119237
0.183667570353
0.158082470298
0.146448686719
0.10153939575
0.111997716129
0.139098659158
0.149624451995
0.115860261023
0.167134359479
0.0983158424497
0.161157101393
0.11019923538
0.131069868803
0.109037689865
0.16776534915
0.170685857534
0.140473157167
0.121558196843
0.134127140045
0.18671618402
0.152913376689
0.0965003073215
0.109588384628
0.125084623694
0.134522914886
0.216482698917
0.111185796559
0.0961170718074
0.084284581244
0.128534734249
0.158754453063
0.177163809538
0.148700878024
0.1271058321
0.167482495308
0.130448296666
0.150621131063
0.155951797962
0.154799640179
0.116227984428
0.132434442639
0.148982405663
0.141362294555
0.189755216241
0.14851988852
0.176315918565
0.196340754628
0.101394154131
0.205709248781
0.108413130045
0.0887352898717
0.0967586860061
0.180681213737
0.159284904599
0.18081985414
0.140926718712
0.15826882422
0.17188179493
0.147732079029
0.180238068104
0.139838442206
0.145389959216
0.136241912842
0.149751469493
0.144397750497
0.191863715649
0.0879503190517
0.134167417884
0.108710668981
0.296841442585
0.111383475363
0.135064020753
0.140598252416
0.197790533304
0.164137169719
0.108018301427
0.130736932158
0.149066090584
0.114611305296
0.0964300855994
0.135957583785
0.116718076169
0.155881553888
0.124600604177
0.150410830975
0.160020560026
0.212108060718
0.129561319947
0.0960385426879
0.140464857221
0.145855560899
0.186643108726
0.153004288673
0.173590123653
0.164466783404
0.134965851903
0.173406034708
0.0741048678756
0.121651038527
0.158878713846
0.132149651647
0.113180689514
0.109891921282
0.113444648683
0.183877706528
0.146493956447
0.15920175612
0.187187358737
0.119486168027
0.157891616225
0.10667181015
0.130094066262
0.12770563364
0.130785048008
0.119654029608
0.131405577064
0.0817298218608
0.123928397894
0.12923309207
0.137751981616
0.106555297971
0.130545675755
0.128149941564
0.19348692894
0.150724843144
0.131342738867
0.191871285439
0.143975585699
0.0970456972718
0.187634274364
0.123596027493
0.127705544233
0.154215455055
0.187696099281
0.117243945599
0.109754189849
0.126468062401
0.137369483709
0.156162470579
0.131029263139
0.0973404869437
0.143294394016
0.145585179329
0.162371858954
0.146241426468
0.127370104194
0.127233326435
0.13935790956
0.193298712373
0.128577709198
0.164547875524
0.134169429541
0.147096380591
0.112983353436
0.125597134233
0.106198132038
0.102203078568
0.123611569405
0.137785822153
0.108206629753
0.156941071153
0.117050968111
0.154961839318
0.144817396998
0.121023058891
0.157530814409
0.1186337322
0.122556045651
0.142547398806
0.0948619768023
0.137150809169
0.108062542975
0.171207949519
0.145271927118
0.103182554245
