0.692354202271
0.693271636963
0.692541658878
0.692801713943
0.692832291126
0.692481279373
0.692839682102
0.692456960678
0.692760646343
0.692428350449
0.692304968834
0.691709518433
0.692453801632
0.692001342773
0.692445456982
0.692047536373
0.692716300488
0.692894160748
0.692486286163
0.691900014877
0.692142963409
0.691353559494
0.691765189171
0.691613912582
0.691227138042
0.691760599613
0.691709816456
0.691515147686
0.692256748676
0.692725479603
0.691418468952
0.692121565342
0.691712081432
0.691488265991
0.69128382206
0.69120246172
0.692197680473
0.691315710545
0.690563619137
0.691070556641
0.690884530544
0.69167727232
0.691190838814
0.690794289112
0.690721035004
0.691235363483
0.690724730492
0.691535770893
0.689743936062
0.691117465496
0.691112101078
0.691169261932
0.690288126469
0.689270436764
0.690433859825
0.68949764967
0.689774513245
0.691239237785
0.689345180988
0.690189242363
0.689648091793
0.689831316471
0.689893484116
0.690409421921
0.689452111721
0.690068840981
0.6911059618
0.689659953117
0.690991818905
0.690664887428
0.687957525253
0.689570069313
0.688569843769
0.688032507896
0.689761579037
0.688164532185
0.689531862736
0.688876211643
0.68856626749
0.68883728981
0.689302027225
0.687666118145
0.687715470791
0.688382506371
0.688046216965
0.688849151134
0.688684523106
0.68868470192
0.688410997391
0.687335669994
0.68859744072
0.688304305077
0.6877566576
0.687764465809
0.687785685062
0.686270058155
0.687818408012
0.687981307507
0.685923933983
0.687334835529
0.687919080257
0.686758100986
0.687352776527
0.687279224396
0.689491927624
0.687013030052
0.687370240688
0.68747729063
0.686780750751
0.68713080883
0.686503410339
0.685849368572
0.686603248119
0.687859117985
0.687388598919
0.685994386673
0.685803353786
0.685284256935
0.686368763447
0.685964822769
0.685674309731
0.686145186424
0.686861932278
0.685674250126
0.685108959675
0.685922920704
0.685968458652
0.685115635395
0.686147451401
0.684548556805
0.684921145439
0.685632765293
0.684603571892
0.685416162014
0.684427559376
0.68326830864
0.684581160545
0.683651864529
0.684044599533
0.684755265713
0.684930443764
0.684428274632
0.683616518974
0.682926535606
0.684428393841
0.683036386967
0.683261156082
0.683716833591
0.682461798191
0.684038877487
0.683984994888
0.685310006142
0.682760834694
0.68419355154
0.6807975173
0.683239459991
0.683664381504
0.682602763176
0.681023716927
0.682875692844
0.683126628399
0.681972682476
0.682410240173
0.683471798897
0.681755125523
0.682889938354
0.682999908924
0.681814670563
0.681220829487
0.681963682175
0.680280745029
0.68056422472
0.680342197418
0.683058440685
0.679732322693
0.679807662964
0.679943263531
0.679493010044
0.681320726871
0.680280566216
0.681144893169
0.680963933468
0.681340575218
0.680182158947
0.679706156254
0.678539454937
0.680662810802
0.680274009705
0.678608894348
0.678693950176
0.6797503829
0.679130613804
0.680086672306
0.679338693619
0.677438259125
0.676541209221
0.677046239376
0.678229510784
0.67664629221
0.674705266953
0.677673339844
0.681171476841
0.677233815193
0.677751064301
0.678798079491
0.677869319916
0.67767482996
0.677743077278
0.676263451576
0.678215682507
0.678542137146
0.677065193653
0.675936341286
0.676200926304
0.674770236015
0.675377309322
0.67588186264
0.678499698639
0.676879286766
0.675112843513
0.675323188305
0.675545394421
0.676295280457
0.675001442432
0.674154877663
0.674484193325
0.673722445965
0.674264609814
0.674229443073
0.674182593822
0.67627799511
0.675999045372
0.674580931664
0.673595249653
0.671829760075
0.674299716949
0.67387098074
0.67368388176
0.673292279243
0.676080822945
0.673862338066
0.674517512321
0.670567035675
0.670734286308
0.672751665115
0.670440077782
0.672839105129
0.671055197716
0.671764612198
0.67088997364
0.672266662121
0.670814633369
0.672747075558
0.669577419758
0.673359513283
0.67177516222
0.6721175313
0.673345923424
0.670228242874
0.672232151031
0.668557941914
0.669451773167
0.669717431068
0.668751239777
0.669950067997
0.668456375599
0.672577559948
0.668112099171
0.668246686459
0.66905772686
0.669519782066
0.67162001133
0.665773034096
0.669178307056
0.669352471828
0.670450329781
0.666973412037
0.668036341667
0.665428340435
0.666769981384
0.66823476553
0.668370366096
0.670207679272
0.664334058762
0.663902938366
0.663934051991
0.666587054729
0.66249781847
0.666318714619
0.663694441319
0.663911104202
0.66604334116
0.665208339691
0.66681265831
0.666685223579
0.664409816265
0.664585590363
0.665730535984
0.665273666382
0.664948642254
0.665362477303
0.662693142891
0.663739681244
0.662881970406
0.662472486496
0.666527569294
0.663905799389
0.663165330887
0.663251280785
0.663818955421
0.661878585815
0.657281637192
0.660247862339
0.660743534565
0.662659287453
0.661481320858
0.663152039051
0.660058140755
0.660369873047
0.65768891573
0.658530950546
0.657667338848
0.660236477852
0.659533262253
0.661899447441
0.656366407871
0.658613681793
0.66184514761
0.660216867924
0.659524321556
0.656252682209
0.657346487045
0.65887850523
0.659220397472
0.661995053291
0.652601599693
0.659624516964
0.653975605965
0.659215927124
0.656810045242
0.653828263283
0.656956195831
0.655808329582
0.654752314091
0.654285848141
0.652509272099
0.656488478184
0.655596196651
0.654968857765
0.655930757523
0.659664034843
0.653096318245
0.651265144348
0.6456335783
0.656550884247
0.650830924511
0.651814997196
0.65684658289
0.654095470905
0.651545703411
0.652174115181
0.651533484459
0.652383804321
0.652806937695
0.650805413723
0.652448534966
0.648860216141
0.647107958794
0.648546159267
0.647593677044
0.647254765034
0.651306033134
0.653488576412
0.653546571732
0.651599645615
0.648678064346
0.649452328682
0.651858150959
0.651539564133
0.646635472775
0.650566875935
0.648508369923
0.648242652416
0.644872426987
0.649510324001
0.64767074585
0.646990060806
0.648625969887
0.646394848824
0.650323808193
0.64795935154
0.645132541656
0.645103812218
0.646393120289
0.64423173666
0.644433677197
0.646000266075
0.645467638969
0.644706010818
0.638840258121
0.643206238747
0.641105413437
0.643204689026
0.644970536232
0.640751838684
0.645369529724
0.644273400307
0.638791441917
0.638752102852
0.643295824528
0.641179203987
0.636465549469
0.640896141529
0.643086194992
0.631198763847
0.637204825878
0.638705730438
0.639904916286
0.631437301636
0.644577682018
0.640570223331
0.636112332344
0.637630045414
0.637566447258
0.637745320797
0.645254135132
0.643848776817
0.636068224907
0.631784200668
0.635016322136
0.635274469852
0.631130218506
0.635712504387
0.633750557899
0.633151769638
0.632798790932
0.63186776638
0.629350483418
0.635909974575
0.629704475403
0.634410262108
0.629732131958
0.624846100807
0.627507925034
0.636275112629
0.630035042763
0.629655659199
0.634087562561
0.63243496418
0.626305878162
0.624289155006
0.626324295998
0.627527952194
0.62973690033
0.633631408215
0.625292360783
0.625031113625
0.627323806286
0.634506165981
0.627525985241
0.625655174255
0.622732043266
0.627789914608
0.62402844429
0.621233522892
0.619799673557
0.624054789543
0.620901465416
0.6182975173
0.630689442158
0.629010915756
0.631422936916
0.619719326496
0.620443820953
0.626173377037
0.615290760994
0.616461098194
0.622006475925
0.621051490307
0.623052239418
0.616726994514
0.619749128819
0.620558261871
0.610862672329
0.622658669949
0.616878390312
0.62510985136
0.615953564644
0.624373078346
0.622186303139
0.617340505123
0.620041251183
0.624745607376
0.619118690491
0.618971347809
0.615992903709
0.613555490971
0.617953896523
0.616222918034
0.613598406315
0.618129551411
0.612328112125
0.609727740288
0.610505759716
0.614173054695
0.61016780138
0.619697988033
0.607653081417
0.611165583134
0.608400285244
0.613214612007
0.609301328659
0.612639844418
0.609161794186
0.610944330692
0.612184286118
0.600049495697
0.607666492462
0.610744476318
0.611884117126
0.613875746727
0.599245727062
0.609252691269
0.60750412941
0.61558920145
0.602003276348
0.608730852604
0.60024034977
0.600168526173
0.600511491299
0.604176044464
0.598766207695
0.608693540096
0.605175614357
0.595215678215
0.597656369209
0.606275618076
0.598469793797
0.595804750919
0.609008908272
0.599794566631
0.594165205956
0.600528120995
0.590918362141
0.594329357147
0.598715186119
0.597119450569
0.60212880373
0.599681437016
0.597716629505
0.589969992638
0.601234853268
0.592953443527
0.599547684193
0.59041595459
0.600991427898
0.594325661659
0.603500008583
0.591630101204
0.59713858366
0.594732582569
0.591651022434
0.597268104553
0.595861911774
0.589888691902
0.597268402576
0.594207048416
0.593135178089
0.5821428895
0.583209514618
0.587795555592
0.586614489555
0.575703978539
0.585337281227
0.593917965889
0.58660119772
0.589885532856
0.594038486481
0.586809575558
0.594357609749
0.584887802601
0.594826817513
0.585960447788
0.592267096043
0.586499810219
0.583857178688
0.571831882
0.588159322739
0.59022051096
0.583241701126
0.581412911415
0.58323097229
0.583651304245
0.580497205257
0.579356074333
0.584228157997
0.581321001053
0.585005164146
0.573189973831
0.577765464783
0.582202136517
0.58213531971
0.592325568199
0.578170835972
0.57488322258
0.58296507597
0.575606763363
0.579120218754
0.574676692486
0.573723852634
0.566499233246
0.576193988323
0.574367940426
0.578881204128
0.562344312668
0.574678063393
0.574216783047
0.575025379658
0.581015586853
0.558600723743
0.57103741169
0.569441854954
0.569749474525
0.573513031006
0.568306326866
0.570396482944
0.574487090111
0.562083184719
0.569734692574
0.562610208988
0.563897132874
0.574439048767
0.558177769184
0.573271274567
0.57724159956
0.564791560173
0.57277238369
0.568964719772
0.576890528202
0.555085539818
0.564251899719
0.557634294033
0.555848658085
0.561711549759
0.568872153759
0.570279479027
0.554971635342
0.560446739197
0.554153740406
0.564033448696
0.557238399982
0.561076641083
0.568415045738
0.566437840462
0.568944692612
0.558834433556
0.566730380058
0.552904009819
0.550134122372
0.566549777985
0.559301137924
0.549768269062
0.550834774971
0.554249227047
0.563471257687
0.549182474613
0.552715301514
0.557048797607
0.552512347698
0.557654500008
0.555222392082
0.558394134045
0.549797296524
0.548659384251
0.547289729118
0.55587053299
0.543418645859
0.552209079266
0.5392126441
0.540181100368
0.545778095722
0.542734146118
0.541156947613
0.551762223244
0.541962623596
0.559618830681
0.547493517399
0.540669441223
0.539636671543
0.547145843506
0.546717345715
0.54181933403
0.545651912689
0.543797433376
0.548163473606
0.549418985844
0.551035583019
0.550355792046
0.542759597301
0.557354867458
0.538328945637
0.544797360897
0.528749167919
0.549220740795
0.532740414143
0.542978703976
0.54071688652
0.531965911388
0.535467743874
0.543628036976
0.538454771042
0.537724554539
0.542743980885
0.534448444843
0.544273972511
0.526855111122
0.527803242207
0.530838251114
0.532440841198
0.529119253159
0.525246024132
0.529359638691
0.545785307884
0.518922150135
0.539691090584
0.529374718666
0.515029788017
0.534071862698
0.54112303257
0.536501228809
0.533768832684
0.523396193981
0.521869838238
0.526735365391
0.515014886856
0.536850988865
0.526130259037
0.523948848248
0.526563644409
0.525752723217
0.530298948288
0.528913974762
0.520760953426
0.521072566509
0.510508477688
0.538380384445
0.522694766521
0.523354351521
0.521905362606
0.514027357101
0.509255170822
0.526676654816
0.514501750469
0.537388026714
0.518980205059
0.519382178783
0.516595900059
0.523230552673
0.512873649597
0.511605620384
0.506015181541
0.506202340126
0.519114375114
0.533529102802
0.516793072224
0.52284514904
0.516470313072
0.530778586864
0.514926195145
0.517209470272
0.506613373756
0.512185573578
0.530900418758
0.509961485863
0.520775914192
0.51428771019
0.500900387764
0.510526239872
0.508396863937
0.515727579594
0.50051343441
0.520733714104
0.506183505058
0.504284381866
0.50544410944
0.497949957848
0.517623543739
0.520297527313
0.495117038488
0.484847545624
0.515262186527
0.509435415268
0.518112182617
0.506452083588
0.507672727108
0.493885606527
0.500008702278
0.500850915909
0.505071282387
0.508291780949
0.487290501595
0.511316239834
0.503159880638
0.491204112768
0.487832218409
0.493965417147
0.485622733831
0.496563881636
0.496729195118
0.502638339996
0.49718016386
0.498176455498
0.498554289341
0.491123378277
0.500455319881
0.498616576195
0.504389882088
0.487495243549
0.504615843296
0.505758345127
0.490594863892
0.494984149933
0.488612473011
0.50531822443
0.479419022799
0.491895198822
0.511507034302
0.492298543453
0.506704032421
0.501722455025
0.496696799994
0.503045499325
0.512062013149
0.490054309368
0.509490847588
0.508139610291
0.485334992409
0.492871165276
0.493592262268
0.505314648151
0.497326314449
0.495129138231
0.505399465561
0.500230908394
0.496725827456
0.490571290255
0.499832421541
0.493385195732
0.490387767553
0.482993006706
0.503533601761
0.490797549486
0.522803604603
0.49898070097
0.480786591768
0.498201012611
0.504838883877
0.482119143009
0.518393099308
0.497508168221
0.494719356298
0.501559317112
0.523346781731
0.498461574316
0.497336775064
0.51316422224
0.489098072052
0.506511807442
0.49626109004
0.502814650536
0.504629969597
0.503441393375
0.500934004784
0.494641125202
0.497296452522
0.504511594772
0.500653922558
0.507847905159
0.506194531918
0.50356733799
0.492122143507
0.487961560488
0.51277077198
0.487697541714
0.491582661867
0.513620495796
0.484045863152
0.493929237127
0.489520937204
0.481753319502
0.504394650459
0.480961918831
0.483773142099
0.493319183588
0.473691105843
0.512410759926
0.497937470675
0.494927763939
0.492099672556
0.496624618769
0.504908204079
0.500257909298
0.502185404301
0.491498470306
0.514945626259
0.499459952116
0.511780500412
0.490859121084
0.47649371624
0.5042963624
0.500523924828
0.517212033272
0.501630067825
0.50035905838
0.478064477444
0.490175336599
0.492435961962
0.501146554947
0.496483922005
0.509133696556
0.501674175262
0.489486038685
0.498313486576
0.487841576338
0.498155236244
0.510814607143
0.501033484936
0.505560815334
0.481053382158
0.486810684204
0.502743840218
0.50020968914
0.484521180391
0.485817432404
0.487574666739
0.493377894163
0.496599823236
0.510929226875
0.503158509731
0.506161510944
0.503644645214
0.500403165817
0.48160764575
0.490582644939
0.49844405055
0.508082449436
0.49552410841
0.500674128532
0.485566794872
0.497032910585
0.493626505136
0.490900635719
0.484714925289
0.486628383398
0.497098892927
0.483556389809
0.50277608633
0.509949684143
0.488757312298
0.496238738298
0.503262996674
0.48473072052
0.48807746172
0.511910200119
0.500852704048
0.508224487305
0.487242490053
0.492610871792
0.501387894154
0.511609256268
0.487880647182
0.493303328753
0.490371078253
0.500197410583
0.492958575487
0.484145313501
0.48968142271
0.488209873438
0.491838932037
0.507124841213
0.488116979599
0.481732189655
0.510352015495
0.491885364056
0.490132749081
0.475175946951
0.487894266844
0.485221832991
0.486353069544
0.50000834465
0.49021345377
0.508029520512
0.481319338083
0.485354244709
0.493063867092
0.498455762863
0.479664504528
0.501724421978
0.48454901576
0.497379720211
