0.763847708702
0.716775715351
0.688605248928
0.672628283501
0.662636458874
0.65437746048
0.646301984787
0.637689948082
0.628580212593
0.619652807713
0.610766768456
0.601738393307
0.592060208321
0.58143132925
0.569463372231
0.556106209755
0.540980160236
0.524563014507
0.508676588535
0.494552761316
0.481918394566
0.471524655819
0.461086809635
0.450578868389
0.440662652254
0.431698530912
0.422424525023
0.412610381842
0.402285695076
0.389511287212
0.378165483475
0.365585684776
0.355473786592
0.34659743309
0.338481128216
0.329860597849
0.320845335722
0.309195995331
0.29746863246
0.289860993624
0.282706648111
0.274214953184
0.263509064913
0.251140326262
0.237742349505
0.230333089828
0.224861294031
0.217158988118
0.207015171647
0.199007660151
0.187738761306
0.180206149817
0.173516467214
0.166495457292
0.156144484878
0.144607871771
0.13624471426
0.127727493644
0.121218688786
0.114953584969
0.110833644867
0.101907961071
0.0946674048901
0.0904784053564
0.0831620171666
0.0775901675224
0.0725150182843
0.0671913549304
0.0620763003826
0.0596693009138
0.05623267591
0.0527510382235
0.0476786904037
0.0407575145364
0.0352045483887
0.03244914487
0.0309250950813
0.0298407953233
0.0263708811253
0.0230744592845
0.0200387891382
0.0184374861419
0.0174462217838
0.0150037650019
0.0112589728087
0.0101122073829
0.0062562385574
0.00475671002641
0.00402779364958
0.00332469423302
0.0026405826211
0.00194794591516
0.00149799056817
0.00121308071539
0.00106039945967
0.000956980627961
0.000808237819001
0.000642760482151
0.000515504041687
0.000423961522756
0.000356217642548
0.000305502995616
0.000264846137725
0.000232695121667
0.000207090793992
0.00018671208818
0.000170484185219
0.000156526410137
0.000143511118949
0.000131195643917
0.000119974829431
0.000109844688268
0.000100923272839
9.32524635573e-05
8.67024136824e-05
8.11210411484e-05
7.63680509408e-05
7.22535187379e-05
6.86355488142e-05
6.54008763377e-05
6.2484832597e-05
5.98492515564e-05
5.74303194298e-05
5.52018136659e-05
5.31567311555e-05
5.12720507686e-05
4.95442618558e-05
4.79570626339e-05
4.64979166281e-05
4.5156924898e-05
4.3923904741e-05
4.28072744398e-05
4.17712544731e-05
4.07969200751e-05
3.98755582864e-05
3.90074419556e-05
3.82167236239e-05
3.74751725758e-05
3.67763968825e-05
3.61192323908e-05
3.5497268982e-05
3.49064430338e-05
3.43400606653e-05
3.38062563969e-05
3.32960189553e-05
3.28064452333e-05
3.23398526234e-05
3.18936290569e-05
3.14642747981e-05
3.10483083013e-05
3.06489200739e-05
3.02626303892e-05
2.98900067719e-05
2.95307709166e-05
2.91843334708e-05
2.884749847e-05
2.85214264295e-05
2.82032124233e-05
2.78928491753e-05
2.75915062957e-05
2.73009245575e-05
2.70173277386e-05
2.67375125986e-05
2.64687514573e-05
2.61996992776e-05
2.59469379671e-05
2.5692721465e-05
2.54472306551e-05
2.5207269573e-05
2.49716722465e-05
2.47395619226e-05
2.45129831455e-05
2.42913465627e-05
2.40711706283e-05
2.38553529925e-05
2.36438991124e-05
2.3437973141e-05
2.3230597435e-05
2.30331061175e-05
2.28344524658e-05
2.26439460675e-05
2.24560535571e-05
2.2264674044e-05
2.20794045163e-05
2.18958757614e-05
2.17187516682e-05
2.15433665289e-05
2.13691509998e-05
2.12030754483e-05
2.10355483432e-05
2.08718029171e-05
2.07103839784e-05
2.05486740015e-05
2.03907475225e-05
2.0238052457e-05
2.00836147997e-05
1.99323767447e-05
1.97831759579e-05
1.963397699e-05
1.94873937289e-05
1.93419746211e-05
1.92017887457e-05
1.90592800209e-05
1.89217116713e-05
1.87847290363e-05
1.86477445823e-05
1.85183234862e-05
1.83854117495e-05
1.82527910511e-05
1.8123369955e-05
1.79965663847e-05
1.78709287866e-05
1.77479050762e-05
1.76245921466e-05
1.75036075234e-05
1.73829121195e-05
1.72642539837e-05
1.7148502593e-05
1.70330440596e-05
1.69190407178e-05
1.68073620443e-05
1.66968457052e-05
1.65880774148e-05
1.64781449712e-05
1.63685035659e-05
1.62597352755e-05
1.61567841133e-05
1.60593572218e-05
1.59590217663e-05
1.58630518854e-05
1.57656268129e-05
1.56664555107e-05
1.55704838107e-05
1.54713143274e-05
1.53741821123e-05
1.52773391164e-05
1.5183695723e-05
1.50935420606e-05
1.50036794366e-05
1.49129436977e-05
1.48239541886e-05
1.47381624629e-05
1.46514985317e-05
1.45697777043e-05
1.44839877976e-05
1.44005234688e-05
1.43185125125e-05
1.42365024658e-05
1.41527480082e-05
1.40716119859e-05
1.39933817991e-05
1.39136991493e-05
1.38345967571e-05
1.37581137096e-05
1.3680466509e-05
1.36057278723e-05
1.35315704028e-05
1.345799501e-05
1.33823850774e-05
1.33108451337e-05
1.3236979612e-05
1.31634042191e-05
1.30921553136e-05
1.30203261506e-05
1.29502413984e-05
1.28787023641e-05
1.28103620227e-05
1.27431858346e-05
1.26742643261e-05
1.26065051518e-05
1.25399110402e-05
1.24753505588e-05
1.24093385239e-05
1.23436166177e-05
1.22776027638e-05
1.22150795505e-05
1.21522671179e-05
1.2089161828e-05
1.2024021089e-05
1.19635333249e-05
1.19027545225e-05
1.18431407827e-05
1.17800354928e-05
1.17195486382e-05
1.16590617836e-05
1.16006103781e-05
1.15433222163e-05
1.14845779535e-05
1.14275808301e-05
1.13685491669e-05
1.1311551134e-05
1.12554271254e-05
1.11990120786e-05
1.11443414426e-05
1.10893797682e-05
1.10341279651e-05
1.09785851237e-05
1.09250768219e-05
1.08706972242e-05
1.08189351522e-05
1.07633923108e-05
1.07130845208e-05
1.06613215394e-05
1.0610139725e-05
1.05586686914e-05
1.05077797343e-05
1.04609607661e-05
1.04097798612e-05
1.03597631096e-05
1.03120710264e-05
1.02620551843e-05
1.02140720628e-05
1.01663817986e-05
1.01157829704e-05
1.00672195913e-05
1.00215647763e-05
9.97678216663e-06
9.92705554381e-06
9.87994644674e-06
9.83516474662e-06
9.79183732852e-06
9.7464717328e-06
9.70052678895e-06
9.65661547525e-06
9.61125078902e-06
9.56937674346e-06
9.52488517214e-06
9.48126671574e-06
9.43764734984e-06
9.39606343309e-06
9.35128173296e-06
9.31115209823e-06
9.26840493776e-06
9.22827530303e-06
9.18523801374e-06
9.1445272119e-06
9.10526978259e-06
9.06310469873e-06
9.02297597349e-06
8.98255530046e-06
8.94475215318e-06
8.90520459507e-06
8.86711131898e-06
8.82698259375e-06
8.78975970409e-06
8.75108526088e-06
8.71124757396e-06
8.6743166321e-06
8.63767672854e-06
8.59842111822e-06
8.56178030517e-06
8.52688572195e-06
8.48762829264e-06
8.45302474772e-06
8.41638575366e-06
8.38120013213e-06
8.34514139569e-06
8.30908356875e-06
8.27448093332e-06
8.23813206807e-06
8.20352852315e-06
8.16892406874e-06
8.13286715129e-06
8.10117035144e-06
8.06627667771e-06
8.03341754363e-06
8.00143061497e-06
7.96886251919e-06
7.93396793597e-06
7.90343528934e-06
7.87144836067e-06
7.83946143201e-06
7.80718437454e-06
7.77403420216e-06
7.74379259383e-06
7.71064333094e-06
7.67778510635e-06
7.64754258853e-06
7.61759156376e-06
7.58705846238e-06
7.55652627049e-06
7.52424921302e-06
7.49517039367e-06
7.46696377973e-06
7.43788496038e-06
7.40851646697e-06
7.37827485864e-06
7.34948662284e-06
7.32186208552e-06
7.28958502805e-06
7.2610882853e-06
7.23491712051e-06
7.20642083252e-06
7.17966804586e-06
7.15000851415e-06
7.12325572749e-06
7.09330470272e-06
7.06887931301e-06
7.04125477569e-06
7.0130486165e-06
6.9842612902e-06
6.9601260293e-06
6.93250194672e-06
6.90633169143e-06
6.88016098138e-06
6.8542808549e-06
6.82927293383e-06
6.80193988956e-06
6.7778050834e-06
6.7533787842e-06
6.72662736179e-06
6.70103872835e-06
6.67603126203e-06
6.65102379571e-06
6.62514412397e-06
6.60159048493e-06
6.57890996081e-06
6.55273925076e-06
6.5280232775e-06
6.5044700932e-06
6.48004424875e-06
6.45939826427e-06
6.43322800897e-06
6.40909411231e-06
6.38728488411e-06
6.36169625068e-06
6.33930585536e-06
6.31866032563e-06
6.29249007034e-06
6.27126337349e-06
6.24858239462e-06
6.22590141575e-06
6.20351147518e-06
6.17850400886e-06
6.15611452304e-06
6.135177955e-06
6.11307859799e-06
6.09359631198e-06
6.06946150583e-06
6.04939805271e-06
6.02671707384e-06
6.00607154411e-06
5.98542601438e-06
5.96390873397e-06
5.94180983171e-06
5.92145443079e-06
5.89993760514e-06
5.88045486438e-06
5.86068244957e-06
5.84032704865e-06
5.81968197366e-06
5.79816469326e-06
5.77897299081e-06
5.75658305024e-06
5.73855550101e-06
5.71790997128e-06
5.69697385799e-06
5.68010864299e-06
5.66120797885e-06
5.64085348742e-06
5.61991737413e-06
5.60101716474e-06
5.58211650059e-06
5.56379700356e-06
5.54460621061e-06
5.52657775188e-06
5.50738604943e-06
5.48964908376e-06
5.47074841961e-06
5.45272041563e-06
5.43207534065e-06
5.41462895853e-06
5.39543771083e-06
5.37799041922e-06
5.3605440371e-06
5.33989941687e-06
5.32332433067e-06
5.30646002517e-06
5.28814052814e-06
5.27243855686e-06
5.25382893102e-06
5.23580138179e-06
5.21864558323e-06
5.20178082297e-06
5.18346132594e-06
5.16659656569e-06
5.15002193424e-06
5.13402937941e-06
5.11687358085e-06
5.09913661517e-06
5.08256243847e-06
5.06802371092e-06
5.05174011778e-06
5.03429373566e-06
5.0171379371e-06
5.0005637604e-06
4.98428062201e-06
4.96945085615e-06
4.95374888487e-06
4.9383379519e-06
4.92234539706e-06
4.90548063681e-06
4.89123249281e-06
4.87465831611e-06
4.86011913381e-06
4.84412657897e-06
4.82784344058e-06
4.81359575133e-06
4.79876553072e-06
4.78422725791e-06
4.76910645375e-06
4.75427759739e-06
4.73886620966e-06
4.72345573144e-06
4.70833538202e-06
4.69263341074e-06
4.67925792691e-06
4.66530082122e-06
4.64988988824e-06
4.63622336611e-06
4.62139360025e-06
4.60685532744e-06
4.59347984361e-06
4.57923169961e-06
4.56382076663e-06
4.55131748822e-06
4.53706979897e-06
4.52253107142e-06
4.50857396572e-06
4.49461686003e-06
4.48211358162e-06
4.46844705948e-06
4.45507157565e-06
4.4411149247e-06
4.42773944087e-06
4.41668953499e-06
4.4004063966e-06
4.38848474005e-06
4.37569087808e-06
4.36289701611e-06
4.34893945567e-06
4.33469222116e-06
4.32044407717e-06
4.30910404248e-06
4.2960191422e-06
4.28438852396e-06
4.27130362368e-06
4.25909138357e-06
4.24455265602e-06
4.23292203777e-06
4.2201281758e-06
4.20878768637e-06
4.19570324084e-06
4.18407216785e-06
4.17302317146e-06
4.15848398916e-06
4.14743499277e-06
4.13464067606e-06
4.12359213442e-06
4.11021619584e-06
4.09916719946e-06
4.08782671002e-06
4.07590550822e-06
4.06282015319e-06
4.05293440053e-06
4.04101274398e-06
4.02967270929e-06
4.01629722546e-06
4.00699263992e-06
3.9968153942e-06
3.98402153223e-06
3.97326357415e-06
3.96192308472e-06
3.95000188291e-06
3.93953405364e-06
3.92761239709e-06
3.91917956222e-06
3.90667673855e-06
3.89388287658e-06
3.88428770748e-06
3.87440104532e-06
3.86335204894e-06
3.85143039239e-06
3.84125314667e-06
3.83165797757e-06
3.82002690458e-06
3.81043196285e-06
3.79821972274e-06
3.78746085516e-06
3.77553965336e-06
3.76594402951e-06
3.75576701117e-06
3.74646219825e-06
3.73541274712e-06
3.72523595615e-06
3.71476858163e-06
3.70459133592e-06
3.69499616681e-06
3.68394694306e-06
3.67406073565e-06
3.66417475561e-06
3.65457913176e-06
3.64614697901e-06
3.63597018804e-06
3.62521154784e-06
3.61561637874e-06
3.60485773854e-06
3.59642535841e-06
3.58537613465e-06
3.57607177648e-06
3.56560371984e-06
3.55629958904e-06
3.54583175977e-06
3.53739937964e-06
3.52925758307e-06
3.5202442632e-06
3.51123003384e-06
3.5013440538e-06
3.48913226844e-06
3.47837362824e-06
3.47081345353e-06
3.46034539689e-06
3.45133207702e-06
3.44377190231e-06
3.43504871125e-06
3.42487214766e-06
3.41731197295e-06
3.40917040376e-06
3.40044744007e-06
3.39056100529e-06
3.38183849635e-06
3.37398751071e-06
3.36439234161e-06
3.35654135597e-06
3.34665537594e-06
3.33735101776e-06
3.3309538594e-06
3.32077706844e-06
3.31263549924e-06
3.30216766997e-06
3.29257250087e-06
3.29228191731e-06
3.29170052282e-06
3.29140948452e-06
3.29024646817e-06
3.29024646817e-06
3.28792043547e-06
3.28704800268e-06
3.28704800268e-06
3.28704800268e-06
3.2855941754e-06
3.2855941754e-06
3.28443115905e-06
3.28355895363e-06
3.28239593728e-06
3.28123292093e-06
3.28123292093e-06
3.28036048813e-06
3.27948828271e-06
3.2786160773e-06
3.27658040078e-06
3.27425414071e-06
3.27425414071e-06
3.27396332978e-06
3.27396332978e-06
3.27280008605e-06
3.27163729708e-06
3.27163729708e-06
3.2716370697e-06
3.27047428073e-06
3.26960207531e-06
3.26902068082e-06
3.26785720972e-06
3.26640360981e-06
3.26524059346e-06
3.26524059346e-06
3.2646589716e-06
3.26291410602e-06
3.26233271153e-06
3.2620419006e-06
3.26087888425e-06
3.26087888425e-06
3.26058807332e-06
3.2597158679e-06
3.2573898352e-06
3.25738960782e-06
3.25622659147e-06
3.25564542436e-06
3.25302858073e-06
3.25273754243e-06
3.25128348777e-06
3.25070186591e-06
3.25041150973e-06
3.249248266e-06
3.24837628796e-06
3.24779466609e-06
3.2469222333e-06
3.24634061144e-06
3.24634061144e-06
3.24430538967e-06
3.24372376781e-06
3.24285156239e-06
3.24139750774e-06
3.24139750774e-06
3.24052530232e-06
3.23936205859e-06
3.2384896258e-06
3.23819926962e-06
3.2361635931e-06
3.2361635931e-06
3.23470999319e-06
3.23441918226e-06
3.23441918226e-06
3.23267454405e-06
3.2315115277e-06
3.22889491144e-06
3.22889491144e-06
3.22773144035e-06
3.22627761307e-06
3.22627738569e-06
3.22482355841e-06
3.22424216392e-06
3.2242423913e-06
3.22424216392e-06
3.22366054206e-06
3.22249752571e-06
3.22162532029e-06
3.22046230394e-06
3.21929928759e-06
3.21929928759e-06
3.21842708217e-06
3.21755487676e-06
3.2161008221e-06
3.21493780575e-06
3.21464699482e-06
3.2137747894e-06
3.21232073475e-06
3.21203015119e-06
3.21203015119e-06
3.21086690747e-06
3.20912226925e-06
3.20825006384e-06
3.20679600918e-06
3.20592380376e-06
3.2056332202e-06
3.20388880937e-06
3.20388858199e-06
3.20243475471e-06
3.20214394378e-06
3.20156254929e-06
3.20098092743e-06
3.2003990782e-06
3.19952710015e-06
3.19894547829e-06
3.1980730455e-06
3.19691002915e-06
3.19632886203e-06
3.19429341289e-06
3.19313039654e-06
3.19313039654e-06
3.19283935823e-06
3.19225796375e-06
3.19167634188e-06
3.18905927088e-06
3.1878964819e-06
3.18673323818e-06
3.18615161632e-06
3.18498859997e-06
3.18266256727e-06
3.18033653457e-06
3.18033653457e-06
3.18004572364e-06
3.17946432915e-06
3.17859212373e-06
3.17771946357e-06
3.17655621984e-06
3.17597505273e-06
3.17568446917e-06
3.17481158163e-06
3.1733582091e-06
3.17277658723e-06
3.17219496537e-06
3.17103194902e-06
3.17015951623e-06
3.16928731081e-06
3.16899649988e-06
3.16812429446e-06
3.16783348353e-06
3.16754289997e-06
3.16637942888e-06
3.16579826176e-06
3.16550745083e-06
3.16434420711e-06
3.16347154694e-06
3.16143632517e-06
3.16027330882e-06
3.15998295264e-06
3.1594011034e-06
3.15881948154e-06
3.15765646519e-06
