0.681505203247
0.652423083782
0.630853176117
0.612328886986
0.599878847599
0.588758230209
0.575057864189
0.560716748238
0.54804033041
0.535371303558
0.522276461124
0.504861056805
0.483636945486
0.464337646961
0.450384497643
0.436692982912
0.417268306017
0.395562261343
0.380282104015
0.359109371901
0.338106006384
0.318030595779
0.297769993544
0.278086483479
0.260017871857
0.246704161167
0.234662681818
0.220467209816
0.208311259747
0.193206459284
0.179861605167
0.168280646205
0.152214825153
0.139996677637
0.129520207644
0.119238503277
0.104410178959
0.0866102203727
0.0784657821059
0.0739770308137
0.061172414571
0.0500499494374
0.0418737195432
0.0333714224398
0.0283327940851
0.0247967187315
0.0219744313508
0.0206880643964
0.0188707485795
0.0175011288375
0.0165214110166
0.015921253711
0.0154533535242
0.0150313889608
0.0147092919797
0.0143511360511
0.0139542995021
0.0135187441483
0.0130563639104
0.0130392611027
0.0126836821437
0.0129920085892
0.0113903786987
0.0119184451178
0.0102614713833
0.00876575428993
0.0096688317135
0.00912906322628
0.00374662270769
0.00335000618361
0.00282918149605
0.00231547420844
0.00195310963318
0.00172170484439
0.00157672190107
0.00145534984767
0.00135429459624
0.00125549454242
0.00113255705219
0.00101771648042
0.00092544243671
0.000851726625115
0.000784369767644
0.000717747490853
0.000654910923913
0.000598700135015
0.00054984545568
0.000507800956257
0.00046929976088
0.000435135676526
0.000406204577303
0.000381855119485
0.000361122132745
0.000340618338669
0.000320424325764
0.000301970983855
0.000285960530164
0.000271815340966
0.000259090244072
0.000247677235166
0.000237098807702
0.000227265118156
0.000218160348595
0.000209726815228
0.000201918257517
0.000194706459297
0.000188033343875
0.000181957497261
0.00017632872914
0.000171081192093
0.000166176192579
0.000161578238476
0.000157259113621
0.000153203494847
0.000149388768477
0.000145810117829
0.000142446384416
0.000139248440973
0.00013620655227
0.000133285124321
0.000130544387503
0.000127916951897
0.000125393708004
0.000122968427604
0.000120640463138
0.000118401301734
0.000116246810649
0.000114176313218
0.0001121839814
0.000110256318294
0.000108399734017
0.00010660370026
0.000104867300251
0.000103182937892
0.000101572120911
9.99998592306e-05
9.8482145404e-05
9.70175169641e-05
9.55946088652e-05
9.42064143601e-05
9.28552326513e-05
9.15398777579e-05
9.02542378753e-05
8.90006122063e-05
8.77979036886e-05
8.66085465532e-05
8.54336831253e-05
8.43038797029e-05
8.32010991871e-05
8.21218200144e-05
8.10712590464e-05
8.00415728008e-05
7.90400081314e-05
7.80534610385e-05
7.70903934608e-05
7.61519258958e-05
7.52339983592e-05
7.43360069464e-05
7.3455637903e-05
7.25908321328e-05
7.17407310731e-05
7.09093801561e-05
7.00932869222e-05
6.9293040724e-05
6.85074555804e-05
6.7737120844e-05
6.69907603879e-05
6.6243330366e-05
6.55131661915e-05
6.48002751404e-05
6.40976650175e-05
6.34099851595e-05
6.27325789537e-05
6.20669088676e-05
6.14112141193e-05
6.07654910709e-05
6.01309038757e-05
5.950600098e-05
5.8890775108e-05
5.82866741752e-05
5.76919519517e-05
5.71071905142e-05
5.65306436329e-05
5.59742366022e-05
5.54141079192e-05
5.48598363821e-05
5.43216374354e-05
5.37907762919e-05
5.3268398915e-05
5.27550982952e-05
5.22459195054e-05
5.17452353961e-05
5.12541992066e-05
5.0764378102e-05
5.0287690101e-05
4.98151239299e-05
4.93489969813e-05
4.8890193284e-05
4.84468509967e-05
4.79991758766e-05
4.7555029596e-05
4.71248858958e-05
4.67005993414e-05
4.62795505882e-05
4.58643553429e-05
4.54576293123e-05
4.50538500445e-05
4.46559170086e-05
4.42620912509e-05
4.38732422481e-05
4.34899520769e-05
4.31101761933e-05
4.27339255111e-05
4.2365558329e-05
4.20027390646e-05
4.1643728764e-05
4.12885274272e-05
4.09385866078e-05
4.05947794206e-05
4.02527366532e-05
3.99177042709e-05
3.95864699385e-05
3.92575893784e-05
3.89339656977e-05
3.8615311496e-05
3.82981343137e-05
3.79864941351e-05
3.76763382519e-05
3.7372308725e-05
3.70714915334e-05
3.67736065527e-05
3.64812658518e-05
3.61912680091e-05
3.5905653931e-05
3.56223790732e-05
3.53432005795e-05
3.50666450686e-05
3.47956374753e-05
3.45258122252e-05
3.42603598256e-05
3.39963808074e-05
3.37350320478e-05
3.34789328917e-05
3.32231393259e-05
3.29734684783e-05
3.27290435962e-05
3.24796892528e-05
3.22390696965e-05
3.19996252074e-05
3.17625235766e-05
3.15295037581e-05
3.12953343382e-05
3.10666982841e-05
3.0840987165e-05
3.06167385133e-05
3.03945398628e-05
3.01764193864e-05
2.99594776152e-05
2.9745449865e-05
2.95331810776e-05
2.93229550152e-05
2.91168107651e-05
2.8909804314e-05
2.87071688945e-05
2.85068726953e-05
2.83016343019e-05
2.81001830444e-05
2.79028135992e-05
2.77060316876e-05
2.75104212051e-05
2.73154000752e-05
2.71235894616e-05
2.69338179351e-05
2.6745508876e-05
2.65601138381e-05
2.63738565991e-05
2.61908026005e-05
2.60121214524e-05
2.58325708273e-05
2.56550665654e-05
2.54795995716e-05
2.53067610174e-05
2.51342171396e-05
2.49640088441e-05
2.47949665209e-05
2.46294202952e-05
2.44630100497e-05
2.43006743403e-05
2.41380548687e-05
2.39777673414e-05
2.38198099396e-05
2.36618634517e-05
2.35082807194e-05
2.33538321481e-05
2.32011298067e-05
2.3051054086e-05
2.29018532991e-05
2.27549862757e-05
2.26084121095e-05
2.2462425477e-05
2.23176084546e-05
2.21765767492e-05
2.20355468628e-05
2.18968471017e-05
2.17587366933e-05
2.1622663553e-05
2.14892115764e-05
2.13548919419e-05
2.12231971091e-05
2.10935359064e-05
2.09633035411e-05
2.083423351e-05
2.0707202566e-05
2.05810501939e-05
2.04554835364e-05
2.03336967388e-05
2.02113351406e-05
2.00907215913e-05
1.99698206416e-05
1.9850958779e-05
1.97332628886e-05
1.96152777789e-05
1.94993353944e-05
1.9384555344e-05
1.92721054191e-05
1.91590770555e-05
1.90475075215e-05
1.89362308447e-05
1.88264111785e-05
1.87180467037e-05
1.86099769053e-05
1.85045246326e-05
1.83967513294e-05
1.82933417818e-05
1.81881896424e-05
1.8085949705e-05
1.79828366527e-05
1.78820555448e-05
1.77818565135e-05
1.76819521585e-05
1.7583501176e-05
1.74862179847e-05
1.73874832399e-05
1.72910749825e-05
1.71978699655e-05
1.710234028e-05
1.70065213752e-05
1.6914193111e-05
1.68230308191e-05
1.67312900885e-05
1.66407135112e-05
1.65518831636e-05
1.64624743775e-05
1.63730637723e-05
1.62862761499e-05
1.61983261933e-05
1.61121224664e-05
1.60259205586e-05
1.59417559189e-05
1.58573002409e-05
1.57757567649e-05
1.56921796588e-05
1.56097667059e-05
1.55276447913e-05
1.54466870299e-05
1.53668952407e-05
1.52879783855e-05
1.52096436068e-05
1.51313106471e-05
1.50526875586e-05
1.49755214807e-05
1.4900098904e-05
1.48243898366e-05
1.47478076542e-05
1.46750089698e-05
1.46007560033e-05
1.4527086023e-05
1.44542909766e-05
1.43829502122e-05
1.43107381518e-05
1.42394001159e-05
1.4169516362e-05
1.40987631312e-05
1.40294623634e-05
1.39604562719e-05
1.38911600516e-05
1.38238992804e-05
1.37572214953e-05
1.36893822855e-05
1.36224171001e-05
1.35574864544e-05
1.34922674988e-05
1.34267584144e-05
1.3362122445e-05
1.32977793328e-05
1.32337272589e-05
1.31711294671e-05
1.31079514176e-05
1.30468106363e-05
1.29853788167e-05
1.29242389448e-05
1.28622277771e-05
1.28034162117e-05
1.27419889395e-05
1.26837603602e-05
1.26226250359e-05
1.25646884044e-05
1.25070455397e-05
1.24496918943e-05
1.23917589008e-05
1.23352810988e-05
1.22779310914e-05
1.2220581084e-05
1.21649773064e-05
1.21099556054e-05
1.20540626085e-05
1.20004960991e-05
1.19454762171e-05
1.18904572446e-05
1.18371845019e-05
1.17836216305e-05
1.17309300549e-05
1.16773680929e-05
1.16255523608e-05
1.15734446808e-05
1.15225011541e-05
1.14721406135e-05
1.14209078674e-05
1.13711294034e-05
1.13201895147e-05
1.12704128696e-05
1.12220895971e-05
1.11734780148e-05
1.11239924081e-05
1.10756727736e-05
1.10276432679e-05
1.09796146717e-05
1.09324582809e-05
1.08855947474e-05
1.08372760224e-05
1.0790993656e-05
1.07452942757e-05
1.06993038571e-05
1.06530242192e-05
1.06070347101e-05
1.05622102637e-05
1.05173849079e-05
1.04728505903e-05
1.0429480426e-05
1.03858201328e-05
1.03424517874e-05
1.02985013655e-05
1.0256004316e-05
1.02129279185e-05
1.01704335975e-05
1.01285204437e-05
1.00866072898e-05
1.00438237496e-05
1.00007482615e-05
9.95970913209e-06
9.91983506538e-06
9.87966905086e-06
9.83892095974e-06
9.79933793133e-06
9.7588826975e-06
9.72075395111e-06
9.68058975559e-06
9.64100854617e-06
9.60142733675e-06
9.56155508902e-06
9.52313712332e-06
9.48501019593e-06
9.44601197261e-06
9.40846803132e-06
9.37179538596e-06
9.33512455958e-06
9.29670932237e-06
9.2603295343e-06
9.22365961742e-06
9.18786190596e-06
9.1520641945e-06
9.11568622541e-06
9.08047150006e-06
9.04380249267e-06
9.00887880562e-06
8.97308291314e-06
8.93815922609e-06
8.90323735803e-06
8.86889665708e-06
8.83397387952e-06
8.79992421687e-06
8.76674766914e-06
8.7329890448e-06
8.69952236826e-06
8.66663685883e-06
8.63375134941e-06
8.60057571117e-06
8.56827318785e-06
8.53597066452e-06
8.50221385917e-06
8.47078445076e-06
8.43877387524e-06
8.40618122311e-06
8.37417064758e-06
8.34274123918e-06
8.31160286907e-06
8.28133761388e-06
8.25049119157e-06
8.21964476927e-06
8.18792705104e-06
8.15882594907e-06
8.12768939795e-06
8.09829816717e-06
8.06890602689e-06
8.03980583441e-06
8.00954239821e-06
7.98044311523e-06
7.95047162683e-06
7.92137234384e-06
7.89372643339e-06
7.86491818872e-06
7.83669111115e-06
7.80817481427e-06
7.77878449298e-06
7.75172247813e-06
7.72349631006e-06
7.69527105149e-06
7.66762696003e-06
7.64027390687e-06
7.61292085372e-06
7.58556780056e-06
7.55763403504e-06
7.5311531873e-06
7.50292838347e-06
7.47557578507e-06
7.44822318666e-06
7.4211620813e-06
7.39293818697e-06
7.36616766517e-06
7.33910655981e-06
7.31233649276e-06
7.28556597096e-06
7.2587968134e-06
7.23202765585e-06
7.20496745998e-06
7.17936063666e-06
7.1528834269e-06
7.12698647476e-06
7.10021777195e-06
7.07403023625e-06
7.0475530265e-06
7.02311081113e-06
6.99866814102e-06
6.97277255313e-06
6.94600521456e-06
6.92069079378e-06
6.89508624419e-06
6.87122701493e-06
6.84591395839e-06
6.8229264798e-06
6.79906725054e-06
6.77317302689e-06
6.75018645779e-06
6.72545502312e-06
6.70101462674e-06
6.67715630698e-06
6.65417019263e-06
6.63060291117e-06
6.6064535531e-06
6.58201361148e-06
6.5601921051e-06
6.5372064455e-06
6.51451227895e-06
6.49094545224e-06
6.46912349112e-06
6.44526608085e-06
6.42402619633e-06
6.40075040792e-06
6.37863831798e-06
6.35710784991e-06
6.33615945844e-06
6.31492002867e-06
6.29222677162e-06
6.27127792541e-06
6.24974882157e-06
6.22821880825e-06
6.20697983322e-06
6.18661351837e-06
6.16624720351e-06
6.1458813434e-06
6.12464236838e-06
6.10340430285e-06
6.08303844274e-06
6.06325420449e-06
6.04230672252e-06
6.02106911174e-06
6.00215753366e-06
5.9817921283e-06
5.9622993831e-06
5.9428066379e-06
5.92215064898e-06
5.90236777498e-06
5.88432885706e-06
5.86454507356e-06
5.84505323786e-06
5.82526990911e-06
5.80606865697e-06
5.78715844313e-06
5.76795719098e-06
5.74991918256e-06
5.73071793042e-06
5.71093551116e-06
5.69318854104e-06
5.67515098737e-06
5.6571134337e-06
5.63878529647e-06
5.62016612093e-06
5.60183752896e-06
5.58321880817e-06
5.56518170924e-06
5.54714461032e-06
5.52881692784e-06
5.51048924535e-06
5.49419655727e-06
5.47645095139e-06
5.46015871805e-06
5.44212207387e-06
5.42524867342e-06
5.40808468941e-06
5.39062966709e-06
5.37317464477e-06
5.35601066076e-06
5.33942829861e-06
5.32342801307e-06
5.30655461262e-06
5.29026328877e-06
5.2728087212e-06
5.25680843566e-06
5.2399359447e-06
5.22451682627e-06
5.20822550243e-06
5.19193463333e-06
5.17535318068e-06
5.15906231158e-06
5.14335306434e-06
5.12822543897e-06
5.11135340275e-06
5.09622532263e-06
5.07935374117e-06
5.06393553223e-06
5.04880836161e-06
5.03339015268e-06
5.01884460391e-06
5.00226315125e-06
4.98742701893e-06
4.9722998483e-06
4.95775429954e-06
4.94291771247e-06
4.92866365676e-06
4.91382752443e-06
4.89840977025e-06
4.88328305437e-06
4.86961016577e-06
4.85506507175e-06
4.83993881062e-06
4.8253937166e-06
4.81143069919e-06
4.79688560517e-06
4.78263109471e-06
4.76954028272e-06
4.75557681057e-06
4.74190483146e-06
4.72765077575e-06
4.71485100206e-06
4.70088752991e-06
4.6872155508e-06
4.67208974442e-06
4.65899893243e-06
4.64619915874e-06
4.63223659608e-06
4.61885520053e-06
4.60518322143e-06
4.59238390249e-06
4.57900296169e-06
4.56562202089e-06
4.55195004179e-06
4.53885968454e-06
4.52547874374e-06
4.51326104667e-06
4.49929893875e-06
4.48649961982e-06
4.47428192274e-06
4.46177318736e-06
4.44955594503e-06
4.43646604253e-06
4.4239577619e-06
4.41203155788e-06
4.3995228225e-06
4.38643337475e-06
4.37450626123e-06
4.36316167907e-06
4.35036326962e-06
4.33843661085e-06
4.32650995208e-06
4.31458374806e-06
4.30207546742e-06
4.28985867984e-06
4.27822305937e-06
4.26629685535e-06
4.25378902946e-06
4.24215386374e-06
4.2296464926e-06
4.21830145569e-06
4.20753849539e-06
4.19561229137e-06
4.18484933107e-06
4.17379578721e-06
4.16245165979e-06
4.15081649408e-06
4.13947236666e-06
4.12870940636e-06
4.11620203522e-06
4.10573011322e-06
4.09496760767e-06
4.08304140365e-06
4.07169727623e-06
4.06064373237e-06
4.05017226512e-06
4.03795593229e-06
4.02748401029e-06
4.01672195949e-06
4.00595945393e-06
3.99519694838e-06
3.98443444283e-06
3.97454459744e-06
3.96349150833e-06
3.95331062464e-06
3.94371136281e-06
3.9326582737e-06
3.92189622289e-06
3.91142475564e-06
3.90182549381e-06
3.89193610317e-06
3.88233684134e-06
3.87128375223e-06
3.86139436159e-06
3.8512143874e-06
3.84161512557e-06
3.83201677323e-06
3.82183679903e-06
3.81107474823e-06
3.80118535759e-06
3.79158655051e-06
3.78256936528e-06
3.77355240744e-06
3.76424463866e-06
3.75580930267e-06
3.74475666831e-06
3.73544889953e-06
3.7258505472e-06
3.71683381672e-06
3.70723523702e-06
3.69850886273e-06
3.68891051039e-06
3.68018436347e-06
3.67029520021e-06
3.66156905329e-06
3.65255255019e-06
3.64295419786e-06
3.63393724001e-06
3.62462969861e-06
3.61619458999e-06
3.60746889783e-06
3.59874252354e-06
3.58943520951e-06
3.58070928996e-06
3.57256499228e-06
3.56296663995e-06
3.5554041915e-06
3.54609710485e-06
3.5373711853e-06
3.52835445483e-06
3.52050096808e-06
3.51177527591e-06
3.50304958374e-06
3.49548690792e-06
3.48647040482e-06
3.47745390172e-06
3.46931005879e-06
3.46116576111e-06
3.45244006894e-06
3.44342379321e-06
3.43440729011e-06
3.42655403074e-06
3.41840996043e-06
3.40852102454e-06
3.40037718161e-06
3.39281473316e-06
3.38408881362e-06
3.37478195434e-06
