0.800260663033
0.771143019199
0.744330883026
0.720152199268
0.699271023273
0.682328224182
0.668260514736
0.654923379421
0.642059862614
0.629671096802
0.61804497242
0.607878148556
0.598582625389
0.589394152164
0.580051422119
0.570361316204
0.559919536114
0.548173546791
0.534953474998
0.521374046803
0.508835613728
0.4970010221
0.48503357172
0.472683638334
0.460006773472
0.447091072798
0.434053212404
0.421166837215
0.408502131701
0.39618486166
0.38445597887
0.372855067253
0.361289709806
0.349818080664
0.338442444801
0.327218621969
0.316164195538
0.305287718773
0.294592142105
0.284111648798
0.273839443922
0.263723492622
0.253756344318
0.243940070271
0.234283357859
0.224791422486
0.215511083603
0.206455156207
0.197655558586
0.189148381352
0.180968537927
0.173170849681
0.165776923299
0.158801719546
0.1522397995
0.14612968266
0.140474230051
0.135233566165
0.130460202694
0.126160115004
0.122349314392
0.11897791177
0.116006143391
0.113398425281
0.111123628914
0.109139807522
0.107417754829
0.105929456651
0.104651503265
0.103564940393
0.102638468146
0.10184584558
0.101163119078
0.100572280586
0.100059963763
0.0996209084988
0.0992499813437
0.0989291146398
0.0986497625709
0.0984050109982
0.0981883555651
0.0981683805585
0.0981488227844
0.0981295853853
0.0981107205153
0.0980921462178
0.0980738699436
0.0980558991432
0.0980381816626
0.0980208590627
0.0980039089918
0.0979871600866
0.097970597446
0.0979541987181
0.0979379341006
0.0979217886925
0.0979057475924
0.0978898108006
0.0978739261627
0.0978581309319
