0.448780477047
0.434146344662
0.463414639235
0.517073154449
0.47804877162
0.517073154449
0.512195110321
0.47804877162
0.56097561121
0.517073154449
0.512195110321
0.551219522953
0.59024387598
0.575609743595
0.575609743595
0.565853655338
0.585365831852
0.595121979713
0.59024387598
0.56097561121
0.585365831852
0.600000023842
0.585365831852
0.580487787724
0.570731699467
0.585365831852
0.56097561121
0.600000023842
0.585365831852
0.580487787724
0.619512200356
0.600000023842
0.585365831852
0.595121979713
0.60487806797
0.619512200356
0.600000023842
0.600000023842
0.634146332741
0.585365831852
0.629268288612
0.614634156227
0.624390244484
0.609756112099
0.609756112099
0.634146332741
0.648780465126
0.609756112099
0.624390244484
0.624390244484
0.643902420998
0.648780465126
0.60487806797
0.639024376869
0.634146332741
0.668292701244
0.624390244484
0.629268288612
0.629268288612
0.609756112099
0.658536612988
0.643902420998
0.643902420998
0.658536612988
0.643902420998
0.639024376869
0.653658509254
0.614634156227
0.639024376869
0.648780465126
0.634146332741
0.629268288612
0.668292701244
0.658536612988
0.629268288612
0.634146332741
0.668292701244
0.653658509254
0.643902420998
0.653658509254
0.692682921886
0.668292701244
0.648780465126
0.663414657116
0.697560966015
0.687804877758
0.707317054272
0.707317054272
0.731707334518
0.687804877758
0.678048789501
0.707317054272
0.697560966015
0.692682921886
0.692682921886
0.687804877758
0.731707334518
0.68292683363
0.741463422775
0.736585378647
0.687804877758
0.751219511032
0.765853643417
0.751219511032
0.702439010143
0.687804877758
0.707317054272
0.72682929039
0.717073142529
0.746341466904
0.678048789501
0.751219511032
0.736585378647
0.746341466904
0.775609731674
0.692682921886
0.765853643417
0.765853643417
0.780487775803
0.746341466904
0.756097555161
0.707317054272
0.741463422775
0.736585378647
0.721951246262
0.804878056049
0.736585378647
0.760975599289
0.741463422775
0.756097555161
0.775609731674
0.800000011921
0.760975599289
0.760975599289
0.775609731674
0.741463422775
0.765853643417
0.746341466904
0.790243923664
0.770731687546
0.795121967793
0.746341466904
0.775609731674
0.731707334518
0.775609731674
0.780487775803
0.741463422775
0.780487775803
0.795121967793
0.819512188435
0.824390232563
0.775609731674
0.765853643417
0.800000011921
0.814634144306
0.819512188435
0.814634144306
0.760975599289
0.83414632082
0.814634144306
0.814634144306
0.83414632082
0.824390232563
0.795121967793
0.824390232563
0.800000011921
0.785365879536
0.780487775803
0.824390232563
0.829268276691
0.843902468681
0.824390232563
0.804878056049
0.800000011921
0.800000011921
0.785365879536
0.780487775803
0.780487775803
0.814634144306
0.829268276691
0.804878056049
0.775609731674
0.819512188435
0.863414645195
0.843902468681
0.839024364948
0.839024364948
0.814634144306
0.83414632082
0.814634144306
0.814634144306
0.785365879536
0.809756100178
0.819512188435
0.839024364948
0.809756100178
0.814634144306
0.795121967793
0.83414632082
0.795121967793
