0.693777740002
0.69290304184
0.691707134247
0.690646111965
0.688943088055
0.686499774456
0.682374238968
0.678026139736
0.673749685287
0.666404008865
0.65893894434
0.648435294628
0.639109969139
0.626883804798
0.613948523998
0.599911749363
0.584139108658
0.570481598377
0.55256062746
0.53201931715
0.515494644642
0.495116919279
0.474047333002
0.451103419065
0.434385210276
0.41801661253
0.401271313429
0.382917374372
0.374129951
0.358530372381
0.342960476875
0.331866800785
0.31432929635
0.310140818357
0.295563071966
0.288052290678
0.273708850145
0.267500519753
0.255396723747
0.250243425369
0.243284955621
0.234699323773
0.2310449332
0.219242200255
0.209755465388
0.204259380698
0.199976220727
0.194026559591
0.184599846601
0.178603380919
0.172044366598
0.166745707393
0.157958433032
0.152782961726
0.146068364382
0.140108451247
0.135359913111
0.129390195012
0.123474694788
0.117933794856
0.111564002931
0.107475116849
0.103150755167
0.0964779704809
0.0940506458282
0.0859298706055
0.0833070501685
0.0780399367213
0.0744783878326
0.069843403995
0.064460746944
0.0615846738219
0.0571043528616
0.0536477863789
0.0503288954496
0.0471789389849
0.0442561283708
0.042333483696
0.0401170924306
0.0377468578517
0.0352154374123
0.0330204851925
0.0307171754539
0.0283887349069
0.0269053950906
0.0260651893914
0.0238538887352
0.0222685411572
0.0216420423239
0.0198490004987
0.0187138970941
0.0179362744093
0.0169599317014
0.0157202258706
0.0148383211344
0.0143435392529
0.013977130875
0.0191354360431
0.0119399270043
0.0121484966949
0.0117854513228
0.0103406030685
0.0100590977818
0.0104258777574
0.00935696717352
0.00910335499793
0.00869259610772
0.00801506731659
0.00795551668853
0.00795197114348
0.00730151077732
0.00692895427346
0.00672109052539
0.00645441794768
0.00671569956467
0.00618143798783
0.00626127887517
0.00568897882476
0.00566004216671
0.00746104586869
0.00513624818996
0.00516127981246
0.0052171102725
0.004635526333
0.00521714566275
0.00436477828771
0.00437259394675
0.00525490893051
0.00425207521766
0.00441884249449
0.00390587723814
0.00402760086581
0.00432928977534
0.00396551983431
0.0035357917659
0.0034206379205
0.00339304911904
0.00323607213795
0.00312593718991
0.00303991767578
0.00294705736451
0.00320475245826
0.00368396542035
0.00283464579843
0.00273195537739
0.00290405238047
0.00263619539328
0.00896401144564
0.00259763817303
0.00244903774001
0.00391970947385
0.00245995516889
0.00237690494396
0.00245557352901
0.00234304810874
0.00231021852233
0.00237483019009
0.00387172750197
0.0021887330804
0.00218952074647
0.00204552058131
0.00208079651929
0.0034316170495
0.001958621433
0.00189893087372
0.00220976327546
0.00183355924673
0.00181274604984
0.00177524087485
0.00174489733763
0.00197217380628
0.00171298196074
0.00306993490085
0.00208464241587
0.00280555058271
0.00191206869204
0.00158766913228
0.00161220738664
0.00161615887191
0.00196616980247
0.00149231136311
0.00172513525467
0.00148342270404
0.00162782112602
0.00188431097195
0.00229550595395
0.00159109884407
0.00138869404327
0.00136856175959
0.00203837966546
0.00131507241167
0.00131779909134
0.00129419879522
0.00126311904751
0.00187559099868
0.00123155803885
0.00124277733266
0.00122993986588
0.00120970525313
0.00120310194325
0.00130280805752
0.0011710957624
0.00144605187234
0.0011037744116
0.00120678334497
0.0016090007266
0.0011711337138
0.00415178807452
0.00105123000685
0.00111413572449
0.00101292552426
0.00102773855906
0.00210159271955
0.0011624074541
0.00111856113654
0.000998911680654
0.000950220273808
0.00095934222918
0.00109044555575
0.00139849155676
0.00101139117032
0.000931807677262
0.000983478385024
0.00118749088142
0.00125635857694
0.00105729105417
0.00167783501092
0.000948307453655
0.000935909163672
0.0013743074378
0.00084338436136
0.000828053045552
0.000806529831607
0.000807289092336
0.00130014773458
0.000788919511251
0.000782263989095
0.000787057389971
0.000769979844335
0.00077758054249
0.00120125280228
0.00075980310794
0.000731169478968
0.000977223389782
0.000800324778538
0.000844633148517
0.00081497390056
0.00144217046909
0.000731055042706
0.000727544887923
0.000697199720889
0.000786529562902
0.000699033669662
0.000693627516739
0.000691264751367
0.00094600598095
0.000908454530872
0.000748437945731
0.000648178393021
0.00177667534444
0.000634691270534
0.0006366512971
0.000661419238895
0.000645878200885
0.0208765044808
0.00186413328629
0.000637736113276
0.00154313957319
0.000620607286692
0.00213123927824
0.000724190904293
0.000891604227945
0.000577995437197
0.000584567955229
0.0102299479768
0.000954219722189
0.00071319041308
0.000734913686756
0.00167589727789
0.000662825244945
0.000735973007977
0.000764036900364
0.000772964733187
0.00116628571413
0.00193658052012
0.00409159110859
0.000538629945368
0.000989577150904
0.00135734200012
0.000547991192434
0.000675000890624
0.0168764330447
0.000863407854922
0.000492204737384
0.000571787939407
0.000490773934871
0.000525642710272
0.000485129945446
0.000564826652408
0.000481795752421
0.000494085310493
0.000499077374116
0.000475408160128
0.000873676966876
0.000549665885046
0.000656432588585
0.00052354921354
0.000959465687629
0.000450282241218
0.00064449995989
0.000692370755132
0.000984465470538
0.000622683030088
0.000482498173369
0.000494862499181
0.000449151237262
0.0035755133722
0.000432600965723
0.000418712734245
0.000559872016311
0.000407557265135
0.000456443871371
0.000433933804743
0.00113617244642
0.000607208989095
0.000440502131823
0.00050950871082
0.000410029955674
0.000390129629523
0.000414380570874
0.00109103089198
0.00361608131789
0.000410542823374
0.000879450235516
0.000371737696696
0.000388391054003
0.000384913757443
0.000380850280635
0.0011623915052
0.000375633040676
0.0051517765969
0.00047815812286
0.000365126063116
0.000376178970328
0.0028704542201
0.000397221418098
0.000353986019036
0.000349110807292
0.000349965179339
0.000682821788359
0.000467395992018
0.0130893336609
0.000344283849699
0.000353230570909
0.000333613803377
0.000430227024481
0.000330161041347
0.000333325588144
0.000343955733115
0.000418394600274
0.000470480677905
0.00615718495101
0.000372019858332
0.00034531779238
0.0031456972938
0.00036565749906
0.000910629169084
0.00148130988237
0.000321737868944
0.000316131336149
0.000322605774272
0.000299675593851
0.000367438653484
0.000348642119206
0.000294163270155
0.00243364740163
0.000308204529574
0.000306895002723
0.000302119035041
0.000297558028251
0.000780189409852
0.000285211484879
0.00121724419296
0.000861968088429
0.000346479355358
0.000293964520097
0.000688116240781
0.000294498255244
0.000305556168314
0.000680729106534
0.000539347180165
0.000291136966553
0.000299043575069
0.000431547377957
0.00074764911551
0.0162837095559
0.000259511958575
0.00230580964126
0.000334521260811
0.000707799568772
0.00160941667855
0.00031207074062
0.000590698036831
0.000684027618263
0.00137493060902
0.000563554815017
0.0109042311087
0.000279093394056
0.000252467463724
0.000904759974219
0.00032541033579
0.000677170639392
0.000446577032562
0.000248306343565
0.000238423861447
0.00470705283806
0.000911286100745
0.000255481747445
0.000264189147856
0.00089926639339
0.000435388705228
0.000240209061303
0.000260822445853
0.000229075201787
0.000575575220864
0.000243238566327
0.00108152709436
0.000258132844465
0.000230808233027
0.000230995530728
0.000263262656517
0.000248051539529
0.000213881925447
0.000228188786423
0.000212592509342
0.000242853653617
0.00199901266024
0.000261666747974
0.000256761588389
0.000553354911972
0.000206235417863
0.000265168840997
0.000952278845944
0.000231913974858
0.000240949506406
0.000427708175266
0.000254688347923
0.000206350232475
0.000308525748551
0.000201670933166
0.000214998144656
0.00118531682529
0.000293816556223
0.00185055658221
0.000193058280274
0.00028274874785
0.000233143393416
0.000194971697056
0.000253208883805
0.000215835301788
0.00865401607007
0.000361476180842
0.00018824833387
0.000403148267651
0.000312174321152
0.000866034533828
0.000242570036789
0.00222706398927
0.000190276827198
0.00107549561653
0.000354229385266
0.000338183890563
0.0131379431114
0.000678203359712
0.000922008068301
0.0001848484535
0.000386818195693
0.000450842635473
0.000169904946233
0.000413382716943
0.000367577915313
0.00104135996662
0.00111021392513
0.00118840346113
0.000872959615663
0.00844383891672
0.00129201519303
0.000171939464053
0.000411165703554
0.000203577670618
0.000163260207046
0.000178852526005
0.000782164861448
0.000185364668141
0.000187052821275
0.000175337845576
0.00121656816918
0.00153209932614
0.000173534921487
0.000241950838245
0.00994131527841
0.000260509492364
0.000208666431718
0.000352037401171
0.000285799411358
0.000166557802004
0.000235663857893
0.000411733839428
0.000157250411576
0.000225582974963
0.000267053022981
0.0254060272127
0.00101025297772
0.000145360507304
0.000448732113
0.000161084390129
0.000149764353409
0.000154199035023
0.000359164143447
0.000145407568198
0.000172438987647
0.000149293351569
0.000186990349903
0.000169993960299
0.00036727837869
0.000156308335136
0.000353421783075
0.000176599554834
0.000194633903448
0.000144998630276
0.00186927348841
0.000996613875031
0.000439983821707
0.00014524506696
0.000168455968378
0.000211948223296
0.000149624524056
0.000276277016383
0.00235122209415
0.000327144458424
0.000140799704241
0.000161263014888
0.0093909567222
0.000152108259499
0.000199540692847
0.00183506181929
0.000179425915121
0.000142677716212
0.000238743348746
0.000169686361915
0.000180384813575
0.00312638911419
0.000171250838321
0.000174896907993
0.000139437921462
0.000171539111761
0.000182471849257
0.0001386499207
0.0164622087032
0.00013637621305
0.000133891953737
0.000212829036172
0.000144702309626
0.000126420884044
0.000135750262416
0.000141873766552
0.000254121143371
0.0111529538408
0.000344976084307
0.000486729928525
0.000192787410924
0.00598522275686
0.000126978062326
0.000661377038341
0.00014088122407
0.000163748627529
0.000145902187796
0.000132949193357
0.000331745104631
0.00017293120618
0.000149398518261
0.000643981155008
0.000271431548754
0.00347912940197
0.0362786091864
0.00504339626059
0.000130897227791
0.00352387316525
0.000138749877806
0.00175373186357
0.000253990176134
0.000201941918931
0.000127676947159
0.000154783818289
0.000129065650981
0.000192818959476
0.000141631709994
0.000237573578488
0.000143550685607
0.000347643042915
0.000339023798006
0.000392596615711
0.00204050145112
0.000217241322389
0.000160625699209
0.000179858252523
0.000152668435476
0.000316073244903
0.000143880170071
0.000149580344441
0.000481947528897
0.00677965022624
0.000395362818381
0.000181891242391
0.000129402877064
0.000165360354003
0.000127247942146
0.000392935879063
0.000159261573572
0.000593849981669
0.000164812328876
0.000219900961383
0.000214978310396
0.000174263914232
0.000200414870051
0.000198778303456
0.000130157786771
0.000132914879941
0.000123490288388
0.000155429472215
0.000756464491133
0.000220361514948
0.000182993200724
0.0268834866583
0.0070676500909
0.000137322800583
0.000217672932195
0.000499242276419
0.0193866752088
0.00736581580713
0.000130401182105
0.000111986722914
0.000145385580254
0.000139969764859
0.000142375967698
0.000655975716654
0.000132168468554
0.000276604725514
0.000125249498524
0.000142021497595
0.00088304374367
0.000156735171913
0.00412015151232
0.000229178767768
0.000103381782537
0.000215271618799
0.000762236712035
0.000134140587761
0.00010841225594
0.000129693042254
0.000552631216124
0.000585437926929
0.000408560765209
0.000153554283315
0.000278683583019
0.000123176418128
0.00348465680145
0.000124407248222
0.0158374719322
0.000106567436887
0.000108218016976
0.000112692323455
0.000416107679484
0.000122645491501
0.000143752607983
0.00016711432545
0.000105155493657
0.000118058371299
0.00136913522147
0.000124230966321
0.000103319202026
0.000146014950587
0.000184969932889
0.000102741083538
0.000108936990728
0.000802323920652
0.000544622656889
0.000169293038198
0.000106321422209
0.000277020066278
0.000125635284348
0.000151544358232
0.000218765620957
0.00019027783128
0.000111102170194
0.000162672542501
0.000144818463014
0.000104254300823
0.000124960162793
0.000124877115013
0.000113292437163
0.000419036427047
0.000106804392999
0.000105622180854
0.000230952893617
0.000773025269154
0.000108370230009
0.000107628155092
0.000103136604594
0.000120441436593
0.000199612317374
0.000117239040264
0.000208200945053
0.000147904662299
0.000101226367406
0.000204128809855
0.000116122057079
0.000165111196111
0.000141136028105
0.000111664914584
0.000132966655656
0.00252261082642
0.000114022230264
0.000106810053694
0.000123369332869
0.00015345212887
0.000121803197544
0.000117218340165
0.000167574806255
0.0026025515981
0.000128219282487
0.000138261151733
0.000105466868263
0.000116894458188
0.000396689254558
0.000105297076516
0.000423056975706
0.000624851556495
0.000128231011331
0.000126939514303
0.000230834630202
0.00011571709183
0.00010388224473
0.000101714889752
0.00012554199202
0.00312992953695
0.000296609912766
0.000108278341941
9.85253063845e-05
0.000198327325052
0.000104525192
0.000221524838707
0.00387857947499
0.000132476285216
0.000103684142232
0.0001080669972
0.0011735301232
0.000143639699672
0.000119067713968
0.000115623915917
0.0007313657552
0.000126584694954
0.000199709102162
0.000110283908725
0.000108350446681
0.000612724456005
0.000140433738125
0.000215487583773
0.000253817735938
0.000133922207169
0.000122526558698
0.000108448504761
0.000100538723927
0.000159677059855
0.000163947741385
0.000110940323793
0.000115735412692
0.000118014526379
0.000128678511828
0.000124209298519
0.000106032617623
0.000105785220512
0.000100210418168
0.000189829821466
0.000631457078271
0.000116756476928
0.000135342037538
0.000110360619146
0.000134300280479
0.00022064409859
0.000127705410705
0.000101481724414
0.000593266275246
0.000100039396784
0.000116316667118
0.000101831872598
0.000122536628623
0.000103536869574
0.000116527560749
0.000231920668739
