0.701248526573
0.697682321072
0.697688698769
0.696488618851
0.694087684155
0.693651914597
0.693966448307
0.693361759186
0.69315558672
0.693066477776
0.692850649357
0.690365850925
0.689983785152
0.69186013937
0.690134108067
0.690297484398
0.68992716074
0.689744889736
0.688507199287
0.689585924149
0.687968611717
0.685651481152
0.686625659466
0.686735570431
0.686800301075
0.686283707619
0.686312198639
0.68604940176
0.685284435749
0.684260725975
0.685026526451
0.685171127319
0.684122383595
0.684149861336
0.687918663025
0.68325650692
0.682652831078
0.684199094772
0.682435572147
0.684406638145
0.684967279434
0.684595346451
0.679960250854
0.684044957161
0.681454122066
0.68097615242
0.679855704308
0.677554249763
0.683032155037
0.679524958134
0.679028689861
0.676347076893
0.679416418076
0.674978852272
0.678827047348
0.677230775356
0.678757250309
0.679972946644
0.675422787666
0.67683172226
0.679995954037
0.679865717888
0.676597952843
0.672393679619
0.672909617424
0.675379633904
0.672707974911
0.670878946781
0.675288975239
0.672239661217
0.672909200191
0.674517095089
0.673111498356
0.668182075024
0.66943603754
0.668722033501
0.665079832077
0.666507482529
0.660142123699
0.665162920952
0.665055632591
0.661280214787
0.656199395657
0.663185238838
0.658561587334
0.658733069897
0.656834304333
0.662059724331
0.651348650455
0.665092229843
0.657921850681
0.65596061945
0.658555924892
0.656087458134
0.647194981575
0.64890897274
0.649189114571
0.640579342842
0.641962409019
0.636635959148
0.655890643597
0.644499242306
0.635082483292
0.646238982677
0.634240865707
0.641899883747
0.638359427452
0.630864739418
0.632480978966
0.625319421291
0.643282532692
0.622439026833
0.628395617008
0.627435445786
0.625761032104
0.638382256031
0.62705630064
0.631815075874
0.622709095478
0.620507717133
0.613782942295
0.63197696209
0.620674610138
0.619732141495
0.636992156506
0.617582380772
0.620850920677
0.614066243172
0.603595852852
0.614217936993
0.618726968765
0.606338202953
0.608659386635
0.626533746719
0.59495818615
0.6037119627
0.623396337032
0.603382468224
0.609451472759
0.619942307472
0.61257737875
0.623590648174
0.630720853806
0.603468537331
0.594952702522
0.618451535702
0.618864536285
0.595747768879
0.609435200691
0.620282530785
0.598651945591
0.633989274502
0.603303015232
0.606228113174
0.572062253952
0.579242289066
0.597680866718
0.622942149639
0.590785205364
0.584138333797
0.590679645538
0.596747100353
0.592538177967
0.618885993958
0.569843351841
0.591663479805
0.58995527029
0.587218165398
0.585142731667
0.597433328629
0.588926076889
0.605889260769
0.585874438286
0.609994292259
0.583385586739
0.571097791195
0.588472366333
0.601353764534
0.586612820625
0.577142834663
0.577556729317
0.579414486885
0.591572880745
0.593004643917
0.559400558472
0.582186579704
0.596768558025
0.593282699585
0.588877558708
0.558501303196
0.559317290783
0.564381241798
0.599987924099
0.571669518948
0.585747301579
0.584293663502
0.568494021893
0.569309651852
0.587281405926
0.552179157734
0.594398856163
0.582093834877
0.587699890137
0.589001774788
0.567358613014
0.572870075703
0.574522435665
0.575936615467
0.593648552895
0.570495784283
0.568409979343
0.544738352299
0.565560281277
0.554698884487
0.538905382156
0.571022391319
0.551865637302
0.567088603973
0.560926735401
0.593969464302
0.576682925224
0.563456058502
0.552997887135
0.546291768551
0.582717359066
0.568483054638
0.57638913393
0.578711986542
0.575352191925
0.568243801594
0.572621285915
0.557539582253
0.535386025906
0.552089691162
0.547733366489
0.529620528221
0.561083972454
0.522048175335
0.569354116917
0.556854367256
0.549347162247
0.529047787189
0.576710879803
0.574597895145
0.590694248676
0.548729896545
0.551052987576
0.529390871525
0.568442463875
0.575378000736
0.570813894272
0.551701307297
0.549104511738
0.552250266075
0.557749092579
0.551848053932
0.567037582397
0.545167863369
0.554031968117
0.551814734936
0.578469276428
0.541344225407
0.540541112423
0.544268846512
0.535545170307
0.545700192451
0.524498164654
0.545358777046
0.538657128811
0.543764054775
0.513203680515
0.538567960262
0.562236368656
0.562332808971
0.527443110943
0.546563327312
0.534939527512
0.555024087429
0.535619139671
0.533488631248
0.526298165321
0.5743085742
0.545725286007
0.548412501812
0.515627741814
0.524134516716
0.531471788883
0.531976819038
0.521713674068
0.556360960007
0.54952454567
0.519387185574
0.537835240364
0.582112371922
0.542160391808
0.543912410736
0.543220043182
0.543305337429
0.526094555855
0.520262956619
0.526520013809
0.578543186188
0.553740501404
0.526448369026
0.534382283688
0.551798582077
0.539487600327
0.544623017311
0.559226334095
0.539215922356
0.566897809505
0.528572022915
0.518567144871
0.522072792053
0.542792201042
0.522368729115
0.534089386463
0.530444800854
0.565064787865
0.540248274803
0.534902155399
0.546378672123
0.51196449995
0.541707992554
0.526941299438
0.540341615677
0.543140888214
0.551539123058
0.500444591045
0.512236297131
0.513747990131
0.538731336594
0.535677134991
0.544057667255
0.507888376713
0.539102017879
0.531827926636
0.51322388649
0.530282616615
0.516672134399
0.535560786724
0.544969797134
0.52958959341
0.563843071461
0.493951797485
0.489484906197
0.487097471952
0.559442877769
0.510322213173
0.525037229061
0.505555391312
0.508684158325
0.483550548553
0.533198058605
0.513616144657
0.529400110245
0.530127704144
0.511421084404
0.480818539858
0.547926723957
0.527648389339
0.475652247667
0.516492068768
0.54545289278
0.506859064102
0.536494851112
0.488187044859
0.537498354912
0.535667359829
0.514323651791
0.479015856981
0.493098139763
0.509964644909
0.550807535648
0.513701438904
0.512100100517
0.48328050971
0.502044558525
0.508436262608
0.499994367361
0.54509806633
0.505897164345
0.499277621508
0.511377871037
0.526828944683
0.500314474106
0.505435824394
0.492254793644
0.499544292688
0.493379294872
0.530177354813
0.516463696957
0.499475866556
0.522434592247
0.530518889427
0.480429440737
0.506269037724
0.49868246913
0.497400522232
0.514896988869
0.533014297485
0.513265013695
0.466970145702
0.509357452393
0.504677355289
0.50210160017
0.527174949646
0.513833165169
0.49246931076
0.530362665653
0.473789423704
0.516642153263
0.500298559666
0.503065764904
0.541515171528
0.500936985016
0.481772661209
0.485232383013
0.478619486094
0.525941669941
0.530781030655
0.458263874054
0.494856119156
0.495153367519
0.479809880257
0.478467553854
0.471545696259
0.533469557762
0.502500653267
0.510852694511
0.481493800879
0.493085086346
0.470209300518
0.515926420689
0.499252915382
0.496417909861
0.489434599876
0.484811067581
0.470194965601
0.503570616245
0.483841240406
0.485215038061
0.488212108612
0.505626022816
0.479412347078
0.474721759558
0.510818719864
0.475227087736
0.510589540005
0.501940965652
0.478814095259
0.482584953308
0.495982259512
0.527073025703
0.502528429031
0.477355092764
0.52816337347
0.513996243477
0.496942400932
0.480558514595
0.512916207314
0.493847668171
0.505210578442
0.461345911026
0.498675972223
0.48912730813
0.504618763924
0.502426624298
0.486805468798
0.501369297504
0.44467869401
0.489991933107
0.491378813982
0.455190658569
0.479791402817
0.519531190395
0.496276646852
0.485297083855
0.493146210909
0.465825885534
0.496261000633
0.460945099592
0.480570286512
0.488614886999
0.458321422338
0.455387622118
0.478247523308
0.469074606895
0.496526658535
0.491572350264
0.480340510607
0.48269996047
0.473990738392
0.487440496683
0.499178767204
0.455149441957
0.473192662001
0.496151208878
0.464345484972
0.473396778107
0.485014468431
0.477176040411
0.4835113585
0.475841194391
0.474837601185
0.499081343412
0.486837178469
0.490660220385
0.472718089819
0.45690998435
0.46389234066
0.459621995687
0.471173852682
0.468693941832
0.493957489729
0.509863495827
0.513495326042
0.494645565748
0.466825634241
0.446113109589
0.468683749437
0.497036159039
0.490554481745
0.432750493288
0.493863582611
0.465639650822
0.454775154591
0.449115216732
0.485830456018
0.486943423748
0.44659563899
0.482248812914
0.493295401335
0.495415538549
0.458650767803
0.465283274651
0.472372293472
0.478788822889
0.455952763557
0.447317421436
0.418782800436
0.505238890648
0.515357196331
0.475412577391
0.508895933628
0.488298892975
0.41721495986
0.465811342001
0.539530992508
0.490384727716
0.406997680664
0.461946427822
0.459122300148
0.475334227085
0.471921533346
0.423371464014
0.452465683222
0.48125743866
0.494903415442
0.523401200771
0.457597672939
0.400757342577
0.430019915104
0.439982116222
0.485328406096
0.475394457579
0.519144177437
0.447828412056
0.460563004017
0.488766103983
0.453595578671
0.443409383297
0.453970938921
0.440726906061
0.429209113121
0.415891766548
0.476536810398
0.415244191885
0.463700592518
0.474766343832
0.477985501289
0.472760379314
0.44945192337
0.481672942638
0.421560525894
0.467947304249
0.462868839502
0.451489925385
0.427547395229
0.465378910303
0.446487545967
0.487708419561
0.472742080688
0.422796487808
0.51847499609
0.446132838726
0.452707499266
0.449459314346
0.461516320705
0.465910375118
0.438587576151
0.48667538166
0.440473169088
0.424248486757
0.493250668049
0.409596592188
0.457797288895
0.427478164434
0.38553160429
0.463092595339
0.468623548746
0.467329382896
0.449609398842
0.476943939924
0.437166690826
0.464175850153
0.442447394133
0.447874486446
0.457475394011
0.438302874565
0.458732038736
0.514950990677
0.448629975319
0.48232999444
0.430707722902
0.467948555946
0.44573751092
0.438748836517
0.410866290331
0.441571950912
0.452122747898
0.438078939915
0.470482438803
0.457573086023
0.47940531373
0.500906288624
0.457863301039
0.452821910381
0.43245691061
0.467053383589
0.433948487043
0.46120852232
0.480021715164
0.447263360023
0.451811879873
0.45612514019
0.448418289423
0.429394185543
0.447888791561
0.40662971139
0.45623973012
0.429205238819
0.467561602592
0.41224950552
0.447578161955
0.427901774645
0.436861485243
0.48875272274
0.458525002003
0.493958890438
0.452580571175
0.438379585743
0.410739421844
0.439110815525
0.444240808487
0.434090435505
0.453009068966
0.412032335997
0.507647871971
0.47431704402
0.461321204901
0.440371245146
0.430284649134
0.474198579788
0.448926478624
0.394255250692
0.466494590044
0.463384449482
0.435916662216
0.49208933115
0.414108425379
0.430546611547
0.484278827906
0.400185644627
0.452166199684
0.459273248911
0.464969009161
0.421988278627
0.432057231665
0.446421921253
0.433095425367
0.482705622911
0.415321499109
0.414915829897
0.417993694544
0.44890627265
0.453666985035
0.49276933074
0.481108695269
0.438680291176
0.417595118284
0.457707434893
0.404168486595
0.441925048828
0.444885194302
0.475455224514
0.440246760845
0.461220860481
0.420328944921
0.406434804201
0.454314023256
0.451003372669
0.450073748827
0.40034109354
0.39247405529
0.430145144463
0.43294391036
0.412784188986
0.401662766933
0.444781303406
0.429733127356
0.477838307619
0.452038288116
0.441722154617
0.431578636169
0.456478655338
0.458039075136
0.425876259804
0.415061026812
0.441602379084
0.418253302574
0.451157540083
0.425835072994
0.479525417089
0.458593040705
0.413645863533
0.424204021692
0.425819694996
0.47010743618
0.436494886875
0.377534270287
0.433897078037
0.444634199142
0.458529144526
0.442967385054
0.427577644587
0.378036946058
0.443787992001
0.411999017
0.421820372343
0.396321207285
0.408744633198
0.422412455082
0.383776217699
0.446313709021
0.479829251766
0.435403466225
0.444589912891
0.429653555155
0.434716582298
0.383218616247
0.392051815987
0.43469581008
0.450723141432
0.394007056952
0.484558999538
0.411396116018
0.416655451059
0.446756660938
0.442598193884
0.431013226509
0.452870666981
0.414805859327
0.384218990803
0.430460333824
0.429377496243
0.409145891666
0.39638993144
0.414425313473
0.413132369518
0.456523627043
0.4156011343
0.383439958096
0.413219481707
0.477530866861
0.430198103189
0.428775519133
0.449609458447
0.36448648572
0.396096229553
0.433257162571
0.404064536095
0.446239054203
0.397573024035
0.438490182161
0.47419500351
0.435961991549
0.406199276447
0.443099170923
0.406608730555
0.391212582588
0.440754592419
0.430745244026
0.415789753199
0.362868517637
0.487905859947
0.383290916681
0.400702416897
0.379080563784
0.389958888292
0.431099116802
0.406974047422
0.414944469929
0.398858338594
0.37634113431
0.409592568874
0.369258195162
0.400999575853
0.391573786736
0.412519901991
0.459275186062
0.397250801325
0.414821058512
0.418081432581
0.415606319904
0.398654609919
0.423310786486
0.421953558922
0.441862046719
0.429254412651
0.432837426662
0.448472082615
0.360763221979
0.41735419631
0.419168561697
0.417825728655
0.423547893763
0.43412566185
0.427556693554
0.452040731907
0.41170039773
0.44131320715
0.421263724566
0.407807707787
0.413532614708
0.404437839985
0.458597928286
0.416695892811
0.431113630533
0.435342878103
0.454253435135
0.393739581108
0.439290493727
0.423722237349
0.452226996422
0.434118419886
0.42885479331
0.386607259512
0.42173063755
0.421926498413
0.38748884201
0.412707656622
0.394065290689
0.441341727972
0.392710387707
0.416008621454
0.431382834911
0.414287447929
0.379855722189
0.428629666567
0.453538089991
0.43257021904
0.442690730095
0.410082042217
0.433940947056
0.402359724045
0.437455028296
0.384442180395
0.430694699287
0.396122545004
0.423179149628
0.419846475124
0.399866402149
0.379235684872
0.436579585075
0.428214162588
0.445515781641
0.436646878719
0.408953249454
0.40287861228
0.402346789837
0.417024493217
0.446244239807
0.379414469004
0.404688537121
0.474998652935
0.415485113859
0.458792716265
0.418502807617
0.413512438536
0.434244811535
0.388346761465
0.444288223982
0.388982415199
0.428495228291
0.427512794733
0.385479599237
0.399736940861
0.416423738003
0.42324718833
0.421556711197
0.380038946867
0.368607461452
0.429191440344
0.445349782705
0.441622614861
0.402975976467
0.417952984571
0.404119938612
0.435973107815
0.397727042437
0.377150535583
0.394195050001
0.403436273336
0.447906702757
0.422452032566
0.381485193968
0.422324389219
0.437095999718
0.436959087849
0.435823321342
0.430462360382
0.408295482397
0.42173859477
0.4873290658
0.428836643696
0.482603162527
0.393228888512
0.393491744995
0.377031773329
0.395406335592
0.392482846975
0.430602967739
0.417534291744
0.395091980696
0.372200280428
0.443813949823
0.387186139822
0.408438920975
0.392208635807
0.425895959139
0.389901429415
0.422741353512
0.370027571917
0.398056477308
0.331177651882
0.431496709585
0.395782411098
0.389878571033
0.39821010828
0.412145912647
0.397185862064
0.389410614967
0.428792029619
0.455543488264
0.424124717712
0.411038815975
0.425679177046
0.407346218824
0.392056673765
0.4054441154
0.408587485552
0.394748210907
0.438117861748
0.411803752184
0.433218091726
0.404254883528
0.398301273584
0.384857743979
0.397661685944
0.456934124231
0.422898083925
0.407239675522
0.428311705589
0.421294242144
0.417408853769
0.405327409506
0.452397942543
0.394795149565
0.381956398487
0.408072382212
0.420633226633
0.366626679897
0.411624282598
0.406531274319
0.442683905363
0.434099078178
0.411853909492
0.402723103762
0.384322613478
