0.689127087593
0.684990406036
0.68381279707
0.675253808498
0.682051360607
0.67486423254
0.670439660549
0.668675124645
0.674570202827
0.664439678192
0.663614332676
0.663366794586
0.658432066441
0.655852913857
0.657439768314
0.6544932127
0.656600415707
0.656833410263
0.648712515831
0.648862540722
0.652088522911
0.643921732903
0.640900075436
0.644498229027
0.649487018585
0.638357162476
0.639340162277
0.630791246891
0.635910987854
0.634398818016
0.62543708086
0.633471131325
0.635834038258
0.626314103603
0.618804216385
0.628082275391
0.629912436008
0.620429813862
0.619027912617
0.624508798122
0.624972224236
0.615088164806
0.603953242302
0.608919501305
0.605743527412
0.60529255867
0.600291848183
0.598691761494
0.597150683403
0.589961230755
0.603984713554
0.582263231277
0.580390393734
0.580088019371
0.582132101059
0.579216718674
0.587946474552
0.575654327869
0.572932124138
0.562642455101
0.56322991848
0.55313283205
0.54634642601
0.545807898045
0.564762473106
0.541911780834
0.526468396187
0.572276473045
0.544980704784
0.538064956665
0.526697635651
0.541834831238
0.539855539799
0.528333961964
0.523908734322
0.521555364132
0.498328596354
0.533671557903
0.508674263954
0.526905536652
0.495076447725
0.505937337875
0.501498401165
0.482643097639
0.490158230066
0.469688981771
0.465256899595
0.467670351267
0.466899752617
0.478066861629
0.47644791007
0.455139756203
0.462319940329
0.456794530153
0.452603340149
0.453737914562
0.458803862333
0.452028006315
0.427334606647
0.435832560062
0.415547668934
0.420787155628
0.436754822731
0.404817074537
0.418492823839
0.418828964233
0.419557899237
0.419248044491
0.419569462538
0.425353705883
0.409369409084
0.398122310638
0.414488345385
0.378294229507
0.376392632723
0.388010621071
0.375777602196
0.373830258846
0.372520565987
0.359061866999
0.394159376621
0.377875953913
0.387692034245
0.351165503263
0.355043500662
0.360630989075
0.334890156984
0.358829259872
0.356142878532
0.337113380432
0.355815976858
0.334771156311
0.335530042648
0.348879992962
0.355882644653
0.345041334629
0.326046049595
0.327819049358
0.32533916831
0.344989389181
0.362133562565
0.350503176451
0.314011782408
0.312450885773
0.335719674826
0.320363491774
0.325673997402
0.33817884326
0.315215200186
0.303126066923
0.343751311302
0.300631374121
0.336932957172
0.308128714561
0.31652712822
0.315425664186
0.307418107986
0.289974689484
0.299374580383
0.285201430321
0.300990790129
0.254062443972
0.286305129528
0.27694696188
0.293990075588
0.277042716742
0.303679049015
0.290202707052
0.27656725049
0.252348393202
0.250996500254
0.291936725378
0.25969311595
0.24109005928
0.342484772205
0.274940609932
0.28407728672
0.286281764507
0.24330817163
0.246876820922
0.25248837471
0.252611905336
0.259467154741
0.298503220081
0.290843218565
0.284925580025
0.24617280066
0.266980022192
0.29374974966
0.259529471397
0.2886095047
0.241972312331
0.239931732416
0.262973576784
0.222941219807
0.26006269455
0.23175252974
0.290419965982
0.256520926952
0.24338196218
0.240775167942
0.26114743948
0.254264473915
0.234191522002
0.231220319867
0.223603278399
0.203984037042
0.240859031677
0.211774781346
0.215030953288
0.249012127519
0.232618376613
0.207979977131
0.235668629408
0.254221081734
0.232724934816
0.23297932744
0.208316147327
0.237889140844
0.27653157711
0.200452700257
0.215692400932
0.207205176353
0.239533230662
0.232164189219
0.222876980901
0.215429797769
0.238424837589
0.210199117661
0.211586996913
0.264997899532
0.260515511036
0.252688258886
0.20766210556
0.206425771117
0.222639411688
0.203582793474
0.254223585129
0.237454220653
0.204953193665
0.212601557374
0.187710121274
0.219143137336
0.177375823259
0.205995216966
0.262034416199
0.178759485483
0.171450093389
0.21898317337
0.205548778176
0.198843479156
0.2043043226
0.182352423668
0.202930912375
0.204258844256
0.212291568518
0.195296421647
0.191926315427
0.150765225291
0.184434428811
0.194738328457
0.183161139488
0.227226853371
0.197599992156
0.234968423843
0.201573818922
0.218096867204
0.210082858801
0.180686399341
0.204123899341
0.222285240889
0.207579508424
0.210259854794
0.176834583282
0.222595229745
0.178458705544
0.155624210835
0.188433602452
0.16160646081
0.25358068943
0.178851768374
0.166583642364
0.182416051626
0.170377328992
0.214908212423
0.182881757617
0.159938424826
0.207765236497
0.178967624903
0.148147299886
0.185775741935
0.236902594566
0.151336535811
0.162158370018
0.168404966593
0.195595696568
0.163509875536
0.152949169278
0.189685165882
0.209065914154
0.205947652459
0.175954192877
0.149238750339
0.190258637071
0.174787044525
0.188495874405
0.131095632911
0.161121666431
0.149747610092
0.153321161866
0.164387047291
0.136997327209
0.181497111917
0.140137284994
0.197126358747
0.189858481288
0.179145514965
0.179986551404
0.17906665802
0.150005176663
0.146758407354
0.183435827494
0.202808246017
0.151803269982
0.169717073441
0.183940306306
0.205069512129
0.157750248909
0.155496418476
0.144498959184
0.175966739655
0.167762517929
0.134334415197
0.167226076126
0.137669309974
0.178132250905
0.156320229173
0.136206790805
0.148468852043
0.14709366858
0.171411842108
0.173832029104
0.170807316899
0.136991173029
0.184570014477
0.137372657657
0.200185418129
0.133249938488
0.143894806504
0.151208817959
0.19419080019
0.128404706717
0.179895058274
0.192514821887
0.142020404339
0.207662776113
0.203703433275
0.133898958564
0.17430229485
0.218645140529
0.195906564593
0.138364434242
0.148462563753
0.175990775228
0.142779529095
0.160308301449
0.193609431386
0.153587162495
0.173756375909
0.147958427668
0.154462680221
0.149907618761
0.175428822637
0.165883526206
0.14401242137
0.191829770803
0.185433030128
0.177283585072
0.117434434593
0.127628713846
0.164236843586
0.191847041249
0.151501700282
0.175519242883
0.200857713819
0.142489865422
0.1583776474
0.118281006813
0.130134612322
0.135727897286
0.126897916198
0.136361792684
0.18984977901
0.178974330425
0.146999254823
0.144750937819
0.151408359408
0.164969131351
0.146748542786
0.174829572439
0.112444713712
0.159866958857
0.127464875579
0.189463660121
0.101711153984
0.129247114062
0.131251513958
0.154189556837
0.10692730546
0.184143662453
0.172984942794
0.155770525336
0.131589472294
0.17045545578
0.117615766823
0.152711436152
0.16148789227
0.117771223187
0.103791467845
0.198777914047
0.149719819427
0.211789608002
0.138550624251
0.112495981157
0.144581213593
0.112232878804
0.180180445313
0.142031431198
0.105511382222
0.147025316954
0.108694516122
0.130293294787
0.126152470708
0.153439342976
0.20625372231
0.163613632321
0.12850241363
0.104198366404
0.121057286859
0.119286693633
0.197925209999
0.114434219897
0.112913645804
0.128326803446
0.121075682342
0.1516238451
0.157265141606
0.153806477785
0.112419836223
0.200815111399
0.125105053186
0.175143092871
0.132920607924
0.158609822392
0.123963423073
0.121951423585
0.105154588819
0.151350080967
0.127736568451
0.1421726197
0.148970931768
0.151012957096
0.126710683107
0.155823662877
0.123628616333
0.129235476255
0.131812959909
0.168525338173
0.124956764281
0.148156315088
0.156014636159
0.128333985806
0.116531208158
0.108788922429
0.116966709495
0.117108821869
0.122506842017
0.138140439987
0.144350811839
0.13235463202
0.121902152896
0.114409737289
0.112867921591
0.14838886261
0.148055449128
0.134517520666
0.178564786911
0.0998395308852
0.133293703198
0.126828685403
0.112026028335
0.111950628459
0.0999318063259
0.109936334193
0.084368750453
0.0928102135658
0.129891857505
0.129785135388
0.108683049679
0.145212516189
0.15008276701
0.0795537233353
0.134256139398
0.115972369909
0.0985492169857
0.142384245992
0.132074788213
0.212314456701
0.12102676928
0.130484908819
0.157334700227
0.136686190963
0.15613207221
0.151177555323
0.0913581550121
0.0898286551237
0.0944806933403
0.122626796365
0.134764254093
0.164701849222
0.143761217594
0.108757585287
0.130343735218
0.10949794203
0.130782708526
0.105779446661
0.0967911481857
0.113598816097
0.174578070641
0.139818429947
0.109625637531
0.138671115041
0.135271757841
0.157263591886
0.116411469877
0.138952434063
0.145629182458
0.100222945213
0.139594137669
0.125993549824
0.130303487182
0.124131776392
0.108772352338
0.116996765137
0.15142275393
0.117555908859
0.11471901834
0.138848230243
0.204032078385
0.160783722997
0.12450954318
0.138409242034
0.112750589848
0.146783232689
0.115848980844
0.137544542551
0.169816344976
0.114808619022
0.178502157331
0.125244066119
0.11058639735
0.136176168919
0.0932304486632
0.116400331259
0.108100876212
0.109099894762
0.0976874753833
0.157720178366
0.108964323997
0.114853493869
0.225229904056
0.119520276785
0.123233012855
0.14945563674
0.101874738932
0.110637776554
0.162362113595
0.175518468022
0.146931245923
0.113544985652
0.234624028206
0.164550304413
0.11156539619
0.142644569278
0.112869888544
0.0897582247853
0.13059438765
0.116354294121
0.106795579195
0.144891962409
0.0957864895463
0.163934662938
0.152229756117
0.145723387599
0.113381080329
0.0955133959651
0.0895722731948
0.141628697515
0.163565889001
0.116764359176
