0.693198442459
0.692710220814
0.69210267067
0.691375076771
0.690582036972
0.689548492432
0.688467979431
0.687336862087
0.686026096344
0.684697508812
0.683220982552
0.681584894657
0.679727077484
0.67750620842
0.675202667713
0.672545194626
0.669385194778
0.665583193302
0.66105723381
0.656767308712
0.651954114437
0.646792531013
0.640982627869
0.634841799736
0.628244459629
0.620761752129
0.612897753716
0.605308413506
0.597897291183
0.590423822403
0.58338701725
0.575709044933
0.567897677422
0.55978178978
0.551140546799
0.54258030653
0.536374211311
0.529666304588
0.524198889732
0.515147387981
0.512337386608
0.502981364727
0.498437196016
0.491442173719
0.485933154821
0.481944948435
0.477304339409
0.474198281765
0.469715088606
0.466942995787
0.463925182819
0.461130827665
0.459034651518
0.455540329218
0.453025758266
0.450218200684
0.447999566793
0.444975286722
0.444348037243
0.44153830409
0.440329045057
0.438593387604
0.434130340815
0.432430505753
0.429135680199
0.427729189396
0.426329046488
0.425569295883
0.423436075449
0.421683549881
0.421728342772
0.417451053858
0.414206802845
0.41241145134
0.409780144691
0.408222079277
0.406982541084
0.40464425087
0.403169244528
0.401827782393
0.399963349104
0.398744434118
0.397076070309
0.395415365696
0.393859118223
0.39244890213
0.390627115965
0.389095723629
0.387389540672
0.38556855917
0.384534776211
0.382363706827
0.381026417017
0.379262268543
0.377117812634
0.375097185373
0.373179256916
0.371211975813
0.369153916836
0.366889625788
0.364889234304
0.36296916008
0.360883533955
0.359115868807
0.357256412506
0.355513632298
0.353452801704
0.351281315088
0.347901046276
0.344352513552
0.340310633183
0.338604927063
0.337512016296
0.3359131217
0.334428966045
0.332547396421
0.3322955966
0.327179253101
0.324628949165
0.324190676212
0.324150145054
0.323297679424
0.321574211121
0.320283591747
0.319455116987
0.318532168865
0.317404180765
0.317467838526
0.316069483757
0.315554946661
0.314122468233
0.310025125742
0.30744767189
0.312930256128
0.305330395699
0.31330126524
0.310134530067
0.306073099375
0.303674548864
0.30326795578
0.302819162607
0.299319803715
0.298032492399
0.297208696604
0.300450444221
0.296064406633
0.299405962229
0.297449797392
0.294369012117
0.293282628059
0.296801954508
0.291991233826
0.291686147451
0.290976107121
0.290769904852
0.290652245283
0.289965689182
0.288947492838
0.288890361786
0.287481278181
0.286893576384
0.286334574223
0.285798758268
0.285281956196
0.285066097975
0.284312039614
0.283849835396
0.283407688141
0.282986074686
0.282566487789
0.282154142857
0.281725674868
0.281306654215
0.280885785818
0.280476123095
0.280084699392
0.279669076204
0.279250741005
0.278844445944
0.278441369534
0.278042972088
0.27764827013
0.277257084846
0.276869356632
0.276485770941
0.276105076075
0.27572709322
0.275359034538
0.274985194206
0.274620264769
0.274256974459
0.273895323277
0.273535549641
0.273177325726
0.272831887007
0.272472172976
0.272124826908
0.271778821945
0.271433770657
0.271090120077
0.270746827126
0.270404160023
0.27006265521
0.269723474979
0.269383221865
0.269045561552
0.268709272146
0.268381178379
0.268042802811
0.267712712288
0.267384231091
0.267057448626
0.266732335091
0.266417056322
0.26609107852
0.265774577856
0.265459299088
0.265145272017
0.264832407236
0.264520794153
0.26421046257
0.263901472092
0.263594180346
0.263288199902
0.262983560562
0.262680232525
0.262378334999
0.262078285217
0.261779308319
0.261482268572
0.261186659336
0.260892480612
0.260599762201
0.260308533907
0.260018765926
0.25973072648
0.259444087744
0.259159058332
0.25887542963
0.258599191904
0.258316367865
0.258041113615
0.257767379284
0.257495075464
0.257224172354
0.256954282522
0.256685376167
0.256417244673
0.256149828434
0.255883008242
0.255616784096
0.255351662636
0.255086809397
0.254823118448
0.254565805197
0.254318028688
0.254084318876
0.253862023354
0.253669261932
0.253524035215
0.253181278706
0.252868711948
0.252588003874
0.252318024635
0.252054691315
0.251795083284
0.251540720463
0.251346349716
0.251045525074
0.250802904367
0.250561386347
0.250418394804
0.250093460083
0.249870091677
0.249650940299
0.249434620142
0.249217748642
0.248996004462
0.248766511679
0.248529538512
0.248288035393
0.248045578599
0.247804746032
0.247566446662
0.247331008315
0.247098267078
0.246874839067
0.246645957232
0.246416509151
0.246193408966
0.245971620083
0.245751127601
0.245531886816
0.245313808322
0.24509690702
0.244881123304
0.244666472077
0.244452923536
0.24424046278
0.244029074907
0.243819862604
0.243609949946
0.243402138352
0.243221819401
0.242990970612
0.242787539959
0.242584988475
0.242383301258
0.242182463408
0.241982474923
0.241783320904
0.241585001349
0.241387531161
0.241190865636
0.240995019674
0.240799993277
0.240605816245
0.240414872766
0.240220338106
0.2400290519
0.239838495851
0.239648833871
0.239459961653
0.239271938801
0.239084735513
0.238898396492
0.238712906837
0.23853045702
0.238345056772
0.238162592053
0.237980931997
0.237800091505
0.237620085478
0.237440884113
0.237262487411
0.237084925175
0.236908167601
0.236732244492
0.236557140946
0.236382856965
0.236209347844
0.236036688089
0.235864832997
0.23569381237
0.235523596406
0.235354855657
0.235185727477
0.235018059611
0.234851166606
0.234685048461
0.234519720078
0.234355151653
0.234191343188
0.234028309584
0.233866050839
0.233704522252
0.233543768525
0.233383879066
0.233224734664
0.233066394925
0.232908800244
0.232751905918
0.23259575665
0.232440322638
0.232288971543
0.232132732868
0.231980696321
0.231829404831
0.231678903103
0.231529146433
0.231380090117
0.231231719255
0.231083989143
0.230936914682
0.230790376663
0.230644330382
0.230498790741
0.230353713036
0.230209037662
0.230064839125
0.229921102524
0.229779109359
0.229635432363
0.229493543506
0.229352176189
0.229211390018
0.229071214795
0.228931650519
0.228792741895
0.22865447402
0.228516846895
0.228379935026
0.228243678808
0.228108108044
0.227973952889
0.22783921659
0.227705866098
0.227573141456
0.227441012859
0.227309525013
0.227178618312
0.227048367262
0.226918697357
0.226789668202
0.226661220193
0.226533383131
0.226406112313
0.226279467344
0.226153418422
0.226027980447
0.225903108716
0.225778833032
0.225655138493
0.225532025099
0.225410297513
0.22528783977
0.225166708231
0.225046128035
0.224926069379
0.224806591868
0.224687606096
0.224569201469
0.224451303482
0.224333956838
0.224217161536
0.224100872874
0.223985135555
0.223869934678
0.223755270243
0.223641112447
0.223527505994
0.22341440618
0.223301842809
0.223189800978
0.223078280687
0.222967877984
0.22285695374
0.222747132182
0.222637787461
0.222528934479
0.222420617938
0.222312763333
0.222205430269
0.222099632025
0.22199255228
0.221887007356
0.221781939268
0.221677348018
0.221573188901
0.221469506621
0.221366271377
0.221263498068
0.221161186695
0.221059307456
0.220958352089
0.220857068896
0.22075663507
0.220656678081
0.220557138324
0.220458075404
0.220359444618
0.220261245966
0.220163524151
0.220066204667
0.219969347119
0.219872921705
0.219776958227
0.219681411982
0.219586327672
0.219491675496
0.219397455454
0.219303682446
0.219210326672
0.219117417932
0.219024956226
0.218933567405
0.218842074275
0.21875166893
0.218661725521
0.218572258949
0.218483194709
0.218394562602
0.21830637753
0.218218564987
0.218131124973
0.218044042587
0.217957273126
0.217870801687
0.21778459847
0.217698723078
0.217613115907
0.217527776957
0.21744273603
0.217357993126
0.217273548245
0.217189460993
0.217105716467
0.217022329569
0.2169393152
0.216856703162
0.216774448752
0.216693565249
0.216611370444
0.216530516744
0.216450020671
0.216369882226
0.216290175915
0.21621081233
0.216131836176
0.216053247452
0.215975016356
0.215897187591
0.215819716454
0.215742647648
0.215665921569
0.215589568019
0.215513586998
0.215437963605
0.215362727642
0.215287819505
0.215213298798
0.215139120817
0.215065300465
0.21499183774
0.214918717742
0.214846223593
0.214773595333
0.214701607823
0.214629918337
0.214558571577
0.214487582445
0.214416906238
0.214346572757
0.214276567101
0.214206874371
0.214137554169
0.214068517089
0.214003846049
0.213932290673
0.213865175843
0.213798493147
0.213732227683
0.213666364551
0.213600888848
0.213535755873
0.21347092092
0.213406354189
0.213341906667
0.213277637959
0.213213443756
0.213149279356
0.213085189462
0.213021159172
0.212957322598
0.212893545628
0.212829947472
0.212767124176
0.212703630328
0.212640956044
0.212578549981
0.212516397238
0.212454542518
0.212393000722
0.212331786752
0.212270900607
0.212210312486
0.212150096893
0.212090149522
0.212030574679
0.211971268058
0.211912274361
0.21185362339
0.211795225739
0.211737155914
0.211679369211
0.211621880531
0.211564674973
0.211507752538
0.211451113224
0.211397126317
0.211339324713
0.211284607649
0.211229488254
0.211174994707
0.211120858788
0.211066916585
0.211013242602
0.210959717631
0.210906386375
0.210853263736
0.210800305009
0.210747539997
0.210697874427
0.210643187165
0.210591688752
0.210540413857
0.210489392281
0.210438624024
0.210388213396
0.21033808589
0.210288181901
0.210238516331
0.210189014673
0.210139706731
0.210090488195
0.210041373968
0.209992334247
0.20994335413
0.209894418716
0.209845513105
0.209796696901
0.209747970104
0.209699347615
0.209650918841
0.209602668881
0.209554582834
0.209506735206
0.209459111094
0.209411710501
0.209364578128
0.209317699075
0.209271073341
0.209224715829
0.209178626537
0.209132790565
0.209087267518
0.209041982889
0.20899695158
0.208952158689
0.208907619119
0.208863303065
0.208819240332
0.208775386214
0.208731770515
0.208688393235
0.208645239472
0.208602279425
0.208559587598
0.208517089486
0.20847505331
0.208432808518
0.20839099586
0.208349406719
0.208307996392
0.208266809583
0.208225831389
0.20818503201
0.208144456148
0.208108767867
0.208064362407
0.208024919033
0.207985699177
0.207946762443
0.207908034325
0.207869574428
0.207831338048
0.207793295383
0.207755491138
0.2077177912
0.207680225372
0.207642778754
0.207605391741
0.207568064332
0.207530751824
0.20749348402
0.207456275821
0.207419097424
0.207382038236
0.207345083356
0.207308247685
0.207271546125
0.207235023379
0.207198694348
0.207162693143
0.207126647234
0.207090958953
0.207055434585
0.207020133734
0.206985011697
0.206950083375
0.206915333867
0.206881254911
0.206846520305
0.20681245625
0.206778526306
0.206744790077
0.20671120286
0.206677809358
0.206644564867
0.206611484289
0.206578567624
0.206545829773
0.206513255835
0.206480830908
0.206448584795
0.206416487694
0.206384569407
0.206352815032
0.206321179867
0.206289723516
0.206258431077
0.206227272749
0.206196293235
0.206165477633
0.206134796143
0.206104263663
0.206073895097
0.206043690443
0.206013604999
0.205983698368
0.205953925848
0.205924287438
0.205894827843
0.205865502357
0.205836325884
0.205807283521
0.20577840507
0.20574966073
0.205721065402
0.205692604184
0.205664306879
0.205636128783
0.205608084798
0.205580621958
0.20555254817
0.205525025725
0.205497607589
0.205470353365
0.205443203449
0.205416187644
0.205389633775
0.205362871289
0.205336555839
0.205310374498
0.205284327269
0.205258384347
0.205232575536
0.205206900835
0.20518130064
0.205155834556
0.205130472779
0.20510520041
0.20508004725
0.205054983497
0.205030038953
0.205005198717
0.204980432987
0.204955801368
0.204931244254
0.204906791449
0.204882457852
0.204858228564
0.204834118485
0.204810097814
0.20478618145
0.204762384295
0.204738691449
0.204715117812
0.204691663384
0.204668298364
0.204645067453
0.204621940851
0.204598948359
0.204576060176
0.2045532763
0.204530626535
0.204508081079
0.204485654831
0.204463332891
0.204441130161
0.204419031739
0.204397067428
0.204375222325
0.20435346663
0.204331815243
0.204310297966
0.204288884997
0.204267591238
0.204246416688
0.204225331545
0.20420435071
0.204183489084
0.204162746668
0.204142093658
0.204121530056
0.204101115465
0.20408077538
0.204060554504
0.204040437937
0.204020410776
0.204000502825
0.20398068428
0.203960970044
0.203941360116
0.203921869397
0.203902468085
0.20388366282
0.203864008188
0.203844949603
0.203826010227
0.203807145357
0.203788369894
0.203769683838
0.203751087189
0.203732594848
0.203714206815
0.203695878386
0.203677669168
0.203659534454
0.203641504049
0.203623577952
0.20360571146
0.203587934375
0.203570276499
0.203552693129
0.203535184264
0.203519612551
0.203500956297
0.203484281898
0.203467845917
0.203451633453
0.203435659409
0.203419998288
0.20340462029
0.203389495611
0.203374549747
0.20335970819
0.203344747424
0.203329592943
0.203314095736
0.203298181295
0.203281879425
0.20326526463
0.203248441219
0.203231528401
0.203214615583
0.203197807074
0.203181147575
0.20316465199
0.20314835012
0.203132227063
0.203116297722
0.203100517392
0.203084900975
0.203069418669
0.203054085374
0.203038901091
0.203023791313
0.20300899446
0.202994003892
0.202979266644
0.202964618802
0.202950060368
0.20293559134
0.202921226621
0.202906936407
0.202892705798
0.202878594398
0.202864527702
0.202850565314
0.202836662531
0.202823013067
0.202809154987
0.202795520425
0.202781960368
0.202768459916
0.202755048871
0.202741712332
0.202728420496
0.202715203166
0.202702075243
0.202689006925
0.202675998211
0.202663064003
0.2026501894
0.202637389302
0.202624678612
0.202612012625
0.202599406242
0.202586874366
0.202574416995
0.202562019229
0.202549681067
0.202537432313
0.202525213361
0.202513083816
0.202501013875
0.202489003539
0.20247708261
0.202465191483
0.202453374863
0.202441617846
0.202429920435
0.202418297529
0.202406719327
0.202395215631
0.202383771539
0.202372401953
0.20236107707
0.202349811792
0.20233862102
0.202327489853
0.202316388488
0.20230537653
0.202294424176
0.202283516526
0.202272668481
0.202262073755
0.202251181006
0.202240541577
0.202229946852
0.20221939683
0.202208921313
0.202198505402
0.202188134193
0.202177807689
0.202167540789
0.202157333493
0.202147185802
0.202137082815
0.202127039433
0.202117025852
0.202107086778
0.202098459005
0.202089861035
0.202096238732
0.20207311213
0.202072143555
0.202080830932
0.202098950744
0.202110663056
0.20209428668
0.20205719769
0.202038943768
0.202027410269
0.202011942863
0.201995387673
0.201982170343
0.201971247792
0.201961815357
0.201952755451
0.201943874359
0.201935052872
0.201926276088
0.201917484403
0.201908662915
0.201899826527
0.201890960336
0.201882079244
0.20187318325
0.201864272356
0.201858073473
0.201846688986
0.201837971807
0.201829329133
0.201820656657
0.201812043786
0.201803445816
0.20179489255
0.201786369085
0.201777905226
0.20176948607
0.201761111617
0.201752766967
0.20174446702
0.201736226678
0.20172804594
0.201719909906
0.201711848378
0.201703831553
0.201695904136
0.20168800652
0.201680183411
0.201672375202
0.201664656401
0.201656997204
0.201649367809
0.201642408967
0.201634854078
0.201627984643
0.201621204615
0.201614543796
0.201607972383
0.201601579785
0.201595276594
0.201589047909
0.20158290863
0.201576769352
0.201570600271
0.201564326882
0.201557904482
0.201551303267
0.201544523239
0.2015376091
0.201530516148
0.201523348689
0.201516181231
0.201509043574
0.201501876116
0.201494708657
0.201487615705
0.201480567455
0.201473608613
0.201466724277
0.201459914446
0.201453179121
0.201446533203
0.20143994689
0.201433435082
0.201426997781
0.201420605183
0.201414316893
0.201408028603
0.20140182972
0.20139567554
0.201389551163
0.20138348639
0.201377481222
0.201371714473
0.201365619898
0.201359778643
0.201353982091
0.201348185539
0.201342463493
0.201336756349
0.201331093907
0.201325446367
0.201319843531
0.201314270496
0.201308727264
0.201303213835
0.201297730207
0.201292276382
0.20128685236
0.201281473041
0.201276123524
0.201270803809
0.201265498996
0.201260223985
0.201254993677
0.201249808073
0.201244607568
0.201239481568
0.201234355569
0.201229274273
0.20122423768
0.201219215989
0.2012142241
0.201209262013
0.201204329729
0.201199412346
0.201194539666
0.201189681888
0.201184868813
0.20118008554
0.201175302267
0.201170578599
0.20116584003
0.201161175966
0.201156526804
0.201151892543
0.201147288084
0.201142728329
0.201138168573
0.201133653522
0.201129153371
0.201124697924
0.201120257378
0.201115846634
0.201111450791
0.201107084751
0.201102748513
0.201098442078
0.201094150543
0.201089888811
0.201085656881
0.201081454754
0.201077252626
0.201073095202
0.201068967581
0.20106485486
0.201060771942
0.201056703925
0.20105266571
0.201048657298
0.201044663787
0.201040700078
0.201036736369
0.201032832265
0.201029554009
0.201025173068
0.201021403074
0.201017662883
0.201013967395
0.201010257006
0.201006621122
0.201002955437
0.200999304652
0.200995668769
0.200992062688
0.200988471508
0.200984895229
0.200981318951
0.200977787375
0.2009742558
0.200970739126
0.200967252254
0.200963780284
0.200960338116
0.200956895947
0.200953453779
0.200950041413
0.20094665885
0.200943291187
0.200939938426
0.200936585665
0.200933262706
0.200929969549
0.200926691294
0.200923442841
0.200920179486
0.200916945934
0.200913742185
0.200910538435
0.200907379389
0.200904220343
0.200901061296
0.200897961855
0.200894847512
0.200891762972
0.200888708234
0.200885683298
0.200882643461
0.200879633427
0.200876638293
0.200873658061
0.200870722532
0.200867772102
0.200864851475
0.200861960649
0.200859069824
0.200856208801
0.200853362679
0.200850531459
0.200847715139
0.200844913721
0.200842142105
0.20083938539
0.200836628675
0.200833916664
0.20083117485
0.200828492641
0.200825810432
0.200823158026
0.200820490718
0.200817868114
0.20081526041
0.200812667608
0.200810089707
0.200807526708
0.200804963708
0.200802445412
0.200799912214
0.20079742372
0.200794920325
0.200792446733
0.200790002942
0.20078754425
0.200785115361
0.200782701373
0.200780317187
0.200777933002
0.200775548816
0.200773209333
0.200770884752
0.20076854527
0.20076623559
0.200763940811
0.200761675835
0.200759410858
0.200757145882
0.200754895806
0.200752690434
0.200750470161
0.200748279691
0.200746104121
0.200743928552
0.200741931796
0.200741022825
0.200738206506
0.200736671686
0.200735419989
0.200734600425
0.200734332204
0.200734734535
0.200735643506
0.200736612082
0.200736865401
0.20073582232
0.200733423233
