0.68735319376
0.681603252888
0.677662312984
0.670961558819
0.672111332417
0.668842792511
0.662469208241
0.661137580872
0.65934163332
0.654415845871
0.649901926517
0.644415736198
0.640272200108
0.638547956944
0.630207777023
0.635028421879
0.630467474461
0.623352766037
0.619780063629
0.618742108345
0.612474441528
0.613584697247
0.602276921272
0.603138267994
0.596452713013
0.589072227478
0.588530063629
0.58377212286
0.576037228107
0.574340224266
0.569942474365
0.573157191277
0.561698794365
0.555751919746
0.552233338356
0.548704922199
0.545324623585
0.536966621876
0.541257739067
0.540294349194
0.527803361416
0.520530641079
0.521860539913
0.515891253948
0.515797793865
0.50884449482
0.498240917921
0.499966830015
0.494709670544
0.489917069674
0.487709373236
0.480414837599
0.477124780416
0.476548790932
0.46357229352
0.466136962175
0.459106951952
0.457564711571
0.46587780118
0.448736429214
0.444917112589
0.439278662205
0.430852144957
0.437092751265
0.430866748095
0.432966977358
0.420975357294
0.417701393366
0.418939352036
0.416848093271
0.414713412523
0.407641410828
0.402212560177
0.395001381636
0.394772440195
0.390191465616
0.395370066166
0.392228841782
0.381476640701
0.379760712385
0.378046929836
0.378249406815
0.368623077869
0.368874311447
0.377304047346
0.37255397439
0.370608121157
0.356358110905
0.357944995165
0.360625714064
0.356833487749
0.3479398489
0.352630287409
0.350629508495
0.356848061085
0.348531574011
0.345438480377
0.349313169718
0.348369956017
0.346229374409
0.351625919342
0.332346200943
0.329237580299
0.340291321278
0.348870694637
0.340299606323
0.336907356977
0.330297738314
0.333299428225
0.33069935441
0.335552453995
0.331811904907
0.326847106218
0.32878857851
0.323042571545
0.328492611647
0.324166297913
0.328688561916
0.327266514301
0.326223611832
0.325095951557
0.32390114665
0.316803485155
0.318156868219
0.320387780666
0.320012003183
0.316112548113
0.315690338612
0.322628229856
0.313918113708
0.311980634928
0.31535384059
0.316425591707
0.313118845224
0.32862585783
0.311012089252
0.315914392471
0.31977725029
0.314720422029
0.317007213831
0.31653085351
0.307147890329
0.309837400913
0.312615662813
0.306899487972
0.308735698462
0.317999184132
0.306152671576
0.307330816984
0.307766675949
0.305973529816
0.30654874444
0.303754150867
0.307662069798
0.30956697464
0.306607812643
0.30275991559
0.305238187313
0.306046426296
0.311933457851
0.303159147501
0.302126079798
0.301233768463
0.302281677723
0.301313996315
0.29938608408
0.30355784297
0.303488910198
0.304224729538
0.302662700415
0.302805155516
0.299637377262
0.303860068321
0.316031545401
0.298006802797
0.299783945084
0.301092535257
0.30544129014
0.29815864563
0.298936218023
0.300017058849
0.296523690224
0.299216747284
0.298337906599
0.299364686012
0.299190878868
0.299316704273
0.295864969492
0.295143336058
0.296435832977
0.298289328814
0.294342756271
0.294431746006
0.294838607311
0.293066978455
0.294140070677
0.293113946915
0.295248538256
0.294591993093
0.291702240705
0.293906629086
0.293910861015
0.290791213512
0.290377318859
0.292914628983
0.290804713964
0.294202744961
0.294562071562
0.289762049913
0.289149612188
0.292692869902
0.28996348381
0.289606481791
0.288628339767
0.287979632616
0.289843261242
0.289586246014
0.292063862085
0.287579208612
0.290530353785
0.308365166187
0.283667743206
0.285775542259
0.286931663752
0.283131957054
0.284581393003
0.289796620607
0.287992507219
0.288716733456
0.289844185114
0.293605238199
0.287894427776
0.282288819551
0.283973544836
0.287402421236
0.283940523863
0.283789664507
0.286591529846
0.284038126469
0.283623754978
0.284536600113
0.279264479876
0.28362840414
0.283012717962
0.28236284852
0.280021876097
0.28467091918
0.279020339251
0.281415641308
0.277744948864
0.277523010969
0.276794105768
0.281275242567
0.276829898357
0.284489363432
0.281500101089
0.289825081825
0.280988484621
0.277961313725
0.283611238003
0.277693718672
0.274747252464
0.277910292149
0.275411367416
0.27491119504
0.277390182018
0.277607828379
0.278082072735
0.28069204092
0.273997187614
0.274744212627
0.275954037905
0.280419826508
0.275330960751
0.272671401501
0.273288488388
0.27379372716
0.277575075626
0.273577392101
0.271956026554
0.275986760855
0.276338279247
0.272200107574
0.27114033699
0.27227434516
0.291955262423
0.272825926542
0.270429074764
0.270180553198
0.270827323198
0.271152585745
0.271626383066
0.274343132973
0.271600157022
0.2714407444
0.283666014671
0.26851785183
0.2757127285
0.268703401089
0.270522385836
0.267854988575
0.268755376339
0.268438339233
0.270703464746
0.267280697823
0.267615646124
0.27661511302
0.271557807922
0.273459672928
0.26634311676
0.266273081303
0.266701459885
0.267825484276
0.268611341715
0.267048060894
0.265594154596
0.265429824591
0.282937854528
0.264749974012
0.267009049654
0.264358490705
0.265307962894
0.264602214098
0.265840530396
0.267831653357
0.265316903591
0.269752800465
0.263229578733
0.263251394033
0.263422966003
0.262546271086
0.263734966516
0.263098478317
0.261828869581
0.262417703867
0.262075930834
0.262190669775
0.261802196503
0.261587351561
0.261332303286
0.263610690832
0.2637129426
0.262168884277
0.269912987947
0.261059880257
0.263408094645
0.260296911001
0.259815841913
0.259591579437
0.259600162506
0.264245003462
0.26105505228
0.259542286396
0.258737713099
0.258520424366
0.258796721697
0.258619964123
0.258240520954
0.262125700712
0.257798016071
0.258623123169
0.25874248147
0.257827401161
0.257064431906
0.257392525673
0.257284969091
0.257769465446
0.256436347961
0.260455876589
0.256220161915
0.255960404873
0.256013184786
0.25568702817
0.255799055099
0.255336821079
0.256420105696
0.256776839495
0.264305710793
0.254573494196
0.255458205938
0.254489541054
0.254575818777
0.257440030575
0.254231005907
0.254205852747
0.254286557436
0.25558874011
0.25377330184
0.253655195236
0.253107190132
0.254935741425
0.253611952066
0.252727031708
0.252529501915
0.252652615309
0.254174023867
0.252374947071
0.251978456974
0.251879274845
0.251785606146
0.252323508263
0.255298346281
0.251371651888
0.255202829838
0.255247980356
0.254703760147
0.251568466425
0.251388341188
0.251369297504
0.252016156912
0.257340401411
0.251464962959
0.251403421164
0.253461241722
0.251601457596
0.253627359867
0.251804828644
0.251327514648
0.251977711916
0.251254677773
0.251733273268
0.251192599535
0.25189653039
0.253292441368
0.251356005669
0.251247316599
0.252176970243
0.251124948263
0.251031249762
0.256794303656
0.255493581295
0.25138515234
0.251468002796
0.251019448042
0.257831305265
0.251743495464
0.251330137253
0.25096988678
0.251070559025
0.250957846642
0.251490920782
0.250748097897
0.250918775797
0.251393169165
0.250758111477
0.250746190548
0.251100301743
0.251443266869
0.251692563295
0.250914484262
0.251129776239
0.251205652952
0.250932872295
0.251253634691
0.250699192286
0.250949472189
0.250824540854
0.250680416822
0.251088768244
0.250659555197
0.250628262758
0.250818639994
0.250814527273
0.25082474947
0.25048032403
0.250609248877
0.252563685179
0.252423673868
0.252010256052
0.250584691763
0.251576751471
0.250342667103
0.250346034765
0.252554655075
0.250935405493
0.250970900059
0.250716805458
0.251379817724
0.250563114882
0.252508670092
0.250293046236
0.250268578529
0.250173121691
0.250468850136
0.250280797482
0.250582039356
0.250256180763
0.251350700855
0.250118523836
0.251290619373
0.255144923925
0.251957029104
0.250152945518
0.251008480787
0.250382184982
0.250080823898
0.250033855438
0.250073850155
0.249857529998
0.251138091087
