0.692987203598
0.692827403545
0.692968845367
0.692882418633
0.692916512489
0.692770898342
0.692702114582
0.692777752876
0.692787647247
0.692497491837
0.692575991154
0.69259083271
0.692416548729
0.692402541637
0.692599117756
0.69239205122
0.692218899727
0.692291617393
0.692133963108
0.692040205002
0.69210600853
0.692008495331
0.692168951035
0.692144393921
0.691974043846
0.691945910454
0.691917836666
0.691675722599
0.691801786423
0.691733598709
0.691674113274
0.691465497017
0.691479802132
0.691329538822
0.691116213799
0.691346943378
0.691391527653
0.691292345524
0.69137263298
0.691287457943
0.691204667091
0.69102782011
0.69100612402
0.690720915794
0.690723836422
0.690767884254
0.690899014473
0.690750181675
0.690512001514
0.690588533878
0.690641760826
0.690590143204
0.690421283245
0.690462052822
0.690074145794
0.690563380718
0.69046318531
0.689855635166
0.690249621868
0.689696907997
0.68984657526
0.69015109539
0.689865708351
0.689689517021
0.689516603947
0.689884841442
0.689959764481
0.68962931633
0.689574360847
0.689336776733
0.689347863197
0.688912570477
0.689092278481
0.689576506615
0.688860654831
0.688290953636
0.689042568207
0.689036548138
0.688482344151
0.688199400902
0.688569128513
0.689216136932
0.688251495361
0.687440276146
0.687903702259
0.687961041927
0.688053905964
0.687692761421
0.687628924847
0.687728047371
0.688025355339
0.68741184473
0.687617242336
0.687373459339
0.687550187111
0.686792373657
0.687725067139
0.687428414822
0.686415374279
0.686513245106
0.686517834663
0.686376035213
0.68659222126
0.686206698418
0.686224579811
0.685169041157
0.686239719391
0.685615956783
0.685623466969
0.685361385345
0.685330212116
0.685888290405
0.686044096947
0.684272527695
0.685325145721
0.684850931168
0.684241771698
0.68497133255
0.684244453907
0.684074044228
0.684590697289
0.683560431004
0.68420368433
0.683837771416
0.683379113674
0.683511972427
0.682931900024
0.683470368385
0.682492136955
0.682243525982
0.682655096054
0.682463765144
0.681005358696
0.682407975197
0.681595087051
0.681757032871
0.681209802628
0.681522488594
0.680882513523
0.682037293911
0.681590437889
0.680953323841
0.678998351097
0.679876029491
0.680989980698
0.680191040039
0.679276227951
0.680415034294
0.67908591032
0.679864108562
0.679808914661
0.677618503571
0.678037643433
0.679755628109
0.678403973579
0.677940249443
0.679527640343
0.678225874901
0.67835432291
0.678687214851
0.678169429302
0.677571952343
0.676312327385
0.677567124367
0.675993025303
0.675239443779
0.674320816994
0.67573338747
0.675525665283
0.676531910896
0.675949752331
0.673533916473
0.675296664238
0.67605471611
0.673862874508
0.674716472626
0.674214720726
0.67364346981
0.674185991287
0.673626244068
0.672312736511
0.671625375748
0.672025084496
0.669991254807
0.670351445675
0.672854304314
0.67095130682
0.671616852283
0.670498371124
0.669619202614
0.670083522797
0.66936570406
0.668007135391
0.668224811554
0.668206393719
0.668863415718
0.667026877403
0.667473614216
0.665251135826
0.665144264698
0.666624486446
0.669038116932
0.667104780674
0.663827002048
0.665304243565
0.665421128273
0.664468824863
0.661905646324
0.66453063488
0.662657976151
0.662321507931
0.662670373917
0.661000370979
0.662788927555
0.663777709007
0.659780204296
0.661167263985
0.660263359547
0.660721182823
0.660976529121
0.661071181297
0.660451948643
0.659327745438
0.660905122757
0.656475186348
0.659112334251
0.660394906998
0.656631231308
0.659830451012
0.656123518944
0.654540717602
0.656016230583
0.656421542168
0.653499126434
0.652695536613
0.651122808456
0.651433646679
0.654205739498
0.650816261768
0.648065567017
0.650336682796
0.649999320507
0.650671601295
0.648691892624
0.644098997116
0.649952054024
0.644912719727
0.646898388863
0.643231630325
0.649238169193
0.64746427536
0.643498659134
0.645813882351
0.643357634544
0.644173502922
0.642160952091
0.643798530102
0.644120812416
0.641069233418
0.642461657524
0.644363760948
0.637629747391
0.635219812393
0.638210773468
0.640391111374
0.635069608688
0.636081218719
0.641761302948
0.634570360184
0.635658681393
0.634654819965
0.638789355755
0.6301831007
0.633084535599
0.633825540543
0.625435888767
0.635612905025
0.626170039177
0.628086984158
0.633398592472
0.624891102314
0.628937661648
0.630048215389
0.625977277756
0.623863756657
0.62280189991
0.623313963413
0.620954990387
0.617869138718
0.620787858963
0.623925805092
0.620625913143
0.620416045189
0.62129342556
0.614620029926
0.613985300064
0.617821633816
0.61288112402
0.615779936314
0.612261354923
