0.716345489025
0.699625551701
0.705747127533
0.688002884388
0.686577677727
0.698148787022
0.687730371952
0.68011289835
0.682651281357
0.669297158718
0.673598110676
0.667009651661
0.680649697781
0.685372233391
0.671842098236
0.678579330444
0.667313575745
0.662589073181
0.674824655056
0.681159317493
0.665875196457
0.666610479355
0.674454152584
0.674840986729
0.66048926115
0.675827383995
0.666233539581
0.657449841499
0.657646596432
0.672832071781
0.65471881628
0.665221750736
0.653637707233
0.657131433487
0.669944524765
0.65102994442
0.656466603279
0.651057779789
0.661652803421
0.669443190098
0.663040518761
0.647844612598
0.652393341064
0.659704864025
0.660128057003
0.651611030102
0.667875289917
0.660361409187
0.660133481026
0.648661017418
0.628789246082
0.645339906216
0.652366816998
0.643463134766
0.649769306183
0.654141366482
0.641919970512
0.64418721199
0.640640616417
0.642807662487
0.646573603153
0.631785154343
0.647027134895
0.642259299755
0.635973393917
0.619058430195
0.630919992924
0.627997040749
0.610318124294
0.6135455966
0.618181049824
0.632218062878
0.623013019562
0.644894778728
0.618716597557
0.616037130356
0.618942022324
0.645866751671
0.624597787857
0.614625930786
0.601457834244
0.619223296642
0.607744812965
0.608329117298
0.622835695744
0.620674967766
0.591164290905
0.588241934776
0.624203145504
0.596257448196
0.60037702322
0.586579620838
0.595461726189
0.620909452438
0.604350328445
0.597112953663
0.58894687891
0.59825783968
0.554577469826
0.602944254875
0.5739569664
0.593800425529
0.594923377037
0.58987390995
0.598002672195
0.570770084858
0.602046966553
0.572534322739
0.592770636082
0.57422041893
0.588052511215
0.563862204552
0.562352001667
0.571628153324
0.542753279209
0.541163742542
0.554420828819
0.564135909081
0.559987783432
0.541631639004
0.585239350796
0.564487755299
0.578298389912
0.570020854473
0.538282752037
0.52954608202
0.529203057289
0.563780844212
0.51924687624
0.546579778194
0.548665583134
0.576269447803
0.541090488434
0.523990213871
0.520341694355
0.544166684151
0.538190960884
0.535558879375
0.511923015118
0.52308934927
0.530492544174
0.535142481327
0.512545824051
0.50255459547
0.553181886673
0.544459104538
0.53752630949
0.503903329372
0.514445960522
0.497537016869
0.536176562309
0.501271307468
0.519443690777
0.524539649487
0.506781578064
0.502825558186
0.546858906746
0.534935235977
0.49988079071
0.51690775156
0.471198141575
0.500552654266
0.510646164417
0.496790587902
0.473429948092
0.517451941967
0.511175811291
0.50523775816
0.469886809587
0.485295295715
0.516419947147
0.501236319542
0.543384969234
0.50398427248
0.496356874704
0.504734635353
0.498637378216
0.500284731388
0.54394441843
0.472150146961
0.499091506004
0.474664092064
0.503573477268
0.502936244011
0.525215387344
0.484469503164
0.516509056091
0.462591677904
0.465785771608
0.53021967411
0.529220998287
0.457851022482
0.481587380171
0.464300662279
0.510276138783
0.489752948284
0.5050380826
0.534611403942
0.476553857327
0.481225401163
