0.693015396595
0.692903757095
0.693026959896
0.692878246307
0.692874014378
0.692889630795
0.692869544029
0.692750275135
0.692831873894
0.692772686481
0.692899882793
0.692835509777
0.692721605301
0.692787289619
0.692783236504
0.692787587643
0.692746043205
0.692758321762
0.692702353001
0.692768573761
0.692641019821
0.692677199841
0.692767083645
0.692696690559
0.692660450935
0.692688345909
0.692496478558
0.692553579807
0.69244146347
0.692571640015
0.692397117615
0.692497193813
0.692484736443
0.692528545856
0.692525863647
0.692508220673
0.692383468151
0.692339718342
0.692285597324
0.692299902439
0.692351400852
0.692359387875
0.69228053093
0.692385613918
0.69232916832
0.692301809788
0.692183554173
0.692222952843
0.692181169987
0.69183164835
0.692092061043
0.692166268826
0.692177295685
0.692020535469
0.692114770412
0.692095577717
0.69203299284
0.69209676981
0.69193905592
0.692109465599
0.691742777824
0.691803097725
0.691765546799
0.691689014435
0.691807687283
0.691734850407
0.691730678082
0.691704928875
0.691738247871
0.691731393337
0.691644132137
0.69172513485
0.691578328609
0.691595554352
0.691519379616
0.691264510155
0.691650271416
0.691713213921
0.691507101059
0.691598236561
0.691699802876
0.691508829594
0.691392838955
0.691190183163
0.691338419914
0.69126021862
0.691425025463
0.691084384918
0.691156148911
0.69092208147
0.691220402718
0.691159069538
0.690834105015
0.690861463547
0.691162407398
0.690874576569
0.691070020199
0.690674543381
0.691079556942
0.690737783909
0.690855920315
0.690874874592
0.690701901913
0.6907812953
0.690771996975
0.690959632397
0.69061011076
0.690694689751
0.690940141678
0.690615832806
0.690404772758
0.690585792065
0.690323472023
0.690634727478
0.690357863903
0.690136492252
0.690262556076
0.689992964268
0.690197527409
0.690377652645
0.69013774395
0.690221250057
0.689935147762
0.690385222435
0.690090298653
0.689942717552
0.690106511116
0.690096616745
0.690287590027
0.69048589468
0.689884305
0.689619421959
0.689798653126
0.689437747002
0.689735531807
0.689475059509
0.689737856388
0.689795434475
0.689414322376
0.689566850662
0.689610898495
0.689069747925
0.689338028431
0.690012335777
0.689520180225
0.689408659935
0.689596176147
0.689397096634
0.689116299152
0.689386188984
0.689447045326
0.689339518547
0.689119637012
0.688856899738
0.689437627792
0.689264059067
0.689482390881
0.688868701458
0.688539922237
0.68945735693
0.689056038857
0.689268231392
0.688609004021
0.688321590424
0.688651680946
0.688867092133
0.688454806805
0.688972294331
0.688550651073
0.688475966454
0.688470065594
0.688650906086
0.688422679901
0.688196480274
0.688631534576
0.688632071018
0.688324272633
0.688356995583
0.687970280647
0.68840098381
0.688044726849
0.688576757908
0.687514960766
0.687901437283
0.688148975372
0.687822937965
0.68768966198
0.687904179096
0.688006639481
0.68754029274
0.687660098076
0.687718033791
0.687614917755
0.68785327673
0.6875846982
0.688022196293
0.687580287457
0.686988174915
0.687214076519
0.687089145184
0.687790572643
0.687302470207
0.687729299068
0.687342524529
0.68643707037
0.687496006489
0.687172591686
0.686731278896
0.687016487122
0.686963498592
0.686969935894
0.687430918217
0.686872541904
0.686962842941
0.686915040016
0.686677575111
0.687067568302
0.686567604542
0.686682999134
0.686612188816
0.686355650425
0.686818242073
0.686028897762
0.686156332493
0.686042845249
0.685832321644
0.686634480953
0.686620891094
0.686128616333
0.686534523964
0.685648620129
0.685929894447
0.686204135418
0.685265958309
0.685882925987
0.685754418373
0.685621857643
0.685567498207
0.68572306633
0.685456633568
0.685499846935
0.685413241386
0.68553519249
0.685202240944
0.685269236565
0.685170888901
0.684940934181
0.684938430786
0.684764385223
0.685817122459
0.684806108475
0.684964418411
0.685517668724
0.685327768326
0.685353696346
0.685254633427
0.685261666775
0.684866786003
0.685036957264
0.685161232948
0.684461116791
0.6846357584
0.684403955936
0.684498786926
0.68492513895
0.685021162033
0.684042513371
0.684073090553
0.684007763863
0.683949768543
0.683670341969
0.68420112133
0.684256494045
0.683718144894
0.684031963348
0.683719754219
0.684125363827
0.683599770069
0.683677852154
0.684425592422
0.684197306633
0.683187067509
0.682914376259
0.683577656746
0.683684051037
0.682671070099
0.68358951807
0.682510495186
0.68344694376
0.683546721935
0.683119177818
0.683256566525
0.683347702026
0.682753205299
0.682816982269
0.682976603508
0.683312535286
0.682217240334
0.682840943336
0.68364584446
