0.69327300787
0.691744148731
0.688354074955
0.684366941452
0.67949783802
0.674129724503
0.668240904808
0.662439644337
0.655969619751
0.649636745453
0.643378734589
0.635881900787
0.629856586456
0.622260928154
0.615404069424
0.607442259789
0.600749671459
0.592758476734
0.584831118584
0.576691329479
0.568849027157
0.561417162418
0.553523004055
0.54493534565
0.535615801811
0.528260111809
0.518261194229
0.50970262289
0.500929951668
0.49363976717
0.484064161777
0.474477022886
0.467537641525
0.45657646656
0.446420818567
0.435843199492
0.429511547089
0.420248568058
0.410209923983
0.400122880936
0.390974760056
0.383119225502
0.372939616442
0.363555312157
0.356458872557
0.347425580025
0.338326871395
0.329009264708
0.319331794977
0.309585213661
0.300822585821
0.291044861078
0.284741967916
0.276824146509
0.26843047142
0.258358031511
0.253146767616
0.242941021919
0.238630458713
0.23073771596
0.221514508128
0.216961607337
0.208012104034
0.199828654528
0.195351496339
0.187193378806
0.182513862848
0.175963208079
0.166102707386
0.163242340088
0.158672630787
0.154358565807
0.148300379515
0.142336815596
0.138068124652
0.133659079671
0.12858107686
0.123012490571
0.119967259467
0.116364195943
0.110519967973
0.109627306461
0.103943161666
0.101297460496
0.0975748077035
0.0933351665735
0.0916360989213
0.0862878412008
0.0844601690769
0.0810060277581
0.0809947103262
0.0771692767739
0.0746787339449
0.0706079229712
0.0692202746868
0.0678196102381
0.0643022730947
0.0629485920072
0.0607591494918
0.0607498548925
0.0557254329324
0.0571152865887
0.0530473664403
0.0534695871174
0.0494575574994
0.0490017905831
0.0478318892419
0.0453083030879
0.0440191924572
0.0439188145101
0.0409772284329
0.0395252779126
0.0385927632451
0.0371880978346
0.0371043123305
0.0347695685923
0.0338502116501
0.0320985578001
0.0322972126305
0.0301619358361
0.0291153136641
0.0284895692021
0.0278686657548
0.0269654616714
0.0259755756706
0.0237972810864
0.0242079291493
0.0233413297683
0.0220043025911
0.0213193446398
0.0216854233295
0.0196340531111
0.0191657412797
0.0197547115386
0.0194581523538
0.0180281493813
0.0178646352142
0.0168648399413
0.016240041703
0.0152085209265
0.0152566861361
0.0147527884692
0.0145588107407
0.0141327083111
0.0138790365309
0.0131716364995
0.0133287012577
0.0136185409501
0.0128932483494
0.0118859838694
0.0117933182046
0.0115929460153
0.0115004107356
0.01101775188
0.0107279494405
0.0108716692775
0.0101744271815
0.0100372573361
0.0097927050665
0.0096898926422
0.00897015072405
0.00879473891109
0.00967791583389
0.00867375452071
0.00882204808295
0.00909535121173
0.00788306072354
0.00808238424361
0.00781085761264
0.00786466617137
0.00767586706206
0.00744681013748
0.00705018639565
0.00723035167903
0.00744361896068
0.00672449497506
0.00725321285427
0.00642952788621
0.00674931379035
0.00616295496002
0.00625856872648
0.00662196613848
0.00653373915702
0.00615267921239
0.00608943309635
0.00585520686582
0.00574337923899
0.00537846144289
0.00555655080825
0.00553486589342
0.00537258945405
0.00491965003312
0.00509649608284
0.00490376772359
0.00479519832879
0.00500851497054
0.00529546756297
0.00447314372286
0.00445966795087
0.00484259752557
0.00450466480106
0.00449821446091
0.00453023333102
0.00424102321267
0.00428241863847
0.00439004972577
0.00402357429266
0.00423576822504
0.00405818270519
0.00406500091776
0.00407382054254
0.00413682358339
0.00380902923644
0.00393268465996
0.00349274254404
0.00398081587628
0.00374456495047
0.00384236243553
0.00342731038108
0.00338138244115
0.00331832864322
0.00351611059159
0.00389670510776
0.00323193520308
0.00326922745444
0.00312520144507
0.00320384278893
0.00311128562316
0.00324634229764
0.00308836461045
0.00300484523177
0.0030868658796
0.00294479983859
0.00292035075836
0.00298428023234
0.00289484462701
0.00301766674966
0.00292185856961
0.00264427927323
0.00275721936487
0.0026660352014
0.00271664140746
0.00262228026986
0.00259890872985
0.00254470016807
0.00241092778742
0.00248997705057
0.00245609390549
0.00251654093154
0.00240457896143
0.00246748002246
0.00250175967813
0.00235311989672
0.00236875680275
0.00267176982015
0.00217673368752
0.00234617409296
0.00222588144243
0.00235065049492
0.00212845532224
0.00224664760754
0.0023380224593
0.00213714526035
0.00210943026468
0.00212779012509
0.00217473786324
0.002067029709
0.0019860973116
0.00208015087992
0.00207931152545
0.00202495232224
0.00201639672741
0.00195705099031
0.00204598507844
0.00188043538947
0.00191465672106
0.00167966342997
0.00183318078052
0.00168252701405
0.00179882824887
0.00195267726667
0.00181414023973
0.00181263696868
0.00185108243022
0.00187869067304
0.0016404511407
0.00185577897355
0.00173409853596
0.00182297604624
0.0016285632737
0.00171192944981
0.00154250860214
0.00162180454936
0.00163632282056
0.0016498984769
0.00168581819162
0.00160200765822
0.00165161478799
0.00157640711404
0.00149278761819
0.00148581760004
0.00166138354689
0.00147709320299
0.00145998550579
0.00150791578926
0.00145523576066
0.00135684444103
0.0014959438704
0.00152560533024
0.00144881522283
0.0014233343536
0.00141655351035
0.00143374479376
0.00146632757969
0.00143061135896
0.00159063504543
0.00132573139854
0.00141204183456
0.00144527456723
0.00130103144329
0.00128705985844
0.00123259262182
0.00123825843912
0.00137829920277
0.00141684431583
0.001313500572
0.00128179357853
0.00134376925416
0.00135843816679
0.00129728286993
0.00123372860253
0.00124315230642
0.00125273666345
0.00115215324331
0.00121207954362
0.00111991656013
0.00115396582987
0.00114950025454
0.00116631132551
0.00120808859356
0.00116537651047
0.00103941583075
0.00111888570245
0.00111361977179
0.00105737778358
0.00102297298145
0.00109063577838
0.00109773059376
0.00103020155802
0.00117264478467
0.00100353709422
0.00102077552583
0.00105154328048
0.000958336517215
0.000934113690164
0.00103562662844
0.00110414985102
0.00110958388541
0.00102964905091
0.000943992461544
0.00102154782508
0.00100687763188
0.000979222124442
0.00092360295821
0.000997941941023
0.000987591105513
0.000954014365561
0.000938709359616
0.000933614908718
0.000907716806978
0.000954354531132
0.000875615514815
0.000912720861379
0.000916138058528
0.000948904664256
0.000907910871319
0.000900852610357
0.000902603322174
0.000906353583559
0.000993321067654
0.000848788477015
0.000859678955749
0.000854698766489
0.000870435149409
0.000822777452413
0.00076638138853
0.000956469972152
0.000846969953272
0.000879044528119
0.000860325060785
0.000748825084884
0.000781014794484
0.00084387359675
0.000802266586106
0.000806311843917
0.00080273806816
0.000805547344498
0.000825527589768
0.000770149461459
0.000775219814386
0.000780287839007
0.000789725920185
0.000794368854258
0.00072270561941
0.000689851643983
0.000792035483755
0.000821381225251
0.000740734452847
0.000805063929874
0.000766189652495
0.000838700449094
0.00071460736217
0.000808317505289
0.000824620306958
0.000785092299338
0.000736698275432
0.000821216672193
0.000871475960594
0.000810231256764
0.000693620415404
0.000824222748633
0.000780565082096
0.000823097245302
0.000915956334211
0.000843787332997
0.000745890138205
0.000752260501031
0.000778750109021
0.000738479604479
0.000765735399909
0.000728941755369
0.000737341528293
0.000817113381345
0.000750853097998
0.000725671532564
0.000754651846364
0.000687747029588
0.000826761533972
0.000776435714215
0.000785685726441
0.000814103521407
0.000800025998615
0.000801376299933
0.000797835295089
0.000763814256061
0.000729402410798
0.000714888214134
0.000726259604562
0.00074702850543
0.000749480270315
0.000779268564656
0.000782405666541
0.000718946219422
0.000748359307181
0.000745377736166
0.000733127992135
0.000736084533855
0.000798843742814
0.000719768693671
0.000773702864535
0.000751634943299
0.000792197184637
0.00076400465332
0.000798370398115
0.000720887794159
0.000722038734239
0.000733427936211
0.000738934613764
0.000817356049083
0.000735956127755
0.00079022051068
0.00069779594196
0.000911533017643
0.000734355591703
0.000800232635811
0.000743729877286
0.000767499615904
0.000842453911901
0.000840331485961
0.000746291247196
0.000708657782525
0.00077134167077
0.000714231166057
0.000758747337386
0.000774120620918
0.000781973241828
0.000704352452885
0.000732563319616
0.00068633252522
0.000729988969397
0.000745644792914
0.000705333368387
0.000726256694179
0.000741963973269
0.000747590966057
0.000794552499428
0.000786275311839
0.000721821095794
0.000761331699323
0.00076246203389
