0.721660912037
0.720720529556
0.716180145741
0.71199131012
0.713875949383
0.716051340103
0.718366205692
0.712321937084
0.717452168465
0.717503547668
0.713557720184
0.714792013168
0.714266598225
0.708898305893
0.706704616547
0.711764216423
0.710269212723
0.710191071033
0.708733260632
0.713796019554
0.71637570858
0.710365712643
0.714869558811
0.711312949657
0.70738106966
0.707443892956
0.704009056091
0.709977686405
0.709059715271
0.708099365234
0.710314810276
0.71500223875
0.703566551208
0.708642482758
0.711352586746
0.704447984695
0.702845752239
0.713178098202
0.699384272099
0.709025144577
0.704507827759
0.70364099741
0.706758618355
0.697668135166
0.706246256828
0.70117610693
0.701131522655
0.70310562849
0.698268532753
0.700131475925
0.701672494411
0.702398955822
0.702282845974
0.704509913921
0.698060572147
0.701364219189
0.708524465561
0.703390598297
0.702444374561
0.699872672558
0.704920649529
0.701414823532
0.701915442944
0.70374661684
0.699723541737
0.697034716606
0.701175868511
0.701826155186
0.701017558575
0.701120972633
0.706536948681
0.705417513847
0.698820531368
0.701997876167
0.696265697479
0.700849413872
0.703647017479
0.698711395264
0.704328119755
0.699083805084
0.697173953056
0.700049042702
0.693670749664
0.701848864555
0.695902466774
0.69855850935
0.698590755463
0.699157476425
0.699130177498
0.700078129768
0.698136866093
0.703294277191
0.698696732521
0.704331874847
0.693432986736
0.699617922306
0.698230445385
0.6997153759
0.699695408344
0.699090600014
