0.695398390293
0.695377707481
0.69434016943
0.695454359055
0.692968070507
0.695265233517
0.694668829441
0.693569898605
0.695183575153
0.693620622158
0.694125890732
0.693608045578
0.693803727627
0.693354308605
0.693910777569
0.694319725037
0.693985819817
0.694805681705
0.694418728352
0.692850112915
0.694828808308
0.693214833736
0.694442093372
0.693689882755
0.693642139435
0.694808721542
0.69387036562
0.693797767162
0.693434357643
0.694025397301
0.693936884403
0.694116652012
0.693866789341
0.692606568336
0.692934811115
0.693985521793
0.693523705006
0.693507373333
0.693947792053
0.693519532681
0.694104731083
0.693633794785
0.69292652607
0.693477928638
0.693039476871
0.694672226906
0.694159686565
0.694240808487
0.692920267582
0.692676663399
