0.695470690727
0.695483565331
0.695773899555
0.695128142834
0.693343877792
0.694007635117
0.693558573723
0.694421172142
0.694647669792
0.693460166454
0.69495177269
0.694808661938
0.693300962448
0.692917883396
0.693570971489
0.692273020744
0.693078696728
0.69240218401
0.693402647972
0.691351890564
0.692194879055
0.691312849522
0.691814601421
0.692565917969
0.6938393116
0.691500782967
0.690997779369
0.690489590168
0.690466880798
0.689786374569
0.692405939102
0.691948115826
0.689572453499
0.691311657429
0.690002799034
0.690877318382
0.691077709198
0.69019395113
0.689464271069
0.689100623131
0.690100967884
0.689935982227
0.689790725708
0.689632117748
0.689547479153
0.688486099243
0.689533829689
0.688712239265
0.68947994709
0.689366579056
0.688093841076
0.688402116299
0.687340438366
0.688410758972
0.688750863075
0.688798844814
0.687316894531
0.686150074005
0.687905430794
0.686696112156
0.686890900135
0.686440825462
0.687656760216
0.687635421753
0.686920285225
0.687370479107
0.687306702137
0.686299264431
0.686078608036
0.686251103878
0.684507489204
0.685501754284
0.68639332056
0.684735774994
0.685990393162
0.685866951942
0.6863104105
0.685775458813
0.684187889099
0.683688402176
0.684834122658
0.681673049927
0.683856368065
0.684182882309
0.682652771473
0.683494985104
0.683819591999
0.681515932083
0.68273961544
0.684242665768
0.683225631714
0.683987855911
0.683469831944
0.683210074902
0.682830810547
0.682165205479
0.680880486965
0.681280434132
0.682190477848
0.682676017284
0.678567886353
0.680239140987
0.680656075478
0.682314097881
0.68174135685
0.68020516634
0.679079353809
0.679425954819
0.678288698196
0.678894579411
0.679646551609
0.679486215115
0.680503964424
0.676710784435
0.678311526775
0.680353403091
0.67921423912
0.677797436714
0.67532491684
0.676228880882
0.677594065666
0.675151407719
0.675015211105
0.676037251949
0.678693234921
0.675030231476
0.675088942051
0.674847662449
0.675047397614
0.674611389637
0.675908982754
0.673565387726
0.675138533115
0.672300100327
0.673791229725
0.674014151096
0.673975288868
0.673730373383
0.672759413719
0.669528484344
0.674047708511
0.670089364052
0.670703709126
0.668339192867
0.668217122555
0.674243509769
0.667886555195
0.666472673416
0.670578598976
0.67089176178
0.67217695713
0.670289218426
0.667545080185
0.667172849178
0.667933702469
0.666419863701
0.667333066463
0.664314985275
0.66871035099
0.667119622231
0.664444088936
0.662697911263
0.660448074341
0.664028286934
0.660872578621
0.664749741554
0.662932813168
0.659935534
0.66179227829
0.661795020103
0.662744641304
0.66350030899
0.663479566574
0.655363559723
0.658146619797
0.654845893383
0.656713724136
0.660204410553
0.65753030777
0.658210873604
0.654735565186
0.656253993511
0.656329631805
0.656689465046
0.656626999378
0.655425488949
0.654651999474
0.655587852001
0.651323497295
0.651085615158
0.65045529604
0.651759505272
0.651200950146
0.651533126831
0.643920958042
0.649882555008
0.644091963768
0.643735289574
0.64472413063
0.647709608078
0.643682062626
0.648112177849
0.644314885139
0.646233439445
0.642600178719
0.64215362072
0.641207277775
0.647963762283
0.641206681728
0.645224809647
0.639903247356
0.638612151146
0.639636158943
0.638938486576
0.6371306777
0.637546002865
0.637678623199
0.635384380817
0.636719763279
0.636955618858
0.634517967701
0.637744069099
0.629487097263
0.634228289127
0.63000869751
0.629267632961
0.632354021072
0.634006381035
0.631944954395
0.627615272999
0.629296004772
0.624223530293
0.627516388893
0.620269179344
0.625643253326
0.621514678001
0.620649695396
0.623823165894
0.62112402916
0.623296797276
0.617007911205
0.621685683727
0.623278617859
0.61923712492
0.617372632027
0.615407764912
0.612518429756
0.612844049931
0.616932690144
0.620225310326
0.612273991108
0.61558842659
0.613080620766
0.610554337502
0.61131054163
0.613601267338
0.613053619862
0.605189025402
0.609665751457
0.606348216534
0.607937216759
0.608547031879
0.598154306412
0.607787370682
0.604082226753
0.604161262512
0.599012136459
0.589883804321
0.603164315224
0.604581236839
0.600080490112
0.592323422432
0.595778405666
0.592252612114
0.596113562584
0.590267777443
0.589872121811
0.598460078239
0.593124032021
0.59906578064
0.589510500431
0.587405145168
0.591848671436
0.580245435238
0.584066569805
0.587705314159
0.593207895756
0.58256071806
0.576672375202
0.583702623844
0.586222827435
0.584339976311
0.584352791309
0.587473809719
0.575257778168
0.582776427269
0.57765853405
0.571243941784
0.575895488262
0.572539269924
0.581513702869
0.566981494427
0.576507806778
0.570847630501
0.563239514828
0.572522580624
0.572029948235
0.575420081615
0.577782690525
0.568323850632
0.572840929031
0.556599020958
0.566390931606
0.55734193325
0.560073971748
0.564929187298
0.562105298042
0.560032129288
0.555174410343
0.565793395042
0.56548678875
0.55960214138
0.549917340279
0.54902523756
0.55937486887
0.550352096558
0.554854750633
0.555716753006
0.553492903709
0.56208050251
0.548949360847
0.565800309181
0.558133602142
0.555849790573
0.559159994125
0.544872879982
0.537074267864
0.548626244068
0.557731568813
0.55122756958
0.54620051384
0.546214401722
0.539974927902
0.549604475498
0.538707852364
0.543670713902
0.544864237309
0.525799095631
0.540152072906
0.551206231117
0.532378017902
0.551427483559
0.533968746662
0.528747022152
0.53621160984
0.531492233276
0.525869071484
0.528695762157
0.523786842823
0.519354760647
0.523684740067
0.517908632755
0.52502065897
0.526475012302
0.531329333782
0.530176401138
0.516713798046
0.531188845634
0.526108324528
0.516920626163
0.513959288597
0.536122143269
0.530660688877
0.507854640484
0.522418498993
0.51882058382
0.505385637283
0.506076931953
0.504734694958
0.530361413956
0.511977672577
0.512697815895
0.504568517208
0.529243171215
0.505550980568
0.506496429443
0.505148470402
0.51726526022
0.506244659424
0.504979968071
0.502277374268
0.497915327549
0.505341351032
0.495414227247
0.493375182152
0.499138832092
0.509001076221
0.507564008236
0.489567577839
0.511791527271
0.494260728359
0.486448734999
0.508123874664
0.484041541815
0.49011528492
0.493540287018
0.503067553043
0.490986794233
0.495312452316
0.47941160202
0.492542207241
0.51128578186
0.488160520792
0.501584112644
0.484654247761
0.503590643406
0.488899171352
0.492763757706
0.482209861279
0.476986467838
0.484488278627
0.484069824219
0.493109613657
0.484505772591
0.488163024187
0.481854945421
0.477983802557
0.486804008484
0.473235726357
0.472463816404
0.482765525579
0.453328698874
0.478263795376
0.469587236643
0.478126853704
0.47800385952
0.490769445896
0.470448672771
0.473686099052
0.466066271067
0.477323204279
0.48332503438
0.461662441492
0.47463747859
0.480586588383
0.47699329257
0.463484853506
0.455436825752
0.474824339151
0.481666743755
0.47152158618
0.463023006916
0.471544593573
0.463075190783
0.449432641268
0.469455629587
0.442894846201
0.468455046415
0.458731979132
0.478041291237
0.453369110823
0.471711695194
0.453694760799
0.456559747458
0.448497146368
0.463653504848
0.453555434942
0.438186377287
0.456377178431
0.467688947916
0.444355666637
0.463748365641
0.448470056057
0.437635660172
0.443317085505
0.433708488941
0.451856851578
0.445823848248
0.45273411274
0.471385776997
0.439524680376
0.443735063076
0.455394953489
0.467075556517
0.431204050779
0.461799502373
0.440709263086
0.454401403666
0.437629550695
0.456476539373
0.436071306467
0.446932673454
0.431097120047
0.443523526192
0.425617724657
0.441750824451
0.448735237122
0.440362513065
0.439757496119
0.449634075165
0.461456865072
0.434784203768
0.438366293907
0.429535925388
0.435485124588
0.425524353981
0.434336960316
0.428850859404
0.44558352232
0.434344559908
0.445933490992
0.439251959324
0.431425988674
0.431678891182
0.421252965927
0.422055453062
0.431164175272
0.421304166317
0.424185544252
0.439965456724
0.410910844803
0.423421055079
0.428051829338
0.432335406542
0.448006480932
0.4289047122
0.41545805335
0.430733084679
0.420345515013
0.431239724159
0.428001970053
0.417368739843
0.420218914747
0.427755355835
0.409833401442
0.417501300573
0.426215857267
0.421160042286
0.425140857697
0.412446767092
0.410174995661
0.42205825448
0.408197343349
0.368584543467
0.390118718147
0.423858970404
0.381743192673
0.434426546097
0.432925641537
0.401934355497
0.409346669912
0.394373387098
0.394002884626
0.396422863007
0.410939127207
0.409061342478
0.390797972679
0.403448462486
0.39976760745
0.391964882612
0.418808043003
0.398695886135
0.40069681406
0.41153138876
0.419151812792
0.414110094309
0.387247443199
0.388742148876
0.389090150595
0.406546354294
0.40724632144
0.3901925385
0.397859066725
0.390516042709
0.408062517643
0.397738099098
0.395005524158
0.382868438959
0.394912540913
0.40205219388
0.389866232872
0.388387054205
0.394119530916
0.409467697144
0.39434376359
0.420386523008
0.400426387787
0.391428649426
0.389832615852
0.399110585451
0.385762929916
0.386538386345
0.407671570778
0.424247324467
0.379068672657
0.409737795591
0.388727784157
0.399111449718
0.380180716515
0.368580043316
0.384743243456
0.41551682353
0.382587373257
0.40106511116
0.374810785055
0.375681459904
0.384420663118
0.386644870043
0.377923220396
0.381648898125
0.401948541403
0.401960164309
0.372359514236
0.394137054682
0.362383395433
0.379218995571
0.367331147194
0.39365541935
0.383381575346
0.387830674648
0.364915162325
0.415901452303
0.379241764545
0.372956514359
0.356722414494
0.368500858545
0.378143429756
0.384216576815
0.388676404953
0.369788020849
0.352341353893
0.350772678852
0.371097534895
0.370977938175
0.387787073851
0.406386524439
0.389462947845
0.375573992729
0.38724398613
0.38930606842
0.374077767134
0.370810955763
0.371405214071
0.383006870747
0.356831431389
0.367233157158
0.360504150391
0.400446027517
0.370972156525
0.361314028502
0.369443953037
0.36184078455
0.360859155655
0.365932583809
0.370108157396
0.387052923441
0.385666638613
0.390530705452
0.378690570593
0.3632350564
0.353660315275
0.370840728283
0.382934302092
0.394074350595
0.377779781818
0.349640011787
0.358084589243
0.374931395054
0.398103713989
0.336060494184
0.368211507797
0.393555432558
0.334197580814
0.366149932146
0.371185898781
0.352567642927
0.366738289595
0.350070595741
0.336753487587
0.34813913703
0.369669258595
0.374786674976
0.339055091143
0.371692240238
0.391690850258
0.35059350729
0.360785931349
0.318976104259
0.338245213032
0.335283041
0.362865030766
0.378179699183
0.340473890305
0.356120377779
0.383914083242
0.363109052181
0.368890970945
0.350144475698
0.390821516514
0.366960704327
0.341695278883
0.354755163193
0.364861935377
0.354364275932
0.352872371674
0.369198232889
0.347086250782
0.371245831251
0.335591644049
0.361449927092
0.345334559679
0.373284161091
0.338252693415
0.33221873641
0.344065487385
0.357242196798
0.349885433912
0.342434763908
0.358411103487
0.33852148056
0.34794408083
0.335308045149
0.353606909513
0.337882965803
0.387813597918
0.320842862129
0.346069067717
0.362766444683
0.326670944691
0.355901271105
0.345383048058
0.334409117699
0.354615479708
0.340846329927
0.345233410597
0.364478319883
0.357471048832
0.37554064393
0.359551638365
0.372391819954
0.312601745129
0.358497202396
0.330149501562
0.331823945045
0.37287914753
0.339060157537
0.360999912024
0.345439344645
0.34538847208
0.328583866358
0.350616037846
0.326054304838
0.336653441191
0.314401507378
0.346204847097
0.325955450535
0.383993655443
0.348627775908
0.3156722188
0.363292723894
0.30809789896
0.34381377697
0.354738265276
0.316562533379
0.349683821201
0.339404046535
0.314821630716
0.361224204302
0.315442502499
0.352326691151
0.334449261427
0.329609453678
0.359155088663
0.338753461838
0.344585299492
0.343573212624
0.313158422709
0.336971968412
0.333289325237
0.324297845364
0.353875517845
0.3446803689
0.344768434763
0.319810777903
0.298972636461
0.325354009867
0.32221186161
0.336036384106
0.296809375286
0.307206094265
0.348732888699
0.350651144981
0.307088345289
0.332089453936
0.356378108263
0.332046151161
0.35339987278
0.328451454639
0.377014815807
0.305121123791
0.337330549955
0.341807961464
0.33102864027
0.303429931402
0.317516356707
0.327042251825
0.300598621368
0.330685943365
0.333144962788
0.30863031745
0.324906617403
0.332207739353
0.308660298586
0.288265287876
0.318918317556
0.324377566576
0.325403064489
0.311533898115
0.308033615351
0.299169421196
0.352704048157
0.30170789361
0.306532025337
0.288957804441
0.320356667042
0.302271306515
0.337361484766
0.316496282816
0.318491339684
0.328131705523
0.303223878145
0.311363041401
0.331543028355
0.300736039877
0.336232602596
0.336852073669
0.352791160345
0.302186310291
0.324237346649
0.348372966051
0.313083738089
0.321594029665
0.322727262974
0.313626140356
0.321621924639
0.336265683174
0.315447062254
0.30194285512
0.29751560092
0.353770107031
0.311670660973
0.318011552095
0.344544619322
0.330167919397
0.318178534508
0.323195785284
0.339545845985
0.349905401468
0.36052274704
0.310882598162
0.328972131014
0.318412423134
0.339672118425
0.32660984993
0.317209780216
0.334756851196
0.300722390413
0.328158766031
0.325516313314
0.310343235731
0.342732012272
0.32343018055
0.276598602533
0.309604793787
0.320739865303
0.334454834461
0.322369158268
0.350743770599
0.308584749699
0.340793550014
0.329479724169
0.272394806147
0.317665249109
0.32884785533
0.349818080664
0.328726261854
0.258831232786
0.27734926343
0.303797781467
0.335894614458
0.340110987425
0.282820433378
0.3121997118
0.299814164639
0.281856805086
0.320331156254
0.324569195509
0.27784126997
0.323344916105
0.300520032644
0.31858304143
0.309067219496
0.330219775438
0.332542359829
0.312555164099
0.314509958029
0.314696639776
0.315843492746
0.327587217093
0.307709097862
0.336557745934
0.306813299656
0.324394196272
0.308246582747
0.292509227991
0.307454794645
0.288125962019
0.300765782595
0.300117701292
0.325434654951
0.285449713469
0.320867538452
0.289752393961
0.295123130083
0.302788883448
0.305428594351
0.290571093559
0.317766577005
0.340279698372
0.313247740269
0.337819516659
0.257584840059
0.325403571129
0.31249910593
0.333159923553
0.338570654392
0.304222613573
0.302760601044
0.297242850065
0.300362795591
0.327574312687
0.329650908709
0.278048098087
0.263097554445
0.306520015001
0.319850742817
0.290385335684
0.30124270916
0.29497897625
0.337854027748
0.297603666782
0.269386857748
0.323813349009
0.349886447191
0.319652378559
0.292739987373
0.29817456007
0.331802815199
0.307447582483
0.327352017164
0.315486848354
0.310908377171
0.315555840731
0.307805448771
0.274320602417
0.291507691145
0.303920358419
0.281479716301
0.309824168682
0.303406924009
0.328311294317
0.337387979031
0.344919145107
0.32229167223
0.295099854469
0.341613888741
0.338151544333
0.313309520483
0.283703327179
0.30530923605
0.278566807508
0.266587078571
0.310167551041
0.306569069624
0.301052421331
0.309067755938
0.351753383875
0.278765380383
0.301161497831
0.315198868513
0.28868418932
0.293744891882
0.313456565142
0.279835671186
0.310149610043
0.312371402979
0.295065134764
0.320088297129
0.288521111012
0.288821905851
0.2971778512
0.305483996868
0.30279430747
0.277715325356
0.262309253216
0.262196302414
0.328061282635
0.333145201206
0.289793461561
0.316009372473
0.288072675467
0.309880495071
0.280566841364
0.28546833992
0.303066015244
0.30051201582
0.259560793638
0.315003693104
0.26968690753
0.309640079737
0.309504330158
0.267482638359
0.326838731766
0.303507119417
0.276393145323
0.295242130756
0.285759180784
0.303958266973
0.325207591057
0.269718229771
0.267605006695
0.310802191496
0.297974228859
0.288346201181
0.301439881325
0.308466255665
0.281926125288
0.295506834984
0.287400752306
0.318845242262
0.33830973506
0.346222877502
0.337811142206
0.313325226307
0.312297344208
0.311356216669
0.307430773973
0.315999031067
0.239664420485
0.322013139725
0.341303259134
0.282677322626
0.318571537733
0.363328129053
0.306675761938
0.265416055918
0.341550290585
0.285993516445
0.279634207487
0.305741369724
0.327580571175
0.320020198822
0.283922642469
0.337997496128
0.278189599514
0.298687696457
0.290148019791
0.270869284868
0.267680287361
0.26249936223
0.317726790905
0.303180992603
0.278907895088
0.30760255456
0.30184468627
0.308490693569
0.271143257618
0.286397755146
0.302195727825
0.317591518164
0.307245105505
0.339741706848
0.29822319746
0.305998384953
0.315100312233
0.275403320789
0.303350389004
0.289317876101
0.272233754396
0.28694498539
0.304697841406
0.290643692017
0.338554263115
0.233017578721
0.30265852809
0.302531838417
0.298829287291
0.307675093412
0.294753134251
0.260331243277
0.320882588625
0.289655983448
0.295860469341
0.299738973379
0.312748640776
0.317645251751
0.269091308117
0.259172081947
0.338097125292
0.279828876257
0.294473201036
0.301751285791
0.303253114223
0.310065209866
0.303328990936
0.290209680796
0.251734942198
0.337205827236
0.303159713745
0.287442028522
0.256551146507
0.358496010303
0.315091580153
0.30617710948
0.280941843987
0.251246243715
0.298188120127
0.323487132788
0.324299871922
0.303838342428
0.286042153835
0.290555566549
0.296268641949
0.327422529459
0.293992578983
0.317796498537
0.323781430721
0.301615834236
0.30348727107
0.276291429996
0.30575338006
0.304984420538
0.279113978148
0.256359040737
0.305023401976
0.306922614574
0.271930336952
0.296911537647
0.318563222885
0.303659021854
0.289950758219
0.286526322365
0.291296482086
0.314291983843
0.320560783148
0.283279955387
0.313488543034
0.273545950651
0.277268826962
0.255136430264
0.273925989866
0.300975620747
0.257689207792
0.245639428496
0.281787514687
0.239363968372
0.271050661802
0.294888943434
0.255462765694
0.255244702101
0.313818484545
0.323148876429
0.271879971027
0.254562526941
0.282224982977
0.302280783653
0.293087929487
0.298545271158
0.273147106171
0.287897437811
0.301729917526
0.314940392971
0.304227262735
0.250782817602
0.286834836006
0.242064625025
0.29072484374
0.272421181202
0.285744130611
0.274938076735
0.273153275251
0.289212286472
0.261045217514
0.269118010998
0.268260538578
0.297012656927
0.293896198273
0.252872556448
0.31035849452
0.266611725092
