0.816753327847
0.844607412815
0.850668609142
0.823733150959
0.820452868938
0.865152359009
0.799164712429
0.845742285252
0.81385499239
0.836592614651
0.814684033394
0.818275630474
0.810053110123
0.824416816235
0.80065959692
0.854861080647
0.818569123745
0.814941704273
0.796057999134
0.805868387222
0.817999064922
0.78688120842
0.797853469849
0.794789969921
0.795677423477
0.813768267632
0.799575924873
0.765441358089
0.788368701935
0.771237015724
0.791408658028
0.77840834856
0.775126218796
0.764235496521
0.801809072495
0.790012776852
0.77601391077
0.777123212814
0.758219063282
0.762419104576
0.747354209423
0.769117951393
0.801762878895
0.774256289005
0.741450548172
0.761485159397
0.765175044537
0.757218539715
0.765214860439
0.747892856598
0.755634307861
0.738519191742
0.756258010864
0.740286827087
0.744543969631
0.754223704338
0.732366740704
0.717699289322
0.739804208279
0.746387243271
0.719387888908
0.719759464264
0.720743775368
0.746093630791
0.710342526436
0.708838701248
0.728427767754
0.73571908474
0.723638474941
0.734797537327
0.725445926189
0.710565567017
0.72302377224
0.713801980019
0.70307046175
0.710538864136
0.695509016514
0.724745869637
0.714492857456
0.709816992283
0.710105538368
0.715367615223
0.703899800777
0.706876218319
0.7040117383
0.702321052551
0.701327383518
0.679348230362
0.696836769581
0.718490481377
0.710425674915
0.673684775829
0.686521112919
0.679442465305
0.692848563194
0.707744836807
0.70390355587
0.700930774212
0.680258393288
0.702101528645
0.67995429039
0.700095713139
0.712773740292
0.691649436951
0.694586098194
0.675816655159
0.687853395939
0.685617446899
0.667086958885
0.675071656704
0.67246478796
0.694141507149
0.665198326111
0.664042055607
0.681738674641
0.685569047928
0.669486641884
0.698088943958
0.699399232864
0.674436569214
0.669872522354
0.680962979794
0.68606454134
0.681584119797
0.653159737587
0.673211157322
0.666642189026
0.69167226553
0.685321569443
0.647269487381
0.6594825387
0.655564546585
0.638126552105
0.686879515648
0.668232679367
0.661703705788
0.64871776104
0.681551814079
0.662786543369
0.635634422302
0.670701563358
0.643248200417
0.661208510399
0.662333548069
0.664641916752
0.655711770058
0.655616521835
0.664169251919
0.662567853928
0.645274758339
0.635349929333
0.646551430225
0.661453783512
0.651925444603
0.645267903805
0.655869066715
0.630719840527
0.653764545918
0.660763680935
0.654847085476
0.640868008137
0.630833923817
0.633823096752
0.648885071278
0.61967843771
0.652741968632
0.643731594086
0.63882291317
0.633009970188
0.645713269711
0.65516602993
0.655907511711
0.63490408659
0.638179183006
0.637533545494
0.629761755466
0.622751355171
0.622005045414
0.64025080204
0.637001693249
0.628245592117
0.641771256924
0.618590831757
0.642183184624
0.635327458382
0.622281908989
0.634537279606
0.62700009346
0.615210235119
0.6190366745
0.636014163494
0.645677864552
0.630000770092
0.62142521143
0.627887129784
0.603298008442
0.628352701664
0.608130156994
0.629265844822
0.610662519932
0.608977615833
0.621217310429
0.618286013603
0.611041128635
0.635259926319
0.601572930813
0.604481339455
0.612378716469
0.597369372845
0.588840961456
0.637231588364
0.597809672356
0.620482563972
0.595959186554
0.621716558933
0.619151651859
0.595834553242
0.61679238081
0.615283191204
0.602091550827
0.604497492313
0.60076212883
0.624472558498
0.605179190636
0.613719820976
0.619898855686
0.600516557693
0.601509034634
0.60407358408
0.60948830843
0.606908082962
0.613052010536
0.608363389969
0.597524642944
0.603807926178
0.611629486084
0.599004745483
0.60641181469
0.600446283817
0.607427299023
0.604085028172
0.59624427557
0.605906963348
0.605382204056
0.601365923882
0.607342898846
0.592853546143
0.586843252182
0.580947995186
0.597616970539
0.590545296669
0.598285913467
0.581776201725
0.59642547369
0.598493874073
0.584169149399
0.585434794426
0.592543125153
0.599238038063
0.61572855711
0.582506597042
0.606023788452
0.595648407936
0.580320417881
0.585280537605
0.566981673241
0.574113965034
0.597345650196
0.58789986372
0.610370695591
0.584486544132
0.581713438034
0.582858860493
0.572649896145
0.582270503044
0.59206533432
0.579724133015
0.588462412357
0.580193817616
0.594876885414
0.589921832085
0.59706223011
0.583285093307
0.592675030231
0.582883536816
0.590459227562
0.572495996952
0.580003082752
0.585088133812
0.575263977051
0.580532252789
0.57754522562
0.591362833977
0.594237565994
0.583763480186
0.589740931988
0.578089475632
0.584721028805
0.564277529716
0.588316500187
0.585629224777
0.597358047962
0.555259525776
0.592830955982
0.578713417053
0.578099489212
0.563837766647
0.571730136871
0.571995198727
0.591479539871
0.581566512585
0.582730352879
0.573081314564
0.571233451366
0.575998604298
0.555217146873
0.580489814281
0.571511983871
0.581911742687
0.576998353004
0.560493469238
0.564315795898
0.557129859924
0.577879965305
0.581407487392
0.56740385294
0.569934487343
0.557522296906
0.574037790298
0.550294101238
0.57639592886
0.555059552193
0.559872567654
0.572394609451
0.54161465168
0.552074372768
0.556452929974
0.561937570572
0.577197313309
0.574151694775
0.570574879646
0.549597620964
0.548278808594
0.56420648098
0.551587700844
0.54967713356
0.560484886169
0.573048651218
0.566640973091
0.557955265045
0.550939679146
0.559348881245
0.568206250668
0.551697254181
0.576188802719
0.560534238815
0.558288812637
0.54440009594
0.556030511856
0.558911621571
0.547811865807
0.551345050335
0.548503816128
0.56274074316
0.546049952507
0.553703606129
0.569755852222
0.547855436802
0.55463719368
0.559838652611
0.552278161049
0.550223469734
0.558484554291
0.543561935425
0.53712952137
0.536586046219
0.537063598633
0.548766136169
0.554537534714
0.555784404278
0.552347719669
0.567206382751
0.548468232155
0.560119867325
0.563912093639
0.553652942181
0.55229729414
0.554513037205
0.543879270554
0.560572564602
0.554778218269
0.524996876717
0.562044262886
0.546949863434
0.562901079655
0.532961785793
0.55497533083
0.543536961079
0.544131338596
0.534182012081
0.548399746418
0.546280801296
0.541182160378
0.533649802208
0.558604061604
0.54200643301
0.537848174572
0.540619552135
0.544204652309
0.529968678951
0.538291037083
0.551463365555
0.536491632462
0.531379103661
0.531482279301
0.560496509075
0.536810100079
0.541333734989
0.55205899477
0.547829329967
0.538574337959
0.531307220459
0.528334856033
0.534461557865
0.539123654366
0.54153329134
0.525625169277
0.525616884232
0.552670001984
0.541363656521
0.511389553547
0.525159299374
0.522354781628
0.526353180408
0.527423799038
0.542765498161
0.52901917696
0.543619573116
0.533383190632
0.549636721611
0.533116459846
0.537870585918
0.526632249355
0.519956886768
0.53718239069
0.534579873085
0.545956909657
0.540858149529
0.524362742901
0.545896589756
0.540175795555
0.516308486462
0.524623215199
0.537133991718
0.531750440598
0.555884003639
0.52153044939
0.526575386524
0.518432855606
0.539711117744
0.525586903095
0.517171740532
0.517935931683
0.534121692181
0.530703902245
0.52497190237
0.530872941017
0.536229729652
0.540407001972
0.526548683643
0.522115707397
0.520057499409
0.526978909969
0.529232621193
0.521069288254
0.519085407257
0.5228703022
0.527870237827
0.54237395525
0.515739440918
0.514212787151
0.532327353954
0.531013429165
0.526618719101
0.53728556633
0.525476634502
0.529688596725
0.547472000122
0.534324586391
0.523019731045
0.521511793137
0.524419367313
0.519220888615
0.513329744339
0.515663444996
0.519813001156
0.533718526363
0.534190654755
0.537488222122
0.498200625181
0.520067214966
0.507281422615
0.522468149662
0.509007394314
0.51861935854
0.517921805382
0.520268797874
0.529467344284
0.526072740555
0.505515992641
0.498855948448
0.52085185051
0.525507569313
0.502879917622
0.518342673779
0.511984407902
0.516981780529
0.506570756435
0.50026512146
0.524624764919
0.523106992245
0.504940807819
0.520523309708
0.520103573799
0.499043822289
0.526210129261
0.516310691833
0.514065384865
0.514460742474
0.507667422295
0.535319626331
0.511136412621
0.510922789574
0.514845848083
0.522460281849
0.504240691662
0.5030849576
0.508695602417
0.503676533699
0.503467261791
0.503605127335
0.495213627815
0.501945614815
0.517904579639
0.507571816444
0.516484439373
0.49431604147
0.510606467724
0.496249288321
0.509527444839
0.497632533312
0.516951203346
0.509996771812
0.497288733721
0.492843776941
0.504047632217
0.496945977211
0.500069260597
0.489412903786
0.516719698906
0.510738730431
0.517612934113
0.49914252758
0.49597916007
0.4994186759
0.489761650562
0.484893649817
0.48805257678
0.495851576328
0.516090869904
0.510050714016
0.49222740531
0.49891525507
0.480456799269
0.511943042278
0.504063427448
0.491148233414
0.49512809515
0.486564844847
0.493082940578
0.488823980093
0.505826890469
0.493454873562
0.489756166935
0.497933059931
0.490426898003
0.515393912792
0.501190125942
0.508409738541
0.498424619436
0.481288701296
0.492801934481
0.499438226223
0.499687165022
0.497442245483
0.481913596392
0.502197027206
0.484480410814
0.477763950825
0.502007186413
0.485428124666
0.48782530427
0.482209175825
0.500395715237
0.494552463293
0.501536667347
0.475665420294
0.480778425932
0.488373011351
0.486987709999
0.492985099554
0.478689163923
0.498608499765
0.507985472679
0.507506787777
0.486935436726
0.4925378263
0.481465041637
0.491568505764
0.509395599365
0.472193539143
0.489936560392
0.484549105167
0.495580047369
0.475077182055
0.48271048069
0.455575048923
0.493489295244
0.477256149054
0.467933863401
0.47310090065
0.488931834698
0.493436425924
0.490109503269
0.491952836514
0.485013902187
0.490246802568
0.478516995907
0.492964923382
0.468310654163
0.489261567593
0.478107213974
0.489233911037
0.47865191102
0.485377848148
0.490661263466
0.479466468096
0.478480815887
0.482780128717
0.470362335443
0.485123425722
0.498050749302
0.491917163134
0.490781605244
0.478166282177
0.488841831684
0.478587895632
0.45405548811
0.476134538651
0.492031365633
0.489588171244
0.484265476465
0.479463636875
0.48228636384
0.479410111904
0.481613367796
0.480680465698
0.471286445856
0.474975287914
0.486562043428
0.498757213354
0.476911514997
0.473780304193
0.497733473778
0.477222114801
0.482645392418
0.479584753513
0.478781163692
0.468996226788
0.472928851843
0.48103633523
0.481521129608
0.453477919102
0.472385376692
0.462195456028
0.480060487986
0.466549694538
0.490938842297
0.469702750444
0.474407285452
0.479107409716
0.48078674078
0.45443803072
0.48836350441
0.476264536381
0.473336577415
0.477180510759
0.473955631256
0.464058637619
0.470016956329
0.46545907855
0.463727772236
0.479083955288
0.454317837954
0.465996056795
0.469511717558
0.458591252565
0.460027009249
0.477623462677
0.456275135279
0.463112354279
0.465874820948
0.472753494978
0.480368167162
0.470617592335
0.461279273033
0.456022202969
0.460875302553
0.477565079927
0.473549157381
0.456864655018
0.449058949947
0.462620764971
0.470126897097
0.464608490467
0.458378762007
0.465861052275
0.446719765663
0.466733634472
0.457008361816
0.469991207123
0.479642480612
0.484628230333
0.454485088587
0.458771020174
0.462819844484
0.452978283167
0.453403264284
0.464000463486
0.454286068678
0.477147132158
0.446267068386
0.460277616978
0.45548003912
0.462581962347
0.466309040785
0.476956099272
0.455716282129
0.464357078075
0.458653301001
0.448275715113
0.449143022299
0.469713062048
0.458443701267
0.462346494198
0.450457960367
0.450987964869
0.456676512957
0.466666162014
0.453146368265
0.471658110619
0.464624583721
0.451529353857
0.454063862562
0.467413812876
0.457359761
0.449734419584
0.447448432446
0.443804472685
0.451935619116
0.445460796356
0.454111635685
0.451642632484
0.4454433918
0.454451650381
0.467470049858
0.453696459532
0.459970474243
0.44537204504
0.454304456711
0.474328488111
0.452649563551
0.456250071526
0.432975709438
0.440007477999
0.449228584766
0.452273607254
0.428103685379
0.442554503679
0.441865563393
0.440599769354
0.449973881245
0.456073880196
0.432166993618
0.442719817162
0.451372474432
0.461775511503
0.456200838089
0.44682008028
0.484763383865
0.458881288767
0.44638761878
0.454213768244
0.445791333914
0.444106936455
0.433132052422
0.426073998213
0.459371685982
0.448722332716
0.435758948326
0.45737811923
0.432500332594
0.468340665102
0.445727795362
0.435795038939
0.439518511295
0.461733102798
0.416823744774
0.453357458115
0.446503400803
0.448348551989
0.433197498322
0.429326713085
0.446753501892
0.453984320164
0.44286903739
0.449031889439
0.443957000971
0.443236649036
0.44327750802
0.443670481443
0.437385559082
0.418340057135
0.415671974421
0.422204434872
0.444899201393
0.433296710253
0.445028305054
0.438183307648
0.449372887611
0.433516800404
0.439786523581
0.435190826654
0.436848163605
0.446493834257
0.442398548126
0.423806458712
0.425832659006
0.459649771452
0.431840807199
0.441641241312
0.442185670137
0.439514577389
0.435937196016
0.444452375174
0.438163429499
0.455106109381
0.44493240118
0.441518425941
0.44185051322
0.444067209959
0.446253746748
0.438356906176
0.424595743418
0.456628680229
0.445853859186
0.428051918745
0.436317890882
0.449486553669
0.431915223598
0.424898833036
0.421777278185
0.434516876936
0.45996004343
0.449434041977
0.431552946568
0.431938886642
0.429230809212
0.443783342838
0.43200224638
0.423034846783
0.426955550909
0.429638534784
0.435329943895
0.431564062834
0.437842100859
0.43038213253
0.42750531435
0.424781233072
0.422308713198
0.441148161888
0.422326773405
0.436313450336
0.41801905632
0.423375785351
0.433127403259
0.423014074564
0.431072801352
0.417872846127
0.44226872921
0.407825142145
0.439852058887
0.415131539106
0.420022547245
0.438964366913
0.426600903273
0.434709250927
0.433953255415
0.426899582148
0.431612819433
0.420131117105
0.42792648077
0.431317210197
0.432536393404
0.423667639494
0.415988266468
0.403549641371
0.41566029191
0.420673161745
0.410685628653
0.430703669786
0.435934722424
0.440570622683
0.4135440588
0.434447526932
0.420012921095
0.410513520241
0.388713806868
0.413553148508
0.433689236641
0.418779730797
0.444076359272
0.430671483278
0.419159710407
0.415414959192
0.405937463045
0.420555144548
0.411083012819
0.413866966963
0.404080063105
0.431608557701
0.413274824619
0.417790859938
0.419704169035
0.416428208351
0.416487693787
0.420807749033
0.416364580393
0.428600937128
0.423369795084
0.41657948494
0.418733090162
0.402700930834
0.414920538664
0.424322634935
0.415026217699
0.415622234344
0.403570860624
0.40761744976
0.422401756048
0.413267433643
0.415940731764
0.418657034636
0.420683294535
0.418186217546
0.403130501509
0.418114185333
0.406270653009
0.403098642826
0.41231906414
0.395943880081
0.426788032055
0.394591093063
0.419226437807
0.416669070721
0.423079937696
0.396868824959
0.430398106575
0.41100230813
0.439356356859
0.416402965784
0.413830727339
0.422899127007
0.389207750559
0.403979152441
0.421660274267
0.405359715223
0.39575907588
0.402166336775
0.405177682638
0.388327181339
0.403946697712
0.405475258827
0.402916699648
0.417518466711
0.41445505619
0.404312998056
0.424989432096
0.413206219673
0.395893126726
0.389362454414
0.413672059774
0.398869872093
0.406260073185
0.407179266214
0.389751791954
0.403164923191
0.41138035059
0.408466100693
0.392016708851
0.3937061131
0.404755592346
0.40370118618
0.392816781998
0.403224915266
0.398416161537
0.402716130018
0.413791775703
0.390060901642
0.411623835564
0.419644623995
0.409961283207
0.39605474472
0.409593880177
0.410848081112
0.383617073298
0.403075277805
0.377324521542
0.401412665844
0.383371829987
0.400556504726
0.391224384308
0.422429442406
0.404796391726
0.402337878942
0.39795178175
0.400758296251
0.400330066681
0.379504352808
0.415027052164
0.408766359091
0.374253809452
0.39326941967
0.395947962999
0.429669141769
0.399962902069
0.407317519188
0.400165945292
0.40048623085
0.38395178318
0.405067622662
0.405331373215
0.412035167217
0.402644246817
0.388317495584
0.420438289642
0.392302751541
0.400627791882
0.38951331377
0.388550013304
0.3960467875
0.39418309927
0.405008763075
0.384464323521
0.389000445604
0.395935237408
0.384022444487
0.393184989691
0.409961670637
0.387347310781
0.390616714954
0.400065094233
0.387478739023
0.38227340579
0.385160893202
0.416484504938
0.41200569272
0.393316268921
0.403612792492
0.390226274729
0.406215310097
0.402416944504
0.386826306581
0.396293610334
0.404082775116
0.385871618986
0.382186472416
0.385408043861
0.408120125532
0.395925432444
0.392803817987
0.403494715691
0.385850936174
0.392680615187
0.402243077755
0.39216402173
0.403261959553
0.391508102417
0.388817042112
0.384705752134
0.397693693638
0.344455510378
0.394904464483
0.393775999546
0.413071393967
0.381070643663
0.393861949444
0.408797562122
0.369619905949
0.38785508275
0.378583759069
0.377602279186
0.396779567003
0.39120259881
0.398323684931
0.396896988153
0.38486546278
0.379572093487
0.375913113356
0.413438528776
0.395482242107
0.383634418249
0.379216820002
0.39103859663
0.384645700455
0.377121448517
0.37834584713
0.406162887812
0.37633818388
0.388565570116
0.379620015621
0.381064027548
0.39656111598
0.382089316845
0.385463774204
0.374476850033
0.383166760206
0.388887047768
0.383211344481
0.361573010683
0.378823727369
0.411815702915
0.367494434118
0.372797906399
0.385330021381
0.38293454051
0.368588775396
0.381981819868
0.366489052773
0.389717429876
0.364532470703
0.374276816845
0.360166221857
0.39575406909
0.400455117226
0.378761172295
0.375274300575
0.396397769451
0.378035247326
0.382693111897
0.377835392952
0.38461753726
0.373000383377
0.389410465956
0.380379885435
0.376523673534
0.381744533777
0.385879337788
0.384099513292
0.392533510923
0.368729054928
0.377144813538
0.364306122065
0.359890401363
0.382360368967
0.383619070053
0.379329502583
0.392162442207
0.38758534193
0.372117131948
0.375740647316
0.371264874935
0.38012996316
0.389499843121
0.36252835393
0.356490314007
0.361662864685
0.371156007051
0.363391011953
0.376920908689
0.379086643457
0.368001013994
0.366338223219
0.370419681072
0.362044036388
0.374831140041
0.376574516296
0.366761952639
0.36473351717
0.366663902998
