0.693012356758
0.689233720303
0.676161289215
0.671704232693
0.662873029709
0.65876698494
0.648647129536
0.64465880394
0.634006679058
0.630489766598
0.625294029713
0.62107104063
0.609828829765
0.594538927078
0.605286002159
0.574351847172
0.577140808105
0.575110077858
0.542642056942
0.540984272957
0.522919774055
0.514608681202
0.501179754734
0.497883409262
0.490220814943
0.475121766329
0.482202529907
0.432377934456
0.452497690916
0.424341648817
0.428125232458
0.411454916
0.391449183226
0.447454094887
0.413433253765
0.390370637178
0.341658681631
0.360968381166
0.324019789696
0.358825743198
0.332322508097
0.280631184578
0.268038719893
0.348414540291
0.29954507947
0.304326087236
0.297842055559
0.307851910591
0.236883550882
0.244899809361
0.278830051422
0.264155507088
0.204900458455
0.236956045032
0.233331143856
0.209996148944
0.178084790707
0.250408560038
0.205585464835
0.182146906853
0.231322094798
0.182193592191
0.164955213666
0.232040241361
0.196717903018
0.194349005818
0.166163265705
0.13921456039
0.1586882025
0.151699751616
0.184201866388
0.133241429925
0.126258596778
0.154191061854
0.174617618322
0.141699388623
0.194373831153
0.13381241262
0.126494243741
0.133539259434
0.163940116763
0.123526737094
0.0986031219363
0.0929470360279
0.112386882305
0.0932062119246
0.102348476648
0.11761470139
0.141121909022
0.102315030992
0.113038167357
0.135260924697
0.116399101913
0.101539343596
0.0800014957786
0.104332335293
0.0930926054716
0.091507345438
0.0923304408789
0.0389266982675
0.07639221102
0.103988163173
0.0917248055339
0.086467564106
0.104452952743
0.0832893848419
0.0513260550797
0.134029611945
0.0931549072266
0.0889042541385
0.0870298072696
0.0758193656802
0.0537967085838
0.0662539750338
0.0849939286709
0.111866720021
0.0577301494777
0.0628076344728
0.081249281764
0.0847067609429
0.084215901792
0.068163074553
0.0541874691844
0.0921101644635
0.126244738698
0.0877007171512
0.0728480741382
0.0831364020705
0.0587641000748
0.0550081022084
0.0760411173105
0.0960536897182
0.0866025984287
0.134684577584
0.0403251647949
0.057375267148
0.0840253159404
0.0990497469902
0.0955526083708
0.0497579239309
0.0603459663689
0.0484417974949
0.0629107430577
0.0508249886334
0.0549983419478
0.0348740071058
0.0840725898743
0.0449257716537
0.0340598076582
0.0901233479381
0.062320727855
0.0705149024725
0.0392353050411
0.0336116440594
0.0267411340028
0.0380178913474
0.0610928125679
0.0651560425758
0.103793658316
0.0389428548515
0.0750820413232
0.0650896281004
0.0644585341215
0.0476290695369
0.0221439450979
0.10180682689
0.0384608134627
0.0565619580448
0.0524036213756
0.0755232349038
0.0697854757309
0.0796266049147
0.0219853818417
0.0801428630948
0.033149138093
0.0643793642521
0.0492377877235
0.0412938185036
0.0445463210344
0.0794465392828
0.050011523068
0.0219353213906
0.0544182248414
0.0583268329501
0.0348925292492
0.058725040406
0.0276469644159
0.0740577578545
0.0486640036106
0.0284073203802
0.0692986473441
0.0603902898729
0.0427842289209
0.0254691317677
0.0696200281382
0.0704429000616
0.03738187626
0.0782230123878
0.0411410741508
0.0444813705981
0.0149727491662
0.0351427718997
0.0376965552568
0.0268052108586
0.0624520108104
0.0484255291522
0.0239419210702
0.0140328938141
0.0490553192794
0.0554632693529
0.0177627485245
0.0439462810755
0.125688388944
0.0856598839164
0.0300547871739
0.0317312628031
0.0430962815881
0.0100283874199
0.0350581221282
0.0347137898207
0.0495637990534
0.0369522087276
0.0591347105801
0.0272612776607
0.0186783447862
0.0266942251474
0.0304443500936
0.0586086735129
0.102392576635
0.0443471781909
0.0812571421266
0.0170791335404
0.0353607162833
0.0397308878601
0.0508643761277
0.0437453277409
0.0488664843142
0.0390011779964
0.0142597714439
0.0357158258557
0.0161926671863
0.0266634188592
0.0465349070728
0.024756135419
0.0516514107585
0.0506506040692
0.0253369975835
0.0401871651411
0.0730634853244
0.0505235083401
0.0637859925628
0.0321757309139
0.021526735276
0.00784242991358
0.0133760217577
0.0213968865573
0.021854845807
0.0278344042599
0.0503285862505
0.0204464197159
0.022497581318
0.0200233552605
0.0498358085752
0.0563279651105
0.0420548282564
0.0351549200714
0.0337690524757
0.0451793596148
0.0223130155355
0.0211088266224
0.0433385446668
0.0261902231723
0.0464280769229
0.0598774515092
0.0752887576818
0.0542207211256
0.0444392450154
0.0243810452521
0.0247647520155
0.0334227904677
0.0664795562625
0.0601276904345
0.0500082187355
0.0350033082068
0.0344362705946
0.0134924715385
0.047388792038
0.0317943543196
0.0332931801677
0.0447714924812
0.0230003912002
0.0172001812607
0.00958811677992
0.0140724778175
0.0242345165461
0.0197104532272
0.0206782240421
0.0227345824242
0.0361346676946
0.0304310899228
0.0255808643997
0.0254828669131
0.0307131223381
0.0110179614276
0.0803844705224
0.0336356237531
0.0219236649573
0.00408449629322
0.011056933552
0.0558563284576
0.0149391386658
0.0304904300719
0.0429642274976
0.024347294122
0.0314251482487
0.0126155307516
0.044027660042
0.0429996289313
0.0312586352229
0.0437186770141
0.00968023762107
0.0257396139205
0.0457281246781
0.0377127304673
0.0232300255448
0.00866235792637
0.0139250503853
0.017463279888
0.0198116861284
0.0131895532832
0.0303835943341
0.0736282393336
0.0136775029823
0.0290521346033
0.0146384770051
0.00846484769136
0.03226044029
0.0422796197236
0.00741701480001
0.0350110605359
0.0237562600523
0.0289780758321
0.0151189854369
0.034342430532
0.0236280355603
0.023659138009
0.0473946630955
0.0222799628973
0.0123848291114
0.035754378885
0.011201063171
0.0367712303996
0.0562720932066
0.0163864549249
0.0730382055044
0.0138515122235
0.0177003573626
0.0176348760724
0.0116621851921
0.0620138756931
0.0075696897693
0.0712584778666
0.0142875155434
0.00828570500016
0.0116420323029
0.0352289378643
0.0181879941374
0.0184823777527
0.0394743010402
0.0182745866477
0.0185062177479
0.05235799402
0.0340418256819
0.0485078431666
0.0163554809988
0.010296240449
0.0518585816026
0.0430760644376
0.0159231610596
0.0338069908321
0.0352423749864
0.0324049070477
0.037569001317
0.0272832084447
0.0393417999148
0.0261867158115
0.0238962173462
0.0332250520587
0.0498106554151
0.0264489408582
0.055518694222
0.00770556274801
0.0644739195704
0.0173509158194
0.0495010651648
0.043043628335
0.0418081134558
0.0137126930058
0.0176776275039
0.0123426876962
0.0122291231528
0.0163427423686
0.0341915972531
0.0181722026318
0.0658114850521
0.0448067747056
0.0130947465077
0.00456900428981
0.011868653819
0.00957642588764
0.0228412728757
0.0133696347475
0.00861763302237
0.038631465286
0.0559940896928
0.0131496526301
0.0159005764872
0.0105719035491
0.0103167137131
0.0174488965422
0.0142958452925
0.0131074152887
0.104233831167
0.0312337297946
0.0361263975501
0.0169336032122
0.0158651508391
0.0159744508564
0.0162187293172
0.0788173750043
0.0261471942067
0.0218431372195
0.0207972731441
0.00466545578092
0.0434699840844
0.00310028344393
0.0561814941466
0.022838216275
0.0051932213828
0.0222073234618
0.00530507741496
0.0245303921402
0.00419765058905
0.0426752008498
0.010920622386
0.0156582333148
0.0102829448879
0.014712468721
0.00782111287117
0.0258207712322
0.00999975018203
0.009471536614
0.0348507799208
0.022131068632
0.0569404102862
0.0337295271456
0.0103751858696
0.0567444451153
0.0220740288496
0.0682213976979
0.0339635238051
0.0426421649754
0.0249691829085
0.0309687312692
0.00966706406325
0.0144751323387
0.015233265236
0.0194501243532
0.0653456971049
0.017620485276
0.0246964842081
0.0408958606422
0.0328002199531
0.0168397277594
0.00921327807009
0.00611509056762
0.0222159866244
0.0146817332134
0.0141629269347
0.00991526711732
0.00510523095727
0.0446883626282
0.013169256039
0.0305100400001
0.0158091858029
0.0264541134238
0.013338859193
0.019855575636
0.0057008867152
0.00822602119297
0.00594417704269
0.00319708208553
0.00979317910969
0.00328067899682
0.0061722798273
0.0253188498318
0.0381441228092
0.0406960695982
0.0377999804914
0.0375730246305
0.0141812404618
0.0573254078627
0.00671935640275
0.00551322149113
0.0212957356125
0.0161861926317
0.0157679058611
0.0133088761941
0.00206377007999
0.00837596692145
0.0214998144656
0.0259204450995
0.0322403497994
0.00331791397184
0.00923687312752
0.00510556995869
0.0305410567671
0.0223560724407
0.0063347411342
0.00310895801522
0.00249344925396
0.00397660769522
0.0091645559296
0.0222515575588
0.0286498274654
0.0340877100825
0.00773336412385
0.0225112363696
0.0221353489906
0.0282662156969
0.00728513207287
0.0363993570209
0.0220402516425
0.0383208356798
0.00593926711008
0.020714180544
0.0311953015625
0.0105754286051
0.0125743970275
0.0430471524596
0.0279296990484
0.00977502018213
0.0274307131767
0.0139722349122
0.0225933864713
0.0282201562077
0.0363801494241
0.0158507283777
0.00538799818605
0.0421494096518
0.0244319643825
0.0193818882108
0.0186284203082
0.0786697641015
0.0372889302671
0.0246677901596
0.0119040906429
0.0649423822761
0.00881290528923
0.0349886864424
0.00199627969414
0.0592789575458
0.0467332601547
0.0294739101082
0.052829016
0.0246862582862
0.0150530766696
0.00483356323093
0.0209041312337
0.0280013475567
0.0179898403585
0.0224790945649
0.0320007093251
0.0812932997942
0.00370688154362
0.00334654096514
0.0182461533695
0.0588742978871
0.05056495592
0.0581122636795
0.0468712262809
0.00915683619678
0.0396150164306
0.00766926864162
0.0471073910594
0.0102960085496
0.00501437671483
0.0202069077641
0.0250918511301
0.0050025251694
0.00642543425784
0.0358220301569
0.012603983283
0.0140786655247
0.00610391469672
0.0280265845358
0.0116107752547
0.0092695793137
0.0368379987776
0.028505532071
0.0305583328009
0.00313488137908
0.0432285070419
0.0251849796623
0.0240399260074
0.00728537840769
0.034815210849
0.0235725026578
0.00512967910618
0.0259832367301
0.00389785249718
0.0069392467849
0.0123378727585
0.0181001219898
0.04964344576
0.0444347038865
0.0273184459656
0.0154805602506
0.0106933247298
0.0125311063603
0.00695944018662
0.010672159493
0.00845309626311
0.00770717579871
0.00673079490662
0.0246858317405
0.0181549303234
0.0104909539223
0.00740271620452
0.0399237386882
0.0135074518621
0.0126207582653
0.00842764228582
0.0102555928752
0.0348925068974
0.0237525943667
0.00592193612829
0.0188649110496
0.00674374355003
0.00970534514636
0.0249002557248
0.0112896393985
0.0234531443566
0.0107206916437
0.0171003751457
0.00689136236906
0.0058588818647
0.00853145681322
0.0249702222645
0.0329426154494
0.0092510106042
0.019830416888
0.0183218307793
0.00277854292654
0.0443458221853
0.0350191630423
0.01600715518
0.00257959472947
0.0277359187603
0.00602754158899
0.00907162111253
0.00396734755486
0.00935275200754
0.0236832853407
0.0255278535187
0.0237028300762
0.0215615537018
0.00917651504278
0.00242699775845
0.00725248130038
0.00358898029663
0.0109354835004
0.020534703508
0.00695037143305
0.0122247366235
0.00704844063148
0.010058093816
0.0319969132543
0.0260497983545
0.00282522058114
0.0082219010219
0.0326153375208
0.0035118656233
0.00619629723951
0.0281038656831
0.0109941121191
0.0198514666408
0.0105246342719
0.021066730842
0.00741600943729
0.00542681291699
0.0152618866414
0.0012521953322
0.00173344090581
0.0163650810719
0.00152682559565
0.0245004650205
0.00846188515425
0.0127231925726
0.00167515035719
0.00439434638247
0.00224268762395
0.00225706933998
0.00446240743622
0.0137021746486
0.0134549234062
0.00412355642766
0.00484323455021
0.00724344188347
0.00862473528832
0.0481690913439
0.00738498475403
0.0300595983863
0.00464123673737
0.00550047541037
0.00213320157491
0.00272620772012
0.00849081669003
0.0508139692247
0.0262545719743
0.0100844362751
0.0334573313594
0.00410274555907
0.00160477438476
0.0076874550432
0.0169838387519
0.00990282278508
0.0294809378684
0.004741568584
0.00222958414815
0.0154815744609
0.00725585781038
0.00309094716795
0.00412821955979
0.00707914773375
0.00990510452539
0.0140032861382
0.0220051556826
0.0392535924911
0.0160533040762
0.0261006094515
0.0382886379957
0.0112458113581
0.011140611954
0.0054620904848
0.00263315113261
0.0318066552281
0.00393003225327
0.00373526895419
0.0359242260456
0.0163592509925
0.0127868549898
0.00339592015371
0.0203916076571
0.0259473863989
0.0158480349928
0.0536658838391
0.00137149298098
0.00929918140173
0.0251465514302
0.0244893208146
0.0369273871183
0.0048985411413
0.00698853936046
0.00322448625229
0.00170597969554
0.00163438112941
0.00146898883395
0.0446416400373
0.0122475735843
0.0484829507768
0.00182518898509
0.013340221718
0.02364548482
0.00135660346132
0.0153936920688
0.00815324578434
0.0156378261745
0.00727389985695
0.00236089178361
0.013830809854
0.0408882051706
0.00458988081664
0.00588294724002
0.00998420361429
0.0524351447821
0.0288470387459
0.0222713332623
0.00206501479261
0.00154289184138
0.0024744598195
0.00525134522468
0.004925084766
0.0157420132309
0.00350215518847
0.00479536736384
0.0236420705914
0.00123876612633
0.0514879487455
0.0180152039975
0.0161672495306
0.00507287820801
0.00784323178232
0.00298229861073
0.00125844159629
0.00829929765314
0.00290454621427
0.00309124798514
0.017267730087
0.00196866947226
0.0297075565904
0.00286098686047
0.00892158225179
0.0037782965228
0.00194310850929
0.00383927463554
0.00505973631516
0.00219948892482
0.0282147284597
0.00660819886252
0.00557196652517
0.00824761390686
0.00404750742018
0.00173209351487
0.00365840876475
0.0035831592977
0.00347396801226
0.0191169288009
0.0275714658201
0.00369857088663
0.00216409843415
0.00366391893476
0.0019685511943
0.00273388368078
0.00241115549579
0.00922002922744
0.0193265620619
0.0046552666463
0.0344564914703
0.0210334956646
0.00823449436575
0.00192752364092
0.00234957667999
0.00486793415621
0.00478450907394
0.0178421381861
0.0157500524074
0.0124426325783
0.0125679066405
0.00372123275883
0.028002653271
0.00363299273886
0.00360767124221
0.00232599838637
0.0102693848312
0.00907332263887
0.00699545815587
0.0428422875702
0.00480947922915
0.00396210374311
0.0112778283656
0.00267705647275
0.0207793042064
0.00852647982538
0.0251452215016
0.0506145507097
0.0844601690769
0.00276308064349
0.00784074421972
0.0433508679271
0.00164353987202
0.00504522491246
0.00850722473115
0.012781563215
0.0349858179688
0.0112389307469
0.0340248756111
0.0196424722672
0.00246857502498
0.0194564647973
0.0121667115018
0.017177991569
0.00701627274975
0.0195009466261
0.0130629055202
0.00204800348729
0.0199449304491
0.0155916949734
0.0206582285464
0.00198495364748
0.0203233044595
0.00288597471081
0.0112035525963
0.0298167206347
0.0400309823453
0.00704537611455
0.00974723417312
0.019817577675
0.0285846740007
0.0131657719612
0.0212165899575
0.0277932733297
0.026261003688
0.0178998485208
0.00375586957671
0.00103545561433
0.00481788860634
0.0309003181756
0.00523283751681
0.0214223265648
0.00175713072531
0.00688593275845
0.0167354661971
0.00897028204054
0.0301584471017
0.0204661805183
0.0133877070621
0.00230858591385
0.0158105585724
0.00388916954398
0.0142460474744
0.0181216690689
0.018024418503
0.0106115983799
0.00445859367028
0.0380243137479
0.000742893025745
0.0151545479894
0.00182725291234
0.00258127599955
0.00575731322169
0.00183359440416
0.0214190930128
0.00974888168275
0.0156493112445
0.0131555115804
0.00377021008171
0.0182192157954
0.0100383106619
0.00327019859105
0.001589186606
0.00796645600349
0.00502187665552
0.00219287117943
0.00829943455756
0.00979483500123
0.0104306247085
0.00180651608389
0.0114200254902
0.00577500322834
0.00664767529815
0.00292426301166
0.00263003772125
0.0069160470739
0.0182869862765
0.00134947069455
0.0082462830469
0.026526959613
0.0126027781516
0.00528767518699
0.00111404573545
0.000644239247777
0.0292899552733
0.0262299049646
0.0115705952048
0.0147148827091
0.00424706749618
0.00452247867361
0.0134647628292
0.00164228456561
0.00785787124187
0.000930057663936
0.0092783505097
0.00609755236655
0.00547424564138
0.0274859387428
0.00925640854985
0.00577429961413
0.00138878601138
0.0439300946891
0.00960854813457
0.00165797234513
0.00317979231477
0.00898504629731
0.00417269440368
0.00701149273664
0.00581896584481
0.00259660067968
0.0206694807857
0.00251578004099
0.0165022667497
0.00573366275057
0.00502902641892
0.0286279637367
0.00407551601529
0.00435597961769
0.00320440134965
0.0252607446164
0.00343539239839
0.00257294997573
0.00398176489398
0.00414336845279
0.00354226864874
0.00410268269479
0.00641311192885
0.00295889261179
0.00105975347105
0.0120213218033
0.0218999739736
0.00538082141429
0.00757724419236
0.00175850710366
0.00379370967858
0.0196988843381
0.00115135172382
0.002346084686
0.0124110672623
0.00145002221689
0.00147446978372
0.00109862792306
0.00332576595247
0.00848541874439
0.000923535611946
0.0159020964056
0.00724082672969
0.00379597581923
0.000665586383548
0.0011300011538
0.00373224052601
0.0125476671383
0.000278210500255
0.0165726859123
0.00405045552179
0.00236410624348
0.0117134805769
0.0530981607735
0.0072277886793
0.000679840857629
0.0300365239382
0.000992259941995
0.00273642665707
0.0110464394093
0.00296492106281
0.0108547303826
0.00204602838494
0.00256382720545
0.00104100583121
0.00254283216782
0.00122061977163
0.0149854430929
0.00843506120145
0.00506084552035
0.00746177928522
0.0187767222524
0.0172223560512
0.00431713135913
0.00238292664289
0.000373215647414
0.00239494279958
0.00183745042887
0.0146111799404
0.00388580164872
0.0296595972031
0.000548127514776
0.002086997265
0.0256337895989
0.00873679853976
0.0149757908657
0.000881372136064
0.00247618393041
0.00119665067177
0.000727605656721
0.0256970170885
0.0125114396214
0.040757752955
0.0119045712054
0.026932971552
0.0283063724637
0.00311301997863
0.0147383837029
0.0122293261811
0.000974586582743
0.0188265815377
0.00140245247167
0.00149493396748
0.00591882131994
0.0029957278166
0.0203029885888
0.00313643040136
0.000828762189485
0.00121042237151
0.00188301864546
0.033695679158
0.0133235305548
0.0241902954876
0.00591448927298
0.00136518257204
0.00204509589821
0.00346296816133
0.00747123686597
0.00280294730328
0.0065902704373
0.00610063737258
0.00502271903679
0.0206541009247
0.00436393590644
0.00186491187196
0.000497417815495
0.000257966225035
0.00251091620885
0.00757473753765
0.00212516426109
0.00258736731485
0.00229387683794
0.00272546522319
0.00286315358244
0.0014023121912
0.00634173490107
0.0146151017398
0.0361775271595
0.012812579982
0.00487554399297
0.00303152529523
0.00107227812987
0.00870065484196
0.0040507405065
0.00833040010184
0.00305450917222
0.022024801001
0.00639206822962
0.0119815031067
0.000506198965013
0.0131458565593
0.00358040048741
0.00742560811341
0.00491749355569
0.00676357746124
0.0134844537824
0.00982988066971
0.0144743481651
0.0170829296112
0.00667165964842
0.00197397265583
0.00118127767928
0.00335497967899
0.000865116482601
0.0205272156745
0.00111164536793
0.0144766718149
0.00560543127358
0.0100405970588
0.0123493382707
0.00396633474156
0.00535531854257
0.00174371164758
0.0113477129489
0.00187836890109
0.00637626368552
0.0112853134051
0.00482943095267
0.00319603853859
0.00513657135889
0.00860020145774
0.00653161713853
0.00367159373127
0.00696604186669
0.000369329180103
0.00883964821696
0.0163910519332
0.0052474248223
0.000893480435479
0.0121963918209
0.00958962459117
0.00982039608061
0.00118234835099
0.00582301570103
0.00120536563918
0.0203131195158
0.0199026111513
0.00903764739633
0.015122753568
0.00232850038446
0.031955871731
0.00258509186096
0.00642033852637
0.0126654412597
0.00720182806253
0.0051376670599
0.00771732395515
0.0116887530312
0.00784146599472
0.0535767897964
0.00182722578757
0.00805732887238
0.00717355078086
0.00418448122218
0.00156018510461
0.0109369019046
0.00140360579826
0.00204798905179
