0.693147242069
0.693033337593
0.69274532795
0.69271838665
0.692458748817
0.69226193428
0.69209176302
0.691924333572
0.69175952673
0.691597223282
0.691437482834
0.691280305386
0.691125869751
0.690973937511
0.690824687481
0.690678119659
0.690534293652
0.690393090248
0.690254449844
0.690118730068
0.689985573292
0.689855158329
0.689727365971
0.689602315426
0.68947994709
0.689360260963
0.689243078232
0.689128816128
0.68901693821
0.688907802105
0.688801288605
0.68869715929
0.688595831394
0.688496828079
0.688400387764
0.688306391239
0.688214838505
0.688125729561
0.688039124012
0.687954723835
0.687872588634
0.68779283762
0.687715232372
0.687639951706
0.687566816807
0.687495827675
0.68742698431
0.687360167503
0.687295377254
0.687232553959
0.687171757221
0.687112808228
0.687055766582
0.687000572681
0.686947107315
0.686895430088
0.686845600605
0.686797380447
0.686750769615
0.686705708504
0.686662316322
0.686620473862
0.686580002308
0.68654102087
0.686503469944
0.686467170715
0.686432301998
0.686398923397
0.686366677284
0.686335623264
0.686305701733
0.686277210712
0.686249613762
0.6862231493
0.686197698116
0.686173319817
0.6861500144
0.686127543449
0.686106026173
0.686085522175
0.686065793037
0.686047077179
0.686028957367
0.686011612415
0.685995280743
0.685979485512
0.685964465141
0.685949981213
0.685936331749
0.685923218727
0.685910701752
0.685898959637
0.685887634754
0.685876846313
0.685866653919
0.685856819153
0.685847461224
0.685838639736
0.685830295086
0.685822427273
0.685814917088
0.685807704926
0.685800850391
0.68579441309
0.685788333416
0.685782551765
0.685777068138
0.685771942139
0.685767054558
0.685762405396
0.685758054256
0.685753941536
0.685750067234
0.685746371746
0.685742914677
0.685739636421
0.685736656189
0.685733675957
0.685730934143
0.685728430748
0.685725986958
0.685723721981
0.685721635818
0.685719549656
0.685717761517
0.685715973377
0.685714364052
0.685712873936
0.68571138382
0.685710012913
0.68570882082
0.685707628727
0.685706555843
0.68570548296
0.685704529285
0.685703635216
0.685702741146
0.685701966286
0.68570125103
0.685700654984
0.685700058937
0.685699343681
0.685698926449
0.685698449612
0.685697972775
0.685697555542
0.685697078705
0.685696780682
0.685696423054
0.685696125031
0.685695767403
0.685695469379
0.685695230961
0.685695052147
0.685694873333
0.685694634914
0.6856944561
0.685694277287
0.685694098473
0.685694098473
0.685693800449
0.68569368124
0.68569368124
0.685693502426
0.685693502426
0.685693383217
0.685693264008
0.685693204403
0.685693204403
0.685693085194
0.685693085194
0.685693085194
0.685692965984
0.68569290638
0.68569290638
0.68569290638
0.68569290638
0.685692846775
0.68569278717
0.68569278717
0.68569278717
0.685692667961
0.685692667961
0.68569278717
0.685692667961
0.685692667961
0.685692667961
0.685692608356
0.685692608356
0.685692608356
0.685692608356
0.685692608356
0.685692608356
0.685692608356
0.685692667961
0.685692608356
0.685692608356
0.685692608356
0.685692548752
0.685692608356
0.685692608356
0.685692608356
0.685692608356
0.685692608356
0.685692608356
0.685692608356
0.685692608356
0.685692608356
0.685692608356
0.685692608356
0.685692608356
0.685692608356
0.685692548752
0.685692548752
0.685692608356
0.685692608356
0.685692608356
0.685692548752
0.685692608356
0.685692608356
0.685692608356
0.685692548752
0.685692608356
0.685692548752
0.685692608356
0.685692608356
0.685692548752
0.685692608356
0.685692608356
0.685692608356
0.685692548752
0.685692548752
0.685692608356
0.685692548752
0.685692608356
0.685692548752
0.685692608356
0.685692608356
0.685692548752
0.685692608356
0.685692608356
0.685692608356
0.685692608356
0.685692608356
0.685692608356
0.685692608356
0.685692608356
0.685692608356
0.685692548752
0.685692489147
0.685692608356
0.685692608356
0.685692608356
0.685692608356
0.685692667961
0.685692608356
0.685692608356
0.685692608356
0.685692548752
0.685692608356
0.685692608356
0.685692608356
0.685692608356
0.685692608356
0.685692548752
0.685692608356
0.685692548752
0.685692608356
0.685692608356
0.685692548752
0.685692608356
0.685692548752
0.685692608356
0.685692548752
0.685692548752
0.685692548752
0.685692608356
0.685692608356
0.685692548752
0.685692608356
0.685692608356
0.685692608356
0.685692608356
0.685692608356
0.685692608356
0.685692608356
0.685692608356
0.685692548752
0.685692608356
0.685692608356
0.685692608356
0.685692608356
0.685692608356
0.685692608356
0.685692608356
0.685692548752
0.685692608356
0.685692489147
0.685692608356
0.685692608356
0.685692608356
0.685692548752
0.685692548752
0.685692608356
0.685692548752
0.685692608356
0.685692608356
0.685692608356
0.685692608356
0.685692608356
0.685692608356
0.685692608356
0.685692608356
0.685692608356
0.685692608356
0.685692608356
0.685692548752
0.685692608356
0.685692608356
0.685692608356
0.685692608356
0.685692608356
0.685692608356
0.685692608356
0.685692608356
0.685692608356
0.685692608356
0.685692608356
0.685692608356
0.685692608356
0.685692608356
0.685692608356
0.685692608356
0.685692608356
0.685692667961
0.685692608356
0.685692608356
0.685692608356
0.685692608356
0.685692608356
0.685692608356
0.685692608356
0.685692608356
0.685692608356
0.685692608356
0.685692608356
0.685692608356
0.685692667961
0.685692608356
0.685692608356
0.685692608356
0.685692608356
0.685692608356
0.685692608356
0.685692608356
0.685692608356
0.685692608356
0.685692608356
0.685692608356
0.685692608356
0.685692548752
0.685692608356
0.685692548752
0.685692548752
0.685692608356
0.685692608356
0.685692608356
0.685692608356
0.685692608356
0.685692608356
0.685692608356
0.685692548752
0.685692608356
0.685692608356
0.685692608356
0.685692608356
0.685692608356
0.685692608356
0.685692608356
0.685692608356
0.685692608356
0.685692608356
0.685692548752
0.685692548752
0.685692548752
0.685692608356
0.685692608356
0.685692608356
0.685692608356
0.685692548752
0.685692608356
0.685692608356
0.685692548752
0.685692608356
0.685692608356
0.685692608356
0.685692608356
0.685692608356
0.685692608356
0.685692608356
0.685692608356
0.685692608356
0.685692608356
0.685692608356
0.685692608356
0.685692608356
0.685692608356
0.685692608356
0.685692608356
0.685692608356
0.685692608356
0.685692608356
0.685692608356
0.685692608356
0.685692608356
0.685692548752
0.685692608356
0.685692608356
0.685692608356
0.685692608356
0.685692548752
0.685692608356
0.685692548752
0.685692608356
0.685692608356
0.685692608356
0.685692548752
0.685692548752
0.685692608356
0.685692608356
0.685692608356
0.685692608356
0.685692608356
0.685692608356
0.685692548752
0.685692608356
0.685692608356
0.685692548752
0.685692548752
0.685692608356
0.685692608356
0.685692608356
0.685692608356
0.685692608356
0.685692608356
0.685692608356
0.685692608356
0.685692608356
0.685692608356
0.685692667961
0.685692608356
0.685692608356
0.685692608356
0.685692608356
0.685692608356
0.685692608356
0.685692608356
0.685692608356
0.685692608356
0.685692608356
0.685692608356
0.685692608356
0.685692608356
0.685692548752
0.685692548752
0.685692608356
0.685692608356
0.685692608356
0.685692548752
0.685692548752
0.685692608356
0.685692608356
0.685692608356
0.685692608356
0.685692548752
0.685692608356
0.685692548752
0.685692608356
0.685692608356
0.685692608356
0.685692608356
0.685692608356
0.685692608356
0.685692608356
0.685692608356
0.685692608356
0.685692667961
0.685692608356
0.685692608356
0.685692608356
0.685692608356
0.685692608356
0.685692548752
0.685692548752
0.685692608356
0.685692608356
0.685692548752
0.685692608356
0.685692548752
0.685692608356
0.685692608356
0.685692548752
0.685692548752
0.685692608356
0.685692608356
0.685692608356
0.685692548752
0.685692548752
0.685692548752
0.685692548752
0.685692608356
0.685692608356
0.685692667961
0.685692608356
0.685692608356
0.685692608356
0.685692608356
0.685692608356
0.685692608356
0.685692608356
0.685692667961
0.685692608356
0.685692608356
0.685692608356
0.685692608356
0.685692667961
0.685692608356
0.685692608356
0.685692608356
0.685692608356
0.685692608356
0.685692608356
0.685692548752
0.685692608356
0.685692608356
0.685692548752
0.685692608356
0.685692548752
0.685692608356
0.685692608356
0.685692608356
0.685692608356
0.685692608356
0.685692548752
0.685692608356
0.685692608356
0.685692608356
0.685692608356
0.685692608356
0.685692608356
0.685692608356
0.685692608356
0.685692608356
0.685692608356
0.685692608356
0.685692608356
0.685692608356
0.685692608356
0.685692608356
0.685692548752
0.685692548752
0.685692548752
0.685692608356
0.685692608356
0.685692608356
0.685692608356
0.685692548752
0.685692548752
0.685692548752
0.685692608356
0.685692608356
0.685692608356
0.685692608356
0.685692608356
0.685692548752
0.685692608356
0.685692608356
0.685692608356
0.685692608356
0.685692608356
0.685692608356
0.685692608356
0.685692608356
0.685692608356
0.685692608356
0.685692608356
0.685692667961
0.685692608356
0.685692548752
0.685692608356
0.685692608356
0.685692608356
0.685692608356
0.685692608356
0.685692548752
0.685692608356
0.685692608356
0.685692608356
0.685692608356
0.685692548752
0.685692608356
0.685692548752
0.685692608356
0.685692608356
0.685692608356
0.685692608356
0.685692608356
0.685692608356
0.685692608356
0.685692608356
0.685692608356
0.685692608356
0.685692608356
0.685692608356
0.685692608356
0.685692608356
0.685692608356
0.685692608356
0.685692608356
0.685692608356
0.685692548752
0.685692608356
0.685692608356
0.685692608356
0.685692548752
0.685692548752
0.685692548752
0.685692608356
0.685692608356
0.685692608356
0.685692608356
0.685692608356
0.685692608356
0.685692608356
0.685692608356
0.685692608356
0.685692608356
0.685692608356
0.685692608356
0.685692608356
0.685692608356
0.685692608356
0.685692608356
0.685692608356
0.685692548752
0.685692548752
0.685692608356
0.685692548752
0.685692608356
0.685692608356
0.685692548752
0.685692548752
0.685692548752
0.685692608356
0.685692548752
0.685692548752
0.685692608356
0.685692608356
0.685692608356
0.685692608356
0.685692608356
0.685692608356
0.685692608356
0.685692608356
0.685692608356
0.685692608356
0.685692608356
0.685692608356
0.685692608356
0.685692608356
0.685692608356
0.685692548752
0.685692608356
0.685692608356
0.685692548752
0.685692608356
0.685692608356
0.685692608356
0.685692608356
0.685692608356
0.685692608356
0.685692608356
0.685692548752
0.685692608356
0.685692548752
0.685692608356
0.685692608356
0.685692608356
0.685692608356
0.685692608356
0.685692608356
0.685692608356
0.685692608356
0.685692608356
0.685692608356
0.685692608356
0.685692548752
0.685692608356
0.685692608356
0.685692608356
0.685692608356
0.685692608356
0.685692608356
0.685692548752
0.685692548752
0.685692608356
0.685692548752
0.685692608356
0.685692608356
0.685692548752
0.685692608356
0.685692608356
0.685692608356
0.685692608356
0.685692608356
0.685692608356
0.685692608356
0.685692608356
0.685692608356
0.685692608356
0.685692608356
0.685692608356
0.685692608356
0.685692608356
0.685692608356
0.685692608356
0.685692608356
0.685692608356
0.685692608356
0.685692608356
0.685692608356
0.685692608356
0.685692548752
0.685692608356
0.685692608356
0.685692608356
0.685692608356
0.685692608356
0.685692608356
0.685692608356
0.685692608356
0.685692608356
0.685692608356
0.685692608356
0.685692608356
0.685692608356
0.685692608356
0.685692608356
0.685692608356
0.685692608356
0.685692608356
0.685692608356
0.685692608356
0.685692608356
0.685692548752
0.685692548752
0.685692608356
0.685692548752
0.685692608356
0.685692608356
0.685692608356
0.685692608356
0.685692608356
0.685692608356
0.685692608356
0.685692608356
0.685692608356
0.685692608356
0.685692608356
0.685692608356
0.685692608356
0.685692608356
0.685692548752
0.685692548752
0.685692548752
0.685692608356
0.685692548752
0.685692608356
0.685692608356
0.685692608356
0.685692608356
0.685692548752
0.685692548752
0.685692608356
0.685692608356
0.685692608356
0.685692608356
0.685692608356
0.685692608356
0.685692608356
0.685692608356
0.685692608356
0.685692608356
0.685692608356
0.685692548752
0.685692608356
0.685692608356
0.685692608356
0.685692608356
0.685692608356
0.685692608356
0.685692548752
0.685692608356
0.685692608356
0.685692608356
0.685692608356
0.685692608356
0.685692608356
0.685692608356
0.685692608356
0.685692608356
0.685692608356
0.685692608356
0.685692608356
0.685692608356
0.685692608356
0.685692608356
0.685692608356
0.685692608356
0.685692608356
0.685692608356
0.685692608356
0.685692548752
0.685692608356
0.685692608356
0.685692608356
0.685692608356
0.685692608356
0.685692608356
0.685692608356
0.685692608356
0.685692608356
0.685692608356
0.685692608356
0.685692548752
0.685692608356
0.685692608356
0.685692548752
0.685692608356
0.685692608356
0.685692608356
0.685692548752
0.685692608356
0.685692608356
0.685692608356
0.685692608356
0.685692608356
0.685692608356
0.685692608356
0.685692608356
0.685692608356
0.685692608356
0.685692608356
0.685692608356
0.685692608356
0.685692608356
0.685692548752
0.685692608356
0.685692608356
0.685692608356
0.685692608356
0.685692608356
0.685692548752
0.685692548752
0.685692608356
0.685692608356
0.685692608356
0.685692608356
0.685692608356
0.685692608356
0.685692608356
0.685692608356
0.685692608356
0.685692608356
0.685692608356
0.685692548752
0.685692608356
0.685692548752
0.685692608356
0.685692608356
0.685692548752
0.685692548752
0.685692608356
0.685692608356
0.685692548752
0.685692548752
0.685692608356
0.685692608356
0.685692608356
0.685692608356
0.685692608356
0.685692608356
0.685692608356
0.685692608356
0.685692667961
0.685692608356
0.685692608356
0.685692608356
0.685692548752
0.685692608356
0.685692608356
0.685692548752
0.685692608356
0.685692548752
0.685692608356
0.685692608356
0.685692608356
0.685692608356
0.685692608356
0.685692608356
0.685692608356
0.685692608356
0.685692608356
0.685692667961
0.685692608356
0.685692608356
0.685692608356
0.685692608356
0.685692548752
0.685692608356
0.685692608356
0.685692548752
0.685692608356
0.685692548752
0.685692608356
0.685692548752
0.685692608356
0.685692608356
0.685692608356
0.685692608356
0.685692608356
0.685692608356
0.685692608356
0.685692608356
0.685692608356
0.685692608356
0.685692548752
0.685692608356
0.685692608356
0.685692608356
0.685692548752
0.685692548752
0.685692548752
0.685692548752
0.685692548752
0.685692608356
0.685692608356
0.685692608356
0.685692608356
0.685692608356
0.685692608356
0.685692608356
0.685692608356
0.685692608356
0.685692608356
0.685692608356
0.685692608356
0.685692608356
0.685692608356
0.685692608356
0.685692608356
0.685692608356
0.685692608356
0.685692608356
0.685692608356
0.685692608356
0.685692608356
0.685692608356
0.685692608356
0.685692608356
0.685692608356
0.685692608356
0.685692608356
0.685692608356
0.685692608356
0.685692608356
0.685692608356
0.685692548752
0.685692608356
0.685692608356
0.685692608356
0.685692608356
0.685692608356
0.685692608356
0.685692548752
0.685692608356
0.685692548752
0.685692608356
0.685692608356
0.685692608356
0.685692608356
0.685692608356
0.685692608356
0.685692608356
0.685692608356
0.685692608356
0.685692608356
0.685692548752
0.685692608356
0.685692608356
