0.693147242069
0.692191541195
0.691501677036
0.69053041935
0.689698576927
0.688878774643
0.688184797764
0.68752771616
0.687024891376
0.68650496006
0.686046540737
0.686200261116
0.68573063612
0.685492455959
0.68569535017
0.685476660728
0.685231029987
0.685559213161
0.685370624065
0.685957610607
0.686142385006
0.686603248119
0.684735834599
0.685292303562
0.684873580933
0.684661328793
0.684709966183
0.683480918407
0.684201598167
0.68443185091
0.681823968887
0.682528436184
0.681940674782
0.681319057941
0.680335283279
0.679565012455
0.677998781204
0.677151143551
0.674625396729
0.676530361176
0.675418317318
0.673384666443
0.671521365643
0.672137439251
0.675430297852
0.672627151012
0.670347213745
0.671571671963
0.672313392162
0.671587526798
