1.02831125259
1.01677680016
0.944136619568
0.967448174953
0.992236614227
0.968814134598
0.977072894573
0.948568701744
0.93329757452
0.888260483742
0.981844067574
1.01455545425
0.968153357506
0.977948009968
0.952264726162
0.881937682629
0.8659299016
0.924729406834
0.949375212193
0.95653629303
0.90044349432
0.887928307056
0.889855384827
0.886893749237
0.903477430344
0.894535720348
0.85407179594
0.866162836552
0.904947698116
0.851235210896
0.884978294373
0.870716750622
0.871290385723
0.872268974781
0.844324469566
0.856186926365
0.935252189636
0.827844977379
0.833090901375
0.857285678387
0.823280453682
0.827878534794
0.832738816738
0.838023722172
0.84741383791
0.847605407238
0.798081994057
0.872999966145
0.841386795044
0.823440611362
0.782731831074
0.820486366749
0.787241399288
0.796103656292
0.817532420158
0.787584125996
0.759677767754
0.803633630276
0.808782041073
0.779517650604
0.803433656693
0.78306633234
0.764290094376
0.797476768494
0.770118236542
0.771689832211
0.786978900433
0.80951166153
0.800411939621
0.772644758224
0.768012464046
0.770914614201
0.77461129427
0.744443714619
0.747497916222
0.78023815155
0.774420619011
0.739718258381
0.743499100208
0.760647952557
0.73559987545
0.7377576828
0.735885083675
0.764253616333
0.748419165611
0.755135715008
0.738804221153
0.759787380695
0.726611971855
0.73240250349
0.763679146767
0.750246047974
0.733069419861
0.777641236782
0.72586774826
0.734787940979
0.758586168289
0.734644591808
0.746059298515
0.724409282207
0.74001032114
0.707465648651
0.726325213909
0.714975178242
0.730682909489
0.712294518948
0.70628964901
0.729272782803
0.747727692127
0.738003492355
0.71988427639
0.712418854237
0.730416178703
0.731555342674
0.738217175007
0.704198777676
0.726864397526
0.735651016235
0.703566551208
0.726336836815
0.708779096603
0.768312335014
0.717483222485
0.726711809635
0.722710072994
0.707124590874
0.722553372383
0.718213021755
0.709020912647
0.731303215027
0.685189723969
0.705202102661
0.692569315434
0.695798575878
0.694044113159
0.687108933926
0.701570093632
0.713901400566
0.735941588879
0.703059971333
0.709984481335
0.698278188705
0.701682329178
0.683599054813
0.695928812027
0.723163068295
0.688411056995
0.695394277573
0.687772870064
0.682190775871
0.694042086601
0.71300560236
0.703355908394
0.714669942856
0.660181581974
0.697086155415
0.700109243393
0.68522131443
0.706860184669
0.682958364487
0.673741459846
0.705679416656
0.69452470541
0.706168889999
0.699173212051
0.702043831348
0.686421334743
0.683321297169
0.678698718548
0.679805397987
0.676078438759
0.694869577885
0.67753058672
0.665963053703
0.693148493767
0.686793684959
0.687513411045
0.684718132019
0.676852762699
0.682087898254
0.683576762676
0.674985289574
0.673496603966
0.693364679813
0.670811474323
0.677460134029
0.689811587334
0.666937410831
0.697316408157
0.70124155283
0.68657630682
0.680633306503
0.677950322628
0.677321374416
0.667504191399
0.67603635788
0.683267712593
0.692544937134
0.682225525379
0.68487238884
0.648107886314
0.687119483948
0.68641012907
0.673636853695
0.707872033119
0.672788918018
0.684868395329
0.662501811981
0.655749976635
0.653948247433
0.690365374088
0.662593662739
0.651822149754
0.653158187866
0.666481435299
0.68390160799
0.671920537949
0.678291678429
0.694347023964
0.675577819347
0.66563886404
0.67796510458
0.657078564167
0.668130397797
0.660235226154
0.650951206684
0.658007502556
0.661530792713
0.682235479355
0.664709329605
0.652268707752
0.668219447136
0.672041296959
0.669222772121
0.672441124916
0.665129423141
0.669198453426
0.666281282902
0.656468093395
0.654502928257
0.664810061455
0.664389848709
0.654797792435
0.646823763847
0.643018007278
0.654867172241
0.667579889297
0.658420324326
0.6454616189
0.654779195786
0.675975799561
0.64872443676
0.639431416988
0.654300451279
0.652929365635
0.667718350887
0.632217645645
0.653100311756
0.649252295494
0.647720873356
0.677019059658
0.660724639893
0.645793020725
0.645086228848
0.659024715424
0.656067609787
0.652722895145
0.645771920681
0.67722684145
0.674364030361
0.661925375462
0.673903524876
0.647333681583
0.639763951302
0.636236727238
0.671592473984
0.654651105404
0.657773375511
0.679854333401
0.649724662304
0.650235056877
0.629399120808
0.649962723255
0.644004166126
0.66754001379
0.633306264877
0.648772597313
0.633372843266
0.651683390141
0.672136723995
0.654543936253
0.652988255024
0.631739497185
0.649029552937
0.64230710268
0.640637516975
0.642919182777
0.656136393547
0.646553575993
0.626328527927
0.633765339851
0.654361903667
0.649130165577
0.65774089098
0.642721235752
0.655548930168
0.627773702145
0.648723125458
0.649558782578
0.651376545429
0.642061531544
0.652580022812
0.655771076679
0.633763849735
0.638869404793
0.65092921257
0.663469791412
0.651307165623
0.617794573307
0.636134028435
0.646769762039
0.642876684666
0.628259301186
0.632218241692
0.641833484173
0.647598624229
0.649877488613
0.6606580019
0.64176261425
0.655945956707
0.641695201397
0.653813779354
0.636360883713
0.638670146465
0.640889823437
0.656315326691
0.631822526455
0.637118577957
0.613559305668
0.604357779026
0.633510828018
0.633926033974
0.633768796921
0.636380851269
0.637210726738
0.606154501438
0.644469797611
0.65127569437
0.614710211754
0.619079828262
0.643220722675
0.641089379787
0.656815886497
0.640347659588
0.624572515488
0.631251215935
0.649447321892
0.629703402519
0.651901483536
0.620377004147
0.624317467213
0.606934428215
0.634874522686
0.63483017683
0.601508677006
0.617722451687
0.642167568207
0.633209645748
0.645406365395
0.600093960762
0.603040754795
0.634218752384
0.66443836689
0.599544644356
0.619200348854
0.635123550892
0.61188775301
0.609819293022
0.632157027721
0.630773484707
0.598821461201
0.621380448341
0.660670638084
0.631189644337
0.6101552248
0.612693369389
0.61657345295
0.599790990353
0.617444634438
0.611703574657
0.624642848969
0.601337850094
0.619177222252
0.620116055012
0.614304065704
0.614417910576
0.605495274067
0.617716550827
0.634876966476
0.631448805332
0.607832729816
0.585746109486
0.614676773548
0.592811822891
0.638890087605
0.592840850353
0.645021438599
0.623060584068
0.636262238026
0.583522379398
0.603562712669
0.591264009476
0.621489584446
0.603870272636
0.61503213644
0.622569143772
0.633132278919
0.613595545292
0.65146201849
0.622999966145
0.59500515461
0.599190115929
0.634674429893
0.597715437412
0.626449286938
0.619823038578
0.619710147381
0.598413705826
0.605739116669
0.596406161785
0.650392532349
0.613333702087
0.644818067551
0.617952466011
0.621362328529
0.60590749979
0.641196250916
0.607727885246
0.645300388336
0.628557920456
0.611274123192
0.633521854877
0.608189284801
0.603539347649
0.586415946484
0.57796728611
0.631672263145
0.639213621616
0.583384871483
0.603194236755
0.624235928059
0.621909439564
0.599216759205
0.610502541065
0.624925255775
0.582573473454
0.604698181152
0.621483802795
0.616881906986
0.631182014942
0.590773701668
0.610123634338
0.572425603867
0.617220044136
0.581549465656
0.584915101528
0.602928161621
0.610897779465
0.584715306759
0.579555809498
0.610803604126
0.574637949467
0.61276781559
0.598432123661
0.60795289278
0.594246327877
0.58041703701
0.587424814701
0.580150902271
0.566000580788
0.604880928993
0.603942155838
0.651020765305
0.600743353367
0.600608706474
0.595622897148
0.609588801861
0.617427825928
0.60082924366
0.659898281097
0.619409799576
0.606490790844
0.598827183247
0.596885561943
0.610786318779
0.604021310806
0.631394088268
0.603413939476
0.569605708122
0.596972823143
0.602678000927
0.618784666061
0.597095370293
0.591031253338
0.607354640961
0.61469912529
0.592227220535
0.613505363464
0.636611580849
0.582737624645
0.630448997021
0.584867835045
0.61129450798
0.578522026539
0.613868832588
0.616411089897
0.6163610816
0.586008906364
0.553659260273
0.624946653843
0.618959665298
0.596506893635
0.599867403507
0.599716067314
0.61236333847
0.597243905067
0.599273443222
0.5909537673
0.619639873505
0.613052248955
0.593713879585
0.583198010921
0.598633646965
0.583093643188
0.599248349667
0.568847358227
0.610114276409
0.6031640172
0.598166704178
0.584990918636
0.588605940342
0.604053020477
0.592478692532
0.635029554367
0.596280574799
0.650536715984
0.614503085613
0.574225842953
0.641556024551
0.58109331131
0.587131202221
0.599570572376
0.60006326437
0.616988897324
0.58718585968
0.608219504356
0.579248428345
0.609593749046
0.600933372974
0.604223787785
0.600807070732
0.580856204033
0.581551611423
0.597081899643
0.605009555817
0.599848866463
0.563689887524
0.584464371204
0.617685735226
0.580801784992
0.57238471508
0.626967787743
0.568849563599
0.577253997326
0.539898633957
0.596311330795
0.605401039124
0.559913337231
0.603919565678
0.582868874073
0.618263483047
0.567431747913
0.581582069397
0.593185067177
0.573881328106
0.569743931293
0.57171869278
0.578835248947
0.549809217453
0.580316960812
0.583243668079
0.57803684473
0.544501781464
0.589403986931
0.589477956295
0.606007099152
0.585200071335
0.608794808388
0.570892632008
0.580499112606
0.563686668873
0.597748577595
0.55152130127
0.593151807785
0.615974366665
0.594090521336
0.583367526531
0.573283612728
0.57423555851
0.592213690281
0.616490483284
0.63090389967
0.647716522217
0.605055332184
0.569327533245
0.61257904768
0.576792776585
0.586776673794
0.568876266479
0.590696632862
0.578938543797
0.555522143841
0.597334861755
0.608809411526
0.604479789734
0.598701000214
0.561155736446
0.57208019495
0.588587522507
0.579112827778
0.572485506535
0.575098276138
0.572132468224
0.588638305664
0.591358780861
0.593383908272
0.608566701412
0.609723746777
0.590098440647
0.559319376945
0.581273794174
0.648462951183
0.569108128548
0.579072237015
0.540316224098
0.597868442535
0.562634527683
0.564786851406
0.590713918209
0.597752392292
0.564426898956
0.568069517612
0.596542775631
0.601228892803
0.590288996696
0.594721257687
0.5753262043
0.596018731594
0.57300812006
0.59920156002
0.580922842026
0.573149204254
0.618173241615
0.58887553215
0.577375531197
0.599143028259
0.556729137897
0.587787330151
0.579901099205
0.542683601379
0.530548512936
0.604957938194
0.567216515541
0.589302659035
0.581151008606
0.579963743687
0.563480198383
0.592370927334
0.573199033737
0.577480137348
0.574375450611
0.5969222188
0.566030144691
0.590964853764
0.54243928194
0.538539528847
0.539561510086
0.577535092831
0.583179473877
0.619517624378
0.601886689663
0.563773870468
0.567067503929
0.565543472767
0.606372952461
0.573447585106
0.589444100857
0.594584047794
0.601742327213
0.615799486637
0.59616035223
0.558841228485
0.575506150723
0.567374765873
0.560491979122
0.595516979694
0.609351754189
0.553782820702
0.58699542284
0.560722351074
0.599293887615
0.593879342079
0.602979660034
0.518355309963
0.555118858814
0.560975432396
0.587679386139
0.5520362854
0.573470473289
0.548327922821
0.571610033512
0.607443630695
0.573061227798
0.570551812649
0.570997238159
0.58038932085
0.6049939394
0.599432826042
0.561692297459
0.578591346741
0.543812334538
0.541588187218
0.580914914608
0.576212644577
0.57078564167
0.611721336842
0.574814140797
0.5989382267
0.585792183876
0.590096890926
0.555871725082
0.611576259136
0.532403826714
0.610798478127
0.572511196136
0.586275696754
0.57511228323
0.567072927952
0.592257499695
0.504615783691
0.592902421951
0.580995619297
0.623268246651
0.5917288661
0.59605550766
0.552595555782
0.547050118446
0.586673617363
0.584945559502
0.567493677139
0.565427362919
0.56064003706
0.535213768482
0.619040489197
0.570109367371
0.567580640316
0.59426420927
0.562649071217
0.548515856266
0.57008677721
0.605538964272
0.632066726685
0.583287596703
0.55920702219
0.565636098385
0.588145494461
0.571546256542
0.586650371552
0.58285599947
0.555078625679
0.596498131752
0.606376767159
0.55970621109
0.570261895657
0.542095899582
0.55536878109
0.586889564991
0.592631578445
0.602987587452
0.571849644184
0.569572091103
0.549646735191
0.559186041355
0.576483726501
0.567832410336
0.593093216419
0.557588458061
0.56551027298
0.562702834606
0.542526125908
0.567459046841
0.588464260101
0.603019475937
0.561188936234
0.589720964432
0.574035584927
0.587333738804
0.605039775372
0.602335512638
0.571475088596
0.572328567505
0.596026360989
0.561899423599
0.566927850246
0.588188230991
0.580602228642
0.613473892212
0.5625680089
0.567245185375
0.558044373989
0.581049501896
0.576473712921
0.590262711048
0.570298075676
0.557415127754
0.571421921253
0.574523210526
0.560573995113
0.561459481716
0.558520972729
0.576993405819
0.586516499519
0.618695914745
0.565806865692
0.572138726711
0.551128804684
0.537388265133
0.556053876877
0.55074006319
0.542482197285
0.570245563984
0.577321052551
0.547425270081
0.571139872074
0.582754611969
0.552215337753
0.610854566097
0.596471965313
0.57780456543
0.591805458069
0.561415731907
0.571547210217
0.563393712044
0.560417294502
0.595217168331
0.548174023628
0.572215855122
0.548011422157
0.564955353737
0.545698642731
0.589979588985
0.551593065262
0.555305182934
0.581359624863
0.615715265274
0.569849133492
0.612970113754
0.603016138077
0.549034297466
0.5568151474
0.589667797089
0.56143450737
0.578593850136
0.567340373993
0.58391559124
0.573927402496
0.570739388466
0.557476222515
0.602407157421
0.555060386658
0.580829739571
0.59380209446
0.566026866436
0.59727627039
0.580747723579
0.566959142685
0.613258779049
0.548376023769
0.57272619009
0.592136204243
0.572351515293
0.56032282114
0.548127830029
0.551785111427
0.562830865383
0.561648786068
0.554300844669
0.575450122356
0.568371713161
0.563522934914
0.611862301826
0.553635179996
0.554729938507
0.57566267252
0.558016300201
0.553424656391
0.577213644981
0.536555945873
0.556253969669
0.560156643391
0.555788040161
0.610765099525
0.555011928082
0.531126379967
0.5566816926
0.582939386368
0.55468082428
0.568020284176
0.564820289612
0.589513659477
0.588859081268
0.577873945236
0.581137418747
0.552804470062
0.54955804348
0.56281453371
0.581320047379
0.574046015739
0.544829130173
0.574964046478
0.565244853497
0.610590696335
0.547718167305
0.57817286253
0.569331347942
0.552373468876
0.565443217754
0.571455359459
0.580349445343
0.548074841499
0.556178450584
0.574084699154
0.603406906128
0.567072451115
0.597128510475
0.573001146317
0.580070257187
0.573411047459
0.59412419796
0.565021038055
0.549563169479
0.595392286777
0.555571675301
0.610638082027
0.571391522884
0.592527806759
0.595470547676
0.585370182991
0.584565639496
0.590588033199
0.610694646835
0.557038903236
0.570282042027
0.541126549244
0.580158114433
0.595161020756
0.560303270817
0.588131189346
0.564731419086
0.553697288036
0.572351038456
0.57419770956
0.578253448009
0.590376853943
0.548869907856
0.595863878727
0.6210526824
0.533340752125
0.557655990124
0.595993936062
0.572371780872
0.571114718914
0.565024673939
0.569388687611
0.560064315796
0.586849808693
0.567117750645
0.585616469383
0.534965157509
0.589135825634
0.590324878693
0.577053129673
0.566347360611
0.587436676025
0.587951958179
0.574543058872
0.59777957201
0.564542531967
0.596531510353
0.536097705364
