0.692630648613
0.69182819128
0.692019045353
0.691176772118
0.690569639206
0.690260410309
0.689735531807
0.689395129681
0.688457965851
0.688112854958
0.687705218792
0.686512053013
0.685867249966
0.684557974339
0.684421122074
0.683402299881
0.683155536652
0.681875526905
0.680897057056
0.679739773273
0.678344726562
0.677062571049
0.675180733204
0.674539089203
0.673514187336
0.67153429985
0.669800400734
0.668286144733
0.666481673717
0.664529025555
0.662773191929
0.660869300365
0.660208404064
0.658226788044
0.655936539173
0.653652191162
0.65149885416
0.648651540279
0.649645149708
0.645129084587
0.643807172775
0.641252756119
0.638780295849
0.636428177357
0.634303748608
0.631942093372
0.629668176174
0.626475393772
0.623728215694
0.62329429388
0.621017038822
0.618149995804
0.614077150822
0.611545443535
0.611442506313
0.608771026134
0.605120122433
0.603691756725
0.599610030651
0.597873449326
0.595028400421
0.593371629715
0.590120017529
0.587387025356
0.583811342716
0.580894529819
0.57785576582
0.57698225975
0.573719918728
0.570296704769
0.568166434765
0.565458297729
0.563664793968
0.560772120953
0.557916820049
0.554295182228
0.55232334137
0.548733949661
0.548419177532
0.544639229774
0.541611015797
0.536819815636
0.533614814281
0.529407680035
0.531628549099
0.526763796806
0.524241149426
0.522190868855
0.521207034588
0.516160488129
0.514359116554
0.51055765152
0.507678985596
0.504184305668
0.501331031322
0.500462830067
0.492751061916
0.492594152689
0.491139113903
0.487958222628
0.484198063612
0.480407446623
0.474490761757
0.473615258932
0.471410542727
0.471647620201
0.466823369265
0.466515153646
0.461370319128
0.457326203585
0.456035643816
0.455713272095
0.449674576521
0.451481133699
0.444335490465
0.442224800587
0.439838767052
0.436299294233
0.432726591825
0.431414097548
0.430079996586
0.424397736788
0.424408584833
0.421492129564
0.416272193193
0.416477173567
0.411694705486
0.408793091774
0.403093874454
0.401365250349
0.405892789364
0.400251597166
0.397773772478
0.392529666424
0.391571044922
0.388353973627
0.385680943727
0.381033062935
0.382685959339
0.377233415842
0.373126506805
0.371609300375
0.367208719254
0.368542820215
0.36656537652
0.358072131872
0.365699052811
0.35789206624
0.352216482162
0.354047328234
0.350158184767
0.350587278605
0.348731786013
0.344910979271
0.33972799778
0.340211361647
0.336856037378
0.337319940329
0.331923216581
0.328158855438
0.327160567045
0.323825269938
0.324553668499
0.320089191198
0.319555521011
0.315861165524
0.316700011492
0.312899321318
0.308524847031
0.307218909264
0.309039741755
0.305425584316
0.299195945263
0.298996239901
0.296645790339
0.295011878014
0.295075416565
0.290359199047
0.288399785757
0.288001596928
0.282982230186
0.282370954752
0.280839204788
0.28038969636
0.27590328455
0.275766283274
0.273575484753
0.268517911434
0.26914948225
0.265863597393
0.265369176865
0.261531621218
0.259033769369
0.259118914604
0.257975906134
0.249686166644
0.254179567099
0.251091808081
0.250841617584
0.247383013368
0.245712429285
0.243546143174
0.23948712647
0.239010319114
0.235462471843
0.23552685976
0.235493689775
0.233821392059
0.22963899374
0.227802112699
0.225919082761
0.22455444932
0.221161946654
0.221584826708
0.219107210636
0.215156525373
0.217995017767
0.214342057705
0.2120154351
0.209952041507
0.206469535828
0.204155057669
0.205023884773
0.200539588928
0.198621422052
0.195743426681
0.195926949382
0.192150697112
0.193449363112
0.189909890294
0.188515782356
0.184836894274
0.185384213924
0.184365019202
0.184157267213
0.182122930884
0.176718816161
0.178943693638
0.172529459
0.172078356147
0.171846300364
0.168014749885
0.171184718609
0.163599729538
0.164503529668
0.161561205983
0.160053223372
0.158148676157
0.156245052814
0.154552251101
0.153682798147
0.154714152217
0.152643710375
0.14675681293
0.151222512126
0.14423841238
0.145712003112
0.145185530186
0.13939127326
0.138052925467
0.137798979878
0.140741929412
0.133507281542
0.135695546865
0.128127470613
0.129764690995
0.129297882318
0.128205031157
0.123150609434
0.122303396463
0.122198864818
0.120948344469
0.119879767299
0.114678658545
0.116766601801
0.114662393928
0.113332375884
0.112615481019
0.111397869885
0.110567875206
0.106934003532
0.10623909533
0.104650169611
0.106433793902
0.107498005033
0.103937193751
0.102567970753
0.0997800976038
0.0962802022696
0.0982410907745
0.100603953004
0.0958623364568
0.0939380452037
0.0926738679409
0.0929279401898
0.0913083404303
0.0872290879488
0.0874447971582
0.0895315408707
0.0865378007293
0.0844846218824
0.0872434973717
0.0834085717797
0.0816241204739
0.0811795592308
0.0785013437271
0.0783265829086
0.0761823430657
0.0772459656
0.076970115304
0.0749210640788
0.0742296800017
0.0729687288404
0.0705037638545
0.0710195973516
0.0712821930647
0.0701827481389
0.0715508982539
0.0701987594366
0.0673238486052
0.0676299408078
0.0654434636235
0.0652400106192
0.0665458068252
0.0629426464438
0.062790080905
0.063643231988
0.0617547668517
0.0653769522905
0.061987478286
0.057408478111
0.0584542639554
0.0567730925977
0.057358622551
0.055651307106
0.057198882103
0.0556464120746
0.0549149662256
0.0533447638154
0.0521973781288
0.0534751713276
0.0514469705522
0.0505049042404
0.0519614331424
0.050916403532
0.0501910932362
0.0532822944224
0.0494045726955
0.0500670485198
0.0477204658091
0.0472376272082
0.0462877228856
0.0468070954084
0.0456952154636
0.0445747114718
0.0435284115374
0.0452777035534
0.0450001470745
0.0443884022534
0.0431540682912
0.042821187526
0.0420652292669
0.0404536835849
0.0400521717966
0.0416103973985
0.039289470762
0.0388601571321
0.0404506027699
0.0388582721353
0.0394321866333
0.0375416874886
0.0367877110839
0.0368885174394
0.0365042053163
0.0378971658647
0.035990472883
0.037289686501
0.0347469560802
0.03444936499
0.0355812571943
0.0353504121304
0.0322328396142
0.0330444872379
0.0331942848861
0.0338989943266
0.032332200557
0.0335699766874
0.033937830478
0.0333123058081
0.0306122601032
0.0314733237028
0.0317391715944
0.0286293495446
0.0314049981534
0.0327711477876
0.0299852788448
0.0298082754016
0.0282009597868
0.031095745042
0.027697628364
0.028532885015
0.0281631834805
0.0255730561912
0.0274040345103
0.025273071602
0.0278478246182
0.0268676672131
0.0257346965373
0.0277787819505
0.0251630060375
0.0250287279487
0.0271986871958
0.024303060025
0.0244730468839
0.024383476004
0.0259298980236
0.0264616850764
0.0230962075293
0.0257082115859
0.0247716810554
0.0231796465814
0.0225416291505
0.0219891574234
0.0223299320787
0.0221553519368
0.0222298782319
0.0232814140618
0.0217845570296
0.0206277631223
0.0225605778396
0.022522976622
0.0225504487753
0.0220134295523
0.0208803731948
0.0213015433401
0.020732017234
0.0208736434579
0.0200361385942
0.0202588196844
0.0197131317109
0.0199606847018
0.0213266573846
0.0208440497518
0.0189975071698
0.0182781312615
0.0206537358463
0.0177112668753
0.0179569758475
0.0190109908581
0.018565563485
0.0180053152144
0.0185058694333
0.0184950362891
0.020945739001
0.0179238505661
0.0182897467166
0.0168071594089
0.0170971509069
0.0159974452108
0.0175047777593
0.0174043998122
0.0168288256973
0.0166247226298
0.0162983257324
0.0161948222667
0.0182933118194
0.0153751801699
0.016106756404
0.0154969729483
0.0172304734588
0.016488455236
0.0163392852992
0.0160300508142
0.0165710356086
0.0148384459317
0.0150501690805
0.0154925668612
0.0148476306349
0.016154082492
0.0150956399739
0.0157389082015
0.0146198254079
0.0150662092492
0.0153504647315
0.0145830791444
0.0138990422711
0.0140865305439
0.0144767481834
0.0135518210009
0.0142739098519
0.0142069235444
0.0130649656057
0.0135006578639
0.0138880489394
0.0135605698451
0.0122923674062
0.0137394359335
0.0146263400093
0.0127555541694
0.0136367809027
0.0124841667712
0.0121138524264
0.0132042001933
0.0132697708905
0.0128265563399
0.0121201723814
0.0126729113981
0.012651017867
0.0132113946602
0.0130487186834
0.011436288245
0.0115342456847
0.0125528424978
0.0126125197858
0.0126428799704
0.011092918925
0.0120782759041
0.0117645887658
0.0111411092803
0.0108588552102
0.0116995265707
0.0108794989064
0.0121060665697
0.0114980349317
0.0113913463429
0.0113718276843
0.0110701918602
0.011388188228
0.0105294054374
0.0114856697619
0.0111379278824
0.0103150177747
0.0109819155186
0.0112682785839
0.0101661011577
0.0105658778921
0.0100990049541
0.0104174707085
0.010401038453
0.0107807209715
0.0086125433445
0.0101408762857
0.00993979349732
0.0101479878649
0.00997067429125
0.00908596068621
0.00981755182147
0.00952913332731
0.00916731264442
0.00935850385576
0.0104456618428
0.00944593269378
0.00982289854437
0.00905358139426
0.00807791016996
0.009844657965
0.00955534540117
0.00987993367016
0.00915848556906
0.00882445741445
0.00941731128842
0.00858245324343
0.00870253052562
0.00804439652711
0.00892293825746
0.00839993730187
0.00879298336804
0.00856998469681
0.00832963548601
0.0089310919866
0.00906894449145
0.00854567810893
0.00821145810187
0.00793740991503
0.00887564755976
0.00836688932031
0.00812439527363
0.00789840053767
0.00858752988279
0.0078879436478
0.00964329205453
0.00807350315154
0.00736358575523
0.00747772306204
0.00917201302946
0.00879061315209
0.00775862671435
0.00795961450785
0.00789412856102
0.00775204971433
0.00768802221864
0.0073005524464
0.00757551845163
0.00726475659758
0.00705776968971
0.00694232527167
0.00715422071517
0.00727719208226
0.00712297391146
0.00739684561267
0.00706679048017
0.00751823093742
0.0079389186576
0.00654914416373
0.00760082155466
0.00639000767842
0.00723559968174
0.0070368219167
0.00635021785274
0.00673006521538
0.00683081662282
0.00689303968102
0.00705441599712
0.00637336494401
0.006962638814
0.00676355371252
0.0072180298157
0.00677559571341
0.00661980453879
0.00609716307372
0.00717490725219
0.00648319302127
0.00723889609799
0.00593504309654
0.00726899923757
0.00623144116253
0.00665375078097
0.0059088752605
0.00635646982118
0.0064382716082
0.0068146600388
0.00617526145652
0.00619359174743
0.00653434498236
0.00662008952349
0.00709333550185
0.00664831092581
0.00653161015362
0.00588006153703
0.00545233115554
0.00576520059258
0.00571260461584
0.00528190005571
0.005741618108
0.00586046883836
0.00512391515076
0.00622498663142
0.00616484601051
0.00589981814846
0.00629865378141
0.00547850690782
0.00680784834549
0.00550963683054
0.00613732635975
0.00538528058678
0.00647403905168
0.00537423137575
0.00637991959229
0.00564677035436
0.00515361176804
0.00537007721141
0.00580547982827
0.00515373377129
0.00568415923044
0.00582868652418
0.0055881999433
0.00469151744619
0.00554692745209
0.00536471931264
0.00506084086373
0.00566460844129
0.00534126954153
0.00483600655571
0.0050382851623
0.00550070917234
0.00503797829151
0.00529818655923
0.00506373867393
0.00525689916685
0.00557134440169
0.00492261676118
0.00483133923262
0.00477576162666
0.00542594492435
0.00555789284408
0.00518420664594
0.00506930332631
0.0050004911609
0.00577232381329
0.00552188092843
0.0048427269794
0.0053249206394
0.00471715116873
0.00484297145158
0.00508816540241
0.00473848171532
0.00470479950309
0.00439792359248
0.00500765489414
0.00477906921878
0.00544510083273
0.00458800140768
0.00478017469868
0.00436978694052
0.00486623588949
0.00409373361617
0.00404863944277
0.00429986231029
0.00480519374833
0.00483337882906
0.00438272301108
0.0044633988291
0.00488529866561
0.00426789559424
0.00486869504675
0.00454385997728
0.00438197236508
0.00495394971222
0.00501669431105
0.00515969656408
0.00437984010205
0.00433799950406
0.00421778531745
0.00525511428714
0.00489991577342
0.0040868120268
0.00353949400596
0.00442609796301
0.0040539172478
0.00455368729308
0.0041056452319
0.00400786707178
0.00415185699239
0.00391094759107
0.0045131444931
0.00433784350753
0.00457989936695
0.00404172856361
0.00426542246714
0.00336420396343
0.00361775141209
0.00412568217143
0.00350250210613
0.0044051874429
0.00366406072862
0.00424351682886
0.00381468771957
0.00426186108962
0.00395251857117
0.00366739998572
0.00394897628576
0.00317089003511
0.00388308987021
0.00354645727202
0.00398411229253
0.00323103531264
0.00377259310335
0.0035002452787
0.00373646756634
0.00419394113123
0.00336334132589
0.00329865585081
0.00425633043051
0.00455518718809
0.00385202141479
0.00407496746629
0.00345034478232
0.00343270413578
0.00368032115512
0.00374981341884
0.00373141933233
0.00337177375332
0.00347220269032
0.00321934279054
0.00339207425714
0.00336942379363
0.00339235621504
0.00392242241651
0.00353135587648
0.00314815947786
0.00326135684736
0.00356295448728
0.00338246347383
0.00347727048211
0.00325223174877
0.00318872975186
0.00352397258393
0.00330362911336
0.00351657439023
0.00308412406594
0.00350597174838
0.00333749852143
0.00330814556219
0.00346596539021
0.00350259174593
0.003249644069
0.00309510296211
0.00301791448146
0.00355265033431
0.00306832441129
0.00368157750927
0.00295686605386
0.00325932796113
0.00268444977701
0.00311304163188
0.00321822334081
0.00316697964445
0.0034085419029
0.00281026517041
0.00305941980332
0.00291227479465
0.00294068059884
0.0033136473503
0.00341463228688
0.00346065755002
0.00309733883478
0.00268402253278
0.0030142981559
0.0027750863228
0.00368987303227
0.00295163644478
0.00288428040221
0.00307783181779
0.00266993837431
0.00301330001093
0.00325250229798
0.00297719379887
0.00324261328205
0.00277601042762
0.00267017399892
0.00308065116405
0.0032435185276
0.00239401031286
0.00289300060831
0.00257902732119
0.00265709985979
0.00290405051783
0.00269907223992
0.00256955903023
0.00346901128069
0.00290198554285
0.00274511310272
0.00271518714726
0.00235506822355
0.00292878085747
0.00288897962309
0.00244951969944
0.00270879548043
0.00273714354262
0.0028935438022
0.00289908819832
0.00288479309529
0.00222267047502
0.00262574106455
0.00283927284181
0.00417973706499
0.00268687005155
0.00272102328017
0.00303489062935
0.00245636259206
0.00261348392814
0.00234315660782
0.00269680307247
0.00278331944719
0.00278035458177
0.00263450061902
0.00239265942946
0.00281941774301
0.00262271659449
0.00250033964403
0.00225164555013
0.00220855022781
0.00213089026511
0.00267078704201
0.00230077165179
0.00383319077082
0.0023327905219
0.00253503094427
0.00319940573536
0.00261799292639
0.00252862740308
0.00257768621668
0.00289897900075
0.0026728187222
0.00232445355505
0.0025890013203
0.00219862000085
0.00254710367881
0.00224702619016
0.00217517046258
0.00263201352209
0.00236658891663
0.00246799085289
0.0023537077941
0.00215341174044
0.00229231733829
0.00218389788643
0.00286266580224
0.00214345869608
0.00229855859652
0.00266477838159
0.00220864498988
0.0022977956105
0.00245554163121
0.00258430675603
0.00239288224839
0.00271321972832
0.00293773855083
0.00218334631063
0.0022133004386
0.00246633193456
0.0024834156502
0.00252038380131
0.0021693224553
0.00288978312165
0.00236030411907
0.00271384604275
0.0026578058023
0.00256363907829
0.00252279359847
0.00219421717338
0.00231320643798
0.00229732273147
0.00247419020161
0.00240088417195
0.00232067098841
0.00201208493672
0.00194713869132
0.00183623679914
0.00262020109221
0.00252858246677
0.00212639919482
0.00218565296382
0.00284650595859
0.00188530189916
0.00210772943683
0.00261618429795
0.00197374681011
0.0021163939964
0.00257638492621
0.00222097989172
0.00257292110473
0.00192602118477
0.00242279400118
0.00241014594212
0.00225845701061
0.00197241595015
0.00178743060678
0.00181189610157
0.00176981219556
0.00242433534004
0.00192784273531
0.00281550991349
0.00221507903188
0.00229062139988
0.00192832306493
0.00156780099496
0.0017240960151
0.00214014365338
0.00180661620107
0.00181933376007
0.00203724973835
0.00203305343166
0.00186090881471
0.00199543428607
0.00195515481755
0.00194051885046
0.00234655151144
0.00207595410757
0.00175962806679
0.00163696915843
0.00200287834741
0.00196743919514
0.00196606176905
0.00167656980921
0.00272836675867
0.001823847997
0.00188432820141
0.00209813541733
0.00181774247903
0.00234821485355
0.0021843330469
0.00209388975054
0.00180306832772
0.00208686594851
0.00169559102505
0.00174043397419
0.00190087396186
0.0027120965533
0.00229359115474
0.0019678438548
0.00184809439816
0.00201861211099
0.00232505775057
0.00266951881349
0.00206631887704
0.00200969539583
0.00211665406823
0.00211202958599
0.00185865082312
0.00191301573068
0.00198465026915
0.00175007840153
0.00189311732538
0.00208337418735
0.00180384260602
0.00177452957723
0.00203091977164
0.00229473179206
0.00175129901618
0.00224690604955
0.00199997890741
0.00201679090969
0.00221003661864
0.00199214764871
0.00184467597865
0.00214742170647
0.00179774267599
0.0020915674977
0.00185490818694
0.00198414665647
0.00199275836349
0.00207288376987
0.00195248331875
0.00233405618928
0.00180448230822
0.00180501793511
0.00203882693313
0.00193278875668
0.00215420150198
0.00239908299409
0.00178910419345
0.00178881606553
0.00190040655434
0.00217514834367
0.00176790729165
0.0019019334577
0.00194210535847
0.00177338370122
0.00221556820907
0.00189608929213
0.00178852165118
0.00191331771202
0.00191474799067
0.00196512392722
0.0021930267103
0.00206181430258
0.00180184759665
0.00158810091671
0.00187086185906
0.00201583094895
0.00197477801703
0.00209997105412
0.00190498505253
0.00191999657545
0.00180010276381
0.00175756285898
0.00212200125679
0.00188650412019
0.00205802265555
0.00197040638886
0.00170945003629
0.00172046700027
0.00192343967501
0.00175260275137
0.00196887436323
0.00210605282336
0.00208482379094
0.00188350968529
0.0017109423643
0.00188472669106
0.00179115589708
0.00176313589327
0.00185152818449
0.00182518898509
0.00207085441798
0.0018114624545
0.00155124778394
0.00159089639783
0.00201752316207
0.0019019653555
0.00169312639628
0.00182244228199
0.00180693133734
0.00177931564394
0.00184863922186
0.00205196510069
0.00198396132328
0.00171829783358
0.00163797789719
0.002055357676
0.00188091048039
0.00193407211918
0.00231890217401
0.00250001298264
0.0017913270276
0.00195019191597
0.00178204337135
0.00179108150769
0.00170507433359
0.00195367843844
0.00187367084436
0.00193458597641
0.00183864368591
0.00169187376741
0.00199277885258
0.00171233527362
0.00193956773728
0.00181245163549
0.00192601536401
0.00183088681661
0.00184492138214
0.00192196748685
0.00221133441664
0.00180267042015
0.00202222168446
0.00178315886296
0.00222691777162
0.00201013591141
0.00175808568019
0.00209619733505
0.00185353728011
0.00191601831466
0.00191092782188
0.0016929541016
0.00218624481931
0.00188186450396
0.00222146185115
0.00171557255089
0.00162453239318
0.00184764072765
0.00218481384218
0.00195963960141
0.00191390688997
0.00210492196493
0.0019126146799
0.00190356618259
0.00161484687123
0.00190448120702
0.00201058853418
0.00169380987063
0.00171337591019
0.00177106424235
0.00182461505756
0.00208376441151
0.00182944710832
0.00179820845369
0.0015915047843
0.00182868400589
0.0019609304145
0.00167426920962
0.00203773449175
0.00188004516531
0.00172124092933
0.00184303696733
0.00177272758447
0.0019134702161
0.0018342747353
0.00195362675004
0.0015885066241
0.00187961920165
0.00190561020281
0.0016315918183
0.00180880934931
0.0020575360395
0.00179949158337
0.00205643544905
0.00181910046376
0.00195777672343
0.001795122982
0.00210395548493
0.00180677406024
0.00178991560824
0.0023860023357
0.0018960677553
0.00187658681534
0.00173831044231
0.00227599195205
0.0017056617653
0.00221713120118
0.00188199081458
0.00174546288326
0.00203784089535
0.00165612774435
0.00208659190685
0.00179069396108
0.00177029834595
0.00198809779249
0.00175127782859
0.00192424072884
0.00188278499991
0.00205431203358
0.00172548333649
0.00187384476885
0.00185543228872
0.00161303940695
0.00175545015372
0.00156875443645
0.00194013898727
0.00183255004231
