0.689544916153
0.681090116501
0.678003072739
0.652849316597
0.646629095078
0.649465501308
0.638703286648
0.632522165775
0.625749707222
0.609490215778
0.600376546383
0.594574272633
0.593870341778
0.59148311615
0.581099033356
0.579566717148
0.576579093933
0.563875615597
0.560712397099
0.561757802963
0.547197163105
0.554549813271
0.540003359318
0.534292221069
0.532574832439
0.548181176186
0.523010492325
0.527628064156
0.515427052975
0.522952854633
0.50173407793
0.505118906498
0.497236639261
0.491992115974
0.495654225349
0.484892934561
0.491977602243
0.495349496603
0.486516773701
0.484747052193
0.476159662008
0.474579483271
0.449544876814
0.483026862144
0.473587334156
0.465384215117
0.457825809717
0.461574018002
0.462720483541
0.463145792484
0.441879630089
0.441592514515
0.43675789237
0.431744754314
0.443355798721
0.450715601444
0.431558012962
0.446504324675
0.422443270683
0.430854469538
0.436484068632
0.423343420029
0.41441527009
0.429006546736
0.424922287464
0.436250030994
0.411101847887
0.417105555534
0.417077183723
0.397521674633
0.40230935812
0.415566414595
0.414423882961
0.397013455629
0.396175146103
0.401345968246
0.403771311045
0.40258666873
0.387787431479
0.383209109306
0.377320826054
0.381828010082
0.383809894323
0.410487353802
0.38412424922
0.368899315596
0.350985467434
0.370075047016
0.388234466314
0.355597794056
0.35321316123
0.361824244261
0.362887859344
0.352386653423
0.353140711784
0.351222276688
0.353135555983
0.365081608295
0.34446939826
0.335224717855
0.349040955305
0.326810956001
0.320011675358
0.329623043537
0.340446203947
0.321284294128
0.343618631363
0.322717875242
0.332196950912
0.364564329386
0.355580031872
0.326364457607
0.326446831226
0.352189421654
0.300708651543
0.318578571081
0.315627753735
0.29979929328
0.299393922091
0.288032203913
0.291477113962
0.293751120567
0.291530132294
0.283058524132
0.30424669385
0.294573366642
0.287760645151
0.283674001694
0.300380855799
0.304984420538
0.271064609289
0.294027119875
0.258298069239
0.267682731152
0.286980599165
0.260645091534
0.271826505661
0.29388409853
0.257844090462
0.272418349981
0.283633321524
0.274686515331
0.255874305964
0.261541903019
0.255215018988
0.243733495474
0.242154732347
0.278320521116
0.263003349304
0.248812362552
0.249525487423
0.214396893978
0.242220237851
0.250683754683
0.22580306232
0.256182551384
0.262115418911
0.256509184837
0.233780428767
0.249670654535
0.223331153393
0.246237754822
0.272012829781
0.229020670056
0.230644673109
0.249354243279
0.211034744978
0.202605068684
0.19763481617
0.226755470037
0.188088595867
0.212665915489
0.218887627125
0.225025683641
0.212745562196
0.218503013253
0.223445922136
0.229353651404
0.205420866609
0.194182604551
0.206769689918
0.214315205812
0.192993447185
0.212669909
0.227426111698
0.1893633008
0.188876569271
0.197346612811
0.207028344274
0.181642517447
0.201767489314
0.189655542374
0.189697414637
0.179966002703
0.182250678539
0.164226770401
0.202082559466
0.187579154968
0.197764143348
0.159217432141
0.173266753554
0.180748000741
0.174842402339
0.198700577021
0.172549322248
0.200038313866
0.208774104714
0.164104223251
0.163192078471
0.205243527889
0.176154509187
0.178415328264
0.18435099721
0.184332102537
0.171418935061
0.172472864389
0.190756753087
0.161691978574
0.176653265953
0.174014493823
0.183741077781
0.140115275979
0.195042416453
0.144019469619
0.168182194233
0.156844094396
0.195962190628
0.183376967907
0.155656307936
0.151535108685
0.169262394309
0.194993495941
0.182403743267
0.156216546893
0.121857263148
0.14246699214
0.141403347254
0.155203297734
0.137031435966
0.217309013009
0.153329968452
0.132570624352
0.153947412968
0.155914127827
0.162021413445
0.165329486132
0.14135466516
0.150378584862
0.14591871202
0.137584537268
0.163309082389
0.138023227453
0.108592659235
0.150382593274
0.129264578223
0.166590884328
0.177394121885
0.163083314896
0.139330849051
0.128222808242
0.162176892161
0.154967650771
0.159251183271
0.160855770111
0.106840535998
0.151824638247
0.157904878259
0.131966218352
0.190005272627
0.131081551313
0.147774860263
0.168401241302
0.138133019209
0.181684285402
0.14642944932
0.1214376688
0.139340847731
0.0973273292184
0.123622581363
0.131240084767
0.119128271937
0.166410908103
0.122412540019
0.140793651342
0.12113481015
0.134843140841
0.124357193708
0.142776414752
0.119286738336
0.155484735966
0.0882292240858
0.148352399468
0.122354388237
0.113892175257
0.149475455284
0.0974044129252
0.112992465496
0.180063307285
0.127751216292
0.128207832575
0.119563870132
0.130822122097
0.125129520893
0.157289996743
0.146900340915
0.106666401029
0.148967832327
0.127438917756
0.108744643629
0.12153288722
0.123329013586
0.10967630893
0.142644643784
0.120647154748
0.116622693837
0.109601221979
0.14975450933
0.103828340769
0.136777982116
0.159190669656
0.132635295391
0.0853569954634
0.109334863722
0.182266637683
0.164534151554
0.112742111087
0.114082328975
0.0891341269016
0.123127669096
0.118797302246
0.109136812389
0.107008501887
0.100258111954
0.172247469425
0.100183926523
0.134518548846
0.117253944278
0.121586345136
0.135577872396
0.140524089336
0.0914376229048
0.112340785563
0.119761101902
0.113072499633
0.110476225615
0.130750671029
0.118329226971
0.131855547428
0.138825148344
0.13414297998
0.116958014667
0.107316620648
0.0980167463422
0.140102341771
0.10879740864
0.159651383758
0.0982096418738
0.102654971182
0.0952421426773
0.10391882807
0.131910204887
0.129158973694
0.108426555991
0.100326187909
0.0930034741759
0.157653480768
0.119678005576
0.129530206323
0.109487727284
0.138195365667
0.121579140425
0.144222334027
0.0975697562099
0.118558257818
0.103851042688
0.107428111136
0.0962396934628
0.137592568994
0.0839115530252
0.102770291269
0.149558961391
0.125837311149
0.134634643793
0.0821642279625
0.105553433299
0.112533070147
0.125399768353
0.0904650241137
0.119431488216
0.0832185074687
0.0795666649938
0.107392825186
0.0703703612089
0.0777831375599
0.0793764814734
0.0926945656538
0.0979581698775
0.11801237613
0.101518027484
0.13666523993
0.0751062035561
0.128086149693
0.129094690084
0.115970887244
0.122889474034
0.111124306917
0.0804721266031
0.159026324749
0.113932058215
0.084428422153
0.0764889642596
0.0879919752479
0.0691203400493
0.0598029904068
0.094519995153
0.0835545435548
0.0890439078212
0.0863306000829
0.0921053513885
0.0763008147478
0.0937300920486
0.083381280303
0.0792218744755
0.14172694087
0.0970627740026
0.0822342485189
0.130751654506
0.087990231812
0.078262783587
0.0906066894531
0.103717312217
0.0976726263762
0.133996024728
0.0966633334756
0.119559794664
0.119087941945
0.0962607711554
0.0762965381145
0.0786192715168
0.0633764714003
0.0946725234389
0.0850964337587
0.0824931785464
0.099772810936
0.123177170753
0.103952549398
0.0973989740014
0.115206539631
0.0770104676485
0.0812149196863
0.111097477376
0.121687822044
0.0771748796105
0.120865315199
0.0627024397254
0.105423465371
0.0513758510351
0.053202893585
0.0896217375994
0.131208926439
0.0868107229471
0.0875949040055
0.0922211259604
0.0847322568297
0.121055439115
0.0951068848372
0.100329630077
0.0856122523546
0.0907139107585
0.0831132084131
0.0750716030598
0.0729520469904
0.0885619670153
0.086316511035
0.0614704787731
0.0933170840144
0.090586706996
0.129901751876
0.0680818706751
0.0892440453172
0.104375638068
0.0880051776767
0.0759207755327
0.0610567890108
0.0731851607561
0.118783660233
0.117864601314
0.0718519166112
0.11333476007
0.10749156028
0.0858717486262
0.0593787170947
0.140403300524
0.0638729184866
0.0823117420077
0.111143253744
0.127627491951
0.105204164982
0.0699534863234
0.0728320777416
0.135062336922
0.125794261694
0.0906133875251
0.104107089341
0.0719957277179
0.0951190218329
0.078135997057
0.0797672942281
0.086668215692
0.0880745500326
0.0603215694427
0.0708089321852
0.0718765482306
0.088342897594
0.111073881388
0.0993023365736
0.0892842710018
0.0955691486597
0.0948454141617
0.0901080965996
0.101948797703
0.0876596570015
0.0848546251655
0.0829475596547
0.0864231362939
0.12175577879
0.126517042518
0.101307064295
0.120280221105
0.0813209936023
0.0715969800949
0.102224163711
0.0732280164957
0.0865179374814
0.0756650418043
0.078621096909
0.0809217318892
0.0727626979351
0.0628150850534
0.0484863556921
0.0957674905658
0.0898755714297
0.0992537811399
0.0603892058134
0.116206362844
0.0812111273408
0.0909316837788
0.138276815414
0.0739317536354
0.0922674536705
0.0663926228881
0.045504976064
0.0881694108248
0.0489940606058
0.092520326376
0.0524777397513
0.0860584005713
0.0667064264417
0.0773311182857
0.0580130554736
0.0531927980483
0.0766782462597
0.0750348195434
0.11362003535
0.0515408962965
0.0944949239492
0.0985631346703
0.108642593026
0.0803745910525
0.063088722527
0.0813480839133
0.0743633955717
0.0949055626988
0.0532369278371
0.0720864012837
0.0745446011424
0.0535970628262
0.0880263000727
0.0858653709292
0.0620722062886
0.0529328472912
0.086501814425
0.0964716821909
0.0744483247399
0.0883978530765
0.0772636532784
0.131804764271
0.0729361921549
0.0567493624985
0.0838855654001
0.0844582691789
0.0817877054214
0.0699113532901
0.097030967474
0.085240393877
0.0700370073318
0.0732286199927
0.103332750499
0.0725295096636
0.0705137699842
0.0887141600251
0.104832664132
0.0646946057677
0.121192783117
0.110698752105
0.0677115768194
0.106259539723
0.090790964663
0.0642350241542
0.145327225327
0.0753963068128
0.0668149441481
0.119134068489
0.0748787224293
0.0412481725216
0.0472187586129
0.0873661339283
0.052826654166
0.0758439898491
0.0822002887726
0.0520745515823
0.0802642926574
0.0948411151767
0.0746806934476
0.0605337060988
0.0824651420116
0.0979861393571
0.120302423835
0.0686356276274
0.0573584958911
0.11483810842
0.0883275270462
0.0827010944486
0.0856816768646
0.0651878491044
0.094170562923
0.0726688057184
0.042702190578
0.0801652222872
0.103994734585
0.0613885372877
0.0992666184902
0.07883759588
0.0717574581504
0.0789526030421
0.0913797542453
0.0611565485597
0.0512149035931
0.156937450171
0.0537610128522
0.0560833662748
0.0555135570467
0.0723074227571
0.0739700943232
0.109569400549
0.0933774262667
0.0704031661153
0.082994543016
0.0654341056943
0.0829381868243
0.0622133687139
0.0708037018776
0.10388366133
0.0641549304128
0.0788035690784
0.0579856671393
0.0817171409726
0.060816898942
0.088019490242
0.0862206444144
0.0655632168055
0.041712615639
0.133808344603
0.0519763194025
0.103276446462
0.111324809492
0.0877953022718
0.0678419619799
0.0866686403751
0.0741434022784
0.0586270019412
0.0586133077741
0.0545257925987
0.0659597367048
0.0702233985066
0.0636808276176
0.0548600703478
0.0686716884375
0.0693944767118
0.0674224197865
0.0626107752323
0.101096086204
0.106883317232
0.0688206255436
0.0641835257411
0.0808143615723
0.0781649723649
0.0875321924686
0.0651373639703
0.087463259697
0.0714424625039
0.0408755727112
0.0499738752842
0.0591071397066
0.0581462197006
0.0630647018552
0.0594754181802
0.0800976082683
0.057411275804
0.0678176805377
0.0656656697392
0.0612473078072
0.0782948210835
0.0594884268939
0.040229819715
0.0484954454005
0.0667815431952
0.0835262387991
0.089602291584
0.0789029821754
0.0492250956595
0.064589291811
0.0588652342558
0.0809626057744
0.0545427724719
0.0653872415423
0.0580810718238
0.0850835815072
0.0419674739242
0.050877828151
0.106974624097
0.0787980630994
0.0666501298547
0.0554785840213
0.0575531721115
0.0795372873545
0.0593327954412
0.0899302139878
0.0449956208467
0.0763426795602
0.0579813532531
0.0829305499792
0.0611839331686
0.0730836987495
0.0883475318551
0.0621026195586
0.0724391713738
0.0563737079501
0.0591700859368
0.0902126058936
0.114159300923
0.0503788813949
0.0543754026294
0.109454222023
0.0485910177231
0.0856748223305
0.0640495419502
0.0651009231806
0.0523276180029
0.113513171673
0.096340149641
0.0793784186244
0.0463093332946
0.0807938352227
0.0928264036775
0.0966285690665
0.0743656679988
0.050763219595
0.0578400045633
0.0843836143613
0.0791039988399
0.0510637499392
0.0739590004086
0.0705506578088
0.0707474723458
0.0548919215798
0.0992081612349
0.049182459712
0.0569441728294
0.0612019225955
0.064893655479
0.0735881775618
0.0517599135637
0.0859774276614
0.0997942462564
0.0526577457786
0.106021501124
0.0868614464998
0.0535130091012
0.0905426740646
0.0692110210657
0.101413056254
0.082829259336
0.0663150474429
0.0521334297955
0.0970062464476
0.0769119486213
0.0808075666428
0.11117400974
0.0639401450753
