0.706675708294
0.680568039417
0.671932935715
0.663491904736
0.653748750687
0.636052250862
0.620034813881
0.605253040791
0.603858590126
0.589225053787
0.57594203949
0.576564610004
0.56774187088
0.551725208759
0.533401429653
0.518472790718
0.499577373266
0.488881409168
0.480042159557
0.476335525513
0.461638599634
0.418046534061
0.410862743855
0.40891045332
0.373564720154
0.335133463144
0.325143754482
0.328436344862
0.300626695156
0.293396949768
0.263836443424
0.24252410233
0.214283823967
0.216575846076
0.200452700257
0.189511835575
0.175104901195
0.207185938954
0.173444271088
0.180233150721
0.165411308408
0.173507601023
0.169246599078
0.184089973569
0.178885653615
0.182631969452
0.135412305593
0.196769505739
0.131147369742
0.126789242029
0.144148558378
0.123407177627
0.0862474143505
0.172310709953
0.0823261812329
0.134313479066
0.086212605238
0.0946725532413
0.0663520246744
0.0699018910527
0.120294809341
0.130796402693
0.0954378396273
0.110573463142
0.120582208037
0.0870421081781
0.082772359252
0.0791226625443
0.0448132827878
0.0573043078184
0.0697919875383
0.0573255196214
0.0398541130126
0.052840270102
0.0499493218958
0.0240399297327
0.0426928550005
0.0626451149583
0.0257188212126
0.0422597788274
0.0421970412135
0.047567166388
0.113463073969
0.0339350476861
0.0153206624091
0.0590917356312
0.0352164767683
0.0393255986273
0.0426260977983
0.0242792032659
0.0233559310436
0.046551104635
0.0775463357568
0.0449317991734
0.0345213189721
0.021156847477
0.0200172755867
0.0316708758473
0.101825706661
0.111580274999
0.0431415364146
0.0747252777219
0.0771716982126
0.068074837327
0.0546378456056
0.0722778961062
0.0332585088909
0.0791749358177
0.0316374488175
0.0713833719492
0.0413663648069
0.0604627802968
0.0447448827326
0.0712189301848
0.0419268347323
0.0708579346538
0.0376794077456
0.0320977196097
0.0236386675388
0.0594179853797
0.118036597967
0.0271487589926
0.0355164185166
0.0547243915498
0.0485945157707
0.0365826413035
0.0370401442051
0.0562386550009
0.031202243641
0.0581994876266
0.099058136344
0.0197285562754
0.0436875633895
0.0445101857185
0.0471418984234
0.037663243711
0.052785795182
0.0295035410672
0.0514516755939
0.0252870637923
0.0211321115494
0.0190324243158
0.0235667787492
0.0825252383947
0.0370636731386
0.0265296846628
0.0301767922938
0.0381589531898
0.0406995899975
0.0809079632163
0.0714620947838
0.0375860780478
0.0283056367189
0.0326792113483
0.0415022671223
0.0946745797992
0.0461410842836
0.0840788036585
0.0108021618798
0.0446767881513
0.102295532823
0.035666666925
0.0569585487247
0.0883458554745
0.0419910959899
0.0249624624848
0.0632814392447
0.0417405106127
0.050915684551
0.027376299724
0.0191106200218
0.0380135178566
0.0290570817888
0.0174185018986
0.0445836633444
0.0474098175764
0.0561385042965
0.075322933495
0.0111551703885
0.0209368132055
0.0459891855717
0.0536027736962
0.0372381955385
0.0348721221089
0.0454870983958
0.0275985226035
0.0271373111755
0.0245178062469
0.0182777158916
0.0322542414069
0.00803784653544
0.0365288518369
0.0475642308593
0.039065413177
0.00635174848139
0.0369534231722
0.0113551085815
0.0366339161992
0.0253898408264
0.056334644556
0.0140953250229
0.0226064678282
0.00782306864858
0.0118635557592
0.00890199653804
0.0281856115907
0.0356115028262
0.0505951754749
0.045764811337
0.0324647352099
0.023596810177
0.0197430327535
0.0221166238189
0.0210166480392
0.0274871177971
0.0365559309721
0.0284524224699
0.0673745721579
0.0269046276808
0.0358714722097
0.0541464164853
0.0359040275216
0.0437652431428
0.0326644070446
0.00624192785472
0.0130160683766
0.0605194419622
0.0333524718881
0.00666935369372
0.00948325823992
0.00756105035543
0.0259380023926
0.00560414604843
0.0294266752899
0.0173815954477
0.035625372082
0.00624920567498
0.0486737191677
0.0123696783558
0.00629058340564
0.0159672424197
0.0426361262798
0.0118181882426
0.0300447586924
0.0147028500214
0.0233556907624
0.0047758128494
0.0276265162975
0.0341604575515
0.0366518124938
0.0472586378455
0.0198740288615
0.00227078353055
0.0333922691643
0.0108784828335
0.0234219226986
0.00601583858952
0.009675482288
0.0154756903648
0.0229393448681
0.00893095415086
0.0111010493711
0.0231520924717
0.0399838387966
0.0130451945588
0.0163919944316
0.0296725463122
0.0169221330434
0.0192561820149
0.0240856874734
0.0166787803173
0.0386296510696
0.0930840969086
0.0129451453686
0.0272831246257
0.00376824429259
0.0267702955753
0.0637004747987
0.0359149649739
0.00384260551073
0.0101640243083
0.109425403178
0.0340432673693
0.0129329236224
0.0154456654564
0.031031889841
0.0235204398632
0.0397589839995
0.0507172048092
0.0186978764832
0.0106950355694
0.0445851944387
0.0257390122861
0.0139644434676
0.0177911799401
0.014956115745
0.012609552592
0.0200571920723
0.0116966180503
0.00383256934583
0.00543356640264
0.0060080983676
0.0422909371555
0.019140182063
0.018096383661
0.0300073940307
0.0394292734563
0.0276120472699
0.0745831429958
0.00440117483959
0.034220289439
0.00804094225168
0.0155926691368
0.0210629384965
0.00893921311945
0.0203453395516
0.0220371484756
0.0407322309911
0.0379370637238
0.101191051304
0.0373734049499
0.0275622550398
0.0280535351485
0.0288334712386
0.0537465550005
0.051222242415
0.0218647569418
0.0153859751299
0.0363330058753
0.0101606268436
0.0546402484179
0.0110995471478
0.00608514295891
0.044958692044
0.0239678286016
0.0210778769106
0.0161411110312
0.0592335388064
0.0123144034296
0.0606486201286
0.0265256464481
0.0310748759657
0.0179870333523
0.0222575068474
0.0119762411341
0.0126906335354
0.0524600110948
0.0203772224486
0.0281463339925
0.0343142300844
0.0507156774402
0.0219664741307
0.0198139641434
0.0200707223266
0.0328587964177
0.0559049621224
0.0154467951506
0.057331815362
0.0458116978407
0.0429140776396
0.0187631621957
0.022642493248
0.0148978391662
0.00989912636578
0.0252032782882
0.0246537867934
0.011831198819
0.00303482753225
0.00756813958287
0.0117431301624
0.00617267284542
0.040152490139
0.00741319032386
0.00901843141764
0.00858553312719
0.0164334680885
0.021523443982
0.0342697650194
0.0397947505116
0.0406445898116
0.0103263203055
0.026371659711
0.0180048570037
0.0583861283958
0.015546108596
0.0699407681823
0.014593119733
0.0424472913146
0.0253041740507
0.0217069070786
0.0166318789124
0.0369688123465
0.0130608649924
0.0496087521315
0.0347193330526
0.0350594371557
0.00687000108883
0.0368261598051
0.00273660477251
0.0376933887601
0.0668642967939
0.0096474904567
0.0533592440188
0.0204323809594
0.0152701828629
0.0363608896732
0.0214882399887
0.0540487505496
0.0182128027081
0.0379302091897
0.0063553256914
0.0513050630689
0.0410128906369
0.0330432988703
0.0251349434257
0.038907084614
0.0178600177169
0.0389740616083
0.0196721144021
0.0122497724369
0.0303364861757
0.0185669995844
0.0147728901356
0.05057008937
0.0234939940274
0.0240202061832
0.021110419184
0.059768602252
0.0235263388604
0.0131984520704
0.0135651044548
0.0037234001793
0.0145652843639
0.00327428174205
0.0162812490016
0.0141639728099
0.033045783639
0.0311114173383
0.00780655117705
0.0077306269668
0.00421752780676
0.0116762490943
0.00706786708906
0.0129223428667
0.00350685184821
0.00726285250857
0.010151013732
0.0191299058497
0.00915724225342
0.0227898638695
0.0221589691937
0.0100608021021
0.0452894456685
0.00697798561305
0.0315214879811
0.00223676697351
0.0380998142064
0.0240740776062
0.0326504707336
0.0522789172828
0.00651411013678
0.00119879643898
0.0180849023163
0.00556135596707
0.0185465458781
0.0205994769931
0.0349627323449
0.0153842363507
0.00621499214321
0.0167451445013
0.00511986203492
0.00203947955742
0.00452713947743
0.0115533256903
0.0261523742229
0.0204892344773
0.0419745743275
0.0110433185473
0.0136261610314
0.00431367801502
0.0114012705162
0.00436203088611
0.00151107949205
0.00250182207674
0.00235332595184
0.010269808583
0.0369064286351
0.00255960086361
0.00983782391995
0.0075741535984
0.00963351503015
0.00572061864659
0.0520447716117
0.0211498588324
0.0131785077974
0.00198665610515
0.0103567503393
0.0252604652196
0.0205872133374
0.0208819061518
0.021214004606
0.0478021278977
0.0126149505377
0.00598842045292
0.0050539271906
0.0148788392544
0.0193753074855
0.00628020893782
0.0139274159446
0.0102590471506
0.0200513489544
0.00597614655271
0.0128981601447
0.0257103983313
0.0211226250976
0.0358060859144
0.0332027450204
0.0271629914641
0.0409794673324
0.00516434479505
0.0102975163609
0.0223594084382
0.0134566640481
0.00371802365407
0.0558969788253
0.00835534278303
0.11771658808
0.00210222648457
0.0683330893517
0.0149976043031
0.0295668467879
0.029406607151
0.0326606407762
0.00832173321396
0.00728567270562
0.0151936812326
0.0237074960023
0.0414070487022
0.01082920935
0.0222811233252
0.0332984700799
0.0447797216475
0.0235290843993
0.017039231956
0.0248146075755
0.0100301494822
0.00924432929605
0.0128494789824
0.0133423246443
0.00503736641258
0.0228190533817
0.0157246943563
0.00923252198845
0.0224812105298
0.0111818211153
0.00536173395813
0.0287224538624
0.00216093147174
0.0131814060733
0.0104447258636
0.00461759092286
0.0216785334051
0.00272265030071
0.0123475026339
0.00393609143794
0.0287806019187
0.0120334690437
0.00601844210178
0.0123960450292
0.000884851033334
0.00467715971172
0.0192254707217
0.00129168538842
0.0301618222147
0.00191337871365
0.0840725600719
0.00103735155426
0.0299807712436
0.0390036813915
0.0189157444984
0.0120643116534
0.016973759979
0.0279215089977
0.00209911284037
0.00410733092576
0.0033209817484
0.01896032691
0.105272844434
0.0152654610574
0.0363112948835
0.0452777631581
0.00543247628957
0.0557883381844
0.0164566040039
0.0241165272892
0.0342733971775
0.00446091406047
0.00228074635379
0.00446494808421
0.0102955028415
0.0113737992942
0.0358987823129
0.0140052773058
0.0318634025753
0.0188587270677
0.0159307420254
0.0145446676761
0.00854631792754
0.0146319819614
0.0230709984899
0.0126831186935
0.00549345882609
0.00551723642275
0.0343479625881
0.0308608561754
0.0226247981191
0.0144208800048
0.00624173972756
0.0431914404035
0.00896012037992
0.0105316480622
0.0270170960575
0.011220282875
0.0106755737215
0.0130838733166
0.00592864956707
0.0447623804212
0.0207426231354
0.0181878507137
0.0131581192836
0.00190927658696
0.0143076144159
0.0362726822495
0.0150651996955
0.0401649698615
0.00755954207852
0.00766345858574
0.0279496256262
0.0123508274555
0.0536739900708
0.0116913281381
0.0428223870695
0.005644521676
0.0235230214894
0.0508743748069
0.01239966508
0.0248828902841
0.0286206938326
0.00824184156954
0.0239536445588
0.0109004033729
0.024077007547
0.00539703387767
0.0345505289733
0.00708047160879
0.0213346797973
0.0264815986156
0.00373882730491
0.00830956548452
0.0135739678517
0.0268048793077
0.0403280332685
0.022323153913
0.00664219586179
0.0021784924902
0.00195609219372
0.0092750787735
0.0122419819236
0.00311022251844
0.00356563483365
0.0289056524634
0.0670095235109
0.00511912954971
0.00258337240666
0.0116447079927
0.0103868125007
0.0325412377715
0.00721013126895
0.0289685223252
0.00222095451318
0.0111080668867
0.0108933728188
0.0027903506998
0.0304019153118
0.00968042295426
0.00588815566152
0.00511046778411
0.0397396683693
0.00187030853704
0.0152364326641
0.00582720525563
0.0192724894732
0.0193660724908
0.0068986271508
0.0117420246825
0.00617747753859
0.00597553001717
0.0341868922114
0.0066753225401
0.0159886907786
0.0249584615231
0.0411496981978
0.0279752500355
0.0138302454725
0.0273099523038
0.00561354868114
0.0173672251403
0.0507764071226
0.0367505289614
0.0503060407937
0.00634095491841
0.0491964109242
0.0196633469313
0.0209650974721
0.056884534657
0.0203734170645
0.0270619615912
0.0554070137441
0.025634970516
0.0210025422275
0.0384379327297
0.0321035049856
0.0248517990112
0.023685419932
0.0133544476703
0.010884472169
0.00449456926435
0.00415197387338
0.00695876777172
0.0058488487266
0.00439835386351
0.0186422765255
0.00979053694755
0.0534803904593
0.0088944779709
0.0123083293438
0.031633451581
0.020256171003
0.00313230440952
0.00492270523682
0.0112128620967
0.00201680953614
0.00240628886968
0.0211997292936
0.00595106044784
0.0237131342292
0.00624958239496
0.0100752366707
0.00557443872094
0.00418547494337
0.0109673021361
0.00854447949678
0.0168020054698
0.00436355033889
0.039159938693
0.048981577158
0.00885896105319
0.0204161275178
0.0171889364719
0.00624271249399
0.0459881350398
0.015053476207
0.0418174751103
0.0355874076486
0.0115965632722
0.00237282388844
0.0377567484975
0.0334452390671
0.0167813319713
0.0176985226572
0.009152431041
0.0176510233432
0.00149679009337
0.00643271394074
0.0140809444711
0.00308845448308
0.0457616820931
0.0173961035907
0.00727248843759
0.0173132307827
0.0077568506822
0.00303487433121
0.0243871416897
0.00744345458224
0.00313342898153
0.00723928073421
0.00476279947907
0.0169620588422
0.0365930758417
0.00908117368817
0.109459787607
0.0189240723848
0.00285224500112
0.0098422979936
0.0174833759665
0.00813960283995
0.0309961475432
0.0405385755002
0.0244595780969
0.00661800196394
0.0617202073336
0.0296513549984
0.00625505438074
0.00607463251799
0.00869473256171
0.00437504565343
0.0137500232086
0.0151497395709
0.0103641739115
0.00508636422455
0.0460349693894
0.013278093189
0.00608587730676
0.0436604470015
0.0105189308524
0.0180019084364
0.00491172168404
0.00467298971489
0.0220023971051
0.0324152186513
0.0261946842074
0.0199381429702
0.00344839552417
0.00606456771493
0.0220039766282
0.00407150480896
0.0518933609128
0.00746754882857
0.0193518679589
0.0133636370301
0.0120989251882
0.0106324730441
0.030967624858
0.0275296252221
0.0338973961771
0.0293218381703
0.0212471242994
0.00217004492879
0.0540768802166
0.00452158646658
0.00616919994354
0.0384335070848
0.00179814198054
0.00231076753698
0.0160820744932
0.0155438119546
0.00218282500282
0.0186281092465
0.00266372784972
0.00372312730178
0.0267902463675
0.0145029677078
0.0150767173618
0.00534828007221
0.0065010827966
0.0163190048188
0.0289067924023
0.00637940037996
0.027203258127
0.00343684270047
0.00194691540673
0.00554421683773
0.0123535981402
0.0395945683122
0.00605551479384
0.0093559268862
0.0037970659323
0.00568888988346
0.0336792618036
0.00742763839662
0.0116958301514
0.0215992629528
0.00274330028333
0.0108131365851
0.0571949779987
0.004023516085
0.0152817768976
0.021358685568
0.00601037591696
0.00468083331361
0.0448002777994
0.0278950799257
0.0018031836953
0.00557728577405
0.0192531626672
0.0328090377152
0.0149887129664
0.00553048867732
0.0033294421155
0.00434572575614
0.00763901090249
0.00274612591602
0.0227961465716
0.00217952928506
0.00557359587401
0.00649488391355
0.0116264577955
0.00175242195837
0.0559147261083
0.0240433979779
0.0286777354777
0.0015579391038
0.0152094969526
0.0118448417634
0.0100975977257
0.0240261815488
0.0209889728576
0.0178649537265
0.00716518098488
0.0229036025703
0.00327544705942
0.0314203463495
0.0064085717313
0.00311420252547
0.031418569386
0.00933077000082
0.00723388884217
0.0550976246595
0.00942615792155
0.014519947581
0.00392263103276
0.00597936427221
0.00471343751997
0.0170742701739
0.0171366520226
0.010317643173
0.00682248128578
0.0052847978659
0.0500572361052
0.00940154213458
0.0100010922179
0.00137853331398
0.00482255127281
0.00390241178684
0.00183560221922
0.00507530057803
0.0231467131525
0.0190708842129
0.01314267423
0.00788602326065
0.00416750833392
0.00886678043753
0.00445653684437
0.00267784646712
0.00222596619278
0.00957680307329
0.0287238415331
0.0198874175549
0.0147085478529
0.0203432478011
0.00827017147094
0.0185172967613
0.000575714744627
0.00141812441871
0.00479774456471
0.0080872355029
0.00951377023011
0.0311231929809
0.00327092548832
0.00487422104925
0.0168749764562
0.0147502180189
0.00572214834392
0.000873392156791
0.0181152299047
0.00148457987234
0.00911521539092
0.00941825844347
0.0153892748058
0.00977383553982
0.010724671185
0.0315256789327
0.00180532538798
0.0386095568538
0.00314464513212
0.0129052828997
0.0286454427987
0.0171508397907
0.00211995327845
0.00092529063113
0.0203031357378
0.0025350197684
0.0241248123348
0.0208147354424
0.0167083311826
0.0130358356982
0.0167011525482
0.0536995902658
0.00595207279548
0.0355400666595
0.0212180130184
0.00169682689011
0.00524252839386
0.00224065687507
0.00707285106182
0.00909593701363
0.0357860326767
0.00362984905951
0.00383963971399
0.00715812062845
