0.99948990345
1.0175255537
0.943747758865
0.987754940987
0.913223862648
0.932172060013
0.920531988144
0.88166230917
0.876254498959
0.861354708672
0.799483239651
0.85584628582
0.857650816441
0.813632428646
0.833470642567
0.817234635353
0.840070486069
0.829532980919
0.838193416595
0.791704416275
0.752244234085
0.759390473366
0.746047317982
0.794645011425
0.822543203831
0.756387472153
0.752637088299
0.742852270603
0.775843679905
0.779039621353
0.741144239902
0.704036712646
0.729241073132
0.706599533558
0.729527771473
0.720689594746
0.712044239044
0.758313715458
0.728860676289
0.713373601437
0.779492497444
0.685213208199
0.716452121735
0.724865734577
0.696172058582
0.711133420467
0.674513876438
0.71674489975
0.716259479523
0.709069430828
