0.667230725288
0.669089019299
0.651972413063
0.648444771767
0.636893212795
0.629350483418
0.617580294609
0.620411813259
0.635699748993
0.625627934933
0.61546176672
0.606961727142
0.606007695198
0.601587355137
0.597666680813
0.583339869976
0.56993585825
0.592005372047
0.57708132267
0.559057950974
0.582539021969
0.558180749416
0.540988206863
0.548700988293
0.546705722809
0.537532746792
0.544289112091
0.538927793503
0.559270143509
0.528243660927
0.540812492371
0.509124696255
0.560745179653
0.523456633091
0.519612729549
0.516410946846
0.52506172657
0.512970209122
0.477981209755
0.489844024181
0.47278162837
0.518341183662
0.472016394138
0.497313261032
0.504947125912
0.511343002319
0.474806249142
0.477801948786
0.492314934731
0.537562608719
0.464344203472
0.445058226585
0.471875220537
0.435776263475
0.473697423935
0.487274110317
0.450330197811
0.49476698041
0.471724420786
0.432434409857
0.422228485346
0.415577739477
0.40394949913
0.417054831982
0.429233640432
0.448616951704
0.41905105114
0.468379706144
0.417720258236
0.400068998337
0.450866550207
0.424977600574
0.409386724234
0.42889419198
0.376589000225
0.368616431952
0.38042357564
0.403595715761
0.375963538885
0.378606289625
0.388368040323
0.330610841513
0.383772909641
0.365930110216
0.366906404495
0.361333847046
0.423840850592
0.374323993921
0.36608093977
0.393674939871
0.35946148634
0.364937454462
0.406251549721
0.419275194407
0.35759589076
0.368170231581
0.394301354885
0.391657471657
0.355189412832
0.310988992453
0.315422087908
0.336229413748
0.34103512764
0.3292786479
0.302397698164
0.328423768282
0.343131422997
0.306292355061
0.359719842672
0.314434379339
0.333594232798
0.329933434725
0.315558761358
0.31149289012
0.304078757763
0.329351514578
0.310082435608
0.270196229219
0.294851958752
0.353474020958
0.321669280529
0.295596420765
0.332819193602
0.326289743185
0.334671586752
0.331987559795
0.286321282387
0.374275684357
0.315578937531
0.330861836672
0.299254566431
0.305810242891
0.346361786127
0.317451745272
0.328649431467
0.323108047247
0.305922329426
0.261870920658
0.320032060146
0.296663701534
0.303927809
0.270211219788
0.283057421446
0.274436742067
0.349456429482
0.308915197849
0.241333916783
0.274544507265
0.263245999813
0.259639233351
0.270316123962
0.263051599264
0.265579432249
0.322439283133
0.273189723492
0.280309915543
0.29360589385
0.299946546555
0.315630048513
0.284490853548
0.241135463119
0.24218660593
0.288379698992
0.244073912501
0.289210617542
0.242451608181
0.258127182722
0.278271913528
0.279193818569
0.246763169765
0.257473498583
0.315830260515
0.225587829947
0.23528085649
0.206652715802
0.283187657595
0.251827985048
0.256707757711
0.229968741536
0.258846819401
0.236318707466
0.277102291584
0.258241951466
0.262840539217
0.318135768175
0.208823606372
0.229696363211
0.219633206725
0.285214990377
0.246709272265
0.219813793898
0.268092751503
0.218251556158
0.315995663404
0.25793287158
0.248033627868
0.252698361874
0.247656434774
0.212488129735
0.243449702859
0.270036131144
0.253534555435
0.261083394289
0.182612687349
0.254069775343
0.246435657144
0.297381311655
0.227622389793
0.243511483073
0.259288221598
0.226789191365
0.245729863644
0.252624005079
0.213100790977
0.257596194744
0.227772295475
0.263868808746
0.272531211376
0.211331248283
0.224356234074
0.199230223894
0.254298597574
0.214071691036
0.25964525342
0.221119970083
0.240371391177
0.205155193806
0.234460487962
0.217193320394
0.236022546887
0.206951454282
0.237520232797
0.208693534136
0.284234762192
0.200923636556
0.23262642324
0.224372237921
0.255220532417
0.18968963623
0.178836688399
0.225093171
0.263608187437
0.180347308517
0.207453995943
0.249098017812
0.175022378564
0.215001583099
0.202266529202
0.204092144966
0.243580088019
0.163598746061
0.170446634293
0.201830044389
0.213924944401
0.190294697881
0.30143982172
0.203921243548
0.213502943516
0.211807265878
0.19750417769
0.224338620901
0.183129921556
0.193203732371
0.232530802488
0.260582149029
0.195766434073
0.212092503905
0.205855414271
0.184916824102
0.181258171797
0.234061598778
0.193050101399
0.174563467503
0.215946182609
0.153780251741
0.231302887201
0.182636842132
0.216922581196
0.161551475525
0.241173550487
0.19817660749
0.230647683144
0.19895786047
0.140568614006
0.148032680154
0.206856325269
0.177984058857
0.194379329681
0.185187771916
0.191319480538
0.216014534235
0.182587817311
0.175504207611
0.218798145652
0.18382807076
0.184456914663
0.14335821569
0.1580055058
0.191570341587
0.196929872036
0.179971128702
0.177930355072
0.150715485215
0.130254283547
0.163842588663
0.221353918314
0.154036790133
0.171827927232
0.216104522347
0.162494748831
0.221035465598
0.17784100771
0.200729370117
0.154102891684
0.149166688323
0.159297123551
0.186694741249
0.195363134146
0.145718902349
0.193999171257
0.155055969954
0.202543526888
0.174247190356
0.154600799084
0.156806573272
0.202816337347
0.246020585299
0.19023321569
0.242989510298
0.225502789021
0.189667701721
0.170860037208
0.213586047292
0.131355196238
0.165261611342
0.194426238537
0.238809674978
0.145986676216
0.212468072772
0.14458759129
0.180885791779
0.21013006568
0.213493824005
0.126375168562
0.165323972702
0.140655815601
0.142689332366
0.23684220016
0.127739772201
0.174203261733
0.141729012132
0.139686584473
0.177419707179
0.102808706462
0.188624754548
0.144831508398
0.179002150893
0.170696035028
0.182357490063
0.211228236556
0.168060451746
0.153599634767
0.161112889647
0.171047672629
0.158063456416
0.154249027371
0.22457626462
0.186732113361
0.171582907438
0.171786293387
0.123268015683
0.141773045063
0.154689967632
0.186045199633
0.208809196949
0.16672231257
0.173380315304
0.152960777283
0.202502071857
0.176992088556
0.155540943146
0.190462514758
0.180361941457
0.114060454071
0.145591318607
0.205864205956
0.211718901992
0.12629301846
0.133138895035
0.200212359428
0.184724017978
0.139069706202
0.138693839312
0.165617763996
0.191549688578
0.128062203526
0.141028404236
0.122569650412
0.220574870706
0.205764740705
0.132289081812
0.14610825479
0.260271012783
0.222330927849
0.136882588267
0.15029527247
0.199147775769
0.160679236054
0.18793182075
0.133517801762
0.171307489276
0.184868112206
0.180331721902
0.143358066678
0.209617942572
0.144766181707
0.120425716043
0.163143992424
0.146112009883
0.155442580581
0.157940864563
0.160235226154
0.148070752621
0.180421933532
0.133168876171
0.152995854616
0.200178772211
0.143803179264
0.142011657357
0.168415680528
0.133146122098
0.216853186488
0.124398596585
0.218195915222
0.150942161679
0.166496247053
0.179048284888
0.151936396956
0.130733266473
0.13685823977
0.177404522896
0.130715444684
0.104083009064
0.187106773257
0.117614150047
0.127672448754
0.103556841612
0.139026254416
0.155877485871
0.174376219511
0.190235570073
0.142703250051
0.161898523569
0.135626018047
0.128697097301
0.155877679586
0.191717162728
0.146788269281
0.132787466049
0.177595853806
0.161905571818
0.127312853932
0.152989283204
0.145950943232
0.143713831902
0.136994972825
0.177452862263
0.175479963422
0.172030866146
0.142738699913
0.153918758035
0.127106845379
0.172097161412
0.186989217997
0.176396518946
0.178151145577
0.179073095322
0.122501589358
0.174488648772
0.10353244096
0.141572356224
0.101349689066
0.126859202981
0.212602868676
0.179354965687
0.165071383119
0.184448227286
0.172085940838
0.0868146792054
0.139277115464
0.186515659094
0.223201319575
0.14452047646
0.154950961471
0.139987170696
0.125142991543
0.170084014535
0.11898688972
0.172790303826
0.0767020061612
0.15599656105
0.165702491999
0.10379268229
0.163121789694
0.137000575662
0.157821789384
0.135675758123
0.116541735828
0.095318287611
0.108068734407
0.134776592255
0.150350525975
0.166014403105
0.0817961916327
0.159819081426
0.19104488194
0.148808434606
0.153551563621
0.118905298412
0.112370952964
0.117916442454
0.110258735716
0.161589533091
0.158382356167
0.105422481894
0.141913190484
0.097255602479
0.133542090654
0.110162481666
0.205883786082
0.157447725534
0.118618614972
0.163441389799
0.185263633728
0.140197962523
0.189973786473
0.128084018826
0.10837225616
0.123814299703
0.15728123486
0.14084623754
0.140275865793
0.126934289932
0.195087969303
0.1394328475
0.125802665949
0.115290746093
0.123708054423
0.110090620816
0.0888684913516
0.124713398516
0.158949077129
0.165207132697
0.104256249964
0.101373493671
0.129178062081
0.115537673235
0.0987850278616
0.0808750465512
0.0792121887207
0.156268119812
0.150242522359
0.129072278738
0.0652594566345
0.122094474733
0.118743620813
0.153625056148
0.169213622808
0.169392958283
0.115543864667
0.191804051399
0.115139186382
0.0892457515001
0.12956674397
0.140566810966
0.186461135745
0.120915867388
0.142421618104
0.114920511842
0.155739665031
0.148387283087
0.168970838189
0.139964222908
0.100711934268
0.105797760189
0.14696957171
0.166218087077
0.137194618583
0.154110535979
0.167849466205
0.118769973516
0.0926847979426
0.104376092553
0.160911232233
0.135515064001
0.134226158261
0.109974831343
0.139797225595
0.125486731529
0.13626883924
0.166528448462
0.146558254957
0.148399800062
0.133965715766
0.191420301795
0.0660493671894
0.118119604886
0.104423470795
0.125935941935
0.106637015939
0.131486684084
0.114355452359
0.0875691324472
0.135910049081
0.113985687494
0.0913827493787
0.100590288639
0.0859456956387
0.141563013196
0.147034794092
0.134899109602
0.127656415105
0.12946806848
0.119504898787
0.14116731286
0.0709364116192
0.0829177200794
0.108700446784
0.145660400391
0.117597967386
0.155959799886
0.112950541079
0.121719360352
0.0885017737746
0.138818129897
0.14137288928
0.108778119087
0.106544598937
0.142994165421
0.192719504237
0.181263700128
0.102468453348
0.148738533258
0.0897893607616
0.125024661422
0.122553728521
0.0930036976933
0.0772899836302
0.090963371098
0.176987588406
0.115568719804
0.114700742066
0.139488577843
0.127072393894
0.139273762703
0.107650011778
0.0920784622431
0.104375325143
0.116940416396
0.0824282839894
0.100427001715
0.127534136176
0.0835743695498
0.0937795117497
0.095076829195
0.139643505216
0.144598022103
0.118475452065
0.103062577546
0.155257686973
0.131455555558
0.168305441737
0.0871586576104
0.145416855812
0.0588044002652
0.179060772061
0.0962231904268
0.098193846643
0.12414547056
0.116953276098
0.108624711633
0.117607504129
0.0914571359754
0.0892374441028
0.106697894633
0.106237575412
0.113768227398
0.0803645402193
0.142571091652
0.185875698924
0.0853810012341
0.108154721558
0.0707764476538
0.106267303228
0.125118836761
0.0784989222884
0.125621661544
0.0778038278222
0.137737363577
0.184230670333
0.124263733625
0.0991017892957
0.106686472893
0.0956561565399
0.0774319693446
0.11522179842
0.118551336229
0.110911086202
0.0923295766115
0.100717291236
0.0687627643347
0.076150611043
0.142869830132
0.12956854701
0.101280547678
0.0717107281089
0.1503611058
0.145670071244
0.180622160435
0.0937186703086
0.0686232075095
0.0679345652461
0.0820517539978
0.123383283615
0.152557879686
0.0709586367011
0.109774447978
0.0838323608041
0.123459376395
0.150196835399
0.124999068677
0.148488938808
0.0916797667742
0.0946902185678
0.173867553473
0.0693979039788
0.201067596674
0.132155656815
0.12755356729
0.122065328062
0.084047190845
0.146247014403
0.154770582914
0.168535485864
0.129482880235
0.111322067678
0.121665641665
0.111718602479
0.0982561782002
0.116728685796
0.0950593352318
0.114485159516
0.133968532085
0.0824624374509
0.107850439847
0.12806405127
0.109448112547
0.133008912206
0.13461971283
0.166612058878
0.0964562371373
0.0925874486566
0.106218524277
0.0862664729357
0.0869847089052
0.13295917213
0.11496630311
0.112433329225
0.114666737616
0.085147947073
0.100455202162
0.12131267041
0.120278000832
0.127762958407
0.128859519958
0.101742982864
0.086928486824
0.121483772993
0.0938833728433
0.173383459449
0.110079146922
0.0982481986284
0.0743834450841
0.147137746215
0.119753345847
0.112328656018
0.128969684243
0.0931196808815
0.107595317066
0.121698834002
0.12880218029
0.0647214874625
0.155020624399
0.112987354398
0.102707371116
0.102821089327
0.180491447449
0.115835517645
0.0804913938046
0.0934663712978
0.100542075932
0.0701955854893
0.0932845249772
0.108307443559
0.0981196463108
0.145540773869
0.0992310866714
0.070874273777
0.11284969002
0.0797227844596
0.0771628767252
0.0819807872176
0.128911688924
0.0904321596026
0.106551535428
0.158152237535
0.118880204856
0.119390331209
0.118784956634
0.115166790783
0.0931170284748
0.120771363378
0.106149271131
0.161021307111
0.0755318254232
0.183650299907
0.105778343976
0.089804597199
0.0783003717661
0.115341238678
0.0895681604743
0.123082391918
0.150678142905
0.0807067528367
0.0663689002395
0.1047623083
0.104182444513
0.104855328798
0.126383632421
0.0902631655335
0.121454752982
0.119703508914
0.0976052805781
0.111162640154
0.103600144386
0.0943389907479
0.106972195208
0.060070771724
0.106673114002
0.097874507308
0.138532176614
0.0930420085788
0.120509169996
0.0614109039307
0.0902991145849
0.0994536951184
0.140904918313
0.101551070809
0.119283035398
0.0789785683155
0.0901602953672
0.0917208045721
0.115014180541
0.0887354239821
0.083971478045
0.122236557305
0.12148322165
0.164078265429
0.123378485441
0.0913485959172
0.125002369285
0.101980634034
0.0862989872694
0.0855152159929
0.110103197396
0.0676844120026
0.086351275444
0.0632386058569
0.0961255803704
0.138605087996
0.109041072428
0.105569019914
0.100947722793
0.0801507309079
0.105335794389
0.1218810305
0.0879854410887
0.0797633007169
0.122716315091
0.0680143013597
0.0701915174723
0.177517235279
0.0660572722554
0.126699760556
0.112426318228
0.100790835917
0.0970915257931
0.0674120932817
0.0956631749868
0.092339977622
0.0554232113063
0.114492714405
0.10760743916
0.0977301970124
0.101686544716
0.0744663625956
0.0998313128948
0.106530591846
0.126415491104
0.17061060667
0.154315784574
0.102936439216
0.0860951691866
0.107549279928
0.0901125594974
0.118580311537
0.150779634714
0.123412773013
0.0985148176551
0.072221763432
0.120262369514
0.10185148567
0.0674869194627
0.0979797169566
0.098440811038
0.136024326086
0.0966676697135
0.0994358733296
0.0698946416378
0.107722863555
0.0786380395293
0.0589649379253
0.145964235067
0.061926137656
0.129316955805
0.0720406323671
0.0718157067895
0.142820939422
0.123749576509
0.0909784063697
0.0990631878376
0.11033513397
0.0922647789121
0.0999491587281
0.110100664198
0.127835765481
0.047497920692
0.116218678653
0.150467962027
0.0998008325696
0.134880796075
0.0958774387836
0.137106895447
0.102100536227
0.123226590455
0.165994405746
0.0752926766872
0.0909829288721
0.0712032243609
0.0696595907211
0.10832195729
0.140661552548
0.0899220705032
0.0767759010196
0.0774322226644
0.0777879208326
0.16162610054
0.100456573069
0.0625562220812
0.0719948261976
0.0862060934305
0.105102643371
0.124065309763
0.0659334883094
0.0658952891827
0.158277720213
0.127101331949
0.129775449634
0.0812486037612
0.080704562366
0.101887002587
0.101936392486
0.0999535694718
0.0906543731689
0.0773595124483
0.0987170487642
0.0851520076394
0.0706262513995
0.0852427855134
0.119649991393
0.104123316705
0.101976312697
0.0609177201986
0.108202569187
0.0975825712085
0.0911007970572
0.120330326259
0.0650224015117
0.135965764523
0.0924821123481
0.0927653089166
0.0932347178459
0.0586346611381
0.0872389450669
0.0646533444524
0.0956975594163
0.0562518984079
0.0746824890375
0.102878533304
0.0748535245657
0.0799625366926
0.0838230624795
0.0945717915893
0.0892150774598
0.115724973381
0.104520469904
0.0638582035899
0.0828478187323
0.162198215723
0.0882654488087
0.0692843720317
0.0750088468194
0.0565674938262
0.0646566078067
0.0755560323596
0.0692253783345
0.0828644707799
0.114538520575
0.120506562293
0.0796718895435
0.0903730541468
0.0744850635529
0.142711162567
0.125414609909
0.0457897111773
0.121922075748
0.0971730276942
0.0735254362226
0.118889518082
0.120853222907
0.0859975516796
0.107417985797
0.0735621377826
0.0812211558223
0.124054327607
0.0955152958632
0.0697075203061
0.0742556229234
0.0516454167664
0.05895864591
0.0704082623124
0.0767665803432
0.119356423616
0.0707307830453
0.101987697184
0.065800562501
0.135248348117
0.0899422094226
0.0797717571259
0.0722758695483
0.0589877516031
0.129243016243
0.116514705122
0.0926438868046
0.0851365327835
0.0937774255872
0.100099556148
0.106934815645
0.0766151919961
0.0904930084944
0.0674951151013
0.248263925314
0.0927375853062
0.113492175937
0.0911430418491
0.0987771973014
0.11021553725
0.128611519933
0.103541873395
0.0529568009079
0.0912455394864
0.0864480957389
0.104985825717
0.0840386673808
0.0862985923886
0.117035858333
0.0993171483278
0.146347656846
0.0595010444522
0.0962364971638
0.08732201159
0.0602812506258
0.0802042633295
0.0661743059754
0.078483581543
0.101230047643
0.0869185477495
0.0727133080363
0.095729328692
0.0891315639019
0.0445760041475
0.0836786627769
0.0703811198473
0.0613830946386
0.134782582521
0.0573658794165
0.102585278451
0.0924113765359
0.116671532393
0.0709942281246
0.0571517571807
0.10991910845
0.109419211745
0.0647140964866
0.108525402844
0.146103560925
0.0757649987936
0.0602775104344
0.0660527274013
0.0837423652411
0.0852294564247
0.089756436646
0.0684795454144
0.108855672181
0.0914991497993
0.0836232379079
0.0828272849321
0.0718761906028
0.105462104082
0.0844122320414
0.0854626968503
0.0838232561946
0.104633018374
0.0945264324546
0.0792791098356
0.0733944997191
0.059434723109
0.143219172955
0.0865204408765
0.0874535888433
0.129142612219
0.103930532932
0.104900732636
0.0790711119771
0.0501416772604
0.0748826488853
0.0797350257635
0.0541223660111
0.0941246747971
0.12377256155
0.0717027261853
0.06732827425
0.0821416601539
0.0772613510489
0.12522611022
0.0745300129056
0.0869517996907
0.136907637119
0.0870646610856
0.0740585625172
0.0266385935247
0.0589599683881
0.126414641738
0.128476113081
0.0686582475901
0.105026170611
0.0897869542241
0.0717698708177
0.0585613101721
0.0701717212796
0.142938002944
0.098072513938
0.119722656906
0.0678073614836
0.0953066572547
0.0713264867663
0.0815483480692
0.0829218998551
0.0779925584793
0.103729173541
0.0467008091509
0.0796996355057
0.0787879303098
0.0919761657715
0.0992426648736
0.133189454675
0.0749216750264
0.112621583045
0.0628932490945
0.0767670348287
0.0805329084396
0.0957390516996
0.0816378220916
0.0995493158698
0.112646862864
0.0925858542323
0.0956597328186
0.0773432850838
0.0827754512429
0.0991010889411
