0.693147242069
0.693138599396
0.693126797676
0.693116545677
0.693106293678
0.693096041679
0.693085730076
0.693075478077
0.693065226078
0.693054914474
0.693044662476
0.693034410477
0.693024218082
0.693013906479
0.693003594875
0.692993283272
0.692983031273
0.692972898483
0.692962646484
0.692952513695
0.692942261696
0.692932009697
0.692921876907
0.692911744118
0.692901551723
0.692891418934
0.692881166935
0.69287109375
0.692860841751
0.692850768566
0.692840576172
0.692830622196
0.692820429802
0.692810356617
0.692800223827
0.692790210247
0.692780137062
0.692770004272
0.692759990692
0.692749917507
0.692739844322
0.692729771137
0.692719757557
0.692709863186
0.692699730396
0.692689776421
0.69267988205
0.692669808865
0.692659854889
0.692649900913
0.692640006542
0.692630052567
0.692620098591
0.692610144615
0.692600309849
0.692590355873
0.692580521107
0.692570626736
0.692560791969
0.692550897598
0.692541003227
0.692531108856
0.692521393299
0.692511439323
0.692501664162
0.692491769791
0.692481935024
0.692472159863
0.692462384701
0.692452609539
0.692442834377
0.692433059216
0.692423284054
0.692413628101
0.692403793335
0.692394137383
0.692384362221
0.692374706268
0.692364931107
0.692355275154
0.692345619202
0.692344605923
0.692343652248
0.692342638969
0.6923417449
0.692340672016
0.692339777946
0.692338764668
0.692337870598
0.692336797714
0.692335903645
0.692334890366
0.692333996296
0.692332923412
0.692332029343
0.692331075668
0.692330121994
0.69232916832
0.69232827425
0.692327201366
