0.69315123558
0.692689478397
0.692608296871
0.692490875721
0.692480623722
0.692061126232
0.69186270237
0.69149929285
0.691325962543
0.691227555275
0.690909206867
0.690769195557
0.690427303314
0.690480589867
0.690108835697
0.689887523651
0.689756095409
0.68951934576
0.689309537411
0.689113736153
0.688786447048
0.688661515713
0.68850260973
0.688507378101
0.688184499741
0.687861442566
0.687568306923
0.68766450882
0.687442004681
0.687288820744
0.687209486961
0.686769604683
0.686832010746
0.686737060547
0.68657720089
0.686287462711
0.686262905598
0.686216235161
0.686017692089
0.685879766941
0.685660898685
0.68590682745
0.685333311558
0.685560286045
0.685280263424
0.685225009918
0.685532867908
0.685476899147
0.685214757919
0.684263944626
0.683759152889
0.68429595232
0.68382781744
0.683657824993
0.683854281902
0.684055924416
0.683349728584
0.68328499794
0.683543145657
0.683024704456
0.683804869652
0.681117117405
0.682072460651
0.682934582233
0.681321918964
0.681962013245
0.680072307587
0.677935659885
0.681989431381
0.679576516151
0.681570887566
0.68150895834
0.677789509296
0.680137515068
0.681003630161
0.676395893097
0.675394952297
0.678112030029
0.67796254158
0.675541400909
0.674749612808
0.674530625343
0.674254477024
0.675448358059
0.672330975533
0.676060497761
0.672389626503
0.673649311066
0.670979917049
0.67623591423
0.667333543301
0.675024330616
0.673123717308
0.668983817101
0.666223526001
0.66483271122
0.668705165386
0.671430110931
0.665674030781
0.664769470692
0.671196341515
0.665469586849
0.668857753277
0.670302510262
0.659728288651
0.666299521923
0.661979436874
0.660788655281
0.659802496433
0.660349905491
0.665964126587
0.658901035786
0.665232419968
0.670562505722
0.652177929878
0.656301259995
0.658173203468
0.657691597939
0.657046496868
0.65634316206
0.65390342474
0.643655896187
0.647181808949
0.647682905197
0.646939456463
0.645408153534
0.648006379604
0.658274054527
0.655613601208
0.649363279343
0.641729712486
0.639074683189
0.652224063873
0.625153899193
0.641711890697
0.636247873306
0.643081605434
0.644905030727
0.63914000988
0.651109337807
0.642450988293
0.636492013931
0.643671751022
0.643252015114
0.631002485752
0.635973751545
0.635018706322
0.639904499054
0.623374521732
0.618463039398
0.618404269218
0.630835533142
0.635811924934
0.640799939632
0.631048500538
0.622995734215
0.623241901398
0.628821611404
0.622865498066
0.616635680199
0.618399739265
0.607522189617
0.60856962204
0.597282469273
0.628423690796
0.606784343719
0.624140679836
0.6117156744
0.617842495441
0.624134302139
0.617406725883
0.598516345024
0.605085134506
0.619958937168
0.635254621506
0.623067736626
0.627579092979
0.612702190876
0.620749473572
0.617061257362
0.629725635052
0.626557946205
0.615197598934
0.627452850342
0.619973540306
0.623062252998
0.592895686626
0.618557155132
0.591078877449
0.593628764153
0.605550944805
0.61153870821
0.600414395332
0.598281800747
0.581302940845
0.620443284512
0.569731533527
0.599976539612
0.624847412109
0.570423781872
0.610870361328
0.598187208176
0.584601819515
0.569214701653
0.586318314075
0.597105622292
0.604570567608
0.594953656197
0.620506167412
0.586297988892
0.606365323067
0.581529140472
0.600279808044
0.585372567177
0.608260571957
0.616758525372
0.579433441162
0.595610558987
0.568036735058
0.564410090446
0.577100038528
0.594124078751
0.540371119976
0.566406488419
0.588205933571
0.591156899929
0.579844117165
0.58853662014
0.57485896349
0.569578945637
0.570366322994
0.55717009306
0.543960750103
0.573879957199
0.521247565746
0.589257836342
0.575768053532
0.582522213459
0.572035729885
0.587083101273
0.560798704624
0.579699397087
0.56026828289
0.549747884274
0.582464575768
0.568459928036
0.574987471104
0.559386849403
0.533351302147
0.562067747116
0.551342010498
0.539054393768
0.601269602776
0.596487998962
0.556302666664
0.556403398514
0.555935680866
0.556618452072
0.559042572975
0.568812310696
0.579329013824
0.559966623783
0.545376896858
0.577121019363
0.559959888458
0.531155109406
0.578599512577
0.588669002056
0.566705107689
0.532593369484
0.509321391582
0.527652621269
0.571015417576
0.514090836048
0.567799925804
0.543160498142
0.523650109768
0.555042684078
0.59678119421
0.54628276825
0.505539655685
0.521951794624
0.521034181118
0.553794026375
0.572104930878
0.565915226936
0.542366325855
0.555003106594
0.567612290382
0.529481112957
0.553700864315
0.537712812424
0.536667585373
0.557072877884
0.527882575989
0.567440330982
0.52392333746
0.53643143177
0.519910812378
0.560496807098
0.547731518745
0.524884581566
0.562111496925
0.568789899349
0.539765119553
0.51933413744
0.525574862957
0.542190790176
0.533254027367
0.565369427204
0.533420324326
0.521745979786
0.526822626591
0.575496256351
0.570955455303
0.51837092638
0.552220702171
0.528206944466
0.491011679173
0.524586141109
0.528508603573
0.54642701149
0.577756285667
0.531926810741
0.513482749462
0.538486778736
0.509905457497
0.548371493816
0.538324296474
0.523505032063
0.541249811649
0.532374620438
0.561211645603
0.540719687939
0.505531132221
0.540385723114
0.525621235371
0.576007246971
0.509911596775
0.527978003025
0.535164356232
0.555468380451
0.544656395912
0.488176673651
0.510625302792
0.519749641418
0.513946056366
0.568912386894
0.50879329443
0.508960843086
0.565780043602
0.49220469594
0.520218849182
0.533169567585
0.515162110329
0.50739043951
0.492404460907
0.514501392841
0.516881048679
0.524718880653
0.562936723232
0.536925733089
0.478471845388
0.501903414726
0.534026324749
0.489853620529
0.577185332775
0.488803505898
0.526593148708
0.531129956245
0.539409041405
0.54011541605
0.493184417486
0.510387003422
0.518299520016
0.481986492872
0.468394219875
0.564297258854
0.535249948502
0.504672586918
0.517237961292
0.497685879469
0.50439119339
0.509341180325
0.513106822968
0.518339157104
0.488651007414
0.468112081289
0.508322954178
0.466313123703
0.509927093983
0.492434769869
0.511444211006
0.523183465004
0.505080521107
0.496428728104
0.517529249191
0.4834856987
0.477627575397
0.488411813974
0.488767296076
0.4857378304
0.462526530027
0.473069787025
0.474302113056
0.46424266696
0.474022090435
0.520525276661
0.461266487837
0.525039255619
0.51746481657
0.492726355791
0.445635467768
0.4854144454
0.50704574585
0.489209145308
0.48198351264
0.490873247385
0.522493004799
0.487168610096
0.519721746445
0.434455990791
0.565700829029
0.481987565756
0.509435772896
0.506310760975
0.481837570667
0.435255348682
0.513981223106
0.460155814886
0.512272834778
0.472185522318
0.482370018959
0.499269127846
0.503474891186
0.498131453991
0.494744598866
0.49928149581
0.489664405584
0.510806560516
0.486067116261
0.500399231911
0.47998508811
0.470325291157
0.48409357667
0.482947647572
0.49640122056
0.515052735806
0.512755393982
0.500596225262
0.433591157198
0.50510174036
0.461694478989
0.444112628698
0.498331278563
0.515084385872
0.485327780247
0.448384582996
0.486803680658
0.489963799715
0.45692050457
0.511256098747
0.463615477085
0.47848585248
0.497266680002
0.475362181664
0.471456438303
0.469774782658
0.467508018017
0.501004695892
0.477792948484
0.469017624855
0.505705833435
0.512558102608
0.452408730984
0.483738154173
0.413305968046
0.475749760866
0.450821965933
0.492968380451
0.481702715158
0.454028278589
0.478964596987
0.464764326811
0.501081526279
0.488321214914
0.470655739307
0.539215922356
0.424433946609
0.467155784369
0.475048243999
0.435472786427
0.504981458187
0.510895133018
0.477040141821
0.497974306345
0.480383187532
0.484091192484
0.390162557364
0.483492285013
0.475679278374
0.463464915752
0.535593569279
0.458442538977
0.50762450695
0.504851639271
0.467568606138
0.48108869791
0.498562186956
0.421863824129
0.475697368383
0.479758739471
0.454625338316
0.452325373888
0.413515537977
0.511207163334
0.515029072762
0.477806538343
0.475056499243
0.465267658234
0.410365104675
0.497595071793
0.487149953842
0.421477466822
0.42238125205
0.467289328575
0.453437238932
0.474227041006
0.500526070595
0.470104157925
0.475998073816
0.464701384306
0.447389513254
0.457081705332
0.474990487099
0.504709780216
0.406766235828
0.478713870049
0.456868737936
0.4171461761
0.454253852367
0.448362797499
0.483267486095
0.445293068886
0.490322887897
0.449782371521
0.455379664898
0.464558213949
0.512556135654
0.448733150959
0.41683319211
0.482333362103
0.473045229912
0.43651971221
0.433532446623
0.421504169703
0.478578805923
0.496323883533
0.456196695566
0.466812133789
0.513497114182
0.449529767036
0.403682917356
0.448315352201
0.468299746513
0.499641686678
0.435809582472
0.462235271931
0.438419908285
0.374174028635
0.451203942299
0.446880221367
0.427692502737
0.388778567314
0.457161277533
0.460625499487
0.45083668828
0.501885890961
0.496784448624
0.438500612974
0.429038345814
0.451941877604
0.427843779325
0.412452965975
0.416925340891
0.48613384366
0.439900577068
0.386798024178
0.460841149092
0.386074900627
0.39779651165
0.45567008853
0.433618634939
0.445163697004
0.444920837879
0.489317834377
0.456273287535
0.409506678581
0.442905932665
0.434896022081
0.37122926116
0.40774217248
0.474151909351
0.529881894588
0.449165165424
0.476803183556
0.415313363075
0.451924741268
0.458043247461
0.463646143675
0.40584936738
0.504174888134
0.419830590487
0.486474692822
0.399364292622
0.403579205275
0.479963541031
0.375272810459
0.450325340033
0.420531302691
0.427753031254
0.411857753992
0.434764236212
0.41418582201
0.421985596418
0.411349415779
0.467993021011
0.408846229315
0.40401545167
0.41355240345
0.361692517996
0.473529458046
0.435320854187
0.398838698864
0.416102200747
0.481200665236
0.465531885624
0.483954459429
0.457293480635
0.427908807993
0.383406370878
0.432598769665
0.477944076061
0.480825036764
0.449872791767
0.489332616329
0.44968277216
0.44676721096
0.400860071182
0.427696406841
0.468913793564
0.425344735384
0.437772959471
0.519590198994
0.440268397331
0.420790523291
0.43976432085
0.469417363405
0.440962940454
0.473927646875
0.418311208487
0.40956813097
0.452350974083
0.44102165103
0.442460924387
0.442347705364
0.420113235712
0.455817162991
0.419019550085
0.461901336908
0.403779536486
0.422909408808
0.430046260357
0.469188481569
0.452584773302
0.462149500847
0.413833111525
0.430160880089
0.430994391441
0.489260852337
0.443158328533
0.42797100544
0.396191120148
0.405269265175
0.456042468548
0.430587172508
0.45954054594
0.424073219299
0.469275772572
0.442882061005
0.47442561388
0.457375377417
0.425276458263
0.484244704247
0.408444851637
0.424987733364
0.416358232498
0.455366700888
0.419167429209
0.443174809217
0.383102267981
0.42899736762
0.439556598663
0.428219020367
0.4889062047
0.417828172445
0.431747406721
0.458321332932
0.418567448854
0.445311427116
0.402077049017
0.419274449348
0.425415158272
0.409126460552
0.473751604557
0.438737004995
0.395377486944
0.408658325672
0.440075695515
0.382077097893
0.387135416269
0.404110640287
0.407448530197
0.360910475254
0.450484722853
0.398702472448
0.468568682671
0.432104557753
0.434778511524
0.419822067022
0.461772084236
0.445457935333
0.438594162464
0.409205883741
0.46005576849
0.353785961866
0.434352487326
0.445354402065
0.450235247612
0.408768296242
0.442356973886
0.405428022146
0.368996083736
0.442129284143
0.396021366119
0.43556702137
0.432658135891
0.456711471081
0.475941061974
0.448804020882
0.389865845442
0.375487685204
0.438273519278
0.442632168531
0.509543836117
0.432558447123
0.442829012871
0.422261595726
0.450996726751
0.430284947157
0.406315922737
0.405812382698
0.464718699455
0.431559979916
0.424470990896
0.428058683872
0.388737142086
0.4400177598
0.460907697678
0.424762964249
0.401618093252
0.434933185577
0.409024119377
0.432183265686
0.328635811806
0.380736589432
0.402795046568
0.426476418972
0.430211573839
0.436825960875
0.40932148695
0.432674497366
0.400710791349
0.39494073391
0.451306074858
0.430592000484
0.439264059067
0.394336074591
0.42854949832
0.368703246117
0.441883444786
0.437266796827
0.431600660086
0.444028973579
0.419367820024
0.460692614317
0.463143259287
0.373606026173
0.451289415359
0.375272452831
0.43365329504
0.41448751092
0.395438730717
0.44637838006
0.503498375416
0.374209135771
0.386930435896
0.370265305042
0.352457076311
0.430275678635
0.379288613796
0.442601382732
0.445011258125
0.378987759352
0.45760807395
0.361754328012
0.431833863258
0.388470858335
0.435359686613
0.402244925499
0.414481014013
0.460356324911
0.421143382788
0.391704469919
0.417981177568
0.394475340843
0.405393362045
0.457460433245
0.44284132123
0.431101500988
0.412454247475
0.398723632097
0.51093685627
0.455269128084
0.454831242561
0.458202004433
0.39260160923
0.457735449076
0.386364102364
0.470946311951
0.385001420975
0.396764427423
0.435984253883
0.403838604689
0.432966053486
0.431599676609
0.396368414164
0.390474677086
0.433584749699
0.432099342346
0.463022857904
0.368539571762
0.440447986126
0.411748290062
0.445662647486
0.409584671259
0.442551404238
0.431931048632
0.399478137493
0.3993960917
0.427045196295
0.399046182632
0.493964731693
0.411816745996
0.393919557333
0.436137139797
0.448254436255
0.443536609411
0.350577831268
0.42275249958
0.458323776722
0.416476368904
0.426690995693
0.444209218025
0.441349059343
0.412955909967
0.403581351042
0.442730337381
0.436185747385
0.434833407402
0.433975934982
0.376916140318
0.41905361414
0.372976958752
0.41798210144
0.369177669287
0.401330679655
0.388570398092
0.403098255396
0.387321740389
0.434002310038
0.413626015186
0.430976241827
0.396597117186
0.356607884169
0.450823634863
0.388758152723
0.398388743401
0.371195316315
0.404514849186
0.40004503727
0.431778460741
0.366910904646
0.462710350752
0.385625034571
0.486088424921
0.431650161743
0.456013679504
0.43863633275
0.455491453409
0.447045683861
0.418304085732
0.394453048706
0.436284720898
0.37298566103
0.451290905476
0.407499670982
0.37213113904
0.405585825443
0.460138678551
0.439883410931
0.443441152573
0.410665214062
0.357515722513
0.405832231045
0.40480145812
0.402454853058
0.417854964733
0.394918084145
0.385355591774
0.421835184097
0.443799942732
0.406214058399
0.399482160807
0.391229838133
0.382637470961
0.420501917601
0.428326129913
0.442683637142
0.437299221754
0.376453459263
0.446743547916
0.44410648942
0.405536174774
0.393755018711
0.361108630896
0.418542176485
0.428328067064
0.462457537651
0.434667736292
0.432813465595
0.40442109108
0.392440795898
0.394186228514
0.500840187073
0.423729509115
0.422126740217
0.431702703238
0.387907236814
0.394945770502
0.416260689497
0.380839586258
0.419898569584
0.385199338198
0.410502821207
0.42744025588
0.418131768703
0.422492176294
0.38172057271
0.473810493946
0.420567780733
0.484560072422
0.430486470461
0.384467899799
0.401091486216
0.46467512846
0.394978582859
0.441355645657
0.406436115503
0.402593761683
0.366265714169
0.461237430573
0.379034727812
0.407638341188
0.363378316164
0.399644911289
0.424512535334
0.448538869619
0.424252480268
0.434939235449
0.436665892601
0.378035247326
0.417059242725
0.378266721964
0.434532672167
0.387105733156
0.442274987698
0.448739022017
0.432903379202
0.412669718266
