0.693285405636
0.694782614708
0.693958282471
0.693693578243
0.693674683571
0.695045590401
0.692730426788
0.695574402809
0.688275456429
0.69457256794
0.693013429642
0.692254781723
0.691265940666
0.690601050854
0.692782282829
0.691438496113
0.694536149502
0.691530525684
0.690506696701
0.690831422806
0.691048681736
0.693098545074
0.691485226154
0.690424323082
0.688302695751
0.687444329262
0.689289689064
0.689316153526
0.686777114868
0.689046144485
0.686368048191
0.68709820509
0.688424527645
0.688040077686
0.687583446503
0.68781375885
0.685907065868
0.685989737511
0.684109032154
0.685706436634
0.683968126774
0.684617817402
0.684343159199
0.685975313187
0.6847255826
0.684823989868
0.685183763504
0.685258090496
0.683370351791
0.684059679508
0.685599565506
0.686357438564
0.678806066513
0.683668792248
0.683103621006
0.682276427746
0.683341264725
0.680557668209
0.686048090458
0.680099248886
0.679823935032
0.682295501232
0.681580543518
0.679405748844
0.680015623569
0.678306162357
0.677963316441
0.677683472633
0.680140972137
0.677079677582
0.68059015274
0.676800966263
0.678109288216
0.675945460796
0.674700796604
0.681021094322
0.675624966621
0.67722761631
0.674548506737
0.674867331982
0.675371587276
0.675866723061
0.673985540867
0.674436271191
0.674544155598
0.670212388039
0.672983884811
0.673769176006
0.670094430447
0.670193552971
0.66780602932
0.671106755733
0.669123351574
0.668862700462
0.67014092207
0.671455204487
0.669979214668
0.66175609827
0.668530225754
0.666840016842
0.666831493378
0.666654109955
0.663748979568
0.667074799538
0.661328792572
0.668001353741
0.66542416811
0.662180662155
0.665086627007
0.663228094578
0.661227047443
0.66121083498
0.662662625313
0.658550202847
0.659734785557
0.660016477108
0.661427259445
0.656220495701
0.659237980843
0.660727739334
0.660027205944
0.659528315067
0.659062683582
0.658312559128
0.653256475925
0.657541394234
0.653970241547
0.654197275639
0.655568063259
0.657195448875
0.655713140965
0.65236479044
0.65193349123
0.655083417892
0.646908342838
0.652991294861
0.652079284191
0.656086087227
0.64854991436
0.65307289362
0.653358519077
0.650333762169
0.648134410381
0.649056851864
0.649724304676
0.644579768181
0.648918926716
0.648039281368
0.647846579552
0.64931511879
0.647537529469
0.646552085876
0.645566165447
0.639230549335
0.64680814743
0.641228556633
0.6440513134
0.642445266247
0.644958257675
0.642291307449
0.638415694237
0.645403444767
0.641983926296
0.636973023415
0.640341281891
0.640724301338
0.63872385025
0.639692127705
0.644197165966
0.634291768074
0.637545704842
0.633391678333
0.636362969875
0.638929188251
0.636823713779
0.634397089481
0.63607698679
0.633724749088
0.633558034897
0.634471893311
0.638667285442
0.630109846592
0.630127847195
0.631701946259
0.632485151291
0.630086064339
0.633077204227
0.627544701099
0.630073010921
0.627182900906
0.630583524704
0.632399976254
0.634145438671
0.628667771816
0.62745398283
0.625852882862
0.631906509399
0.630326151848
0.626850187778
0.632963776588
0.629104971886
0.624961912632
0.628257513046
0.620589613914
0.627515077591
0.620987653732
0.617635726929
0.620575249195
0.622674107552
0.625594675541
0.62726855278
0.627545833588
0.622097849846
0.622897028923
0.619604825974
0.624168753624
0.623799026012
0.618009448051
0.621485471725
0.621092796326
0.626096248627
0.618485510349
0.622991681099
0.618507325649
0.615092635155
0.614892482758
0.614638388157
0.610714733601
0.620792686939
0.616300165653
0.618892848492
0.614771604538
0.615073084831
0.619423270226
0.615503907204
0.611416220665
0.611958682537
0.613256752491
0.612399816513
0.616305232048
0.615737497807
0.611690044403
0.604535281658
0.614111304283
0.601050972939
0.60936653614
0.611616909504
0.612694203854
0.611407101154
0.611056089401
0.612389564514
0.605168700218
0.609805285931
0.609204411507
0.608881294727
0.608346223831
0.611359238625
0.611979365349
0.605134606361
0.603971838951
0.606802880764
0.604891359806
0.606273591518
0.61014777422
0.603746294975
0.604248583317
0.603262841702
0.602490365505
0.60842782259
0.598012328148
0.603172957897
0.608756780624
0.596290946007
0.590847551823
0.607437908649
0.604449510574
0.599611699581
0.606149435043
0.604000389576
0.598248720169
0.600940287113
0.602638781071
0.602266728878
0.599938571453
0.605426609516
0.597159981728
0.596598863602
0.59554630518
0.596204459667
0.591783463955
0.59579372406
0.592458307743
0.596277654171
0.600760400295
0.591787278652
0.596828103065
0.595933616161
0.59515362978
0.599628686905
0.5932046175
0.592746496201
0.599007129669
0.597848534584
0.586152374744
0.594508767128
0.595522761345
0.588466346264
0.588797807693
0.588624179363
0.600122511387
0.595845282078
0.58753913641
0.589202880859
0.593457341194
0.599846184254
0.582031130791
0.578580081463
0.594460487366
0.599857807159
0.588603377342
0.588382720947
0.593146443367
0.591552197933
0.591609239578
0.586840987206
0.586832582951
0.584843456745
0.589037537575
0.586755871773
0.58296173811
0.590234994888
0.599759578705
0.593199968338
0.589583158493
0.584002137184
0.58790653944
0.584288954735
0.581492006779
0.585283577442
0.583184063435
0.582328379154
0.584069550037
0.595531344414
0.583661437035
0.587205529213
0.58362942934
0.584893286228
0.595214962959
0.575325369835
0.588970899582
0.589390575886
0.580536425114
0.57877188921
0.58121740818
0.58428055048
0.572867810726
0.577730298042
0.577496290207
0.582901775837
0.578571200371
0.573984861374
0.58253878355
0.586672246456
0.568884670734
0.583027780056
0.570655107498
0.589767515659
0.581295013428
0.583514094353
0.579049289227
0.575708627701
0.571236491203
0.582374691963
0.584088861942
0.578507721424
0.58497852087
0.581448078156
0.571706295013
0.573601365089
0.569654881954
0.572744309902
0.572904586792
0.571779251099
0.582542419434
0.573423266411
0.580336689949
0.575723350048
0.57501244545
0.577295660973
0.571906208992
0.571427643299
0.579646706581
0.575287520885
0.571692287922
0.574206411839
0.575395405293
0.575116336346
0.571268677711
0.5720936656
0.576636314392
0.576623737812
0.57369607687
0.568233788013
0.567589581013
0.566658735275
0.572416484356
0.573237597942
0.571546912193
0.586774587631
0.574458479881
0.573317170143
0.572794795036
0.574548125267
0.57218682766
0.5689625144
0.572293639183
0.5717908144
0.576983511448
0.565958976746
0.566891789436
0.559289336205
0.567036390305
0.562883853912
0.563282728195
0.571576535702
0.560798227787
0.568645179272
0.580390274525
0.566934645176
0.566996872425
0.571705162525
0.563112735748
0.578283071518
0.562275886536
0.565666854382
0.574914872646
0.564760684967
0.563196897507
0.569081306458
0.565675973892
0.567363977432
0.564267396927
0.573020100594
0.571787416935
0.561409413815
0.569955170155
0.566815376282
0.564815223217
0.562323153019
0.562044858932
0.564953148365
0.568303346634
0.557935893536
0.569682896137
0.56714785099
0.568113923073
0.567197859287
0.550360321999
0.563556194305
0.561236262321
0.555736422539
0.562919259071
0.570560276508
0.573981046677
0.559528470039
0.572458922863
0.559322357178
0.562574744225
0.565117359161
0.561932563782
0.567031085491
0.564641714096
0.573868632317
0.562537491322
0.56925702095
0.562309980392
0.567948877811
0.565856695175
0.56410163641
0.551960766315
0.554750621319
0.560297310352
0.555844902992
0.558226525784
0.555333316326
0.560200154781
0.57369852066
0.562448263168
0.552149236202
0.55843937397
0.563024580479
0.559111714363
0.555234134197
0.556207895279
0.557361066341
0.562777042389
0.558194875717
0.559763073921
0.560005545616
0.553632795811
0.562606692314
0.557690739632
0.559254348278
0.552808225155
0.552166104317
0.554741442204
0.549194395542
0.558836400509
0.560965061188
0.549307048321
0.563710570335
0.563313901424
0.561558544636
0.544155538082
0.554445147514
0.559083521366
0.554318904877
0.55341565609
0.55423027277
0.56265348196
0.550339341164
0.549458861351
0.546034753323
0.551731824875
0.542484402657
0.550439059734
0.541310250759
0.560322225094
0.557056486607
0.548066437244
0.556686580181
0.539035499096
0.553047120571
0.559851288795
0.552208781242
0.551447451115
0.552943527699
0.546706736088
0.552056372166
0.546279191971
0.551778376102
0.54796230793
0.553594589233
0.550239503384
0.551993787289
0.539985716343
0.546918511391
0.55595946312
0.550438702106
0.551484763622
0.554917633533
0.543446481228
0.546545088291
0.544571757317
0.54731631279
0.547811210155
0.554341971874
0.546542048454
0.545354783535
0.548304319382
0.551894307137
0.550677359104
0.547073483467
0.542231142521
0.54280602932
0.549474954605
0.539938628674
0.54418617487
0.544642925262
0.560241699219
0.548977613449
0.539557635784
0.549119055271
0.553636670113
0.533843994141
0.540692150593
0.531828343868
0.546742856503
0.551900327206
0.542659342289
0.543794333935
0.548305928707
0.544595479965
0.542923152447
0.540054619312
0.537147164345
0.540750145912
0.543804943562
0.544374763966
0.548757255077
0.539100885391
0.546415448189
0.552372097969
0.543055534363
0.53634428978
0.551092684269
0.542380154133
0.550522148609
0.535658538342
0.538547337055
0.544400572777
0.537935554981
0.540738880634
0.539082765579
0.54449647665
0.540467917919
0.534409403801
0.548041641712
0.541130006313
0.544334173203
0.544272005558
0.537438452244
0.543261051178
0.540055572987
0.530577421188
0.553309500217
0.538952887058
0.537074029446
0.532166719437
0.536262094975
0.535877168179
0.549591839314
0.540964722633
0.533025026321
0.53547334671
0.531536400318
0.537745654583
0.536156535149
0.531958937645
0.534050285816
0.5459856987
0.533362269402
0.542974174023
0.544193446636
0.546433627605
0.522395670414
0.528613626957
0.528897762299
0.533469438553
0.535593032837
0.539108932018
0.526058077812
0.534263253212
0.536359906197
0.527080416679
0.542350411415
0.536401391029
0.531548261642
0.523032605648
0.538532555103
0.528640031815
0.536778390408
0.532630562782
0.519651293755
0.545659720898
0.545747458935
0.538568019867
0.534291386604
0.547309815884
0.535346865654
0.540122926235
0.539959847927
0.528003692627
0.53035992384
0.540097773075
0.52303147316
0.548724710941
0.536304056644
0.536229372025
0.524384081364
0.540641307831
0.536468565464
0.541777789593
0.53613781929
0.532698273659
0.53767478466
0.545199275017
0.52674216032
0.537842690945
0.524581670761
0.542703449726
0.551155209541
0.538276791573
0.529483020306
0.535003483295
0.530373752117
0.531104683876
0.532966136932
0.537246525288
0.540681660175
0.536060512066
0.539291143417
0.537718296051
0.536763191223
0.53635519743
0.523498296738
0.546689927578
0.556194424629
0.526394784451
0.534744024277
0.531827747822
0.544616580009
0.531868040562
0.532566249371
0.537760913372
0.546034216881
0.54589766264
0.536175489426
0.539627373219
0.543697595596
0.539132475853
0.542066752911
0.541511654854
0.525059700012
0.539089441299
0.545569896698
0.544529438019
0.545856714249
0.52330416441
0.530597686768
0.528287291527
0.536610126495
0.537436008453
0.53223669529
0.526682198048
0.53745174408
0.535513281822
0.538402140141
0.525942802429
0.543639600277
0.546298801899
0.535452961922
0.542272865772
0.523520112038
0.530610263348
0.533067643642
0.540042281151
0.52719014883
0.537871778011
0.537486970425
0.531906485558
0.520731329918
0.53795838356
0.535408377647
0.543369054794
0.543344259262
0.52727907896
0.536549091339
0.531306564808
0.538639426231
0.54432618618
0.54020678997
0.539657890797
0.530887186527
0.541433334351
0.536289513111
0.541177988052
0.535592377186
0.53053611517
0.531043291092
0.539805948734
0.529294490814
0.537655949593
0.530430138111
0.535940945148
0.537341892719
0.538155734539
0.53220051527
0.534622728825
0.535512328148
0.525398671627
0.542873620987
0.524030447006
0.531415224075
0.539996981621
0.535974442959
0.53105288744
0.544301867485
0.536268413067
0.516534566879
0.541693210602
0.531426489353
0.537021040916
0.528649508953
0.5309933424
0.537382483482
0.531159698963
0.524916946888
0.540775001049
0.529056847095
0.540224969387
0.530918478966
0.520901441574
0.537884056568
0.529776275158
0.534096717834
0.533199548721
0.535141408443
0.541510105133
0.532824873924
