0.693227112293
0.692695438862
0.692142784595
0.691566705704
0.691072762012
0.690372347832
0.689664244652
0.688786625862
0.687950372696
0.687140583992
0.685988068581
0.684734880924
0.68290913105
0.681269049644
0.678378939629
0.67593896389
0.672072947025
0.668047785759
0.662158966064
0.654369950294
0.647606909275
0.638801217079
0.628348171711
0.617611706257
0.605939626694
0.590257763863
0.570408761501
0.555815517902
0.529596447945
0.504988789558
0.475257903337
0.460376560688
0.426453232765
0.406553268433
0.381164491177
0.362652242184
0.341890364885
0.32115611434
0.298585146666
0.29748904705
0.257040381432
0.247930049896
0.224529266357
0.224634900689
0.197600960732
0.162235885859
0.154079988599
0.131264999509
0.0981871783733
0.111487150192
0.0896589681506
0.0347794741392
0.0446066185832
0.0278928428888
0.0605494789779
0.108789399266
0.0379655472934
0.0503936633468
0.0366323292255
0.0228229071945
0.0275222025812
0.0313533656299
0.0303269531578
0.0229675602168
0.0293212980032
0.0254996269941
0.0133439507335
0.0301853716373
0.0532933659852
0.0196702703834
0.0208163093776
0.0531788617373
0.0193878114223
0.0173204429448
0.011752108112
0.0225442703813
0.0732020288706
0.0394894294441
0.0269347168505
0.0219687111676
0.0353099368513
0.0448812618852
0.0510778576136
0.00415554083884
0.0188235770911
0.0177747420967
0.0675021037459
0.014069698751
0.024154163897
0.081356562674
0.0117762172595
0.0275560803711
0.0122737139463
0.0115808937699
0.0110688172281
0.0372008830309
0.0428201779723
0.0200759787112
0.0483596660197
0.0660695210099
0.036480050534
0.0160242561251
0.00636790227145
0.0290391482413
0.00802165735513
0.0296062473208
0.0186368282884
0.0478428155184
0.0329917445779
0.0200168788433
0.0281665492803
0.010122471489
0.0517087616026
0.0125036844984
0.0410508140922
0.0355363376439
0.0548855662346
0.0148696983233
0.0303151849657
0.015300613828
0.0263380240649
0.010522720404
0.024875389412
0.00739605119452
0.018847854808
0.0230016447604
0.00427329586819
0.00456751137972
0.0158270262182
0.0239857938141
0.0149246025831
0.077204413712
0.0385143682361
0.0225193817168
0.0274145398289
0.0205391999334
0.0174592211843
0.0527203381062
0.0256502889097
0.0148194618523
0.0245939362794
0.0708807855844
0.0122141055763
0.00376418768428
0.00951516535133
0.0522723123431
0.00840289425105
0.0116001497954
0.0372624658048
0.0272164475173
0.0285483747721
0.017035510391
0.00723361270502
0.00412626843899
0.0192575268447
0.0202497970313
0.0342823266983
0.0113125815988
0.0147787583992
0.0038585558068
0.0148258553818
0.0157008934766
0.0538996756077
0.0289705488831
0.0176156237721
0.0511974841356
0.0378504768014
0.00548714585602
0.0466192699969
0.00999065116048
0.0104508623481
0.0739603340626
0.0150715941563
0.0432467386127
0.0160047840327
0.0478946305811
0.00735179148614
0.0449518673122
0.0151869561523
0.00931335799396
0.00487688789144
0.0186058692634
0.0223864298314
0.0546210743487
0.0132343377918
0.0162756536156
0.0123345013708
0.0160990357399
0.00838418956846
0.0169290825725
0.0367943756282
0.0430356226861
0.018017558381
0.0367729701102
0.0485345683992
0.0180414188653
0.0157083142549
0.00793412700295
0.0120646581054
0.0125520424917
0.0209992825985
0.022000554949
0.0211590137333
0.0433667711914
0.0309886150062
0.00561827514321
0.00711041875184
0.010693538934
0.00905986689031
0.0213429909199
0.0385921187699
0.0291789956391
0.0134263318032
0.00816047564149
0.00724798068404
0.019888959825
0.0148106105626
0.00243402970955
0.0233890675008
0.0295498967171
0.0103542385623
0.0096926856786
0.0369106382132
0.0264614485204
0.0046015274711
0.0080442391336
0.013336208649
0.0315253138542
0.0240052081645
0.00443651434034
0.02971197851
0.0123811252415
0.0105061959475
0.00356539990753
0.00389748439193
0.0102202463895
0.00818154681474
0.0290508735925
0.00746150733903
0.00901510100812
0.00195230555255
0.0236628837883
0.00255884649232
0.0041287522763
0.0441789850593
0.0304550938308
0.0212588384748
0.0116166239604
0.0269299652427
0.00268416642211
0.0175021700561
0.0118138920516
0.00543626677245
0.00332884117961
0.0223761163652
0.0584182702005
0.0129093555734
0.0129703637213
0.0572037771344
0.0349385738373
0.044808421284
0.00503268372267
0.00674694497138
0.0102618029341
0.011859591119
0.0142402052879
0.0115963928401
0.00850827712566
0.0265935976058
0.0231995806098
0.0610939152539
0.0106288036332
0.0038772483822
0.00476719019935
0.00135246082209
0.0330796949565
0.00248155836016
0.00684140389785
0.0116774300113
0.00748787866905
0.00691199302673
0.0137106487527
0.0610863342881
0.00715272128582
0.018027247861
0.0187466647476
0.0150109240785
0.00951110385358
0.0265130698681
0.00918306969106
0.00800459180027
0.0319751314819
0.0436175167561
0.00113116635475
0.0339943319559
0.00989390537143
0.0493422336876
0.0304771605879
0.0246692541987
0.0302479304373
0.027889829129
0.0229360349476
0.0101083870977
0.0695153698325
0.0364446640015
0.0358715467155
0.0650738179684
0.0480125248432
0.0106255393475
0.0131066767499
0.0634006857872
0.00793481990695
0.0144972782582
0.0401794537902
0.00942687131464
0.0073208170943
0.0324071869254
0.0131270289421
0.0191577523947
0.0130413835868
0.0141217941418
0.0136971101165
0.00252323644236
0.033209182322
0.0111321453005
0.0091256769374
0.00822306517512
0.0156710185111
0.0325258634984
0.00559299439192
0.0135133909062
0.0104308919981
0.0196665972471
0.00353767327033
0.0109135322273
0.0016629381571
0.00733285117894
0.00988632068038
0.0160565059632
0.00618141982704
0.0441019013524
0.0121111180633
0.00166998733766
0.0179641451687
0.00864404626191
0.00774048827589
0.00850215274841
0.0111008454114
0.00300872419029
0.00944735389203
0.00286844768561
0.0203618071973
0.0407093986869
0.00144045299385
0.0266760196537
0.0259284954518
0.00762121751904
0.0148027036339
0.0394870005548
0.0446553565562
0.00735956104472
0.00799880828708
0.025677099824
0.0125374272466
0.0110775455832
0.0134967733175
0.0153917241842
0.015732081607
0.0191957689822
0.00687867263332
0.0181026104838
0.0198793821037
0.0146215278655
0.0106946500018
0.00354072358459
0.00265676924028
0.00652197981253
0.0074552022852
0.0330139659345
0.00194282527082
0.0388931073248
0.00883654970676
0.0317111909389
0.00933383125812
0.00449168030173
0.00137187354267
0.0341729111969
0.0177886597812
0.00221242569387
0.0117709571496
0.0153011810035
0.0186811424792
0.0184649713337
0.01374591887
0.00877861585468
0.00436161132529
0.0213438402861
0.0316342227161
0.0026089171879
0.00843891780823
0.00217707478441
0.0330580845475
0.0129206273705
0.0258966684341
0.00642429105937
0.0186956133693
0.00840649101883
0.0505942590535
0.0069437539205
0.0454066991806
0.0255626123399
0.00781269557774
0.0508385114372
0.0067336615175
0.0170647967607
0.030170371756
0.0241623595357
0.0488985516131
0.0359536223114
0.0192036461085
0.0200340487063
0.00657368404791
0.0016597363865
0.0269507803023
0.00930854678154
0.00629302347079
0.00273653562181
0.00993595365435
0.0307184271514
0.0130497226492
0.00993208866566
0.0269609745592
0.00365535425954
0.0335218831897
0.00945200305432
0.00631574355066
0.0211259257048
0.0263959113508
0.0303830448538
0.00260315346532
0.0167422145605
0.00305333198048
0.0237327627838
0.00963443890214
0.00732789048925
0.0145601471886
0.00777215417475
0.0164040643722
0.00796946790069
0.0143697597086
0.0121019538492
0.0144253494218
0.00637498497963
0.00612600939348
0.0252240244299
0.0171396564692
0.0106626460329
0.00226636463776
0.02392606996
0.00529934698716
0.0126655418426
0.00341064482927
0.0316975973547
0.0273819472641
0.0062163923867
0.0122015886009
0.00976633653045
0.00767684914172
0.0225117336959
0.0117908753455
0.00657832808793
0.0435177125037
0.0365681834519
0.00507708685473
0.0183461923152
0.00723440432921
0.00252346531488
0.00318052829243
0.0189306233078
0.0057584233582
0.0154322423041
0.0177877973765
0.0310157779604
0.00951445288956
0.0322724953294
0.00751058524475
0.0101382881403
0.0203821212053
0.0298695471138
0.00326059595682
0.0045478544198
0.00393675873056
0.00456299819052
0.00889800209552
0.0300196409225
0.00382664776407
0.000659799145069
0.00395916542038
0.0407069325447
0.0204245001078
0.00469213305041
0.00277126766741
0.00728363124654
0.0129162669182
0.0170801188797
0.00320203998126
0.0275152865797
0.00142047938425
0.0268636848778
0.00514296488836
0.00332702579908
0.0551074296236
0.024949118495
0.0132594266906
0.00129215349443
0.00212128600106
0.0129022272304
0.0125199873
0.0116617176682
0.0494846813381
0.00913660693914
0.0303734019399
0.0271984245628
0.00468433788046
0.0464979968965
0.00351933529601
0.00495484052226
0.0178184583783
0.0142865646631
0.0154366558418
0.0443043448031
0.00757492566481
0.0161761101335
0.00230283057317
0.0142383109778
0.0114553971216
0.0200294218957
0.00295172864571
0.0139661598951
0.0127671146765
0.00170993886422
0.00237754522823
0.00530178425834
0.0126000801101
0.00605505052954
0.00839826278389
0.00995813310146
0.000747268029954
0.00615643896163
0.00932291988283
0.00823896657676
0.00636687409133
0.0139524079859
0.0135880699381
0.0111451307312
0.00780979963019
0.0312418937683
0.0116311926395
0.00577179621905
0.00766660040244
0.0229487996548
0.00895878951997
0.01507491339
0.0118139805272
0.0154051687568
0.041420429945
0.00661875726655
0.00218844320625
0.00115968927275
0.00537891639397
0.00351721257903
0.0212084148079
0.00319787650369
0.0111434524879
0.0123014645651
0.0118085015565
0.00316045875661
0.0067173987627
0.0224763099104
0.00240097125061
0.00445323577151
0.0096396971494
0.0060034240596
0.00440204329789
0.0131454365328
0.00547186285257
0.0408668071032
0.0228697191924
0.00352161028422
0.051541686058
0.00188449386042
0.00598412426189
0.0334036760032
0.0154756437987
0.0258288774639
0.0080071715638
0.00407818006352
0.00606681033969
0.0142702916637
0.0036229705438
0.0222048573196
0.00658161472529
0.00597410090268
0.0101786684245
0.00203892122954
0.00895082484931
0.0151947066188
0.023134758696
0.0117943426594
0.000762088980991
0.000673053029459
0.0139311440289
0.0412535443902
0.0323003716767
0.00354663166218
0.0190067030489
0.00564229302108
0.00668725045398
0.0124081028625
0.0122356927022
0.0128032043576
0.0211997237056
0.00429837265983
0.0130592416972
0.012782718055
0.0136591177434
0.00513006420806
0.0236604753882
0.00393949635327
0.0285713057965
0.00441084615886
0.00316214072518
0.00683817034587
0.0102366926149
0.0103252222762
0.00219289772213
0.00950376875699
0.00100745877717
0.0306482352316
0.0254131946713
0.0231806263328
0.0104337083176
0.0095093594864
0.00131180079188
0.0113511970267
0.00260938843712
0.00165033712983
0.0197000671178
0.00667152181268
0.00636240048334
0.000704314967152
0.00841479189694
0.0203081704676
0.00307060568593
0.000889169343282
0.0188412759453
0.00125171453692
0.0257820431143
0.010922703892
0.00521865813062
0.049973975867
0.000622281047981
0.0108796115965
0.0442245006561
0.0563682615757
0.00658593885601
0.0127548752353
0.0140960402787
0.0210508517921
0.00228834338486
0.0149497175589
0.00155719986651
0.00111228204332
0.00444971583784
0.00910862069577
0.00877504423261
0.00385590246879
0.00162090465892
0.00515458825976
0.00430073682219
0.0151032945141
0.0398265942931
0.0190004315227
0.0277310553938
0.00593177042902
0.0041576847434
0.00818387418985
0.0282886736095
0.0245396923274
0.00222648959607
0.0024936653208
0.0135120861232
0.0264632087201
0.0364738851786
0.000414080219343
0.0431577078998
0.000736370158847
0.0166989993304
0.00257013202645
0.00362149300054
0.00814793817699
0.00134472409263
0.00813687965274
0.000347815337591
0.00628102943301
0.00690603302792
0.0126893911511
0.00536958873272
0.00502001540735
0.0205540861934
0.00338810239919
0.00312379607931
0.0152993304655
0.0274986028671
0.00509947817773
0.00186604005285
0.0285514127463
0.00219284160994
0.00613612076268
0.0063722524792
0.00895832944661
0.000359543133527
0.000477851601318
0.00835806597024
0.0257951598614
0.00475805113092
0.0187658499926
0.00956091657281
0.00404935190454
0.00119583052583
0.00173842033837
0.00140402407851
0.0307922400534
0.0111400159076
0.0024847118184
0.00343021773733
0.00363772013225
0.0133094843477
0.00455278111622
0.00171081360895
0.0028729068581
0.0401305779815
0.00102813099511
0.00270194327459
0.0159783456475
0.0232932586223
0.000269191252301
0.00512432493269
0.0288894567639
0.000839902786538
0.00662800576538
0.00214219116606
0.00881059654057
0.010265653953
0.0586320832372
0.00729485973716
0.000847414485179
0.00412684911862
0.006736648269
0.013395357877
0.0100134592503
0.00982322264463
0.0165550261736
0.00323410821147
0.000778780318797
0.0117256036028
0.0392253026366
0.00320246862248
0.0056785447523
0.00887697003782
0.00608591735363
0.00562504911795
0.00614386005327
0.00335106882267
0.00386298564263
0.0124285211787
0.00816903728992
0.00053990050219
0.0212669447064
0.0236499942839
0.000368352484656
0.00299508310854
0.00209499895573
0.011520434171
0.00193459622096
0.00569924199954
0.000876328151207
0.00301435519941
0.0197031013668
0.030231192708
0.0210971720517
0.00174880796112
0.00137897394598
0.0251208301634
0.0024282487575
0.0108602596447
0.0355230756104
0.0214386843145
0.00541650969535
0.000925628875848
