0.692753195763
0.693140983582
0.693078756332
0.693042457104
0.693322479725
0.692958176136
0.694221913815
0.692804157734
0.694327294827
0.693948149681
0.69399368763
0.691540837288
0.693043351173
0.69190299511
0.692017316818
0.6930347085
0.692109704018
0.692889869213
0.691367983818
0.691466093063
0.692540884018
0.691961348057
0.691775977612
0.691669881344
0.69244325161
0.692571282387
0.69307667017
0.692218482494
0.692303001881
0.691551268101
0.691906750202
0.690436184406
0.692086100578
0.692208945751
0.691412866116
0.692060291767
0.691640138626
0.691373825073
0.689845085144
0.691678404808
0.690586209297
0.690270125866
0.69150942564
0.690267801285
0.692054092884
0.690687358379
0.690838634968
0.690662562847
0.690255224705
0.69004547596
0.691187560558
0.690163612366
0.689593434334
0.688951969147
0.690641820431
0.689988791943
0.688433229923
0.690566062927
0.69023257494
0.688487589359
0.690803587437
0.689274549484
0.689402461052
0.689010381699
0.689301371574
0.688435912132
0.690281093121
0.688991963863
0.689159214497
0.6887190938
0.689583659172
0.688898801804
0.68799674511
0.689102292061
0.689842402935
0.688202023506
0.689732670784
0.689711809158
0.686856925488
0.689030945301
0.688388705254
0.687214076519
0.687509953976
0.688589930534
0.687897622585
0.688085258007
0.687290847301
0.688350915909
0.688908815384
0.687742829323
0.688602924347
0.686985373497
0.687226951122
0.688411056995
0.68741863966
0.68748664856
0.68787842989
0.687177538872
0.68804037571
0.687061965466
0.687573075294
0.688513994217
0.686965703964
0.687227845192
0.688655495644
0.687321484089
0.687715470791
0.687111675739
0.686131119728
0.685592591763
0.686667382717
0.687196135521
0.685996592045
0.686718761921
0.686041712761
0.68662071228
0.685783565044
0.687976956367
0.687058329582
0.68607711792
0.687117278576
0.685468673706
0.688379943371
0.685669362545
0.684941112995
0.685533165932
0.686649799347
0.686939716339
0.685695469379
0.686744332314
0.685415506363
0.685656011105
0.686227321625
0.685991704464
0.685599863529
0.684396445751
0.685336768627
0.683959841728
0.685495316982
0.68349134922
0.685206592083
0.686402320862
0.685370326042
0.685220122337
0.684700727463
0.685433864594
0.685052931309
0.685186326504
0.684877514839
0.686441719532
0.686446487904
0.684857010841
0.683616518974
0.685693442822
0.684896171093
0.684920430183
0.686159014702
0.685356318951
0.68522053957
0.684660732746
0.684175372124
0.68474894762
0.683173775673
0.684167325497
0.683550715446
0.683420181274
0.683927237988
0.682790696621
0.682551562786
0.683918297291
0.681979894638
0.682147443295
0.683452188969
0.685663461685
0.683168411255
0.68388658762
0.681582927704
0.684789896011
0.683736383915
0.683042109013
0.682921767235
0.683203399181
0.685561001301
0.682900190353
0.682268977165
0.682478010654
0.684973835945
0.681558668613
0.683302938938
0.682470977306
0.683083117008
0.682054102421
0.683189451694
0.682576596737
0.68291425705
0.682040989399
0.682393431664
0.682338893414
0.682203471661
0.681891083717
0.682808756828
0.681833207607
0.680208206177
0.68257945776
0.679152607918
0.680536031723
0.682484567165
0.681017935276
0.681758582592
0.681543588638
0.681224226952
0.682230114937
0.680401265621
0.682762205601
0.680221915245
0.680942058563
0.682700455189
0.682495832443
0.680317819118
0.681533396244
0.681797504425
0.680645704269
0.680900156498
0.679312825203
0.682546496391
0.680566549301
0.681142687798
0.680214703083
0.680366933346
0.679597139359
0.678268790245
0.679917812347
0.681414067745
0.681239783764
0.679424226284
0.680795431137
0.678302526474
0.680433034897
0.678924202919
0.680591464043
0.678502976894
0.680608034134
0.679338097572
0.681283473969
0.676918447018
0.680817365646
0.677070558071
0.676827251911
0.678398907185
0.676238179207
0.677605926991
0.681209802628
0.679152846336
0.676664173603
0.677163481712
0.679338574409
0.677196383476
0.676368892193
0.677005946636
0.676090300083
0.675068318844
0.677446901798
0.676226139069
0.676934242249
0.675994575024
0.67416447401
0.675458371639
0.676580786705
0.677409768105
0.67572927475
0.674694359303
0.676121771336
0.675564050674
0.675021052361
0.673461019993
0.6709856987
0.676472902298
0.677567660809
0.674758017063
0.675377130508
0.676825404167
0.674805402756
0.671611070633
0.677840352058
0.674239754677
0.670706868172
0.670414090157
0.677543997765
0.672642350197
0.671905100346
0.673766553402
0.675197720528
0.674334108829
0.673263013363
0.673075854778
0.671657204628
0.670431911945
0.676034927368
0.671253621578
0.671999275684
0.676434338093
0.670093953609
0.6709446311
0.673833787441
0.671385228634
0.671759903431
0.669150292873
0.671307981014
0.677087426186
0.671619236469
0.672581493855
0.668113470078
0.669564425945
0.668885171413
0.675127565861
0.668284952641
0.671982347965
0.670525610447
0.670099198818
0.671498656273
0.664881885052
0.667617201805
0.671287298203
0.665456771851
0.667052507401
0.666814863682
0.667477250099
0.669056236744
0.670541763306
0.667032361031
0.667403519154
0.666124761105
0.670075058937
0.668422937393
0.66721534729
0.67215436697
0.672574520111
0.668097436428
0.667779684067
0.668470740318
0.667911827564
0.666714847088
0.664936482906
0.668665528297
0.665762007236
0.668659031391
0.663672745228
0.662484824657
0.668048083782
0.668737888336
0.665406525135
0.661119878292
0.667104423046
0.667444586754
0.666499733925
0.656896650791
0.664539754391
0.666153788567
0.664615511894
0.66296184063
0.661966621876
0.661580324173
0.662590265274
0.668845951557
0.665990769863
0.66359359026
0.66586214304
0.665808558464
0.660449445248
0.660048782825
0.665222465992
0.659221231937
0.658099412918
0.656581997871
0.65737336874
0.66530585289
0.664551436901
0.660933792591
0.668643176556
0.664740979671
0.666679263115
0.660232901573
0.659426510334
0.666239082813
0.661471605301
0.663129031658
0.65972840786
0.653952538967
0.659867227077
0.661018013954
0.655634880066
0.662844181061
0.655484557152
0.656409263611
0.659330189228
0.653490304947
0.659431993961
0.65627682209
0.656908869743
0.655872762203
0.656420946121
0.658397912979
0.653927385807
0.662847757339
0.657709956169
0.653825640678
0.660712718964
0.65536826849
0.656020522118
0.65567523241
0.648760855198
0.655751168728
0.658084332943
0.658121049404
0.646350622177
0.649418532848
0.649876832962
0.65556448698
0.654483377934
0.651731610298
0.654531538486
0.652688503265
0.660139560699
0.655800700188
0.648507535458
0.65831643343
0.653682291508
0.652447044849
0.654267370701
0.65052729845
0.651429116726
0.646190822124
0.651308357716
0.651664316654
0.648289322853
0.648336052895
0.646367669106
0.650948286057
0.659023106098
0.646935224533
0.652293086052
0.644268631935
0.649932563305
0.647747933865
0.656502306461
0.651455700397
0.648527860641
0.653067469597
0.648689091206
0.648524880409
0.650944411755
0.64397662878
0.646685779095
0.647959709167
0.64993596077
0.647672057152
0.644705414772
0.64454460144
0.648948311806
0.641539216042
0.641937792301
0.642627835274
0.646460413933
0.649963378906
0.642754971981
0.652916669846
0.649086952209
0.642147243023
0.642990708351
0.645822286606
0.651785135269
0.64905244112
0.650534570217
0.646940886974
0.638384640217
0.644859075546
0.651650309563
0.645169317722
0.645905554295
0.646584093571
0.647913098335
0.639783143997
0.647233009338
0.634139597416
0.636539518833
0.648756086826
0.638714015484
0.633533239365
0.638581037521
0.636816859245
0.641474187374
0.645262658596
0.641814470291
0.641757488251
0.639453887939
0.645729422569
0.635219216347
0.635671079159
0.63663238287
0.63153475523
0.635733902454
0.636881291866
0.641019642353
0.63448548317
0.642269909382
0.645384192467
0.634848833084
0.637173116207
0.642692089081
0.638230323792
0.626912415028
0.634994745255
0.636129260063
0.624746799469
0.635473012924
0.624473512173
0.641997098923
0.636453747749
0.634615719318
0.63359940052
0.633622467518
0.625534772873
0.629399001598
0.633225619793
0.63162612915
0.633555471897
0.636867463589
0.641846299171
0.640741288662
0.632656514645
0.628371655941
0.629840970039
0.632431745529
0.633516192436
0.636316239834
0.632686436176
0.62840950489
0.628440618515
0.625908136368
0.624965786934
0.62552601099
0.624254405499
0.630267560482
0.633264780045
0.628201305866
0.632844626904
0.625903606415
0.631936430931
0.633816897869
0.620835661888
0.619234085083
0.626191914082
0.632199764252
0.62169444561
0.622023999691
0.624034285545
0.630569696426
0.619459927082
0.630569577217
0.627797067165
0.62760424614
0.623106837273
0.626528382301
0.625999212265
0.624775648117
0.615676999092
0.622404813766
0.624503672123
0.624801933765
0.628631472588
0.619615793228
0.614917516708
0.622405409813
0.625684320927
0.61560946703
0.623790323734
0.633475542068
0.621774733067
0.617075383663
0.62474155426
0.619616746902
0.627830088139
0.615537822247
0.626692295074
0.623027980328
0.614214122295
0.609697759151
0.624899685383
0.628244519234
0.619043290615
0.612576544285
0.622438669205
0.61817330122
0.613987147808
0.62368196249
0.626212060452
0.619509339333
0.613707900047
0.626272380352
0.61937302351
0.609997391701
0.612364709377
0.623666763306
0.609041213989
0.627344965935
0.611203849316
0.611662507057
0.609736680984
0.635762929916
0.622719407082
0.621053874493
0.617254018784
0.621821641922
0.620498716831
0.61497592926
0.618131875992
0.621175646782
0.618154168129
0.61224013567
0.617073893547
0.608538269997
0.604936182499
0.612420797348
0.623553335667
0.611883640289
0.610069394112
0.608022928238
0.61248421669
0.611777424812
0.614976167679
0.619389176369
0.605202496052
0.613058388233
0.618387460709
0.623134016991
0.602878034115
0.60339730978
0.611189186573
0.614735603333
0.602165281773
0.603064477444
0.608552575111
0.60182517767
0.612956821918
0.614386975765
0.609401941299
0.611693382263
0.615208625793
0.616535186768
0.614299654961
0.611321091652
0.603523612022
0.608575046062
0.614782571793
0.6260201931
0.608293235302
0.600956261158
0.609581232071
0.609791278839
0.618990540504
0.615226089954
0.620760262012
0.617746591568
0.600332915783
0.615083515644
0.608195722103
0.605744600296
0.606328010559
0.619930803776
0.617417573929
0.60958647728
0.613032996655
0.618844509125
0.608595252037
0.614807367325
0.615135848522
0.615640163422
0.610436618328
0.607018470764
0.611036360264
0.600589573383
0.617120265961
0.59698164463
0.608982861042
0.605946302414
0.609736084938
0.616184294224
0.607012689114
0.607578873634
0.615038990974
0.615785717964
0.602266728878
0.619332492352
0.612900078297
0.590299367905
0.611733615398
0.606022894382
0.606946349144
0.597622513771
0.612172424793
0.610602676868
0.608099579811
0.613378167152
0.613240659237
0.619721353054
0.603648841381
0.595314264297
0.604818820953
0.607288599014
0.617327570915
0.61458581686
0.613477826118
0.604588866234
0.600027859211
0.606088757515
0.603113591671
0.608709514141
0.607817947865
0.60638153553
0.611251592636
0.619480371475
0.606280982494
0.615973591805
0.61171746254
0.608768761158
0.617717981339
0.593778192997
0.603283345699
0.610239326954
0.606842696667
0.615866482258
0.611467003822
0.608789861202
0.61151856184
0.604820668697
0.608393251896
0.595057189465
0.603217542171
0.602507591248
0.601734578609
0.603951156139
0.593900740147
0.601795315742
0.606178760529
0.611213803291
0.594043016434
0.602083146572
0.605812609196
0.613929510117
0.607441544533
0.608130693436
0.603734731674
0.608336389065
0.605325043201
0.608720958233
0.618998110294
0.597811043262
0.620436191559
0.603015601635
0.609183371067
0.60908049345
0.61576795578
0.601729631424
0.603277564049
0.612069606781
0.596545636654
0.601738989353
0.610750496387
0.624361276627
0.613885045052
0.603363871574
0.613604307175
0.611946821213
0.612996697426
0.594220340252
0.61184412241
0.617812097073
0.608707129955
0.614286780357
0.618010878563
0.603860914707
0.613451600075
0.596604824066
0.612252056599
0.620558679104
0.614549517632
0.618589699268
0.607354223728
0.602583885193
0.620773732662
0.596400022507
0.615432977676
0.60448294878
0.599309682846
0.615307450294
0.605711102486
0.608194172382
0.607323944569
0.614880979061
0.599016308784
