0.693744421005
0.693295061588
0.693314254284
0.693152368069
0.693146467209
0.693082332611
0.693095684052
0.692941188812
0.693147301674
0.692881464958
0.692928135395
0.69301712513
0.693015396595
0.692929446697
0.693004488945
0.692859828472
0.692861258984
0.692831277847
0.692746579647
0.692768514156
0.69278383255
0.692781150341
0.692729234695
0.692714571953
0.692763984203
0.692647814751
0.69266051054
0.692627847195
0.692679286003
0.692609250546
0.692568600178
0.692517995834
0.692572712898
0.692569255829
0.692602217197
0.692507326603
0.692516863346
0.692464709282
0.6925303936
0.692573010921
0.692442953587
0.692397713661
0.692486286163
0.692390561104
0.692426979542
0.692301094532
0.69228041172
0.692205965519
0.692256212234
0.692226350307
0.692092597485
0.692178428173
0.692123413086
0.692060887814
0.692284345627
0.692088007927
0.692037522793
0.692007362843
0.692114472389
0.692103862762
0.69193905592
0.691950201988
0.691942989826
0.692043244839
0.691896677017
0.691756188869
0.691757440567
0.691999435425
0.691771626472
0.691978514194
0.691776275635
0.691838085651
0.691653490067
0.691714048386
0.691869080067
0.691670954227
0.691546499729
0.691603660583
0.691685497761
0.691830575466
0.69150018692
0.691550433636
0.691588997841
0.69161003828
0.691497206688
0.691361010075
0.691431105137
0.69163787365
0.691409349442
0.69140535593
0.691312670708
0.691158175468
0.691021978855
0.691009640694
0.691471278667
0.690903961658
0.691371560097
0.690957665443
0.691253960133
0.690961062908
0.690960109234
0.691065788269
0.690716266632
0.690659284592
0.690750718117
0.690924286842
0.690890133381
0.690831303596
0.69086265564
0.69078630209
0.690628647804
0.690639615059
0.691021382809
0.690654397011
0.690462052822
0.690613389015
0.690788805485
0.69065117836
0.690484642982
0.690222561359
0.690656840801
0.690299332142
0.690386235714
0.690279901028
0.690760374069
0.690414488316
0.690606415272
0.690173983574
0.690205216408
0.689736783504
0.690114080906
0.68997079134
0.690180361271
0.68963265419
0.689815759659
0.690271675587
0.689522564411
0.689656615257
0.689821362495
0.689221739769
0.689208686352
0.689527511597
0.689296841621
0.68952101469
0.689330816269
0.689932346344
0.68905454874
0.689563632011
0.689735949039
0.689205884933
0.689171910286
0.688966572285
0.689197897911
0.689839959145
0.689104497433
0.68850851059
0.688541293144
0.688587903976
0.688694417477
0.688740372658
0.688778460026
0.688559532166
0.688764095306
0.688738465309
0.688517868519
0.688805580139
0.688719809055
0.688790202141
0.687849700451
0.688143789768
0.687980890274
0.688524186611
0.687858462334
0.687824070454
0.687250137329
0.687390983105
0.687698483467
0.68834066391
0.687184870243
0.687341094017
0.68625408411
0.687270879745
0.686760485172
0.687700152397
0.687128603458
0.687064409256
0.686812758446
0.686841487885
0.68657541275
0.686686873436
0.686666429043
0.687095403671
0.686279892921
0.685443580151
0.68664342165
0.686220049858
0.686413645744
0.687060475349
0.685714483261
0.686488032341
0.685477077961
0.68519204855
0.686278343201
0.685112535954
0.685390770435
0.685691177845
0.685632407665
0.685581922531
0.685267627239
0.685584902763
0.685514211655
0.683863401413
0.68473315239
0.684722363949
0.684174835682
0.684439301491
0.68345862627
0.684363901615
0.684597790241
0.68299216032
0.684915244579
0.683522641659
0.683310389519
0.683386027813
0.68375235796
0.682563126087
0.683515846729
0.684039831161
0.683327257633
0.683025658131
0.683079063892
0.682362020016
0.683367311954
0.681863844395
0.681927144527
0.682849466801
0.682624876499
0.681989490986
0.682547986507
0.681247770786
0.681145966053
0.681353628635
0.681162595749
0.679998278618
0.681784629822
0.680925250053
0.680847227573
0.680710554123
0.680268645287
0.679977416992
0.679716169834
0.680845916271
0.680176734924
0.679609954357
0.679885745049
0.679906010628
0.678766310215
0.67877972126
0.679313540459
0.679568648338
0.677979052067
0.678450584412
0.677198469639
0.678366541862
0.677615880966
0.679315567017
0.678518533707
0.67691886425
0.678239524364
0.679167449474
0.6769541502
0.677821099758
0.677261590958
0.675076305866
0.675195217133
0.677519321442
0.676450848579
0.673939406872
0.675195395947
0.676352322102
0.675209224224
0.676067590714
0.674650490284
0.674859106541
0.675216734409
0.672821044922
0.674271285534
0.674217700958
0.675070643425
0.67282128334
0.672773659229
0.672133386135
0.672442018986
0.673127830029
0.671440064907
0.670746743679
0.671238601208
0.67080116272
0.672098994255
0.669996976852
0.671876251698
0.670923769474
0.671153128147
0.67088508606
0.669541656971
0.668779790401
0.668692111969
0.669103384018
0.669413149357
0.666085898876
0.667591750622
0.664998352528
0.666547179222
0.666761696339
0.665958166122
0.666371464729
0.66729426384
0.667021870613
0.664945006371
0.665020287037
0.666673898697
0.666279494762
0.661672770977
0.665471017361
0.662875235081
0.664540946484
0.66666996479
0.660184383392
0.659274339676
0.661093354225
0.662488520145
0.657324075699
0.665014266968
0.664795815945
0.660901606083
0.66160684824
0.660069227219
0.659223139286
0.660204827785
0.657209575176
0.661417245865
0.656131207943
0.658899664879
0.659937500954
0.656181871891
0.657323539257
0.659096300602
0.659571826458
0.656580626965
0.655267417431
0.654379248619
0.65421050787
0.658412754536
0.653865695
0.654623031616
0.656569480896
0.652326643467
0.652353703976
0.653874218464
0.654532968998
0.655074357986
0.654978454113
0.652252495289
0.651289403439
0.651785552502
0.652070820332
0.647406518459
0.65001553297
0.652296841145
0.650478839874
0.646329283714
0.647094666958
0.648910164833
0.648376226425
0.646042883396
0.642716348171
0.650621235371
0.645790457726
0.648519873619
0.644465148449
0.647061169147
0.64651453495
0.64579731226
0.646570444107
0.644348144531
0.645310044289
0.639112472534
0.646080136299
0.643480539322
0.641566872597
0.642090678215
0.636969447136
0.63947468996
0.640584349632
0.634275734425
0.644442081451
0.639038205147
0.642380177975
0.6370216012
0.639972865582
0.636047959328
0.635704100132
0.633354127407
0.635311961174
0.637224793434
0.634229421616
0.632443785667
0.632850587368
0.632903754711
0.634718418121
0.635260283947
0.629378557205
0.630892932415
0.636650621891
0.630732178688
0.628434658051
0.627034127712
0.625929176807
0.624724090099
0.628851234913
0.624143362045
0.633893072605
0.627643287182
0.624066591263
0.631129145622
0.628879964352
0.622216403484
0.624973058701
0.628640532494
0.625428795815
0.617831408978
0.62435978651
0.616217255592
0.624622166157
0.617611825466
0.619309425354
0.613398730755
0.620671212673
0.622776091099
0.614010155201
0.61463534832
0.620520830154
0.610329806805
0.61358577013
0.618968009949
0.620745241642
0.61588460207
0.620952546597
0.607377111912
0.609825491905
0.610082387924
0.610588312149
0.616631984711
0.612209022045
0.612348616123
0.613158941269
0.612696230412
0.610497295856
0.614123046398
0.611498713493
0.609324872494
0.614515841007
0.603813052177
0.603556573391
0.609878838062
0.606509625912
0.606044769287
0.599687218666
0.598310768604
0.606264650822
0.601692974567
0.609139740467
0.593372046947
0.605785250664
0.604396820068
0.601213395596
0.601566433907
0.596819341183
0.596402943134
0.607403814793
0.599757969379
0.591331422329
0.596243858337
0.593518972397
0.591703593731
0.595211088657
0.590891361237
0.598512887955
0.589464724064
0.594535946846
0.590871691704
0.595874786377
0.589387834072
0.592081189156
0.587709128857
0.596030771732
0.590011060238
0.5930134058
0.589289307594
0.59372740984
0.585571527481
0.583961069584
0.581394970417
0.581992387772
0.591030836105
0.581516861916
0.578000485897
0.581000030041
0.582030057907
0.58700042963
0.572179853916
0.580857038498
0.584107279778
0.585892260075
0.580017924309
0.57473474741
0.593114614487
0.579234600067
0.577154457569
0.570589244366
0.570574879646
0.57452082634
0.580797076225
0.561881005764
0.567194223404
0.574844896793
0.573776721954
0.566774010658
0.577270388603
0.578791618347
0.576087832451
0.573020994663
0.570076167583
0.561577558517
0.573697626591
0.560445785522
0.569872796535
0.564089417458
0.561006426811
0.566974103451
0.573931932449
0.558096110821
0.564072370529
0.558330059052
0.567315876484
0.55997377634
0.565869688988
0.552348852158
0.568360865116
0.56474006176
0.557661116123
0.55225288868
0.556764364243
0.554681956768
0.579976916313
0.557847321033
0.547347009182
0.572999835014
0.558616995811
0.561153531075
0.562276542187
0.568053483963
0.561941921711
0.550595998764
0.559013485909
0.557358086109
0.559658288956
0.551347494125
0.54588252306
0.565807163715
0.545040547848
0.553015887737
0.557329416275
0.559820473194
0.546630322933
0.560274541378
0.559231460094
0.54988861084
0.547070026398
0.551605463028
0.551774680614
0.557089745998
0.543840825558
0.541217505932
0.541003227234
0.544999480247
0.555578708649
0.540587246418
0.545671999454
0.533766567707
0.53536772728
0.55240547657
0.53770840168
0.562238454819
0.545479774475
0.537469208241
0.532389521599
0.535704314709
0.552486121655
0.551483333111
0.529611051083
0.534571886063
0.539566159248
0.545129776001
0.54996407032
0.541011452675
0.533215105534
0.547949969769
0.534199953079
0.54043841362
0.525240063667
0.521145761013
0.53908354044
0.546164810658
0.530350267887
0.543720841408
0.536571681499
0.535571634769
0.530515730381
0.519760966301
0.53801047802
0.534954845905
0.520219445229
0.517798423767
0.526607990265
0.540425539017
0.524417996407
0.526428520679
0.530139684677
0.517238140106
0.526129066944
0.518263578415
0.518879711628
0.533243060112
0.513481616974
0.542116641998
0.532091259956
0.528580248356
0.527833461761
0.517433404922
0.519036412239
0.511059701443
0.518260002136
0.509468019009
0.519733309746
0.519906938076
0.516298592091
0.527463197708
0.531096935272
0.528922915459
0.503733694553
0.51848679781
0.507196843624
0.511662721634
0.504327952862
0.508164644241
0.506466329098
0.515859305859
0.519789993763
0.518654346466
0.518902599812
0.502415537834
0.508118271828
0.518866419792
0.508985340595
0.513980865479
0.511337339878
0.498942553997
0.519665539265
0.525538027287
0.500055968761
0.488783240318
0.512319326401
0.507974565029
0.504972815514
0.509849846363
0.505542159081
0.478916138411
0.504220366478
0.516147792339
0.513191759586
0.506001055241
0.521423697472
0.511418759823
0.502440154552
0.513874948025
0.496228426695
0.49311336875
0.506412684917
0.50049495697
0.512845039368
0.492696166039
0.507238864899
0.502891182899
0.506565570831
0.500176310539
0.497894495726
0.496293932199
0.491281867027
0.494439661503
0.492329597473
0.50636023283
0.480519920588
0.507625937462
0.52692335844
0.504796981812
0.491460561752
0.465056926012
0.504682540894
0.498787850142
0.494750976562
0.485835969448
0.501191616058
0.488150596619
0.49868029356
0.487259268761
0.494845181704
0.504829704762
0.470854848623
0.495976805687
0.490942150354
0.505725681782
0.478890508413
0.494169682264
0.47578343749
0.496016263962
0.494669765234
0.493456870317
0.484546422958
0.478220373392
0.485419303179
0.491738975048
0.477454811335
0.490077763796
0.49981623888
0.496338665485
0.481525540352
0.493748992682
0.498037159443
0.490633189678
0.493414491415
0.495990633965
0.474569827318
0.498034805059
0.481866151094
0.482880860567
0.495271325111
0.485083967447
0.478365778923
0.497237950563
0.490471184254
0.469396263361
0.462752282619
0.465134471655
0.472023189068
0.473077327013
0.479517608881
0.477785557508
0.489148169756
0.482314735651
0.47679284215
0.479674816132
0.473905682564
0.475979059935
0.486079603434
0.465631991625
0.485337257385
0.453759402037
0.479549318552
0.473924934864
0.482926815748
0.469047188759
0.467982590199
0.484522759914
0.457677006721
0.476556092501
0.478538572788
0.500108420849
0.463177710772
0.477109760046
0.458791553974
0.467799782753
0.472483962774
0.469654649496
0.466272890568
0.473037868738
0.477755725384
0.48159173131
0.478048443794
0.461660444736
0.47300645709
0.477617561817
0.465667545795
0.4587251544
0.495866507292
0.47835662961
0.464439183474
0.487281024456
0.477894812822
0.460752606392
