0.693136692047
0.690318644047
0.687945842743
0.686296880245
0.685492515564
0.685443043709
0.686172842979
0.685025632381
0.683422982693
0.681702971458
0.679636240005
0.673887252808
0.666350603104
0.658824503422
0.641076803207
0.625811696053
0.606192290783
0.584770560265
0.549952745438
0.517152070999
0.519948124886
0.484657078981
0.540038049221
0.527972400188
0.519943654537
0.453029066324
0.48951664567
0.464666157961
0.510843873024
0.431158870459
0.474903076887
0.466302067041
0.514830827713
0.436378419399
0.43872860074
0.460111826658
0.451985925436
0.501426458359
0.410282194614
0.437317222357
0.436257570982
0.441212713718
0.419424802065
0.428557693958
0.469360768795
0.426651716232
0.452032476664
0.420559614897
0.403037756681
0.406778872013
0.396169424057
0.41040506959
0.423013985157
0.38250118494
0.435356169939
0.400345593691
0.37280267477
0.377571851015
0.378490656614
0.400965929031
0.380750477314
0.373493075371
0.380526423454
0.368658751249
0.403233885765
0.396105200052
0.356432199478
0.375167042017
0.318126857281
0.34081608057
0.322213381529
0.337152719498
0.379433691502
0.309468626976
0.324408024549
0.37305855751
0.317960262299
0.353328466415
0.327338814735
0.406641155481
0.333315253258
0.298940598965
0.32496085763
0.390044510365
0.336915701628
0.31895840168
0.310272723436
0.334053814411
0.352262854576
0.276076346636
0.28302142024
0.349132508039
0.296471685171
0.339791864157
0.318587303162
0.348449915648
0.346661686897
0.305788874626
0.325347691774
0.289901405573
0.292403012514
0.278288751841
0.302520722151
0.28216201067
0.327897012234
0.300182491541
0.308132499456
0.255577325821
0.308281749487
0.281371295452
0.323310136795
0.321802645922
0.294061273336
0.274745821953
0.272113025188
0.274084299803
0.293048530817
0.253897488117
0.285838395357
0.261605918407
0.248552009463
0.275014251471
0.309023946524
0.292927742004
0.285329192877
0.268713563681
0.242803022265
0.269497185946
0.227553635836
0.277124136686
0.289375185966
0.257216334343
0.229516595602
0.255943864584
0.260128438473
0.252107679844
0.299680352211
0.276559025049
0.221114814281
0.283115744591
0.268206834793
0.252513110638
0.269329726696
0.279866933823
0.290374726057
0.248445913196
0.238108411431
0.25107100606
0.29479137063
0.257847547531
0.258768200874
0.27334061265
0.325141787529
0.264951556921
0.240269958973
0.253637343645
0.264983832836
0.287464648485
0.24731567502
0.26171952486
0.251250803471
0.251958787441
0.250547945499
0.262144476175
0.22774925828
0.296127736568
0.247290045023
0.24156332016
0.228974804282
0.262885451317
0.222955361009
0.238282203674
0.231397733092
0.269939005375
0.212655454874
0.225010454655
0.210184276104
0.277344763279
0.26864990592
0.232942864299
0.192413300276
0.18872512877
0.189011067152
0.275493502617
0.225053653121
0.220905482769
0.221574604511
0.256480574608
0.199765726924
0.260717898607
0.268531292677
0.215877622366
0.23463614285
0.197037965059
0.212606400251
0.23737834394
0.219043374062
0.280663847923
0.22528322041
0.184818297625
0.211299806833
0.234597057104
0.199611902237
0.16831086576
0.279982030392
0.190051063895
0.226526767015
0.169202029705
0.167777985334
0.198780894279
0.227608770132
0.183451831341
0.236413255334
0.317172735929
0.226402387023
0.208813920617
0.196999520063
0.215779557824
0.243561193347
0.200143918395
0.254805237055
0.209994658828
0.255423337221
0.23027060926
0.209856763482
0.213982969522
0.197988450527
0.220417708158
0.190104916692
0.197751685977
0.151106327772
0.218978911638
0.177327185869
0.257742136717
0.192318558693
0.198736160994
0.186358273029
0.246814519167
0.180020108819
0.154031395912
0.12563765049
0.210787475109
0.207781195641
0.245825052261
0.221540123224
0.202895373106
0.188775703311
0.204674839973
0.203786641359
0.205737262964
0.151232853532
0.187146410346
0.169160574675
0.212836101651
0.209263905883
0.193382292986
0.217572167516
0.213794767857
0.213751316071
0.199405118823
0.210113957524
0.22162887454
0.213855952024
0.167125985026
0.200891330838
0.134466871619
0.203135088086
0.162597119808
0.198147401214
0.156289190054
0.172347053885
0.178556159139
0.218072354794
0.17490875721
0.168452084064
0.184426277876
0.190003365278
0.172288060188
0.221159547567
0.203346028924
0.177299395204
0.160432577133
0.204771757126
0.248181521893
0.217853799462
0.19325171411
0.183460101485
0.197365120053
0.149379447103
0.180024757981
0.210149779916
0.165292337537
0.137838900089
0.186286181211
0.22500474751
0.166415929794
0.267124682665
0.235900402069
0.185998752713
0.186527788639
0.187778010964
0.221798241138
0.16185593605
0.202286809683
0.197315916419
0.187296405435
0.151347979903
0.209111914039
0.19708392024
0.219903901219
0.175104707479
0.152863353491
0.155126795173
0.170267879963
0.233988583088
0.19868183136
0.185649052262
0.170944720507
0.186208918691
0.181082904339
0.241762563586
0.190588533878
0.155743926764
0.159645929933
0.136189341545
0.155135378242
0.166169121861
0.160523712635
0.159988939762
0.20193092525
0.14314442873
0.137615680695
0.193805083632
0.189394935966
0.16271135211
0.19209343195
0.19391028583
0.115026220679
0.196376889944
0.195480406284
0.140592366457
0.209661155939
0.19660051167
0.208276063204
0.183731332421
0.135598480701
0.226259186864
0.167966067791
0.236423283815
0.144764348865
0.152234703302
0.197918400168
0.17341285944
0.157555833459
0.175452187657
0.229089394212
0.163702726364
0.180739030242
0.202775925398
0.214552268386
0.170600801706
0.192255035043
0.213105097413
0.159771025181
0.186366721988
0.209157094359
0.204727530479
0.16869160533
0.171383485198
0.195606738329
0.158070236444
0.168844431639
0.177008479834
0.155774191022
0.196509242058
0.169043153524
0.167653009295
0.192823499441
0.199927821755
0.213955760002
0.171456202865
0.197938814759
0.183740645647
0.140394762158
0.158224135637
0.138724058867
0.166428610682
0.16661259532
0.137325793505
0.187053054571
0.162833318114
0.170277491212
0.145558565855
0.165991395712
0.163170918822
0.141245573759
0.167222782969
0.134921044111
0.11317820847
0.12649384141
0.14166803658
0.157064124942
0.180899590254
0.146006837487
0.178370252252
0.197116196156
0.132358267903
0.151720136404
0.174517855048
0.171136423945
0.144433870912
0.135342568159
0.171681582928
0.148195981979
0.205891922116
0.110785357654
0.15784662962
0.1449393332
0.187573775649
0.10329746455
0.100558072329
0.215642750263
0.141689911485
0.234273374081
0.187764123082
0.152677103877
0.195806488395
0.113709419966
0.161962270737
0.146456345916
0.128995642066
0.095956325531
0.0890414938331
0.193026423454
0.158660918474
0.144869178534
0.218037456274
0.195869550109
0.17280857265
0.106604106724
0.180381238461
0.194819882512
0.252611547709
0.124997079372
0.132829219103
0.160204410553
0.202142879367
0.182818025351
0.175780937076
0.133544370532
0.165421068668
0.162355110049
0.129774525762
0.180473923683
0.144772276282
0.188354417682
0.162326082587
0.142180666327
0.176225349307
0.15084014833
0.170753076673
0.198737069964
0.149637326598
0.167061820626
0.133941888809
0.108583644032
0.147836118937
0.177474886179
0.130043029785
0.140914767981
0.1249910146
0.111742272973
0.140864476562
0.172811329365
0.145067855716
0.178693115711
0.113679729402
0.134660407901
0.150225862861
0.16797183454
0.247142508626
0.200889870524
0.120456010103
0.142701327801
0.162433072925
0.18363443017
0.109050929546
0.138252526522
0.151528164744
0.168943271041
0.127156406641
0.166699483991
0.159655272961
0.174167722464
0.184105575085
0.15204051137
0.210813641548
0.204811096191
0.16340957582
0.16117657721
