0.693135917187
0.693126678467
0.693105697632
0.693084597588
0.69305574894
0.693044364452
0.693018019199
0.69298350811
0.692981302738
0.692944407463
0.692927420139
0.69289290905
0.692903995514
0.692865312099
0.692846894264
0.692803740501
0.69281065464
0.692771494389
0.692760944366
0.69275701046
0.692694842815
0.69266885519
0.692655146122
0.692625045776
0.692623078823
0.692611694336
0.692572295666
0.692527830601
0.692519724369
0.692520678043
0.692493796349
0.692472577095
0.692432522774
0.692417562008
0.692382216454
0.692354083061
0.692370295525
0.692332804203
0.692314624786
0.692268311977
0.692300319672
0.692263066769
0.692232608795
0.69223511219
0.692169308662
0.692145228386
0.692150294781
0.692115366459
0.692099094391
0.692062139511
0.692036092281
0.692033410072
0.692009329796
0.691957771778
0.691967010498
0.691929221153
0.69193315506
0.691876828671
0.691846907139
0.691819489002
0.691796302795
0.69180303812
0.691776752472
0.691724777222
0.691732287407
0.691663444042
0.691677212715
0.691671073437
0.691623449326
0.691584587097
0.691591143608
0.691582500935
0.691530823708
0.691512703896
0.691491305828
0.691457390785
0.691432058811
0.691428422928
0.691415607929
0.691371619701
0.691367089748
0.691352188587
0.691296815872
0.691278815269
0.691244602203
0.691224455833
0.691197216511
0.691200494766
0.691171944141
0.691151022911
0.691138386726
0.691076874733
0.691084384918
0.691039443016
0.691025137901
0.691004931927
0.690999090672
0.690948724747
0.690949499607
0.690916717052
0.6909096241
0.690872609615
0.690865397453
0.690823912621
0.690804183483
0.690794944763
0.690754652023
0.690738081932
0.690673470497
0.690702021122
0.690669953823
0.690651655197
0.690613985062
0.690608024597
0.690565884113
0.69058328867
0.690521299839
0.690541863441
0.690506100655
0.690467059612
0.690450072289
0.69040364027
0.690392374992
0.690349459648
0.690364658833
0.690323829651
0.69030636549
0.690320193768
0.690274715424
0.690233767033
0.69027119875
0.690222859383
0.690176904202
0.690211296082
0.69016289711
0.690119087696
0.690122306347
0.690033257008
0.690124154091
0.690025985241
0.690042436123
0.690021514893
0.689981877804
0.689994871616
0.689888477325
0.689891397953
0.689928233624
0.689806103706
0.689851045609
0.689833462238
0.689799249172
0.689779818058
0.689728438854
0.689723014832
0.689674139023
0.689593374729
0.689742088318
0.689668953419
0.689650058746
0.689613461494
0.689611434937
0.689569830894
0.689512610435
0.689503490925
0.68948495388
0.689441800117
0.689487338066
0.689416527748
0.689425706863
0.689373135567
0.689412355423
0.689364552498
0.689342677593
0.689261257648
0.68921905756
0.689252436161
0.68924754858
0.68914693594
0.689168512821
0.689216554165
0.689130246639
0.689038038254
0.689137995243
0.689038515091
0.688999891281
0.689037024975
0.689011454582
0.688959717751
0.688977956772
0.688893258572
0.688959062099
0.688889503479
0.688919484615
0.688799381256
0.688877463341
0.688800811768
0.688801229
0.688681781292
0.688769876957
0.688737988472
0.688731372356
0.68874335289
0.68858897686
0.688662648201
0.688618004322
0.688600540161
0.688591063023
0.688415408134
0.688493430614
0.688507676125
0.688566505909
0.688533186913
0.68846064806
0.688314914703
0.688317000866
0.688289940357
0.68839931488
0.688210844994
0.688411355019
0.688274085522
0.688211858273
0.688207685947
0.68817448616
0.688281536102
0.688220083714
0.688212752342
0.688195288181
0.688046813011
0.688032627106
0.68803113699
0.688174128532
0.68811249733
0.688003599644
0.688033521175
0.687912583351
0.687950491905
0.687843561172
0.687738418579
0.687946379185
0.687850415707
0.6878516078
0.687766492367
0.687729775906
0.687857449055
0.687757372856
0.687800586224
0.687770962715
0.687762081623
0.687643527985
0.687819480896
0.687795221806
0.687810242176
0.687847018242
0.687710225582
0.687919557095
0.687957167625
0.687792122364
0.687603890896
0.687803447247
0.687645673752
0.687581598759
0.687765300274
0.687754690647
0.68779027462
0.687632918358
0.687580883503
0.68786072731
0.68771392107
0.687660753727
0.687588274479
0.687872767448
0.687743425369
0.687618136406
0.687761723995
0.687693834305
0.687724649906
0.687620937824
0.687673926353
0.687796294689
0.687793254852
0.687809884548
0.687545537949
0.687650799751
0.687763988972
0.687734603882
0.687922954559
0.687752246857
0.687706172466
0.687665402889
0.687684297562
0.687509179115
0.687773823738
0.687692940235
0.687814414501
0.687767505646
0.687508761883
0.687587380409
0.687707960606
0.687867224216
0.687702178955
