0.73669731617
0.712182641029
0.724310278893
0.708442032337
0.696359157562
0.708826899529
0.696563601494
0.686670660973
0.688581228256
0.680657684803
0.6969627738
0.673254966736
0.668762624264
0.670742034912
0.668536424637
0.676219046116
0.664937317371
0.669184982777
0.668779551983
0.670271873474
0.650740385056
0.652313828468
0.674694359303
0.664814949036
0.649894177914
0.655483782291
0.657203555107
0.653433084488
0.637355029583
0.641835272312
0.647227942944
0.652511537075
0.639435827732
0.650418043137
0.632076859474
0.651006340981
0.636188626289
0.645299494267
0.620295166969
0.629019081593
0.633742630482
0.625322580338
0.618320703506
0.620094180107
0.620824575424
0.634163856506
0.656571626663
0.635889410973
0.630812764168
0.624057590961
