0.717028200626
0.672093808651
0.643718659878
0.643402934074
0.644828557968
0.619447112083
0.606077075005
0.592214465141
0.565550982952
0.555300235748
0.514788269997
0.519192755222
0.508099973202
0.511125028133
0.456837058067
0.403115779161
0.405589938164
0.387642085552
0.359112620354
0.393558472395
0.384530067444
0.3392829597
0.321120142937
0.295883119106
0.256974965334
0.275579333305
0.244007349014
0.26569250226
0.211266770959
0.248523712158
0.213044196367
0.278370380402
0.236476168036
0.175654828548
0.24634347856
0.190839931369
0.15301990509
0.249215975404
0.182189583778
0.19745105505
0.139059960842
0.216950297356
0.246694654226
0.197574838996
0.147532582283
0.0917303934693
0.13306607306
0.139055132866
0.161645874381
0.101270742714
0.120000436902
0.10452632606
0.122421197593
0.124192774296
0.11146825552
0.102962143719
0.100959256291
0.0856564715505
0.19644574821
0.0807801112533
0.149386525154
0.0755395367742
0.0832522213459
0.0629652068019
0.074126213789
0.0867550000548
0.0672221034765
0.0866027921438
0.123381190002
0.0555817894638
0.0611642971635
0.0596112981439
0.0816437900066
0.0930321216583
0.0996647700667
0.0812775492668
0.067134976387
0.0617239587009
0.0587091594934
0.0899479165673
0.0715136229992
0.0368360243738
0.0405053272843
0.0769712179899
0.0555403977633
0.0403462387621
0.0805967673659
0.0513873882592
0.0562221072614
0.0381813384593
0.0721703767776
0.0504745431244
0.0549437366426
0.039609991014
0.0800214409828
0.0664011612535
0.0733018815517
0.0415658354759
0.0858651846647
0.0359661877155
0.0485558211803
0.0681390911341
0.024910915643
0.0438642166555
0.04708154127
0.0664851367474
0.0195329021662
0.0589818805456
0.0454210974276
0.0391374342144
0.0642571225762
0.0946019589901
0.0485123284161
0.0442458353937
0.0503107905388
0.0151967545971
0.064682520926
0.0919003114104
0.0597574748099
0.0328298956156
0.036808103323
0.075124040246
0.0393184944987
0.0411461628973
0.0400529801846
0.0406626276672
0.023679388687
0.0491325110197
0.0726230889559
0.0266003347933
0.0479159317911
0.0259998552501
0.0157948024571
0.0895372927189
0.101487524807
0.0753695145249
0.115101233125
0.103601880372
0.0396006479859
0.0516753457487
0.108803518116
0.0981281921268
0.0453296713531
0.0444140657783
0.0573584772646
0.0427687913179
0.0828080624342
0.080571308732
0.0754571557045
0.0981131419539
0.0665870457888
0.034213848412
0.0230842921883
0.028539635241
0.0550932437181
0.0415755212307
0.0303794946522
0.0576603114605
0.0589402876794
0.0562189668417
0.132307082415
0.0898478627205
0.0474206320941
0.0327562950552
0.0267433524132
0.0442154593766
0.0249884799123
0.0808793604374
0.00912760850042
0.0184775367379
0.0687201619148
0.018055928871
0.0249731689692
0.0113526890054
0.0688108131289
0.0277371369302
0.047303520143
0.0617569796741
0.0228058323264
0.0206465423107
0.0290911179036
0.0634964630008
0.026113672182
0.0953172445297
0.0434089675546
0.0247522499412
0.0296561419964
0.0293111670762
0.0362352803349
0.0175676457584
0.0097067495808
0.0176495369524
0.0562749914825
0.0171337481588
0.0360014215112
0.0212553068995
0.0156430136412
0.0303060859442
0.0498933047056
0.0298298224807
