0.693147242069
0.693103909492
0.693061649799
0.693019092083
0.692976295948
0.692933559418
0.692890882492
0.692848145962
0.692805469036
0.692763030529
0.692720592022
0.692678153515
0.692635953426
0.692593991756
0.692551970482
0.692510008812
0.69246840477
0.692426860332
0.692385435104
0.692344129086
0.692302882671
0.692261755466
0.69222086668
0.692180216312
0.692139565945
0.692099094391
0.692058742046
0.692018508911
0.691978514194
0.691938579082
0.691898822784
0.691859304905
0.69181984663
0.691780567169
0.691741347313
0.691702365875
0.691663563251
0.691624760628
0.691586375237
0.691547989845
0.691509723663
0.691471576691
0.691433668137
0.691395998001
0.691358327866
0.691320776939
0.691283524036
0.691246390343
0.691209316254
0.691172361374
0.691135764122
0.691099286079
0.691062808037
0.691026568413
0.690990328789
0.690954446793
0.690918803215
0.690883040428
0.690847575665
0.690812110901
0.690777003765
0.690742015839
0.690707027912
0.690672338009
0.69063782692
0.69060331583
0.690569102764
0.690534949303
0.690500974655
0.690467178822
0.690433561802
0.690400004387
0.690366566181
0.690333306789
0.690300166607
0.690267324448
0.690234661102
0.690201997757
0.69016957283
0.690137147903
0.690105080605
0.690073013306
0.690041124821
0.69000941515
0.689977884293
0.689946472645
0.689915180206
0.689884185791
0.689853131771
0.68982231617
0.689791619778
0.689761042595
0.689730703831
0.689700365067
0.68967038393
0.689640462399
0.689610600471
0.689580976963
0.689551532269
0.689522147179
0.689492881298
0.689463913441
0.689434885979
0.689406216145
0.68937754631
0.68934905529
0.689320802689
0.689292550087
0.689264595509
0.689236700535
0.68920892477
0.689181268215
0.689153909683
0.689126491547
0.689099371433
0.689072310925
0.68904542923
0.689018726349
0.688992083073
0.688965559006
0.688939392567
0.688913166523
0.688887238503
0.688861250877
0.688835501671
0.688809871674
0.688784480095
0.688759207726
0.688734054565
0.68870896101
0.688684105873
0.688659369946
0.688634812832
0.688610255718
0.688585877419
0.688561737537
0.688537597656
0.688513636589
0.688489973545
0.688466310501
0.688442826271
0.688419401646
0.688396155834
0.688373088837
0.688350200653
0.688327372074
0.688304722309
0.688282072544
0.688259661198
0.688237428665
0.688215315342
0.688193261623
0.688171386719
0.688149631023
0.688128054142
0.688106536865
0.688085198402
0.688063979149
0.688042938709
0.688022077084
0.688001155853
0.687980473042
0.687959909439
0.687939465046
0.687919199467
0.687899112701
0.687879025936
0.687859117985
0.687839329243
0.687819778919
0.6878002882
0.687780916691
0.687761604786
0.6877425313
0.687723517418
0.687704563141
0.687685787678
0.687667310238
0.687648713589
0.687630355358
0.687612116337
0.68759393692
0.687575936317
0.687558054924
0.687540352345
0.687522649765
0.687505185604
0.687487781048
0.687470495701
0.687453389168
0.687436461449
0.687419474125
0.68740272522
0.687385976315
0.687369465828
0.687353074551
0.687336742878
0.687320590019
0.68730455637
0.68728852272
0.687272727489
0.687257051468
0.687241435051
0.687225937843
0.68721061945
0.687195241451
0.687180161476
0.687165021896
0.68715018034
0.687135398388
0.687120676041
0.687106072903
0.687091648579
0.687077224255
0.687063097954
0.687048912048
0.687034785748
0.68702095747
0.687006950378
0.686993360519
0.68697977066
0.686966300011
0.686952888966
0.686939656734
0.686926484108
0.686913490295
0.686900436878
0.686887562275
0.68687492609
0.686862170696
0.68684977293
0.68683719635
0.686824917793
0.686812698841
0.686800479889
0.686788439751
0.686776518822
0.686764776707
0.686752974987
0.686741352081
0.68672990799
0.686728656292
0.686727523804
0.686726331711
0.686725199223
0.686724126339
0.686722993851
0.686721861362
0.68672066927
0.686719596386
0.686718463898
0.686717331409
0.686716198921
0.686715185642
0.686713993549
0.686712920666
0.686711728573
0.686710655689
0.686709523201
0.686708390713
0.686707258224
0.686706185341
0.686705052853
0.686703920364
0.686702907085
0.686701774597
0.686700582504
0.686699569225
0.686698377132
0.686697304249
0.686696112156
0.686695098877
0.686693966389
0.6866928339
0.686691641808
0.686690628529
0.686689555645
0.686688363552
0.686687350273
0.68668615818
0.686685085297
0.686683893204
0.686682701111
0.686681747437
0.686680555344
0.686679601669
0.686678349972
0.686677277088
0.686676025391
0.686675012112
0.686673879623
0.686672747135
0.686671733856
0.686670601368
0.68666946888
0.686668276787
0.686667263508
0.68666613102
0.686664998531
0.686663806438
