0.693342208862
0.69316470623
0.693284928799
0.6931899786
0.693026423454
0.693090081215
0.692818462849
0.69293576479
0.69280308485
0.692746341228
0.692660272121
0.692602694035
0.692519783974
0.692543745041
0.692383944988
0.692506790161
0.692253172398
0.692010343075
0.692053973675
0.692089557648
0.691966116428
0.691991984844
0.691872358322
0.691619932652
0.691607892513
0.6916051507
0.691672921181
0.691282391548
0.691413938999
0.691315412521
0.691238164902
0.691059291363
0.691042125225
0.690963685513
0.690868556499
0.691023230553
0.691101670265
0.690886259079
0.690648674965
0.690584480762
0.690413296223
0.69056636095
0.690561294556
0.690192759037
0.690457284451
0.690304517746
0.690150439739
0.690317988396
0.690058410168
0.690006136894
0.689746975899
0.689819872379
0.689769387245
0.689746677876
0.689661562443
0.689610779285
0.689565837383
0.689442694187
0.689552366734
0.689493894577
0.689525306225
0.688918352127
0.68943721056
0.689345002174
0.688980638981
0.689034283161
0.689091801643
0.689131736755
0.689025998116
0.68892121315
0.688701927662
0.689236283302
0.688910484314
0.688665628433
0.688880264759
0.688611149788
0.688625514507
0.688637495041
0.688348412514
0.688209474087
0.688087582588
0.688341677189
0.687962532043
0.687990784645
0.688375234604
0.688307762146
0.687926352024
0.687960743904
0.687987029552
0.688088476658
0.687723696232
0.687812745571
0.687552630901
0.687359929085
0.687459051609
0.687645494938
0.687324464321
0.687394022942
0.687561452389
0.68730789423
0.687561929226
0.686754465103
0.68695795536
0.686668455601
0.687236189842
0.687024235725
0.687263309956
0.687140464783
0.686640977859
0.687147498131
0.686734437943
0.687083482742
0.686702609062
0.68601578474
0.685884475708
0.68625497818
0.686734974384
0.686698436737
0.686216115952
0.686079025269
0.68620288372
0.686673045158
0.686013579369
0.685618340969
0.685966253281
0.685904622078
0.68670630455
0.685718357563
0.686620473862
0.686086535454
0.6863540411
0.685595452785
0.685189425945
0.685196280479
0.685787320137
0.68614166975
0.686235845089
0.686895012856
0.686323285103
0.686129510403
0.684952318668
0.686534762383
0.685548126698
0.685458064079
0.685099303722
0.68590092659
0.685835659504
0.685703575611
0.684412539005
0.68514829874
0.68506705761
0.685859501362
0.685346066952
0.685607492924
0.685937345028
0.687770068645
0.684548556805
0.685156822205
0.685194194317
0.685294449329
0.685595691204
0.68456274271
0.68561476469
0.684809446335
0.684011757374
0.684728682041
0.685868620872
0.683019638062
0.684443414211
0.684858202934
0.68550491333
0.683747589588
0.685133457184
0.684761822224
0.684391796589
0.683457553387
0.684492886066
0.685242116451
0.686179280281
0.684456527233
0.684054553509
0.683622956276
0.683324754238
0.683354377747
0.68475908041
0.685819029808
0.683313012123
0.683901309967
0.684114396572
0.684872210026
0.684568822384
0.684306502342
0.683909654617
0.68454927206
0.685581982136
0.686737895012
0.685650467873
0.685851931572
0.68504101038
0.684341669083
