0.686115860939
0.682088494301
0.682362496853
0.68442606926
0.675123333931
0.676996171474
0.673797011375
0.671574294567
0.673870325089
0.672120094299
0.667148351669
0.662459492683
0.656723916531
0.656903505325
0.656000971794
0.658072650433
0.657224655151
0.647054255009
0.651068270206
0.64473503828
0.659215867519
0.639756858349
0.646595001221
0.634070575237
0.631224572659
0.633138418198
0.634396016598
0.6250192523
0.61566400528
0.623236835003
0.623215436935
0.614142358303
0.628890633583
0.617835342884
0.615855693817
0.602563083172
0.589458107948
0.613028228283
0.604553699493
0.597878813744
0.588541924953
0.604881048203
0.5690574646
0.586075305939
0.574755489826
0.578097581863
0.582262277603
0.580165743828
0.555116593838
0.576513171196
0.584823012352
0.551723003387
0.556433320045
0.566959142685
0.551706314087
0.550114154816
0.536399006844
0.551914334297
0.568658232689
0.540293037891
0.520449757576
0.529535531998
0.535812854767
0.546674311161
0.525465786457
0.523506641388
0.535842955112
0.541205883026
0.513370811939
0.519292116165
0.510158836842
0.500475764275
0.506237149239
0.499567627907
0.483129054308
0.504136264324
0.492000937462
0.481623440981
0.498314380646
0.488962173462
0.509330868721
0.48115375638
0.479970633984
0.446560233831
0.478306174278
0.460969656706
0.470022588968
0.451902836561
0.489700466394
0.469318062067
0.459259599447
0.457266837358
0.42913043499
0.431601583958
0.439220190048
0.43195182085
0.409703850746
0.416994720697
0.402572274208
0.393741846085
0.390845179558
0.402146905661
0.411499321461
0.415358006954
0.385443776846
0.385197401047
0.402243554592
0.3659517169
0.385060936213
0.388436675072
0.372627526522
0.37460103631
0.337309837341
0.33383539319
0.356020152569
0.323780179024
0.344251692295
0.370315223932
0.355724424124
0.340276628733
0.312940388918
0.375376701355
0.32447218895
0.314195096493
0.326623529196
0.299135029316
0.322833448648
0.281773209572
0.289191812277
0.303672611713
0.33998966217
0.312822580338
0.288120150566
0.281342864037
0.315305829048
0.314967751503
0.271966934204
0.253574579954
0.282253533602
0.284221023321
0.291265785694
0.3092841506
0.259863644838
0.36579105258
0.229534223676
0.244490325451
0.2361048311
0.238613560796
0.248180106282
0.240615606308
0.225651994348
0.265592426062
0.308045834303
0.22263020277
0.260602325201
0.256090581417
0.247962772846
0.247688919306
0.24436417222
0.266524732113
0.252566069365
0.225870624185
0.220547541976
0.221101522446
0.241199433804
0.231497138739
0.250248521566
0.183598175645
0.222929015756
0.221390813589
0.257667690516
0.180214509368
0.216446697712
0.210297808051
0.199340209365
0.243353500962
0.191382437944
0.245510011911
0.205120995641
0.228722020984
0.164060682058
0.215038314462
0.212436854839
0.172621756792
0.17721824348
0.203251779079
0.16316409409
0.194259792566
0.158469468355
0.187904179096
0.186359196901
0.23332747817
0.219398647547
0.209287256002
0.188206925988
0.197894439101
0.18577478826
0.173586368561
0.16686218977
0.172415494919
0.155611813068
0.194559440017
0.19577562809
0.157828211784
0.200512781739
0.177722111344
0.145013675094
0.148372575641
0.143276825547
0.209017798305
0.133299157023
0.138662934303
0.126299440861
0.14911237359
0.147378504276
0.195587784052
0.234469935298
0.183932229877
0.163249522448
0.14165596664
0.162515893579
0.191701710224
0.121027767658
0.163619443774
0.191770419478
0.191003888845
0.144694924355
0.149194508791
0.131221309304
0.161425217986
0.183324635029
0.148146137595
0.113322772086
0.147235974669
0.127842888236
0.171487316489
0.125826492906
0.129368409514
0.118341736495
0.185522571206
0.117247700691
0.0935378074646
0.153977349401
0.134521514177
0.131266191602
0.130571395159
0.13728249073
0.134937763214
0.105120003223
0.162490665913
0.146638214588
0.14947578311
0.125726610422
0.148601606488
0.121620863676
0.140004426241
0.111289486289
0.124532483518
0.126302778721
0.137815013528
0.122024014592
0.137473031878
0.127015039325
0.142329469323
0.118181779981
0.105656005442
0.132163032889
0.108248159289
0.138133272529
0.154213935137
0.0865444988012
0.104700423777
0.0874602794647
0.125684008002
0.143409252167
0.112805262208
0.118311107159
0.128429338336
0.101720020175
0.121575623751
0.137938901782
0.124737732112
0.105555519462
0.12188488245
0.117057353258
0.128987759352
0.0889435559511
0.126415148377
0.0713433772326
0.107046805322
0.113532647491
0.115616172552
0.0601799041033
0.165327548981
0.0860555395484
0.099862203002
0.0635613948107
0.104619115591
0.069631010294
0.0846412926912
0.107905395329
0.141810372472
0.122835822403
0.0961957871914
0.105429925025
0.134918510914
0.0881236568093
0.102494567633
0.110651507974
0.123393572867
0.141819894314
0.0873650684953
0.156225696206
0.132915571332
0.126357883215
0.113984175026
0.0880569368601
0.122689127922
0.22774001956
0.159991338849
0.0914774760604
0.122523024678
0.0969322025776
0.0825877487659
0.105952009559
0.103383243084
0.118553683162
0.0834264084697
0.081113435328
0.152499899268
0.10587067157
0.0873575136065
0.112546391785
0.134717673063
0.0988003462553
0.136283054948
0.102572984993
0.0962570160627
0.0655292719603
0.0740830600262
0.140030309558
0.105386555195
0.0795916989446
0.0972142070532
0.0998115390539
0.122444748878
0.11862206459
0.0774725675583
0.073653228581
0.0984269455075
0.0610869005322
0.101861312985
0.0566527917981
0.110470309854
0.103019841015
0.0753671005368
0.0817541331053
0.0568758398294
0.0746103599668
0.0795129537582
0.0479689985514
0.11387296766
0.0855039060116
0.0595470331609
0.101912856102
0.0787151157856
0.0789665952325
0.0680024027824
0.10247566551
0.152281761169
0.10560144484
0.0859426558018
0.104042842984
0.0739284902811
0.0947651192546
0.0874594599009
0.0921831652522
0.0715914592147
0.10918032378
0.119751639664
0.112342491746
0.127683743834
0.0984686687589
0.0597864761949
0.0813841372728
0.094516672194
0.0899907723069
0.0759924501181
0.0523848831654
0.126923024654
0.0492807328701
0.0963070690632
0.0778757184744
0.100841298699
0.0743273347616
0.0768900290132
0.109247177839
0.0733820647001
0.132075637579
0.117082566023
0.0874503701925
0.0912457332015
0.0750685632229
0.0800193622708
0.157611489296
0.0636362209916
0.0895310863853
0.0982090309262
0.112153679132
0.113336838782
0.0726511776447
0.0923847183585
0.0984587520361
0.0901087298989
0.0526980943978
0.0933877304196
0.124330379069
0.0809349045157
0.11767732352
0.0766609832644
0.0555106326938
0.0693557783961
0.0770146921277
0.0697846114635
0.105212070048
0.087574467063
0.073495388031
0.0481912083924
0.0574222952127
0.0697858780622
0.109338238835
0.0535421036184
0.0917723327875
0.0835214406252
0.0756333246827
0.0782589390874
0.128474667668
0.0550171844661
0.0381590314209
0.0786238536239
0.112697914243
0.040448307991
0.0555650889874
0.078936599195
0.0489494837821
0.0476231127977
0.0542304292321
0.0909404829144
0.0346772186458
0.0405260398984
0.0609312951565
0.0668254122138
0.0497033298016
0.0387710034847
0.0678386539221
0.0493867471814
0.0722179710865
0.0765717923641
0.0516206137836
0.0389930717647
0.0817705839872
0.0864429920912
0.048831038177
0.0814037024975
0.0943210572004
0.0411239266396
0.0539877712727
0.0685075744987
0.0670616403222
0.0577076002955
0.0634654909372
0.076292514801
0.078992985189
0.0612322837114
0.0825617164373
0.0552286095917
0.0745786651969
0.0489324182272
0.0874472856522
0.043990585953
0.0823832824826
0.0630227550864
0.0342867039144
0.0402349047363
0.0576945319772
0.137484803796
0.083574488759
0.0899439007044
0.0636072456837
0.0326874256134
0.07767290622
0.0345107093453
0.0347560420632
0.0607895627618
0.106267340481
0.101468630135
0.0665827021003
0.0679286196828
0.0793964192271
0.0953413397074
0.0662813708186
0.0675012022257
0.0444274544716
0.0767525434494
0.0890816301107
0.0820759162307
0.0536334887147
0.0307568386197
0.0543038249016
0.0671000555158
0.0699883550406
0.0453879237175
0.0431248508394
0.0442033335567
0.0553168356419
0.0583696365356
0.0712646394968
0.0669393464923
0.0880345106125
0.0302082244307
0.0696551129222
0.0504622682929
0.0626192390919
0.0705226510763
0.0502186901867
0.0503709502518
0.0569484867156
0.0449306480587
0.09705491364
0.0511110723019
0.0644015073776
0.058417506516
0.0405533947051
0.0515169203281
0.0508853532374
0.0492331720889
0.0682868584991
0.0228811502457
0.0398620590568
0.052330724895
0.0468954071403
0.0816282480955
0.0856084898114
0.0586855784059
0.0316810645163
0.07291970402
0.0475474968553
0.0862740203738
0.0418073944747
0.0423531383276
0.0295796971768
0.05488999933
0.0392738096416
0.0703223571181
0.0585100390017
0.0760832726955
0.103539340198
0.073858872056
0.0472727268934
0.0329838916659
0.0458858013153
0.0458111986518
0.0785265862942
0.0562084056437
0.0372957959771
0.0843966975808
0.0787542760372
0.0410924069583
0.0575616322458
0.0503630228341
0.0407198369503
0.0230807196349
0.0660756602883
0.0672148391604
0.0680971369147
0.0788725167513
0.0315898284316
0.104066960514
0.0887092575431
0.0554688237607
0.0643918290734
0.0345217324793
0.0527153648436
0.0570269525051
0.0468127988279
0.0315800346434
0.029383033514
0.0512716844678
0.0430679060519
0.0689661353827
0.0379340462387
0.0667364448309
0.0384189635515
0.0448615513742
0.0408081524074
0.053527534008
0.0513504184783
0.0311820097268
0.0534639880061
0.0608248189092
0.0432821139693
0.0180484037846
0.0549154095352
0.03430589661
0.0580573156476
0.0514063239098
0.0336914658546
0.0274097565562
0.0665013641119
0.0217229425907
0.0600250996649
0.0615922361612
0.0651199817657
0.0385669618845
0.0661526545882
0.0323667153716
0.057898234576
0.0252393446863
0.0370844043791
0.0313689522445
0.0292999632657
0.0321888513863
0.053296290338
0.022019803524
0.0457416810095
0.0341794602573
0.0539689511061
0.0627083927393
0.0393878668547
0.0176422819495
0.0358771122992
0.0528785139322
0.0304418932647
0.0396051481366
0.0613675899804
0.0425752550364
0.0112375570461
0.114028997719
0.0280475243926
0.0698561891913
0.0290890410542
0.060547247529
0.0627438649535
0.0142643395811
0.0205271504819
0.0545810870826
0.0507423020899
0.0522047877312
0.0617298223078
0.067174911499
0.0471328347921
0.0461676940322
0.054048076272
0.0691580176353
0.0601576268673
0.0263685081154
0.0228457674384
0.0176174100488
0.151408672333
0.0444043539464
0.0195752251893
0.0296508744359
0.0552514903247
0.0219240672886
0.0621608346701
0.0475924238563
0.0268624704331
0.0391963012516
0.0637697800994
0.0508111454546
0.0634999275208
0.078613422811
0.0296432822943
0.0735053420067
0.0276599191129
0.053123768419
0.0275660026819
0.0508236289024
0.0299736838788
0.0236228518188
0.0362348631024
0.0478025712073
0.0319558270276
0.0194607693702
0.0437980666757
0.0150132430717
0.0226779021323
0.0316003225744
0.0516905263066
0.100635267794
0.0568789318204
0.0365949161351
0.0286196563393
0.053207423538
0.0418763309717
0.103403136134
0.0323691181839
0.0392874777317
0.0312588512897
0.0455094352365
0.0226269457489
0.0920694768429
0.0330513268709
0.108072213829
0.0614606626332
0.0211363770068
0.0360905453563
0.0329659245908
0.0346504710615
0.0800028368831
0.0439318269491
0.0134483473375
0.0320660956204
0.01760334149
0.0579423159361
0.0261329971254
0.0279620382935
0.0196347907186
0.0646029412746
0.0339262671769
0.0774176418781
0.0597161874175
0.0339503847063
0.0803162008524
0.0181702245027
0.0128638148308
0.0757070928812
0.0746706277132
0.0485587343574
0.0295310486108
0.0512097626925
0.0296273138374
0.0407764241099
0.0371801927686
0.0199317149818
0.0452748835087
0.023702384904
0.0494603551924
0.0341367274523
0.0345346480608
0.0745166763663
0.041203726083
0.0701528266072
0.059251960367
0.0378705635667
0.0660175308585
0.0256062150002
0.0281703043729
0.0320303663611
0.0217988472432
0.0620388947427
0.0367055982351
0.0258313380182
0.0237823836505
0.0561906732619
0.0350963510573
0.0331785418093
0.0193849857897
0.0676378980279
0.0443957485259
0.0365033783019
0.0683530494571
0.0215234272182
0.0175657905638
0.05377401039
0.0607036948204
0.0749564394355
0.0491025708616
0.0474352017045
0.0335207208991
0.0818528160453
0.0471276603639
0.0364193320274
0.0149216456339
0.0197734516114
0.0607147142291
0.0188770610839
0.0412913858891
0.0422584526241
0.0257639996707
0.0630190894008
0.010406174697
0.0596436932683
0.0428949855268
0.0325555279851
0.0335663184524
0.0483661368489
0.0205522682518
0.0414623320103
0.060688380152
0.0416004471481
0.0562214553356
0.10980142653
0.0167397111654
0.0398854799569
0.0577670782804
0.0190224479884
0.0577406063676
0.066724024713
0.0225968398154
0.0445601455867
0.0306449793279
0.0176047496498
0.0403117761016
0.0351186133921
0.0128708668053
0.0219160504639
0.0185435730964
0.049540579319
0.0215847473592
0.0176724698395
0.0572095960379
0.0595905669034
0.0403247177601
0.0296185631305
0.0351317860186
0.0501457042992
0.0653782635927
0.105048507452
0.0392589755356
0.045349303633
0.0932106599212
0.0691554024816
0.0227052085102
0.0189389679581
0.0055305887945
0.0178196653724
0.0319147817791
0.011504794471
0.017961114645
0.0297756288201
0.0457002036273
0.0602090060711
0.0682834610343
0.0321834906936
0.0504014752805
0.0250068120658
0.0300378389657
0.0425379090011
0.023857312277
0.0176843497902
0.0382394567132
0.0421815179288
0.0387188754976
0.0429548211396
0.0323408171535
0.0557404123247
0.0132236965001
0.0312931127846
0.0255924593657
0.029723579064
0.0314538925886
0.00957392994314
0.0378982014954
0.0614801496267
0.040070604533
0.0405525565147
0.0443713665009
0.0257940888405
0.0218924321234
0.0486006960273
0.0484977178276
0.0264758318663
0.0189782064408
0.0266274251044
0.0283071827143
0.0199716854841
0.0390402302146
0.0181778203696
0.00812727306038
0.0423543900251
0.0312953554094
0.0235813464969
0.0390865914524
0.0104416944087
0.0303711518645
0.0486951284111
0.0301991812885
0.0466432347894
0.0451324470341
0.0252463128418
0.0234919898212
0.0200647991151
0.0160422958434
0.0273344777524
0.054631575942
0.0119629204273
0.107465691864
0.0381757318974
0.0407893434167
0.0915488824248
0.0186242647469
0.0371786169708
0.0322330631316
0.0519000999629
0.0444410666823
0.027492409572
0.0329848527908
0.0598575510085
0.0240812879056
0.0493771843612
0.0434860289097
0.0156675558537
0.032577611506
0.00729954335839
0.02129243128
0.0135181518272
0.0186759158969
0.0533680133522
0.0537156909704
0.0305335465819
0.0285043604672
0.0384350083768
0.0273531377316
0.0576032139361
0.0119345784187
0.0185583438724
0.0293252393603
0.0373749695718
0.0134364021942
0.0357891656458
0.0289624426514
0.0150928059593
0.0722637176514
0.0374501049519
0.0281689558178
0.0219791363925
0.00776999536902
0.0397572182119
0.0189425591379
0.0156578309834
0.056080289185
0.0504888594151
0.0152857406065
0.0461968295276
0.0561165288091
0.0380319394171
0.0160789117217
0.0256096534431
0.0675707384944
0.032530028373
0.0260261446238
0.0406148396432
0.00878092925996
0.0373995602131
0.0283851400018
0.0261275079101
0.0114512462169
0.0312141142786
0.0216823630035
0.018653254956
0.0232266224921
0.0267923194915
0.0353199020028
0.0365940481424
0.00968430936337
0.0459531210363
0.0328832007945
0.0591993667185
0.0194678939879
0.0260064378381
0.0355633124709
0.0268577188253
0.018145667389
0.0585784092546
0.0723247379065
0.0247954279184
0.0142689030617
0.0108310133219
0.0432369187474
0.0422455109656
0.0200100764632
0.0513087287545
0.0112907197326
0.0177831836045
0.0335476696491
0.0264747086912
0.0522024556994
0.0231238100678
0.0212043840438
0.0295462477952
0.0197050832212
0.0273370910436
0.0289068501443
0.0197477024049
0.00996327959001
0.0167388692498
0.0222435370088
0.0377877950668
0.0310311578214
0.0316429175436
0.0285406615585
0.0118211591616
0.0135706886649
0.0516397021711
0.0221730805933
0.0237547662109
0.0400833748281
0.045196633786
0.0305267497897
