0.692215621471
0.692133843899
0.692051649094
0.691968202591
0.691884934902
0.691801965237
0.691716194153
0.691633045673
0.691556632519
0.69148093462
0.691401183605
0.691321313381
0.691240549088
0.691158294678
0.69107657671
0.69099676609
0.690917313099
0.690837562084
0.690757811069
0.690680027008
0.690602898598
0.690526127815
0.690451920033
0.690379500389
0.690306127071
0.690233945847
0.690163075924
0.690091788769
0.6900203228
0.68995565176
0.689891636372
0.689823508263
0.689754605293
0.68968552351
0.689619421959
0.689554452896
0.689491391182
0.689429879189
0.689370155334
0.689314067364
0.689263343811
0.689212679863
0.689161598682
0.689108550549
0.689052224159
0.688996911049
0.688938140869
0.688877880573
0.688815653324
0.688755333424
0.688698649406
0.688640892506
0.688582122326
0.688522398472
0.688460588455
0.688399851322
0.688338279724
0.688276290894
0.688213288784
0.688149571419
0.688087701797
0.688025057316
0.687962532043
0.687899708748
0.687837183475
0.687774717808
0.687712073326
0.687649905682
0.687591850758
0.687532961369
0.687473654747
0.687414646149
0.687354981899
0.68729442358
0.68723487854
0.687175035477
0.687114834785
0.687053203583
0.686991274357
0.686926364899
0.686855912209
0.686786472797
0.686716914177
0.686645150185
0.686571121216
0.686497807503
0.686426818371
0.686356008053
0.686281383038
0.686204731464
0.686125874519
0.68604773283
0.685972213745
0.685897409916
0.685821831226
0.685748875141
0.685675501823
0.685601353645
0.685526132584
0.685451209545
0.685376942158
0.685302197933
0.685227632523
0.685153722763
0.685077726841
0.685000777245
0.684925436974
0.684850633144
0.684775233269
0.684700787067
0.684628009796
0.684554159641
0.684477448463
0.684399843216
0.68432366848
0.684247851372
0.684171438217
0.684094965458
0.684018552303
0.683941960335
0.683866679668
0.683794021606
0.683720827103
0.683646917343
0.683573722839
0.683501303196
0.683428943157
0.683356583118
0.683286428452
0.683216869831
0.683146953583
0.683076262474
0.683005154133
0.682932794094
0.682860374451
0.682787179947
0.682713329792
0.682640731335
0.682567477226
0.682492375374
0.682417273521
0.682341814041
0.682266354561
0.682185530663
0.68210208416
0.682015299797
0.681927919388
0.681839883327
0.681758999825
0.681678414345
0.681596934795
0.681515216827
0.681433975697
0.681353747845
0.681273281574
0.681194484234
0.681114077568
0.681036829948
0.680959582329
0.680883347988
0.680806100368
0.680724084377
0.680639028549
0.680552124977
0.680465400219
0.680378317833
0.680288910866
0.680198550224
0.680106580257
0.68001550436
0.679925262928
0.679830729961
0.67973023653
0.679627001286
0.679526627064
0.679421246052
0.679314315319
0.67920511961
0.67909860611
0.678991556168
0.678883969784
0.678767979145
0.678647458553
0.678526937962
0.678408265114
0.678294420242
0.678186178207
0.678077638149
0.67796754837
0.677857398987
0.677746653557
0.677636146545
0.677526712418
0.677418529987
0.677309453487
0.67719912529
0.677094936371
0.676993608475
0.676892757416
0.676792800426
0.676693439484
0.676594853401
0.676496207714
0.676396429539
0.67629557848
0.676194131374
0.676089823246
0.675982713699
0.675874829292
0.675767123699
0.675659775734
0.675551056862
0.675441265106
0.675338745117
0.675238490105
0.675134718418
0.675031363964
0.67492890358
0.6748265028
0.674725949764
0.674623191357
0.674518764019
0.674412429333
0.674307823181
0.674202919006
0.674098610878
0.673992395401
0.673884749413
0.673778116703
0.673669338226
0.673562824726
0.673455417156
0.673349201679
0.673242688179
0.673135876656
0.673029899597
0.672924816608
0.672818958759
0.672712504864
0.67260569334
0.672498464584
0.67239356041
0.672288298607
0.672182202339
0.672077298164
0.671972513199
0.671868741512
0.671763598919
0.67165774107
0.671552181244
0.671446561813
0.671340584755
0.67123401165
0.671126663685
0.671017587185
0.670906245708
0.670795202255
0.670682787895
0.670569062233
0.670455038548
0.670339226723
0.670221626759
0.67010474205
0.669984519482
0.669862389565
0.669727504253
0.669582486153
0.669430792332
0.669276177883
0.669123291969
0.668965160847
0.668801665306
0.66863566637
0.668465971947
0.668293654919
0.668120920658
0.667948067188
0.667770981789
0.667583346367
0.667391359806
0.667197704315
0.667010128498
0.666834831238
0.666662573814
0.666483461857
0.666308581829
0.666134119034
0.665960252285
0.665786683559
0.665619552135
0.66545945406
0.665294647217
0.66512721777
0.664957046509
0.66478407383
0.664607703686
0.664430141449
0.664250433445
0.664067983627
0.663885653019
0.663701653481
0.663518369198
0.663339614868
0.663159549236
0.662979543209
0.662805259228
0.662631511688
0.662458479404
0.662284910679
0.662105083466
0.661929786205
0.661765098572
0.661602735519
0.661440193653
0.661277294159
0.661115169525
0.660956025124
0.660798311234
0.660638928413
0.660478532314
0.660317420959
0.660155713558
0.659994482994
0.659836232662
0.659678339958
0.659520208836
0.659363210201
0.659205138683
0.659045696259
0.658889651299
0.658731758595
0.658575117588
0.658418178558
0.658258676529
0.658100605011
0.657941520214
0.65778106451
0.657623052597
0.6574690938
0.657314240932
0.657160699368
0.657006859779
0.656851291656
0.656694114208
0.656537771225
0.656379580498
0.656221807003
0.656063854694
0.655906438828
0.655748069286
0.655588448048
0.655430912971
0.655272126198
0.655112147331
0.654951989651
0.654793560505
0.654635310173
0.654478132725
0.654321014881
0.654165804386
0.654009461403
0.653850197792
0.653693437576
0.653537929058
0.653381705284
0.653225362301
0.653069972992
0.652913987637
0.652760028839
0.652604699135
0.652448952198
0.652292191982
0.652137041092
0.651982367039
0.651826143265
0.651669740677
0.651515066624
0.651358783245
0.651202142239
0.651047766209
0.650891721249
0.650733411312
0.65057772398
0.650422155857
0.6502648592
0.650106966496
0.649945139885
0.649783313274
0.649620115757
0.649454057217
0.649291276932
0.649130821228
0.648968279362
0.648801207542
0.648632645607
0.648464381695
0.648293197155
0.648120999336
0.647947132587
0.64777302742
0.647597014904
0.647416353226
0.647235870361
0.647045850754
0.646851122379
0.646655499935
0.646447479725
0.646230399609
0.646011590958
0.645790338516
0.645562946796
0.645336866379
0.645108997822
0.644879996777
0.644652485847
0.644428253174
0.644204854965
0.643985271454
0.643764138222
0.643540918827
0.643316805363
0.643095195293
0.642869591713
0.642638742924
0.642409384251
0.64217954874
0.641950428486
0.64172488451
0.641497075558
0.641269266605
0.641040563583
0.640811085701
0.64058226347
0.640347063541
0.640106141567
0.639864146709
0.639622688293
0.639381289482
0.63913923502
0.638897716999
0.638657867908
0.638416647911
0.638180077076
0.637949109077
0.637724518776
0.637500822544
0.637277662754
0.637056469917
0.636833906174
0.636610150337
0.63638818264
0.636167883873
0.635945618153
0.635722756386
0.635505616665
0.635288655758
0.635069608688
0.634850263596
0.634630739689
0.634409546852
0.634189069271
0.633967995644
0.633745372295
0.633522152901
0.633298158646
0.633073449135
0.632847309113
0.632620513439
0.632395446301
0.632168889046
0.631942331791
0.631717860699
0.631492495537
0.631264567375
0.6310338974
0.630802750587
0.630571186543
0.630343317986
0.63011610508
0.62988191843
0.629652321339
0.629425108433
0.62919741869
0.628966271877
0.628725171089
0.628483235836
0.628241956234
0.627997517586
0.627752304077
0.627508163452
0.627262413502
0.627017080784
0.626773118973
0.626537144184
0.626300275326
0.626071155071
0.625847935677
0.625627100468
0.625405669212
0.62518197298
0.624959945679
0.62473577261
0.624511063099
0.624285280704
0.624060511589
0.623835146427
0.623608648777
0.62338155508
0.623155534267
0.622932076454
0.622706532478
0.622478842735
0.62225496769
0.622031152248
0.621805727482
0.621583163738
0.621361196041
0.621139585972
0.620916724205
0.620697081089
0.620478212833
0.620257616043
0.620039880276
0.619821608067
0.619600892067
0.619383513927
0.619159817696
0.618938267231
0.618716001511
0.618493080139
0.618271529675
0.618050634861
0.617827475071
0.617604672909
0.617381870747
0.617159724236
0.616938710213
0.616715788841
0.616492211819
0.616266489029
0.616041481495
0.615814387798
0.615587055683
0.615360975266
0.615136325359
0.614909410477
0.614686012268
0.614464879036
0.614239156246
0.614013195038
0.613787591457
0.613560795784
0.61333501339
0.613108575344
0.612884640694
0.612660527229
0.612440168858
0.612217307091
0.611993193626
0.611765623093
0.611537754536
0.611313700676
0.611088991165
0.610863089561
0.610636174679
0.610409319401
0.610182285309
0.609951913357
0.609723627567
0.609497189522
0.609268605709
0.60904276371
0.608820557594
0.608586847782
0.608344018459
0.608102679253
0.607860445976
0.607618689537
0.607366383076
0.607119500637
0.606871962547
0.606618463993
0.606361150742
0.606111347675
0.605858504772
0.605603337288
0.605349898338
0.605090379715
0.604826152325
0.604557216167
0.604291439056
0.604025900364
0.603758394718
0.603489518166
0.603219330311
0.602947533131
0.602673768997
0.602402329445
0.602130234241
0.601854085922
0.601569354534
0.601286768913
0.601005315781
0.600724816322
0.600439846516
0.600155234337
0.599869608879
0.599585533142
0.599300205708
0.599015653133
0.598732948303
0.598434984684
0.598133504391
0.59782397747
0.597513854504
0.597205936909
0.596891701221
0.59658074379
0.596268713474
0.595941960812
0.595616340637
0.595310032368
0.595011472702
0.594712913036
0.594411015511
0.594116508961
0.593820691109
0.593512356281
0.593208134174
0.592908322811
0.592610001564
0.592315137386
0.592012047768
0.591697573662
0.591381728649
0.591065526009
0.590748131275
0.590433657169
0.590118348598
0.589787423611
0.589454114437
0.589116454124
0.588774085045
0.588429272175
0.588084936142
0.587719082832
0.587345719337
0.586972951889
0.586620390415
0.586273312569
0.585913956165
0.585555374622
0.585196137428
0.584841370583
0.584493756294
0.584148168564
0.583805561066
0.58346581459
0.583126068115
0.582786023617
0.582445144653
0.582106530666
0.581765294075
0.581421911716
0.581081092358
0.580748677254
0.580420911312
0.580096125603
0.579773485661
0.579451143742
0.579133331776
0.578814804554
0.578496336937
0.578182518482
0.577872216702
0.577561557293
0.577254772186
0.576967358589
0.576679825783
0.576392292976
0.576104521751
0.57582038641
0.575536549091
0.575251877308
0.574967622757
0.574682533741
0.57440072298
0.574119031429
0.573837816715
0.573556125164
0.573276400566
0.572996556759
0.572717189789
0.572439491749
0.572162628174
0.571885943413
0.571612775326
0.571339547634
0.571065247059
0.570790052414
0.570514678955
0.570245921612
0.569980621338
0.569714128971
0.569448709488
0.569181382656
0.568918704987
0.568655133247
0.56839621067
0.568137288094
0.567877709866
0.567622601986
0.567365407944
0.567107141018
0.566848516464
0.566594421864
0.566338777542
0.566080033779
0.565819442272
0.56555968523
0.565303385258
0.565042078495
0.564790070057
0.564535737038
0.56427949667
0.564025759697
0.563774108887
0.563523650169
0.563271999359
0.563027620316
0.562786996365
0.562543749809
0.56230199337
0.562062323093
0.56181961298
0.561576604843
0.561331570148
0.561091184616
0.560849547386
0.560606777668
0.560362935066
0.560119271278
0.559874355793
0.559636712074
0.5593983531
0.559160530567
0.558920681477
0.558679521084
0.558443367481
0.558205246925
0.557967066765
0.557731032372
0.557494163513
0.557255685329
0.557015776634
0.556777894497
0.556539833546
0.556304693222
0.556068956852
0.555829167366
0.555593073368
0.555355072021
0.555116653442
0.554872274399
0.554622530937
0.554367661476
0.55411195755
0.55385351181
0.553592979908
0.55333250761
0.55307251215
0.552809119225
0.552541911602
0.5522762537
0.552017688751
0.551754415035
0.551485478878
0.551220953465
0.550958096981
0.550694108009
0.550429821014
0.550166070461
0.549904942513
0.549639463425
0.549374639988
0.549109399319
0.548849761486
0.54858571291
0.548324346542
0.548063278198
0.547802686691
0.547543883324
0.54728358984
0.5470277071
0.546772181988
0.546512901783
0.546256363392
0.545998930931
0.545739650726
0.545482635498
