0.851803541183
0.822228431702
0.844084560871
0.816522359848
0.803419172764
0.810022115707
0.783887565136
0.782912671566
0.853434026241
0.795183897018
0.806224226952
0.792387902737
0.846006393433
0.816210508347
0.78844588995
0.795866131783
0.794314801693
0.792350709438
0.798117220402
0.774675190449
0.775597631931
0.763844788074
0.7750826478
0.781350493431
0.775678992271
0.754683196545
0.735622942448
0.752533853054
0.766347050667
0.761470377445
0.739200353622
0.76999348402
0.726141929626
0.733593225479
0.714368402958
0.744298934937
0.752656817436
0.769006669521
0.724256575108
0.702951669693
0.764102339745
0.722046911716
0.741708278656
0.74421864748
0.698375284672
0.72605496645
0.709654867649
0.731926441193
0.744763314724
0.709402084351
0.707679986954
0.702808260918
0.734700322151
0.720294058323
0.724716603756
0.714384496212
0.715209960938
0.694049835205
0.736462831497
0.686451017857
0.701267957687
0.703464508057
0.661859273911
0.681774377823
0.70243626833
0.693582653999
0.699148356915
0.716159641743
0.651276290417
0.674294233322
0.677518308163
0.705416619778
0.693897128105
0.694641530514
0.701300501823
0.686631143093
0.667445063591
0.713965296745
0.669439852238
0.68663585186
0.704154849052
0.681164562702
0.664458096027
0.697690188885
0.667648375034
0.682330012321
0.660134375095
0.681057274342
0.687013149261
0.676302433014
0.66176378727
0.657235860825
0.663924634457
0.679322481155
0.647828161716
0.677351176739
0.657493472099
0.665646970272
0.669246017933
0.645071864128
0.690139710903
0.652075111866
0.668575167656
0.669620275497
0.645363986492
0.663777291775
0.640516757965
0.666322410107
0.649085819721
0.646909475327
0.64074832201
0.675046801567
0.664512097836
0.668747007847
0.668041050434
0.646033585072
0.638420939445
0.649087131023
0.63178563118
0.686161518097
0.643854856491
0.65106600523
0.670383870602
0.609304606915
0.64178776741
0.659309566021
0.645543456078
0.634686291218
0.62034702301
0.618280529976
0.627582848072
0.594129145145
0.644591569901
0.614776968956
0.644663155079
0.668211340904
0.607899725437
0.629782795906
0.6212875247
0.600881934166
0.659508526325
0.638772308826
0.628412663937
0.642104268074
0.608679652214
0.624140202999
0.641443669796
0.636344850063
0.593610644341
0.630633831024
0.642781496048
0.606752991676
0.588439464569
0.614491283894
0.615585207939
0.634021162987
0.607386946678
0.62403768301
0.593181192875
0.607331812382
0.634258389473
0.603241562843
0.630795419216
0.585941970348
0.610946238041
0.614459812641
0.6229570508
0.617648661137
0.640413463116
0.608427405357
0.602398514748
0.590764641762
0.614625394344
0.610493123531
0.617175996304
0.581077218056
0.598469734192
0.6145581007
0.598637938499
0.603800475597
0.603184759617
0.566589653492
0.605641543865
0.601205527782
0.615007519722
0.59555119276
0.589532494545
0.597230732441
0.614470720291
0.593373119831
0.60271936655
0.613624155521
0.585613429546
0.595606565475
0.581540882587
0.581702709198
0.604790627956
0.576416373253
0.563225865364
0.595818579197
0.574978590012
0.584657788277
0.572629094124
0.580972492695
0.584362745285
0.581089377403
0.583567380905
0.569639503956
0.575105965137
0.565844595432
0.578500211239
0.602635324001
0.576064050198
0.57770550251
0.595272481441
0.578118801117
0.584364593029
0.550579369068
0.573512375355
0.573313295841
0.5659506917
0.577832877636
0.560415327549
0.574333250523
0.538926422596
0.562217712402
0.551020920277
0.570133805275
0.562599003315
0.592020153999
0.574725568295
0.535014152527
0.567254662514
0.587820351124
0.565766990185
0.558420479298
0.560314178467
0.562163174152
0.562099575996
0.586559951305
0.554729104042
0.555440366268
0.547009050846
0.558948934078
0.561268031597
0.551950454712
0.550596833229
0.52863496542
0.578787207603
0.559059679508
0.582444965839
0.553003251553
0.559953033924
0.581781804562
0.578419208527
0.55122756958
0.57010281086
0.551204383373
0.545216202736
0.548795521259
0.564865231514
0.570807099342
0.577663600445
0.544932126999
0.540256440639
0.560287714005
0.547713875771
0.561138987541
0.541564583778
0.544914066792
0.581745803356
0.559545576572
0.584379673004
0.552250087261
0.552318811417
0.548546612263
0.554827809334
0.543486356735
0.565043032169
0.551888465881
0.570292174816
0.577066063881
0.577842175961
0.560756921768
0.562938034534
0.571984350681
0.545285105705
0.547818899155
0.551431119442
0.550282120705
0.558465778828
0.579746723175
0.550569415092
0.55259770155
0.581566810608
0.576817214489
0.54751342535
0.573847711086
0.55647277832
0.567807435989
