0.694732248783
0.693364500999
0.691561877728
0.689766347408
0.688256680965
0.68698579073
0.686031758785
0.68263232708
0.677606999874
0.671272993088
0.668286859989
0.655749380589
0.647576212883
0.639780044556
0.616923093796
0.605457484722
0.583918273449
0.581272423267
0.553859829903
0.536027252674
0.477661788464
0.459658592939
0.459960192442
0.455626696348
0.382562786341
0.398624479771
0.355363875628
0.317097812891
0.325509518385
0.308360099792
0.268888562918
0.277474164963
0.342762857676
0.250587940216
0.321999698877
0.252971798182
0.32412135601
0.24769680202
0.227524325252
0.267803430557
0.291054338217
0.286928683519
0.219573959708
0.229671642184
0.268660008907
0.352675765753
0.317470431328
0.20941862464
0.273801416159
0.198431000113
0.269400238991
0.347758620977
0.249572500587
0.177329838276
0.169451832771
0.160190209746
0.21223038435
0.207961887121
0.217241317034
0.274980276823
0.182582169771
0.15908536315
0.166392534971
0.221162855625
0.181576251984
0.254345804453
0.194548457861
0.170195356011
0.229523822665
0.201543480158
0.191772386432
0.18365611136
0.213149338961
0.229909494519
0.203920319676
0.175888895988
0.256269067526
0.22926081717
0.249564751983
0.200325712562
0.191674277186
0.177068382502
0.206920787692
0.222410589457
0.191338315606
0.223819494247
0.157783538103
0.197798475623
0.1641831249
0.174764990807
0.181718572974
0.150048777461
0.145792663097
0.189799949527
0.169419899583
0.169760838151
0.126856297255
0.179070353508
0.174318492413
0.186294019222
0.17949180305
0.161732643843
0.184213727713
0.149324819446
0.145881414413
0.210190489888
0.204196080565
0.248520925641
0.205555051565
0.131322398782
0.213707640767
0.177737817168
0.232181787491
0.13677996397
0.234119430184
0.176394164562
0.147903159261
0.13207963109
0.21561807394
0.183442607522
0.166013911366
0.14709661901
0.153656542301
0.170179829001
0.150750428438
0.196867227554
0.168547287583
0.151026114821
0.137874856591
0.176582187414
0.17550137639
0.165915250778
0.131529763341
0.177280575037
0.220694974065
0.163415268064
0.129167795181
0.194971725345
0.126462653279
0.180175721645
0.188154935837
0.176743745804
0.171139970422
0.140568450093
0.137459933758
0.145163804293
0.161303669214
0.158103391528
0.132467135787
0.195336937904
0.150979682803
0.205443486571
0.102017194033
0.127587661147
0.211029931903
0.195200368762
0.126739636064
0.160712912679
0.145513668656
0.152547940612
0.200158461928
0.174901902676
0.131406515837
0.132708638906
0.181232973933
0.158913865685
0.22249096632
0.116779752076
0.163588896394
0.178242862225
0.230365753174
0.158697992563
0.132085680962
0.151447549462
0.148889288306
0.172553867102
0.145533069968
0.157847136259
0.178439617157
0.138302817941
0.110562503338
0.145716190338
0.143605664372
0.129551976919
0.124200925231
0.125656202435
0.149554848671
0.140685379505
0.11021026969
0.111777573824
0.131423339248
0.185321509838
0.130513727665
0.161108806729
0.15203243494
0.199903830886
0.135299772024
0.144230484962
0.176979139447
0.131189003587
0.156151816249
0.178054884076
0.157753244042
0.146082267165
0.12783138454
0.116081252694
0.157612740993
0.111530140042
0.13299703598
0.117910839617
0.17236790061
0.184990152717
0.154477149248
0.137979447842
0.152141615748
0.178542420268
0.173783093691
0.165999680758
0.168736830354
0.143178164959
0.160023316741
0.122966133058
0.153998523951
0.142566844821
0.118802458048
0.169254735112
0.184957444668
0.10304261744
0.124345809221
0.0922208726406
0.123210042715
0.126043632627
0.126346066594
0.168580591679
0.13623405993
0.101962082088
0.146056994796
0.125387132168
0.149530380964
0.116690136492
0.159677833319
0.112770304084
0.17029735446
0.153003558517
0.158092707396
0.114714816213
0.154066443443
0.173215657473
0.160938844085
0.171599492431
0.154239356518
0.100470460951
0.135171562433
0.137986600399
0.137149110436
0.126012071967
0.155990555882
0.100226983428
0.172158062458
0.0935806930065
0.201425611973
0.108581513166
0.112904012203
0.0888901501894
0.123874098063
0.0920149236917
0.142805367708
0.174935340881
0.143333941698
0.14086972177
0.144781768322
0.13466489315
0.138596847653
0.129739955068
0.159854993224
0.155790343881
0.137531116605
0.086434006691
0.0674572885036
0.127649471164
0.135246455669
0.0954821631312
0.0744716674089
0.128125816584
0.119551382959
0.143549799919
0.0881564617157
0.166316285729
0.135521918535
0.16471067071
0.12459911406
0.110719300807
0.159074321389
0.133432999253
0.122483633459
0.186529248953
0.118165194988
0.137379199266
0.161780789495
0.171661347151
