0.692529022694
0.693109750748
0.688433527946
0.690315902233
0.689666509628
0.684427857399
0.689397215843
0.685080945492
0.683228194714
0.678198039532
0.690132796764
0.672001302242
0.676286935806
0.682452738285
0.671405911446
0.666462540627
0.686722040176
0.66213041544
0.686565279961
0.668453514576
0.657955408096
0.659465193748
0.658761143684
0.665890872478
0.660391032696
0.663902819157
0.659363627434
0.646625041962
0.643745064735
0.663597941399
0.662940621376
0.649645030499
0.650969564915
0.658929646015
0.65115571022
0.650156319141
0.638448297977
0.629611968994
0.632297992706
0.627286314964
0.650189757347
0.653413891792
0.624095618725
0.646233975887
0.621792733669
0.609947621822
0.635460078716
0.613720953465
0.618543803692
0.634186387062
0.633464932442
0.618611335754
0.65081101656
0.616232812405
0.632300317287
0.604323387146
0.617587268353
0.619862794876
0.61304050684
0.633322834969
0.626253306866
0.613392293453
0.616544902325
0.616848886013
0.641136348248
0.622327804565
0.592793703079
0.609111368656
0.606147289276
0.62733912468
0.62444627285
0.627626299858
0.608100652695
0.59200656414
0.622596144676
0.598823428154
0.597052156925
0.590506076813
0.568285882473
0.624987661839
0.626011610031
0.599983394146
0.605644106865
0.630339384079
0.596473097801
0.602671265602
0.587795436382
0.578055799007
0.587916612625
0.585519015789
0.580160021782
0.625170171261
0.602017223835
0.606963217258
0.608367800713
0.57694965601
0.599974572659
0.59253257513
0.572187304497
0.596021950245
0.585289895535
0.572689771652
0.607352852821
0.599630057812
0.594987034798
0.566413342953
0.566327512264
0.56771916151
0.591683030128
0.572688758373
0.590400516987
0.569123804569
0.563813447952
0.57837998867
0.590409636497
0.584834039211
0.602009415627
0.56530636549
0.572027266026
0.60660302639
0.566053450108
0.539156913757
0.560901939869
0.590784370899
0.574017167091
0.5734385252
0.561564922333
0.598935186863
0.566770076752
0.531438112259
0.5441801548
0.592481911182
0.564944446087
0.537534177303
0.519605338573
0.540122509003
0.53812867403
0.575528502464
0.553632080555
0.57630777359
0.525920987129
0.522148311138
0.570777773857
0.510449826717
0.55680257082
0.580393433571
0.586789369583
0.57846224308
0.554345607758
0.605429947376
0.539355993271
0.536590516567
0.532397627831
0.564818382263
0.553013622761
0.517358779907
0.536473929882
0.542784869671
0.537349283695
0.534088671207
0.567718863487
0.518437623978
0.532791733742
0.523751497269
0.54364168644
0.552096009254
0.519713163376
0.506501853466
0.507834374905
0.48710757494
0.51306784153
0.519751131535
0.512512862682
0.499590754509
0.510447740555
0.553078472614
0.503309607506
0.503699302673
0.56908005476
0.549932122231
0.504641532898
0.54544365406
0.509942233562
0.52557271719
0.510768294334
0.534975230694
0.529525518417
0.54199641943
0.50021648407
0.474787116051
0.524030983448
0.552376866341
0.559563398361
0.542131781578
0.542172253132
0.522113084793
0.53332555294
0.492796748877
0.536639273167
0.543317675591
0.507072865963
0.518963456154
0.511412024498
0.496962577105
0.530721843243
0.520343601704
0.528916954994
0.500188291073
0.506828963757
0.513696372509
0.53016191721
0.540369510651
0.470400989056
0.521648705006
0.469723850489
0.450167536736
0.511139154434
0.482101768255
0.487821489573
0.534194886684
0.456921905279
0.539189875126
0.507127761841
0.504488170147
0.507958471775
0.476156443357
0.518352806568
0.520471870899
0.494066864252
0.544545829296
0.511177480221
0.512245237827
0.517793655396
0.505599021912
0.519152224064
0.535149753094
0.522184312344
0.471083253622
0.499617606401
0.49833959341
0.517583847046
0.486467540264
0.534097731113
0.508255422115
0.499696522951
0.477914452553
0.493685215712
0.451774775982
0.507988214493
0.509084105492
0.503139734268
0.541789054871
0.490291804075
0.503112435341
0.463527351618
0.433812022209
0.500628471375
0.43862426281
0.516478538513
0.500913441181
0.447912335396
0.514454066753
0.463909059763
0.507597446442
0.488901346922
0.486825197935
0.453880012035
0.502988994122
0.455507129431
0.488704711199
0.501824140549
0.481454432011
0.459233433008
0.498795300722
0.474633485079
0.461445689201
0.426798015833
0.450699210167
0.485715955496
0.49116641283
0.5059851408
0.496282935143
0.459358006716
0.493472993374
0.499041259289
0.503689825535
0.463523119688
0.463140934706
0.473657548428
0.489846527576
0.447306334972
0.503479659557
0.440681427717
0.478306472301
0.485476791859
0.449329316616
0.460381746292
0.439298123121
0.419182419777
0.466874063015
0.469004064798
0.45121717453
0.476760655642
0.525329291821
0.439617842436
0.475754410028
0.442918777466
0.485693484545
0.501140773296
0.502322793007
0.454562038183
0.42760553956
0.44256991148
0.423072993755
0.483233481646
0.439868450165
0.498771041632
0.49332216382
0.46829238534
0.478121846914
0.481195896864
0.46396446228
0.497457951307
0.452367395163
0.462944000959
0.431983321905
0.460773229599
0.468765735626
0.451860666275
0.431209772825
0.542195081711
0.460718899965
0.455497890711
0.49512425065
0.548436939716
0.42954018712
0.407414644957
0.469452321529
0.417907118797
0.507440507412
0.450222492218
0.451055526733
0.470146298409
0.422661721706
0.439234167337
0.477289736271
0.44974860549
0.480840682983
0.460665941238
0.465683430433
0.42633664608
0.457659900188
0.468190848827
0.438486903906
0.438137739897
0.473510295153
0.446151733398
0.458840787411
0.448567092419
0.450077146292
0.462469309568
0.452710598707
0.422095656395
0.42906036973
0.481613337994
0.415368676186
0.460803508759
0.463610738516
0.450792342424
0.484625756741
0.463069111109
0.465186059475
0.4592487216
0.44965928793
0.469994306564
0.504824280739
0.427767783403
0.51909661293
0.470710575581
0.4925827384
0.459031403065
0.488473534584
0.437822669744
0.46967074275
0.436206996441
0.434668272734
0.450678706169
0.441026240587
0.49972268939
0.5029489398
0.470997869968
0.516850054264
0.446214169264
0.455472320318
0.448722213507
0.495501607656
0.427680522203
0.453144162893
0.468449801207
0.433531373739
0.454277157784
0.463847905397
0.462511092424
0.438847661018
0.441490918398
0.425707399845
0.491522818804
0.378774255514
0.483573615551
0.503521978855
0.367874026299
0.4115049541
0.434992045164
0.410815954208
0.483396798372
0.439946323633
0.445681959391
0.403736233711
0.424550950527
0.455481678247
0.426979124546
0.437096506357
0.38140425086
0.403812944889
0.455918729305
0.431684702635
0.426141023636
0.427619665861
0.47575750947
0.463310658932
0.404538154602
0.399172753096
0.457217901945
0.43404340744
0.396634101868
0.424948632717
0.465652137995
0.439232736826
0.531948983669
0.406175762415
0.424635231495
0.478149682283
0.466587334871
0.47693631053
0.36713758111
0.470230430365
0.425199151039
0.434878945351
0.455674380064
0.461246103048
0.417220026255
0.455371975899
0.429409891367
0.446228832006
0.4462916255
0.417800605297
0.443365305662
0.434892863035
0.451787889004
0.437674224377
0.426732927561
0.390338808298
0.433588564396
0.470694005489
0.446576744318
0.418340235949
0.414642602205
0.459334015846
0.434987276793
0.416584640741
0.410384505987
0.479603081942
0.373600840569
0.396404236555
0.417856812477
0.424158155918
0.392934203148
0.437323898077
0.457608520985
0.391735434532
0.43162253499
0.443193644285
0.374817252159
0.421097308397
0.425030171871
0.372150331736
0.457649827003
0.471905231476
0.481196552515
0.42753469944
0.4306640625
0.361346036196
0.417811483145
0.40834787488
0.406096935272
0.383968919516
0.440170288086
0.374191254377
0.459762990475
0.413807749748
0.398686885834
0.476810485125
0.44972166419
0.36530059576
0.416363447905
0.409814476967
0.485115110874
0.419119477272
0.351862251759
0.378682345152
0.459625512362
0.408551394939
0.409401088953
0.478618294001
0.489765584469
0.407438635826
0.427897393703
0.437935471535
0.476411253214
0.401913046837
0.404267668724
0.43416261673
0.416366308928
0.449729114771
0.46112126112
0.336523026228
0.478092104197
0.467174440622
0.446619212627
0.498850375414
0.461986750364
0.387584120035
0.403655529022
0.414832055569
0.406244337559
0.368953943253
0.375817090273
0.417138516903
0.375789999962
0.417232245207
0.380880743265
0.418505907059
0.501746118069
0.363605678082
0.381238937378
0.451501488686
0.436681866646
0.419502824545
0.38313472271
0.395406931639
0.391309738159
0.399321883917
0.462173134089
0.417054861784
0.449408233166
0.389064311981
0.459037125111
0.406297415495
0.426202982664
0.406513690948
0.422858089209
0.478959649801
0.378670543432
0.440766572952
0.423681855202
0.412241876125
0.394399493933
0.394228339195
0.376299381256
0.4067722857
0.472780704498
0.376813143492
0.371594130993
0.441546708345
0.454271554947
0.426386624575
0.405409246683
0.404225170612
0.387639343739
0.431057959795
0.409168630838
0.442453742027
0.429116606712
0.384481787682
0.447068572044
0.436897844076
0.415366977453
0.440737515688
0.346316337585
0.397798269987
0.43671926856
0.383586704731
0.393161088228
0.377869278193
0.398407489061
0.413610756397
0.368207603693
0.451800733805
0.396368473768
0.426351606846
0.458193331957
0.406382590532
0.45234888792
0.405448496342
0.416550725698
0.453150182962
0.413510084152
0.419333070517
0.409768998623
0.426851898432
0.39636772871
0.403088569641
0.46712988615
0.415095865726
0.43003320694
0.413608282804
0.431812226772
0.403108149767
0.363138407469
0.397988319397
0.451612383127
0.46469822526
0.392417907715
0.423730790615
0.385338872671
0.369314879179
0.448707550764
0.466572374105
0.45027205348
0.426635921001
0.425051420927
0.369884520769
0.38397410512
0.455696582794
0.412514686584
0.425446659327
0.390269994736
0.398389875889
0.410643488169
0.380174428225
0.387962847948
0.397893607616
0.415883719921
0.378887057304
0.345710963011
0.451622635126
0.365613430738
0.404969364405
0.3879545331
0.437697887421
0.470958381891
0.357328087091
0.367245495319
0.358367323875
0.412123084068
0.41960722208
0.386092841625
0.460971057415
0.429721057415
0.374351501465
0.402238249779
0.4231133461
0.401670992374
0.409190326929
0.372085869312
0.437904715538
0.408647894859
0.420861840248
0.388153135777
0.401839584112
0.400373995304
0.361595571041
0.344279587269
0.365189164877
0.420702219009
0.435034662485
0.427452802658
0.372639477253
0.342532396317
0.335277318954
0.398318707943
0.413207232952
0.394588142633
0.422283351421
0.403635680676
0.381011962891
0.434007525444
0.415448844433
0.407863140106
0.361843764782
0.344934105873
0.46768835187
0.421869724989
0.40860208869
0.383062630892
0.439051926136
0.35384234786
0.421576589346
0.463036239147
0.391861766577
0.426536440849
0.359109759331
0.364927083254
0.418235987425
0.417658954859
0.479925274849
0.37367773056
0.393204540014
0.37958741188
0.402087986469
0.440262258053
0.379497855902
0.356073856354
0.399199515581
0.407842487097
0.405253201723
0.416645288467
0.382631808519
0.399929732084
0.37132242322
0.427321225405
0.388519614935
0.409618854523
0.377134770155
0.35916814208
0.396111428738
0.39181804657
0.378043502569
0.408708333969
0.409340530634
0.374218612909
0.501448512077
0.405076235533
0.465419411659
0.398049801588
0.373011142015
0.397931754589
0.443301916122
0.380687057972
0.410486549139
0.350244998932
0.41272008419
0.3790320158
0.43504974246
0.377323657274
0.409753501415
0.420405805111
0.409693300724
0.440428137779
0.407318979502
0.417944848537
0.381456851959
0.421411693096
0.336924701929
0.382016032934
0.420949786901
0.364113360643
0.326495110989
0.379022359848
0.379319578409
0.411953538656
0.375262737274
0.358666777611
0.400723308325
0.35037741065
0.371849834919
0.421114861965
0.339130222797
0.366269975901
0.35980796814
0.338361501694
0.424574643373
0.45340487361
0.369184941053
0.444614231586
0.385294407606
0.436152249575
0.378148198128
0.444451451302
0.384302020073
0.390730023384
0.392485707998
0.402730703354
0.41069445014
0.420013070107
0.396828860044
0.37844350934
0.35714662075
0.324474722147
0.383563309908
0.390025883913
0.345219522715
0.400983422995
0.425894528627
0.391334712505
0.39000031352
0.418059110641
0.45031440258
0.364973276854
0.395369470119
0.406489193439
0.405254423618
0.37403216958
0.379065841436
0.3833142519
0.398799985647
0.410322725773
0.372992306948
0.438466668129
0.381686002016
0.363245815039
0.358535021544
0.425282657146
0.332914322615
0.377589017153
0.438474416733
0.377638429403
0.41969203949
0.456645041704
0.403447419405
0.405358403921
0.395473271608
0.359718501568
0.425510168076
0.381383806467
0.365494549274
0.390394866467
0.411194264889
0.403020173311
0.355437874794
0.362254887819
0.342208117247
0.433113455772
0.306231439114
0.432321995497
0.333410173655
0.415980011225
0.428691148758
0.394149124622
0.3616964221
0.407664328814
0.368413329124
0.402804553509
0.356242626905
0.39141690731
0.358543604612
0.352360934019
0.36776855588
0.349634617567
0.377532839775
0.466267257929
0.410155534744
0.406292796135
0.489271998405
0.408495128155
0.332381486893
0.394667804241
0.364968687296
0.378423959017
0.409857541323
0.411102324724
0.392372250557
0.389287650585
0.350478321314
0.391767472029
0.366853266954
0.434165537357
0.376626014709
0.408572494984
0.374884188175
0.359206736088
0.354275673628
0.451375722885
0.342389255762
0.409480273724
0.40471932292
0.360588222742
0.334352076054
0.390031546354
0.409076601267
0.402895331383
0.375835478306
0.388116925955
0.326165497303
0.395111709833
0.291469484568
0.339303255081
0.365730315447
0.327842444181
0.42089548707
0.463614404202
0.409243226051
0.397429674864
0.413323014975
0.385686397552
0.439380913973
0.423352301121
0.37184458971
0.370309710503
0.351358354092
0.408456712961
0.369330018759
0.357866793871
0.399859070778
0.343961954117
0.365932583809
0.379421800375
0.399297982454
0.401108503342
0.38320338726
0.369635820389
0.397178679705
0.331765681505
0.372402757406
0.416314274073
0.41949519515
0.378490120173
0.39576292038
0.385202556849
0.410794615746
0.386940360069
0.379279345274
0.372416466475
0.435727864504
0.366803795099
0.303993225098
0.385466277599
0.340937167406
0.40479388833
0.356677830219
0.363541811705
0.373226583004
0.343583226204
0.354772210121
0.388120889664
0.364438205957
0.409347087145
0.338578611612
0.348922789097
0.406048357487
0.356168061495
0.353668808937
0.364632099867
0.397008538246
0.41115373373
0.391199469566
0.435151219368
0.348142832518
0.363615721464
0.388076126575
0.391165047884
0.401498287916
0.399407893419
0.448053300381
0.39488491416
0.44462710619
0.424958795309
0.345554292202
0.37005725503
0.38029178977
0.386432915926
0.316804230213
0.370906203985
0.318249851465
0.376281708479
0.354343503714
0.400885224342
0.388132274151
0.394430249929
0.380553454161
0.355574458838
0.393754452467
0.416657358408
0.359033882618
0.303450137377
0.40013769269
0.380563765764
0.28077596426
0.374155938625
0.351319760084
0.33582174778
0.358024090528
0.381227105856
0.393751710653
0.415477633476
0.419499307871
0.395490258932
0.360821902752
0.371847897768
0.403291910887
0.421681255102
0.433311253786
0.332070559263
0.392264962196
0.386676967144
0.382126867771
0.342390865088
0.392519950867
0.426067143679
0.34179931879
