0.69314545393
0.692838191986
0.692461431026
0.692127227783
0.691710174084
0.691330611706
0.690945804119
0.690544307232
0.690132915974
0.689684152603
0.689289450645
0.688830733299
0.688360989094
0.687786877155
0.687368392944
0.686799705029
0.68596726656
0.685342550278
0.684606790543
0.683519184589
0.682442128658
0.681539237499
0.680501043797
0.679282426834
0.67751955986
0.676848948002
0.674212098122
0.672725915909
0.670261859894
0.667517960072
0.665849626064
0.66212528944
0.658003866673
0.655050039291
0.651593029499
0.647649824619
0.641640663147
0.635486602783
0.632207274437
0.623669981956
0.6139113307
0.609725415707
0.601154625416
0.590031087399
0.575317263603
0.569797098637
0.554267525673
0.542294740677
0.537467241287
0.525969624519
0.514710009098
0.495798915625
0.477723866701
0.46586021781
0.456139683723
0.42849189043
0.42159435153
0.418593108654
0.394349843264
0.376007378101
0.366969645023
0.369314730167
0.363263607025
0.349797308445
0.341224044561
0.340215533972
0.331101387739
0.33006349206
0.330934852362
0.323975503445
0.323969691992
0.312982559204
0.317441165447
0.321778446436
0.308590859175
0.305994540453
0.311960875988
0.312020152807
0.319530725479
0.298753589392
0.304904103279
0.305049210787
0.306332349777
0.299726814032
0.30576133728
0.307267725468
0.294672608376
0.29704400897
0.297622650862
0.299156904221
0.304932802916
0.296132147312
0.299542486668
0.289826154709
0.290074437857
0.283324599266
0.286647081375
0.287357628345
0.29034280777
0.276477724314
0.272399634123
0.27620896697
0.29949977994
0.272329181433
0.280364334583
0.259061872959
0.27479287982
0.273257106543
0.278269290924
0.268166720867
0.266960471869
0.26308593154
0.25024369359
0.247203886509
0.259646654129
0.239680334926
0.241834759712
0.260199010372
0.262994855642
0.270047724247
0.226003885269
0.237769693136
0.225126460195
0.23851698637
0.223185837269
0.211541175842
0.218040436506
0.207070738077
0.213946536183
0.212561264634
0.195090651512
0.191825643182
0.198137715459
0.174469605088
0.182046502829
0.188375562429
0.171280190349
0.157504603267
0.160206645727
0.174086868763
0.138337254524
0.146571442485
0.118572048843
0.115250781178
0.117370031774
0.130659416318
0.0994959548116
0.0852915495634
0.0819441452622
0.0664799213409
0.0797986388206
0.0630686581135
0.0485699251294
0.0786852389574
0.0506616644561
0.0763723701239
0.0326644554734
0.0285400897264
0.0280385036021
0.0190536752343
0.027196072042
0.0359663441777
0.04688873142
0.0254195258021
0.0489752478898
0.0448745973408
0.029337733984
0.0323079563677
0.0187988486141
0.0251436792314
0.0285714752972
0.0348416492343
0.0134085854515
0.00650470796973
0.0246184300631
0.00543078454211
0.0262656938285
0.0169626567513
0.0309383161366
0.0311409160495
0.0042966096662
0.0462876372039
0.0470089800656
0.00700119417161
0.0176317598671
0.0115824509412
0.00274857087061
0.0216389447451
0.0234747994691
0.00294334604405
0.0109809841961
0.0178806632757
0.023570118472
0.0514089949429
0.052281472832
0.00807887502015
0.0126419384032
0.0207428261638
0.0162602886558
0.0137984836474
0.0109813716263
0.0162665341049
0.00197463273071
0.0189641751349
0.0230122748762
0.0203724373132
0.0244429688901
0.0215682946146
0.00457041431218
0.0464612133801
0.0477586835623
0.0065527218394
0.00771195488051
0.0173743180931
0.0702031478286
0.00641951523721
0.0261495430022
0.0406777411699
0.0485597103834
0.0109542682767
0.0279453974217
0.0162801723927
0.0116283604875
0.0147178368643
0.0304190050811
0.0224243402481
0.0231869257987
0.0275006461889
0.00894703436643
0.0215803869069
0.0303145702928
0.0420936010778
0.00353743042797
0.0132418526337
0.0141004174948
0.0146990241483
0.0274631641805
0.0159125216305
0.0224389936775
0.0202140063047
0.0177556723356
0.00862058624625
0.0261418391019
0.0100775826722
0.0107551403344
0.0103209847584
0.0173916053027
0.0109297521412
0.0134791024029
0.0179933663458
0.0228316616267
0.0136001892388
0.0185829680413
0.0102860042825
0.0123513527215
0.00445930240676
0.010787977837
0.0211993269622
0.0300907511264
0.00170018232893
0.0645254999399
0.00990330334753
0.00212452188134
0.0151472464204
0.0350229255855
0.00418337108567
0.0354436337948
0.00695617729798
0.0516042374074
0.00686580734327
0.0136175956577
0.00973004382104
0.0314623191953
0.0129134971648
0.0116623342037
0.0126302801073
0.0285080187023
0.0144165530801
0.00189189682715
0.0262206848711
0.0171819105744
0.00980776548386
0.00967534538358
0.0111763561144
0.035369772464
0.0229241680354
0.00863497704268
0.00694377534091
0.0265781544149
0.0124758081511
0.00925890170038
0.028808740899
0.0134151410311
0.0210345666856
0.0209179017693
0.00416086614132
0.0355268195271
0.0274883229285
0.0365760140121
0.010403778404
0.00328585202806
0.0351392626762
0.00584164634347
0.00997255463153
0.0150651037693
0.00927648413926
0.00414773356169
0.0956703871489
0.0143763562664
0.0184963773936
0.0469454005361
0.00773355690762
0.00839554704726
0.0297775194049
0.0108997151256
0.0117773450911
0.0238007027656
0.0190249122679
0.0115443868563
0.0260079968721
0.0226160716265
0.0241396483034
0.00183765776455
0.0066033154726
0.0126837547868
0.0165016613901
0.00615320727229
0.0243705101311
0.0149135934189
0.0251995008439
0.0123972827569
0.0161711350083
0.00955421756953
0.00350763322785
0.0428852215409
0.0212497543544
0.00845840759575
0.00722603872418
0.0143610350788
0.0210688896477
0.0139485374093
0.0147847970948
0.00989961065352
0.00797848682851
0.00967212207615
0.00427801907063
0.00855452567339
0.00608975579962
0.0318118147552
0.0135736456141
0.0100515997037
0.0170912239701
0.0271904543042
0.0180813837796
0.0339373126626
0.0242239814252
0.00836473051459
0.00941205210984
0.0138148376718
0.0230395849794
0.0418884940445
0.0089672235772
0.00990009307861
0.0124266622588
0.0318343304098
0.0130216320977
0.00317247211933
0.00763713754714
0.0210625436157
0.0152834169567
0.00742749823257
0.0463319905102
0.0115311089903
0.0224800985307
0.0300662554801
0.023478878662
0.0454097390175
0.00709511060268
0.0169733911753
0.0241200160235
0.00728662405163
0.0195363815874
0.0177392270416
0.0243586394936
0.0118462257087
0.00439858948812
0.0199777279049
0.0097508141771
0.0240009594709
0.0226122513413
0.00368356704712
0.0147803109139
0.0165999997407
0.00535594066605
0.00528672896326
0.00239541009068
0.0174318030477
0.00690616667271
0.0129327448085
0.0359155572951
0.0310318451375
0.025779446587
0.00218858011067
0.00583272846416
0.0386069081724
0.0286808013916
0.00411574356258
0.0101216044277
0.00539992842823
0.0320775993168
0.0211654659361
0.00898224115372
0.0257114358246
0.00138218840584
0.0357442870736
0.00426661083475
0.00220793439075
0.000915748416446
0.0115002319217
0.00546852778643
0.00386944506317
0.00283377617598
0.00642626872286
0.0226930528879
0.0227911733091
0.00738749280572
0.00314196804538
0.00457312492654
0.0186874456704
0.0414154902101
0.0456032454967
0.00353079545312
0.00319785927422
0.0255663711578
0.00447680521756
0.025162646547
0.0279196687043
0.00316910794936
0.00523468339816
0.0307166520506
0.0130197545514
0.00411050533876
0.0181779433042
0.0278013069183
0.0470347180963
0.0123562589288
0.00711119221523
0.014818046242
0.0333325862885
0.00180667627137
0.00758353481069
0.0201025493443
0.0148834194988
0.0115559296682
0.0338478386402
0.00745382532477
0.0029902223032
0.0278336126357
0.019720338285
0.0154367014766
0.0269832983613
0.0288137272
0.00753677869216
0.00824688095599
0.0208450648934
0.0112455189228
0.0029979578685
0.0278616398573
0.027795182541
0.0118436468765
0.0108837476
0.00802047085017
0.0252326987684
0.00675702514127
0.00461434293538
0.00531649310142
0.00494160549715
0.00388358393684
0.0226829815656
0.00855869427323
0.0215671639889
0.00844848249108
0.0308370515704
0.0204257871956
0.00567416986451
0.00123289274052
0.00232551828958
0.00830263551325
0.0233141425997
0.0447733700275
0.00206192350015
0.00454256031662
0.0224503278732
0.0246467851102
0.0312221962959
0.0169790256768
0.0197908300906
0.0563135184348
0.00833326112479
0.0512070767581
0.0161885004491
0.00315143214539
0.0288051981479
0.00384782114998
0.00897365901619
0.0216416753829
0.00279284385033
0.00692880339921
0.00324320211075
0.0119348922744
0.0402812771499
0.00232502841391
0.0159502532333
0.00533311488107
0.00628143269569
0.0211116857827
0.0143882147968
0.00254306127317
0.00924903806299
0.0167697649449
0.0089646903798
0.0188229717314
0.0201858375221
0.0121876569465
0.0157409124076
0.0163271315396
0.0111523140222
0.00633779307827
0.0367842316628
0.00625220406801
0.0103984354064
0.0124626820907
0.0151972174644
0.0220524501055
0.0140571845695
0.0196508895606
0.00800530519336
0.0107278767973
0.00901748798788
0.00916539039463
0.00573096051812
0.00259102112614
0.00934698618948
0.0386239774525
0.00350666372105
0.0150850294158
0.00133394438308
0.00910218153149
0.0190797355026
0.00137745111715
0.0128483539447
0.0147891324013
0.0645191594958
0.0189888458699
0.0339395068586
0.00256855087355
0.0119607551023
0.00501561677083
0.0304579995573
0.0245350860059
0.0314980261028
0.0128603875637
0.00302881048992
0.00252255517989
0.00441884016618
0.011866803281
0.0255652144551
0.0433167107403
0.0527649186552
0.00642573786899
0.0282975938171
0.00927326269448
0.0331978090107
0.00895978137851
0.00789620541036
0.028582084924
0.00831047724932
0.007625722792
0.00601856317371
0.010707564652
0.0168904662132
0.0173033643514
0.0173941161484
0.00543670309708
0.0132506722584
0.0317811928689
0.0174855645746
0.0225416570902
0.072065860033
0.00629678508267
0.00196680007502
0.000924572348595
0.0166537780315
0.00549034960568
0.00881995540112
0.0160969030112
0.00759301753715
0.00297913840041
0.0138214994222
0.00657100835815
0.00181806262117
0.018442351371
0.0285192672163
0.00376367056742
0.0128056956455
0.00119158951566
0.0126612251624
0.0132148088887
0.00124159699772
0.00252625718713
0.0133293764666
0.00785090588033
0.00193420355208
0.00103466270957
0.0145509131253
0.0175939705223
0.00318061397411
0.00195486308075
0.0148204248399
0.00115117232781
0.00799024756998
0.000627605651971
0.00784787815064
0.000496958033182
0.000619665719569
0.0394468270242
0.00353429443203
0.00218665134162
0.0172584466636
0.00169592583552
0.0311962198466
0.0240459889174
0.0027016303502
0.0101809632033
0.0103130955249
0.0114069208503
0.0101332562044
0.0236860513687
0.0133352652192
0.0103948544711
0.00799359474331
0.00132303428836
0.0180030632764
0.00240751495585
0.00776681629941
0.00156521506142
0.0140433125198
0.0182188656181
0.0267662741244
0.000907960289624
0.018161283806
0.0304634422064
0.0345781669021
0.0209662392735
0.00214871158823
0.00491839973256
0.00181945506483
0.0147464899346
0.00511895213276
0.0131076229736
0.0147552574053
0.00886114034802
0.000956155708991
0.00256165117025
0.0107446108013
0.00331563223153
0.00743410177529
0.0036197535228
0.0188147760928
0.0132962083444
0.00366702815518
0.027454411611
0.0206418633461
0.00308094336651
0.00725688133389
0.00955528765917
0.0113479280844
0.0017720842734
0.00472629396245
0.00994732789695
0.00317652942613
0.0164397712797
0.0019444625359
0.00780311925337
0.0144896423444
0.00511068711057
0.00800935551524
0.00432745087892
0.00567033002153
0.00145614729263
0.0320420190692
0.0175587069243
0.00410483125597
0.00988254230469
0.0142911514267
0.00364726805128
0.00173166219611
0.0359817408025
0.0121389189735
0.00757507188246
0.0235188212246
0.00984951108694
0.0210075508803
0.0137638906017
0.0112819513306
0.00211547035724
0.0293044038117
0.0165943335742
0.00166486005764
0.0014792967122
0.020714469254
0.00552745023742
0.00390502205119
0.00147527921945
0.0101137142628
0.0212711710483
0.00981973484159
0.0168000869453
0.0243182387203
0.00792537909001
0.00795622728765
0.00781254749745
0.00843848101795
0.00876988191158
0.00171321164817
0.0177779756486
0.00277170841582
0.0462041161954
0.0226728692651
0.00198380742222
0.00130861776415
0.0104612959549
0.00682588713244
0.00155581405852
0.0265365317464
0.0187146179378
0.0307639800012
0.025671120733
0.00859228242189
0.0116711733863
0.041817098856
0.0268170386553
0.0059444042854
0.00979156885296
0.0102250594646
0.0102926669642
0.00372609286569
0.00610915571451
0.0443289540708
0.0155020169914
0.0101754181087
0.00969935022295
0.00562511477619
0.00868983659893
0.0109424870461
0.00486264238134
0.019476024434
0.00671851402149
0.0419440418482
0.00984368659556
0.00538089731708
0.00202139350586
0.0190317109227
0.0196163300425
0.0022505435627
0.00433416897431
0.00819753948599
0.0112715056166
0.0173528362066
0.00831553060561
0.00261984043755
0.0328558981419
0.00745654618368
0.00865341816097
0.00712787592784
0.00888901297003
0.00386900105514
0.0165216885507
0.00783920567483
0.0045712152496
0.012355780229
0.000934336218052
0.0209414549172
0.00525060389191
0.0112648727372
0.0154198007658
0.00431004399434
0.00735069252551
0.00387197826058
0.0262397434562
0.0110196499154
0.0111610265449
0.00431683985516
0.0201399940997
0.00125744123943
0.00379832275212
0.00390064204112
0.0475370027125
0.00409136340022
0.00817949697375
0.0023525452707
0.0122086079791
0.00471360702068
0.00262987869792
0.0118201281875
0.000611315132119
0.0305111445487
0.00213830103166
0.00576010812074
0.00580188585445
0.00288708740845
0.0220954827964
0.0138220163062
0.0359334126115
0.0150510556996
0.0136819463223
0.0239745303988
0.00296050519682
0.000939840392675
0.0129819251597
0.00185218756087
0.0110315633938
0.0229332707822
0.0111230295151
0.0216550044715
0.018629623577
0.00275713158771
0.0171469096094
0.0014671132667
0.00216565746814
0.0164715573192
0.0127484509721
0.00693598529324
0.00436367560178
0.00298788538203
0.00176784675568
0.00466723553836
0.00922788213938
0.0230045579374
0.0437226444483
0.0270696226507
0.0111840805039
0.0135045535862
0.00437779538333
0.0147989280522
0.000841394998133
0.00246098684147
0.0231868736446
0.0152611443773
0.00443107401952
0.0119369253516
0.0112360706553
0.00481888558716
0.00273343035951
0.00675982376561
0.0113364001736
0.00709510361776
0.0104611869901
0.0161141566932
0.0105325942859
0.00179254892282
0.00436214311048
0.0161236599088
0.0317320153117
0.00816428288817
0.0124557539821
0.0019820407033
0.0175634250045
0.00694730319083
0.0130943041295
0.0206101369113
0.00622900854796
0.00404898775741
0.0442430302501
0.0208339057863
0.0048463945277
0.0182420946658
0.0125618446618
0.00492991134524
0.00641556968912
0.0045679518953
0.00261764065363
0.0119183594361
0.0401052348316
0.0340709201992
0.017784351483
0.00710826786235
0.00350494333543
0.00799344480038
0.0105112409219
0.0214236211032
0.0476161688566
0.00620229868218
0.00889457389712
0.00481285341084
0.00576929887757
0.00548463175073
0.0061139781028
0.0151988696307
0.0450770109892
0.00770741375163
0.0165247507393
0.0187026131898
0.00705139990896
0.0136691732332
0.0142649300396
0.0278164651245
0.0350827053189
0.0297873467207
0.0130425728858
0.0240171998739
0.0023577385582
0.0069674984552
0.0243160054088
0.00961388647556
0.0211307127029
0.00949357170612
0.00638750102371
0.0226704943925
0.0173663515598
0.00508608995005
0.0125344730914
0.0194894578308
0.00715481443331
0.00702440086752
0.028876548633
0.00841144006699
0.00510817393661
0.0131086213514
0.0305634699762
0.0502328053117
0.00195691618137
0.00936636701226
0.0561074987054
0.011043632403
0.00209212210029
0.0100383535028
0.00430601788685
0.00151246006135
0.00608651246876
0.00700039090589
0.00626676948741
0.0263055656105
0.0276768915355
0.0117974737659
0.0188526455313
0.00490162242204
0.0178550519049
0.00140930956695
0.00345029681921
0.00336853298359
0.0166115313768
0.0122111737728
0.0203817579895
0.00674662133679
0.00102531339508
0.00527056772262
0.00327904825099
0.0150692099705
0.00714016892016
0.00170564104337
0.0215957667679
0.0340716838837
0.017243206501
0.0163575280458
0.01675616391
0.00299100531265
0.00289161107503
0.0104626780376
0.00356198754162
0.0165152158588
0.00712006306276
0.00200172164477
0.00365204643458
0.0118750529364
0.016274323687
0.00193635956384
0.00576149765402
0.00193150364794
0.0152312489226
0.00891731865704
0.0140830622986
0.0148011464626
0.00150127755478
0.00315352180041
0.00212140451185
0.00399964489043
0.0200797840953
0.00243948283605
0.0176956802607
0.00840478949249
0.00114004150964
0.0261596105993
0.00423690862954
0.0014483203413
0.0188281536102
0.0039119492285
0.0131885968149
0.00390767678618
0.00215110019781
0.00225832196884
0.034208625555
0.00351379415952
0.00162626593374
0.00326975225471
0.00433116266504
0.00503939483315
0.00405004294589
0.0399143770337
0.00963956769556
0.0101783592254
0.0155749600381
0.00521005317569
0.0273700337857
0.00667806901038
0.00779663259163
0.00267789023928
0.00214285543188
0.00300041376613
0.0180699843913
0.00351933762431
0.00984176062047
0.00174186029471
0.00390854198486
0.00211853231303
0.0121665019542
0.0111381495371
0.00110205693636
0.0131041659042
0.000990727683529
0.0126577774063
0.000626339227892
0.0262449085712
0.0414001569152
0.00631702737883
0.00608570454642
0.00371378613636
0.014146251604
0.00703041022643
0.00305942003615
0.00849792826921
0.00163604342379
0.0185039825737
0.00879549887031
0.0135548664257
0.00634382944554
0.011260509491
0.00221717148088
0.00534483743832
0.0382382236421
0.00718166539446
0.0036524226889
0.0132083129138
0.00289865606464
0.0203934814781
0.00770772015676
0.0341924801469
0.0233312994242
0.0272926632315
0.00714499130845
0.0112307416275
0.00151450221892
0.0117345415056
0.00808987952769
0.0143414400518
0.00471163820475
0.00434044096619
0.0165156275034
0.0247278772295
0.00491004204378
0.00962831173092
0.00808372255415
0.0260820295662
0.0302864219993
0.00198657135479
0.00403242651373
0.00804754346609
0.00612436933443
0.00161936576478
0.00855793710798
0.0154551696032
0.0315362103283
0.0116821378469
0.0201858878136
0.0010855323635
0.00715622771531
0.0228586848825
0.0101267220452
0.00708238128573
0.00617387285456
0.0167426522821
0.0124457087368
0.0297916457057
0.0208681616932
0.00693203182891
0.00166660547256
0.00198246841319
0.00268521346152
0.00149007001892
0.00144896737766
0.0011522534769
0.00391538394615
0.00807861611247
0.000927828717977
0.0133902542293
0.0107105802745
0.00932008307427
0.00339897582307
0.0123112155125
0.00187729776371
0.0235806424171
0.00834187772125
0.00908956956118
0.0124925579876
0.00377789279446
0.0132553996518
0.00965016894042
0.00661366758868
0.00055185839301
0.0170397926122
0.00244955089875
0.00123332394287
0.00101116008591
0.00200474495068
0.0226944293827
0.0139934886247
0.010986790061
0.0141389947385
0.0156092178077
0.00570306601003
0.0100059751421
0.00726477568969
0.061199337244
0.0284310020506
0.00549621647224
0.0156925953925
0.00220954557881
0.0355124734342
0.00372751057148
0.00876143667847
0.00737317465246
0.0257597807795
0.0168777927756
0.00359389605001
0.00496878381819
0.00670129386708
0.0119487484917
0.00522436620668
0.0134961176664
0.0259988438338
0.0239730253816
0.0137587375939
0.00838019791991
0.0135369356722
0.0169663801789
0.00475707743317
0.0074536758475
0.0137649662793
0.00520186265931
0.00119064003229
0.00781334750354
0.00983494240791
0.00673312554136
0.00568754598498
0.0187297891825
0.0272768493742
0.00387304625474
0.0455532670021
0.00569820590317
0.0146213369444
0.010358594358
0.00679250760004
0.0215965714306
0.00332327815704
0.00923832971603
0.0067504174076
0.00209489581175
0.0120448702946
0.0179497338831
0.00911344401538
0.0197223704308
0.00394100695848
0.00102343293838
0.0112607190385
0.00368178845383
0.00334844505414
0.00404742034152
0.0141072990373
0.0115878544748
0.0110816350207
0.00713587692007
0.00366271683015
0.0204376075417
0.0105274338275
0.00406910153106
0.0416087917984
0.003840749152
0.0104483123869
0.0209236219525
0.0173966865987
