0.693147242069
0.691001653671
0.688746988773
0.687177836895
0.686178147793
0.685725450516
0.685779392719
0.686157822609
0.686569571495
0.6868044734
0.686811029911
0.686639606953
0.686377108097
0.686117231846
0.685904622078
0.685761809349
0.68569791317
0.685702681541
0.685753881931
0.685817837715
0.685877084732
0.685917198658
0.685930371284
0.685916483402
0.685880959034
0.685832679272
0.685782074928
0.685738325119
0.685707807541
0.685693740845
0.685695171356
0.68570792675
0.685725986958
0.6857432127
0.685754716396
0.685757517815
0.685751855373
0.685739815235
0.685724556446
0.685710132122
0.685699164867
0.685693442822
0.68569290638
0.685696482658
0.685701966286
0.685707509518
0.685711145401
0.685712039471
0.685710191727
0.685706436634
0.685701608658
0.685697257519
0.685694098473
0.685692608356
0.68569290638
0.685694396496
0.685696363449
0.685697972775
0.685698628426
0.685698509216
0.685697376728
0.685695886612
0.685694336891
0.685693144798
0.685692608356
0.68569278717
0.685693204403
0.685693979263
0.685694396496
0.685694694519
0.68569457531
0.685694098473
0.685693502426
0.685692965984
0.68569278717
0.685692608356
0.685692667961
0.68569290638
0.685693144798
0.685693383217
0.685693264008
0.685693204403
0.68569290638
0.685692846775
0.68569278717
0.685692608356
0.685692548752
0.685692608356
0.685692667961
0.68569278717
0.68569290638
0.68569278717
0.685692667961
0.685692608356
0.685692608356
0.685692608356
0.685692548752
0.685692608356
0.685692667961
0.685692667961
0.685692667961
0.68569278717
0.685692608356
0.685692608356
0.685692608356
0.685692608356
0.685692608356
0.685692608356
0.685692608356
0.685692608356
0.685692608356
0.685692608356
0.685692608356
0.685692548752
0.685692608356
0.685692608356
0.685692608356
0.685692608356
0.685692608356
0.685692608356
0.685692608356
0.685692548752
0.685692608356
0.685692608356
0.685692608356
0.685692608356
0.685692667961
0.685692608356
0.685692608356
0.685692608356
0.685692489147
0.685692608356
0.685692608356
0.685692608356
0.685692667961
0.685692608356
0.685692608356
0.685692608356
0.685692548752
0.685692608356
0.685692608356
0.685692608356
0.685692608356
0.685692608356
0.685692608356
0.685692608356
0.685692548752
0.685692608356
0.685692608356
0.685692608356
0.685692608356
0.685692608356
0.685692608356
0.685692608356
0.685692608356
0.685692608356
0.685692548752
0.685692548752
0.685692548752
0.685692608356
0.685692608356
0.685692608356
0.685692667961
0.685692608356
0.685692608356
0.685692608356
0.685692608356
0.685692608356
0.685692608356
0.685692608356
0.685692608356
0.685692608356
0.685692608356
0.685692548752
0.685692608356
0.685692608356
0.685692608356
0.685692608356
0.685692608356
0.685692608356
0.685692608356
0.685692548752
0.685692608356
0.685692548752
0.685692608356
0.685692489147
0.685692608356
0.685692608356
0.685692608356
0.685692608356
0.685692608356
0.685692608356
0.685692608356
0.685692667961
0.685692608356
0.685692608356
0.685692608356
0.685692608356
0.685692608356
0.685692608356
