0.693692445755
0.691640853882
0.689209342003
0.685835838318
0.682143211365
0.676593244076
0.669955134392
0.664922773838
0.658120512962
0.649298846722
0.64207392931
0.631967365742
0.627832353115
0.617422759533
0.608859717846
0.599529564381
0.589064180851
0.580781519413
0.569462478161
0.56117939949
0.549657762051
0.538233041763
0.529906272888
0.518791019917
0.502506732941
0.493317455053
0.475700557232
0.469269156456
0.454407632351
0.439647167921
0.42606395483
0.409911930561
0.402027755976
0.389628410339
0.376194655895
0.358597993851
0.352740764618
0.329042762518
0.325572550297
0.306203216314
0.293416947126
0.285281956196
0.255906403065
0.265918195248
0.246105581522
0.23465885222
0.224261432886
0.214117377996
0.195356279612
0.193777993321
0.184326946735
0.174624741077
0.160605564713
0.15804708004
0.143897339702
0.147569522262
0.125759333372
0.128621473908
0.125940442085
0.114956475794
0.106053136289
0.0996322482824
0.0975693315268
0.0967817828059
0.0835643559694
0.0802095755935
0.0805350616574
0.0703427493572
0.066280297935
0.0680580735207
0.0614200532436
0.0660221204162
0.0595595277846
0.0614035986364
0.0549914576113
0.0469995811582
0.0499059446156
0.0461552776396
0.0416438691318
0.040714353323
0.0409732572734
0.0430000014603
0.0375639386475
0.0352815315127
0.0321211218834
0.0305279549211
0.0315339714289
0.0301620531827
0.0320416353643
0.0255360994488
0.0302071608603
0.0281440038234
0.025742681697
0.0243551842868
0.0244494639337
0.0230432096869
0.0272007025778
0.0214361846447
0.018435690552
0.0231631342322
0.020619193092
0.0160079132766
0.0269235428423
0.0183448214084
0.0201767832041
0.017151273787
0.0170641485602
0.0158938914537
0.0171851590276
0.0148964636028
0.0162066649646
0.0146455876529
0.0153094334528
0.0123977409676
0.0177467912436
0.0142704183236
0.0139643959701
0.013616793789
0.0154833681881
0.0145373493433
0.0115843052045
0.0170564241707
0.0117147332057
0.0106180924922
0.0136138871312
0.00986743345857
0.0115525992587
0.010047275573
0.00942825246602
0.00922947004437
0.00972201954573
0.0115077998489
0.00952200964093
0.0114241410047
0.0117079382762
0.0108176590875
0.0163269713521
0.0106293158606
0.0100960414857
0.00779557973146
0.0107190618291
0.0102285807952
0.00801547523588
0.00680787395686
0.00811180286109
0.00781210558489
0.00857959222049
0.00733965449035
0.00735997129232
0.00759510416538
0.0083426553756
0.00710515026003
0.00634605251253
0.00779211521149
0.00759270228446
0.00823219493032
0.00942632742226
0.00793207250535
0.00920459628105
0.008809058927
0.0065958625637
0.00572838913649
0.00581672601402
0.00712957791984
0.00859625265002
0.00865423493087
0.00556824496016
0.00556258112192
0.011122468859
0.00610260944813
0.00652730278671
0.00701248459518
0.00617405446246
0.00634591048583
0.00615601427853
0.00746586360037
0.00463849166408
0.00694284075871
0.00477711670101
0.00555565720424
0.00535176228732
0.00613606255502
0.00476524233818
0.00834302138537
0.00833619758487
0.0039466554299
0.00690083857626
0.0061328872107
0.00457062805071
0.00641041249037
0.00541228847578
0.00441123591736
0.00556116271764
0.005422772374
0.00587261747569
0.00494912080467
0.0050906855613
0.00633193040267
0.00437854370102
0.00453548459336
0.00574734900147
0.00403581000865
0.00403297692537
0.00475415121764
0.0100536951795
0.00426348671317
0.00462919846177
0.00456782383844
0.00364898703992
0.0036047406029
0.00404283730313
0.00437885802239
0.0054478738457
0.00399689655751
0.00364175019786
0.00492357043549
0.00336577114649
0.00330764078535
0.00314660184085
0.0039552222006
0.00467129703611
0.00339822540991
0.00334091298282
0.00342649850063
0.00358006544411
0.00367029872723
0.0028022788465
0.00396980857477
0.00440662913024
0.00474001606926
0.00370231247507
0.00335758482106
0.00406150240451
0.00386568927206
0.00393524859101
0.007261430379
0.00383923063055
0.00324816233478
0.00302772177383
0.0034997863695
0.00229755369946
0.00356278684922
0.00370048265904
0.00229850504547
0.00374162918888
0.00322721013799
0.0035832116846
0.00407497631386
0.00265601905994
0.00479122903198
0.00258036307059
0.00404283730313
0.00311643932946
0.00416086660698
0.0043316045776
0.0055268201977
0.00498997000977
0.00361091224477
0.0025125448592
0.00244235550053
0.00331336865202
0.0019003583584
0.00386279798113
0.00265453686006
0.00189732783474
0.00218539731577
0.00333008589223
0.00187146198004
0.00285625457764
0.00290212640539
0.00168746116105
0.00235363584943
0.00298169301823
0.00535330781713
0.00259486120194
0.00490234186873
0.00235020602122
0.00280170026235
0.00336821656674
0.00270176911727
0.00259589869529
0.0020605835598
0.00168712460436
0.00205333437771
0.00179285067134
0.00243272515945
0.00230220519006
0.00356262316927
0.00261269835755
0.00166770920623
0.00240115984343
0.00217882939614
0.00234556011856
0.00256389658898
0.00250394060276
0.00153837352991
0.00210916483775
0.00213294173591
0.00244293920696
0.00252999295481
0.00157840701286
0.00198653549887
0.00208702730015
0.00262504420243
0.00202496256679
0.00219214800745
0.0029692845419
0.00221378449351
0.00308197480626
0.00139852636494
0.00120902457274
0.00126676389482
0.00174938095734
0.00158292253036
0.00146495364606
0.00140133139212
0.00384633522481
0.00161592813674
0.00178871094249
0.00298061594367
0.00258822576143
0.00166762422305
0.0018285382539
0.0012739644153
0.00188759330194
0.00190030015074
0.00142933730967
0.00126802572049
0.00292943394743
0.00257200142369
0.00168314389884
0.00158055964857
0.00258909794502
0.00219140574336
0.00196900451556
0.00162343366537
0.00231257779524
0.0013136707712
0.00142058951315
0.00233636423945
0.00240234751254
0.00175596936606
0.00302946218289
0.00254855048843
0.00149560114369
0.00103332824074
0.00167051353492
0.00137129763607
0.00480289757252
0.00194131524768
0.00241856626235
0.00105736788828
0.00206174445339
0.00160056934692
0.00139095832128
0.0010749634821
0.00178508355748
0.00147116044536
0.00115463905968
0.00211283541285
0.00138321414124
0.00161128537729
0.00103247270454
0.000977377872914
0.00170391018037
0.00103545421734
0.00146361661609
0.00206137169152
0.0015710380394
0.00179293239489
0.00345898186788
0.00179245870095
0.00122376705986
0.00159468012862
0.00105033011641
0.00164238596335
0.000943533959799
0.00255285878666
0.00104735093191
0.00134596647695
0.00160034850705
0.00153791008051
0.00111682375427
0.00228433124721
0.00135249376763
0.00218105176464
0.000721826567315
0.00135282438714
0.00127803126816
0.00153274205513
0.000860574538819
0.00265467423014
0.000905511144083
0.00100869382732
0.000836685940158
0.00145973230246
0.00212871888652
0.00547328684479
0.00255492981523
0.00110435008537
0.000923311978113
0.00192340835929
0.00119382434059
0.00182596209925
0.000945803010836
0.00169898674358
0.000999810057692
0.0012580670882
0.00158526655287
0.00131668860558
0.00161139224656
0.000936492753681
0.00112269481178
0.000875415455084
0.00119679165073
0.000929040077608
0.00136544823181
0.001879711519
0.000877695158124
0.000954496441409
0.00105377670843
0.00121790426783
0.00161387701519
0.000734722707421
0.00105993635952
0.00136547209695
0.00259471172467
0.00117771828081
0.00070036505349
0.00236022262834
0.00157389929518
0.000931469548959
0.00177368067671
0.00112578226253
0.000521722191479
0.00198358763009
0.000898786121979
0.000670870707836
0.00134662201162
0.00273514981382
0.000627288827673
0.000769372913055
0.00110765069257
0.000436877598986
0.00168083817698
0.000639507197775
0.00100784946699
0.000557615887374
0.00153697317
0.00348055385984
0.00267172581516
0.00115715386346
0.000662647536956
0.00234636524692
0.00083555636229
0.000746722507756
0.00231248931959
0.000797725981101
0.000707507540938
0.00063462666003
0.000598930229899
0.00192227959633
0.000730493688025
0.00107977900188
0.000843136047479
0.00241909385659
0.0014342853101
0.00157250394113
0.00165646721143
0.000840662629344
0.00167109270114
0.00101331644692
0.00254915631376
0.00119098380674
0.000893252668902
0.000817863910925
0.0005134542007
0.000647349632345
0.00504186144099
0.00142583390698
0.00176372786518
0.00158606015611
0.000939355813898
0.00117342488375
0.00133539410308
0.00099411199335
0.00112332159188
0.000867758120876
0.00292468396947
0.000664267514367
0.000798470224254
0.000702923396602
0.00110777618829
0.000707937171683
0.000770566868596
0.0011125166202
0.00102945324033
0.00063307286473
0.00174636405427
0.000878291029949
0.00090314517729
0.00124251900706
0.000528926029801
0.00118199491408
0.000677921285387
0.00109237013385
0.000621169398073
0.000596317811869
0.00145790644456
0.000990802654997
0.00118875934277
0.00147228362039
0.000565569847822
0.00128282152582
0.0010057791369
0.000757895060815
0.000634131371044
0.000638330995571
0.000390046858229
0.000898464990314
0.00203401967883
0.000810388650279
0.000426342128776
0.000807631469797
0.000464844546514
0.000638830824755
0.000564822170418
0.00134414609056
0.00123648066074
0.000671126297675
0.000491525861435
0.00172175257467
0.00064668757841
0.000582161534112
0.000843040237669
0.000631615577731
0.00091126631014
0.000575997051783
0.000416074792156
0.000676566676702
0.000448052509455
0.000573941331822
0.00122689572163
0.0014413765166
0.000666065257974
0.00135614490137
0.00137722410727
0.000473070336739
0.000494800158776
0.000917305180337
0.000958805554546
0.00309927761555
0.000483137468109
0.000462475785753
0.0010047290707
0.00107383623254
0.000406947539886
0.000809860299341
0.000667749147397
0.00146405957639
0.000936558120884
0.000576665799599
0.000437981478171
0.000354957446689
0.00158170983195
0.000446449179435
0.000770801329054
0.000649392080959
0.000519306398928
0.00115293858107
0.000533527112566
0.00122525519691
0.000448452017736
0.000796040461864
0.000348764035152
0.000435517868027
0.00135020690504
0.00104565173388
0.00137944181915
0.000446022866527
0.000768848985899
0.00111851899419
0.000489705358632
0.00130516756326
0.000623179948889
0.0012500800658
0.000568637682591
0.000447532307589
0.000466047989903
0.000347016757587
0.000359790603397
0.000738507660571
0.000354416959453
0.000373048096662
0.00258253561333
0.000583905144595
0.000370012887288
0.00102687720209
0.000431737658801
0.000678030890413
0.00062056502793
0.000910978065804
0.00225069094449
0.000970984692685
0.000853903067764
0.000773293606471
0.000312492193189
0.000490280857775
0.00055973266717
0.000509313715156
0.000584558467381
0.00119271303993
0.00117872550618
0.00138954271097
0.000581087195314
0.000360432983143
0.000677015923429
0.000424251978984
0.00138654443435
0.000607764697634
0.000487100856844
0.000498611014336
0.000488687539473
0.000445782934548
0.0011523955036
0.000442872580606
0.000749338709284
0.00064553291304
0.000659108278342
0.00045485974988
0.000262317626039
0.00322306156158
0.00131997978315
0.00049378775293
0.000888441631105
0.00178812979721
0.000910795584787
0.000298042490613
0.000540769542567
0.000640142534394
0.000925381435081
0.0005533589283
0.000376676471205
0.000443035591161
0.00103404070251
0.000405663828133
0.000341786217177
0.000397010357119
0.000397329422412
0.000552871089894
0.000467970210593
0.000864356989041
0.000737683556508
0.00116723089013
0.000235289437114
0.000677054049447
0.000480401620734
0.000646180124022
0.000606233777944
0.000542642839719
0.000305890425807
0.000339894351782
0.000426666112617
0.000285712972982
0.00177630549297
0.000690514571033
0.000266833871137
0.000476070912555
0.00160942610819
0.000242434049142
0.000306604226353
0.000619405298494
0.000590780109633
0.000611080788076
0.000826111063361
0.000325313943904
0.00113607745152
0.000464886979898
0.000280590320472
0.000378570694011
0.000788513745647
0.000546507479157
0.000592158758081
0.000260174274445
0.000532725651283
0.00091267778771
0.000386077386793
0.000359180703526
0.00053720723372
0.000274046615232
0.000324479071423
0.000330317358021
0.000357931479812
0.000302012078464
0.000460452778498
0.00175379868597
0.00108010892291
0.000541401444934
0.000282474327832
0.000631734845228
0.000447947415523
0.000323344400385
0.000596212747041
0.000550086202566
0.000833591970149
0.000427413819125
0.000479618087411
0.000365032552509
0.000360133504728
0.000476682995213
0.000401032419177
0.000977222807705
0.000391748326365
0.00338706397451
0.000382855272619
0.000774994492531
0.000417823554017
0.000729332619812
0.00104550051037
0.00100799289066
0.000279620289803
0.000322434934787
0.000260382104898
0.00135301786941
0.000377392978407
0.000302032771287
0.000333515141392
0.000447184429504
0.000557983817998
0.000424814526923
0.000538625929039
0.00046547970851
0.000335409597028
0.000697742274497
0.000836993509438
0.000482333445689
0.000958255026489
0.000928429071791
0.000312584423227
0.000808377400972
0.000655533454847
0.000323866814142
0.000637254910544
0.000706986116711
0.00428578769788
0.000580640975386
0.000437062408309
0.00124466535635
0.0030587320216
0.000553397927433
0.000799307657871
0.000348119181581
0.000533804355655
0.0004040277272
0.000345243781339
0.000624911685009
0.000494132225867
0.000808910932392
0.00056726729963
0.00111815903801
0.000480659131426
0.000974571390543
0.00170863734093
0.00068476999877
0.000263479858404
0.000315422978019
0.000537447922397
0.000437800976215
0.000741418392863
0.000426760962
0.00108809652738
0.000219983587158
0.00155512895435
0.000723068020307
0.000443020137027
0.000344520492945
0.000913714640774
0.00285696191713
0.000762567215133
0.000348745292285
0.000893880147487
0.000234563878621
0.000441250245785
0.000653124880046
0.000334191019647
0.000216567728785
0.000536827777978
0.00185614358634
0.000192900697584
0.000331338669639
0.000558181782253
0.000289040006464
0.000574892386794
0.000702888472006
0.000446267542429
0.000564050220419
0.000293047953164
0.000438980583567
0.000400727178203
0.000404773221817
