0.434146344662
0.43902438879
0.473170727491
0.448780477047
0.492682933807
0.468292683363
0.473170727491
0.512195110321
0.517073154449
0.575609743595
0.502439022064
0.565853655338
0.600000023842
0.536585390568
0.614634156227
0.629268288612
0.609756112099
0.614634156227
0.629268288612
0.600000023842
0.609756112099
0.629268288612
0.614634156227
0.624390244484
0.629268288612
0.634146332741
0.600000023842
0.614634156227
0.68292683363
0.673170745373
0.624390244484
0.648780465126
0.653658509254
0.668292701244
0.663414657116
0.648780465126
0.692682921886
0.673170745373
0.648780465126
0.697560966015
0.629268288612
0.648780465126
0.639024376869
0.629268288612
0.692682921886
0.736585378647
0.663414657116
0.673170745373
0.741463422775
0.653658509254
0.648780465126
0.692682921886
0.687804877758
0.678048789501
0.687804877758
0.702439010143
0.678048789501
0.707317054272
0.707317054272
0.72682929039
0.702439010143
0.697560966015
0.702439010143
0.707317054272
0.707317054272
0.736585378647
0.702439010143
0.731707334518
0.707317054272
0.746341466904
0.7121950984
0.697560966015
0.736585378647
0.687804877758
0.702439010143
0.731707334518
0.736585378647
0.72682929039
0.68292683363
0.770731687546
0.756097555161
0.707317054272
0.746341466904
0.756097555161
0.72682929039
0.702439010143
0.736585378647
0.736585378647
0.7121950984
0.751219511032
0.72682929039
0.687804877758
0.756097555161
0.746341466904
0.697560966015
0.697560966015
0.795121967793
0.765853643417
0.751219511032
0.736585378647
