0.693147242069
0.692792952061
0.692401707172
0.692024767399
0.691648483276
0.691270649433
0.69089204073
0.690504431725
0.690115869045
0.689726769924
0.689337670803
0.688944816589
0.688551723957
0.688158750534
0.687767744064
0.687377512455
0.686982095242
0.686586856842
0.686191439629
0.685796499252
0.68540173769
0.685007214546
0.684619605541
0.684232711792
0.683841764927
0.68344604969
0.683050513268
0.682653129101
0.682247340679
0.681840837002
0.681428611279
0.681010305882
0.680591285229
0.680171787739
0.679751634598
0.679341077805
0.678935825825
0.678538858891
0.67814797163
0.677768290043
0.677387535572
0.677005529404
0.676622927189
0.676239609718
0.675855696201
0.675473451614
0.675092160702
0.674708068371
0.674320995808
0.67393130064
0.673540234566
0.673153042793
0.672766089439
0.67237919569
0.671996712685
0.671614289284
0.671232044697
0.670849919319
0.670467793941
0.670085787773
0.669704318047
0.669325232506
0.668945908546
0.668566286564
0.668186545372
0.667806506157
0.667426407337
0.667046248913
0.666666030884
0.666289269924
0.665912747383
0.665536522865
0.665160417557
0.664784371853
0.664408385754
0.664032697678
0.663657069206
0.663281559944
0.662905931473
0.662530601025
0.662156164646
0.661782860756
0.661409258842
0.661035299301
0.660661518574
0.660287380219
0.659913361073
0.659539222717
0.659169614315
0.658798158169
0.65842461586
0.658051550388
0.657679140568
0.657307982445
0.65693718195
0.656566023827
0.656194627285
0.655823051929
0.655451178551
0.6550796628
0.654709100723
0.654338359833
0.653967261314
0.653595983982
0.653225362301
0.652854979038
0.652484297752
0.652113258839
0.651742458344
0.651371955872
0.651001095772
0.650630772114
0.650260388851
0.649889528751
0.649518430233
0.649148762226
0.648778259754
0.648407399654
0.648035764694
0.647666096687
0.647295832634
0.646925330162
0.646554350853
0.646183073521
0.645811378956
0.645439624786
0.645068883896
0.644697248936
0.64432656765
0.643955528736
0.643584012985
0.64321231842
0.642840147018
0.642468392849
0.64209663868
0.64172399044
0.641351938248
0.640979588032
0.640607357025
0.640234529972
0.639861762524
0.639489233494
0.639115929604
0.638742744923
0.638369202614
0.637996196747
0.637621819973
0.637247979641
0.636874258518
0.636499762535
0.636125504971
0.635750830173
0.63537555933
0.635000765324
0.634624958038
0.634249329567
0.633873522282
0.633497714996
0.633121669292
0.632745206356
0.632368206978
0.631990849972
0.631613254547
0.631237149239
0.63085848093
0.630479753017
0.630101799965
0.629723370075
0.629344344139
0.628965079784
0.628585159779
0.628205001354
0.627824425697
0.627443432808
0.627062141895
0.626680850983
0.626299321651
0.625917255878
0.625534892082
0.625152587891
0.624769389629
0.624386072159
0.62400251627
0.623618245125
0.623233795166
0.622848808765
0.622463166714
0.622077405453
0.621691167355
0.621307432652
0.620918214321
0.620531618595
0.620144486427
0.619756698608
0.619368493557
0.618979752064
0.618590474129
0.618200778961
0.617811381817
0.617420494556
0.617030024529
0.616639137268
0.61624777317
0.615855753422
0.615463137627
0.615069925785
0.614676177502
0.614281833172
0.613887012005
0.613492965698
0.613097310066
0.612700879574
0.612304747105
0.611908197403
0.611510872841
0.611112892628
0.61071562767
0.610316693783
0.609919726849
0.609520018101
0.609129548073
0.608729660511
0.608328700066
0.607933163643
0.60753428936
0.607132434845
0.60673391819
0.606334149837
0.605933487415
0.605533182621
0.605131983757
0.604730665684
0.604328215122
0.603925526142
0.603523433208
0.603119075298
0.602715194225
0.602311909199
0.601905941963
0.601500868797
0.601100504398
0.601060152054
0.601019382477
0.600978434086
0.600937008858
0.600895404816
0.600853681564
0.600811719894
0.60077214241
0.600732326508
0.600691318512
0.600649297237
0.600609600544
0.600569784641
0.600529611111
0.600489199162
0.60044836998
0.600407361984
0.600366175175
0.600325107574
0.600284934044
0.600244581699
0.600203812122
0.600163221359
0.600122988224
0.600082814693
0.60004222393
0.600001513958
0.599961042404
0.599920988083
0.599880635738
0.599840223789
0.599799871445
0.599759340286
0.599718809128
0.599678218365
0.599638164043
0.599597811699
0.599557340145
0.599516570568
0.599476754665
0.59943652153
0.599395692348
0.599355578423
0.599315464497
0.599275052547
0.599234521389
0.599194645882
0.599154531956
0.599113702774
0.599073767662
0.599033772945
0.59899353981
0.598952889442
0.598912656307
0.5988727808
0.598832368851
0.598792016506
0.598751664162
0.598711788654
