0.56097561121
0.570731699467
0.697560966015
0.765853643417
0.804878056049
0.839024364948
0.873170733452
0.897560954094
0.892682909966
0.917073190212
0.941463410854
0.970731735229
0.960975587368
0.941463410854
0.960975587368
0.970731735229
0.95609754324
0.941463410854
0.965853631496
0.975609779358
0.960975587368
0.960975587368
0.985365867615
0.985365867615
0.980487823486
0.985365867615
0.980487823486
0.965853631496
0.985365867615
0.985365867615
0.985365867615
0.975609779358
0.990243911743
0.990243911743
1.0
1.0
0.995121955872
1.0
0.995121955872
0.990243911743
1.0
0.995121955872
0.995121955872
1.0
1.0
1.0
0.995121955872
0.990243911743
0.995121955872
0.985365867615
1.0
0.995121955872
0.995121955872
0.985365867615
0.985365867615
1.0
1.0
0.990243911743
0.995121955872
0.995121955872
1.0
0.995121955872
0.985365867615
0.995121955872
0.995121955872
0.995121955872
1.0
1.0
1.0
0.995121955872
1.0
1.0
0.995121955872
0.985365867615
1.0
0.995121955872
0.995121955872
0.995121955872
1.0
0.995121955872
0.995121955872
0.995121955872
0.995121955872
0.990243911743
1.0
1.0
1.0
0.995121955872
0.995121955872
0.995121955872
0.995121955872
0.995121955872
1.0
0.985365867615
1.0
1.0
0.995121955872
1.0
0.995121955872
1.0
0.995121955872
1.0
1.0
1.0
1.0
0.995121955872
1.0
0.995121955872
1.0
1.0
0.995121955872
0.990243911743
1.0
1.0
1.0
1.0
0.995121955872
1.0
1.0
0.985365867615
1.0
1.0
0.995121955872
0.990243911743
1.0
1.0
1.0
0.995121955872
1.0
0.995121955872
1.0
0.995121955872
1.0
0.985365867615
0.995121955872
0.995121955872
1.0
0.995121955872
0.995121955872
0.995121955872
1.0
1.0
0.995121955872
1.0
1.0
1.0
1.0
1.0
0.995121955872
1.0
1.0
1.0
1.0
1.0
0.995121955872
1.0
0.995121955872
0.995121955872
1.0
0.995121955872
1.0
1.0
1.0
1.0
1.0
1.0
1.0
1.0
1.0
1.0
1.0
1.0
1.0
1.0
1.0
1.0
1.0
1.0
1.0
1.0
1.0
1.0
1.0
1.0
1.0
0.995121955872
0.995121955872
0.995121955872
1.0
1.0
0.995121955872
1.0
1.0
0.990243911743
1.0
1.0
0.995121955872
1.0
1.0
0.995121955872
1.0
1.0
1.0
0.995121955872
1.0
0.995121955872
1.0
1.0
0.995121955872
1.0
1.0
1.0
0.980487823486
1.0
1.0
1.0
1.0
1.0
1.0
1.0
0.985365867615
0.995121955872
1.0
1.0
1.0
1.0
1.0
1.0
1.0
1.0
1.0
0.995121955872
1.0
1.0
1.0
1.0
1.0
1.0
1.0
1.0
1.0
1.0
1.0
1.0
1.0
1.0
1.0
1.0
0.995121955872
1.0
1.0
1.0
1.0
1.0
1.0
1.0
1.0
1.0
1.0
1.0
1.0
1.0
1.0
1.0
1.0
1.0
1.0
1.0
1.0
1.0
1.0
1.0
1.0
1.0
1.0
1.0
1.0
1.0
1.0
1.0
0.995121955872
1.0
1.0
1.0
1.0
1.0
1.0
1.0
1.0
1.0
1.0
1.0
0.995121955872
1.0
1.0
1.0
1.0
1.0
1.0
1.0
