0.699942708015
0.691252112389
0.689033985138
0.688150525093
0.689342319965
0.693740308285
0.695395946503
0.696816861629
0.690069258213
0.682606935501
0.691182374954
0.695250749588
0.685100078583
0.676865816116
0.688508272171
0.687332689762
0.684866428375
0.686929047108
0.688765347004
0.686931490898
0.688840687275
0.683732509613
0.692653894424
0.688776671886
0.691963016987
0.693117141724
0.6996281147
0.688073575497
0.691871464252
0.687349617481
0.693990707397
0.688559651375
0.699286460876
0.684770524502
0.690632343292
0.690445840359
0.697176456451
0.689505815506
0.68833643198
0.694268941879
0.691614985466
0.694468736649
0.688001990318
0.688610255718
0.690631270409
0.692955553532
0.694194972515
0.69007897377
0.689336776733
0.684904694557
0.69367146492
0.689947783947
0.693362593651
0.691899716854
0.691337227821
0.694501936436
0.683200955391
0.693897247314
0.689582884312
0.690835654736
0.688343703747
0.683064818382
0.691711843014
0.688368201256
0.692278027534
0.695261955261
0.688519001007
0.68932902813
0.69058316946
0.682714402676
0.686494708061
0.682669878006
0.692648410797
0.681904554367
0.687956154346
0.681663870811
0.683543384075
0.683563113213
0.687773168087
0.691096901894
0.692569792271
0.687118768692
0.686485767365
0.683543980122
0.683104813099
0.686628222466
0.686289846897
0.689501821995
0.685163855553
0.687397658825
0.687017798424
0.688166618347
0.690679788589
0.682846724987
0.685994386673
0.685276925564
0.692692875862
0.686000525951
0.689595878124
0.683221340179
0.684881806374
0.68859988451
0.68440669775
0.687425851822
0.683353543282
0.688774645329
0.689521312714
0.686568617821
0.681589841843
0.68472391367
0.681285142899
0.682546615601
0.685047566891
0.682980716228
0.685388565063
0.688135206699
0.686856806278
0.684665739536
0.683109283447
0.68701171875
0.684319317341
0.686001598835
0.682219564915
0.688739597797
0.687333583832
0.684781849384
0.683512330055
0.686948776245
0.683426141739
0.681439340115
0.690208792686
0.691287696362
0.687440752983
0.686330080032
0.684520721436
0.690351247787
0.688393890858
0.688221156597
0.685777187347
0.679344236851
0.68624162674
0.687001287937
0.688598036766
0.686761796474
0.683222174644
0.683160841465
0.693094670773
0.689114451408
0.681671500206
0.682802379131
0.68937844038
0.677269935608
0.685330867767
0.680626273155
0.682533502579
0.684857308865
0.682648658752
0.679806828499
0.683044731617
0.690415918827
0.684212386608
0.686927914619
0.689168214798
0.687095403671
0.688276350498
0.684223592281
0.688559770584
0.684044837952
0.683322131634
0.689267933369
0.684373676777
0.67909771204
0.686920166016
0.683487057686
0.684958994389
0.681177675724
0.682403624058
0.686634242535
0.688724279404
0.685475707054
0.684617638588
0.688827633858
0.685957014561
0.681167185307
0.683667004108
0.683558642864
0.681306540966
0.685108006001
0.681457936764
0.685243487358
0.684868574142
0.68882894516
0.681846141815
0.683528900146
0.685444295406
0.681412398815
0.68282365799
0.688829004765
0.687468588352
0.684959292412
0.686444461346
0.691029191017
0.68563991785
0.689978122711
0.686114668846
0.68967539072
0.683038532734
0.684477448463
0.685018897057
0.689048945904
0.689200341702
0.683051407337
0.682618618011
0.688538551331
0.679814457893
0.681970834732
0.685567855835
0.686952471733
0.686116933823
0.689009726048
0.679807662964
0.685788631439
0.685507416725
0.686108827591
0.680290579796
0.687587857246
0.680801331997
0.68749332428
0.680665552616
0.686960279942
0.685906231403
0.690152108669
0.677182734013
0.679751932621
0.686262130737
0.685183763504
0.68721729517
0.68266916275
0.684649527073
0.685005605221
0.684686422348
0.6826582551
0.685839235783
0.680954813957
0.681927204132
0.682757556438
0.677448689938
0.685643553734
0.686873555183
0.684367835522
0.692696332932
0.687359333038
0.681798875332
0.692630946636
0.686605155468
0.68332362175
0.685383915901
0.683122515678
0.686136841774
0.683830440044
0.681824266911
0.684419155121
0.688449144363
0.681425750256
0.685391366482
0.677358329296
0.684303700924
0.67831659317
0.68093842268
0.682138860226
0.67796587944
0.683221578598
0.686460793018
0.683445870876
0.686129808426
0.684287905693
0.682783901691
0.684207320213
0.690109550953
0.682887971401
0.681106507778
0.686021983624
0.688129723072
0.685040593147
0.688844799995
0.685583889484
0.687178134918
0.679954648018
0.6868070364
0.686057806015
0.691788375378
0.689071536064
0.682662844658
0.687824070454
0.683187544346
0.686191916466
0.685700178146
0.677189946175
0.685045778751
0.68156504631
