0.682985007763
0.682434082031
0.681895554066
0.681369364262
0.68084603548
0.680318713188
0.679782152176
0.679260551929
0.678744137287
0.678224503994
0.677711427212
0.677200853825
0.676681637764
0.676170706749
0.675665438175
0.675153911114
0.674635410309
0.674115419388
0.673604846001
0.673103451729
0.672605037689
0.67212253809
0.671640515327
0.671150624752
0.670657873154
0.670167028904
0.669669270515
0.669165492058
0.668651819229
0.668130576611
0.667603075504
0.667063653469
0.666517913342
0.665967345238
0.665429532528
0.664884090424
0.664339244366
0.663789987564
0.663227975368
0.66264975071
0.662057101727
0.661459267139
0.660852074623
0.660245418549
0.659632623196
0.659016549587
0.658388435841
0.657754004002
0.657112836838
0.656464159489
0.655802369118
0.65512830019
0.654444277287
0.65375828743
0.653056442738
0.652342557907
0.651629030704
0.650905430317
0.650177359581
0.649453043938
0.64871931076
0.647978723049
0.647229611874
0.646477282047
0.645721793175
0.644958198071
0.644185364246
0.643411755562
0.64264523983
0.641878724098
0.641111075878
0.640336513519
0.639561355114
0.638789534569
0.63801330328
0.637242674828
0.636470794678
0.635682106018
0.634888410568
0.634085953236
0.63327473402
0.632450520992
0.631625294685
0.630799651146
0.629964292049
0.629122018814
0.628268361092
0.627411782742
0.626551568508
0.625694334507
0.624830543995
0.623956620693
0.623072862625
0.622182786465
0.621282815933
0.6203789711
0.61946284771
0.618536651134
0.617597281933
0.616650938988
0.615705728531
0.614749193192
0.613773167133
0.612784326077
0.61179202795
0.610799372196
0.609794974327
0.60877764225
0.607754647732
0.606731653214
0.605715870857
0.604684889317
0.60364228487
0.602614104748
0.601578712463
0.600529611111
0.59946513176
0.598383843899
0.597295761108
0.596198320389
0.59510153532
0.59400498867
0.592909872532
0.591804623604
0.590696632862
0.589592337608
0.58848297596
0.587371885777
0.586280107498
0.585197985172
0.584112584591
0.58302295208
0.581923902035
0.58081972599
0.579716145992
0.578617751598
0.577536463737
0.576459884644
0.575389266014
0.574326813221
0.57326322794
0.572193264961
0.571119427681
0.57003724575
0.568965017796
0.567889630795
0.566817820072
0.565732419491
0.564642846584
0.563557982445
0.562465429306
0.561377167702
0.560284912586
0.559180378914
0.558076620102
0.556965351105
0.555870711803
0.554775178432
0.553680181503
0.552591323853
0.551504552364
0.550418496132
0.549323499203
0.548235118389
0.547142088413
0.546039760113
0.544946968555
0.543852627277
0.542759299278
0.541675627232
0.540599822998
0.539518773556
0.538433253765
0.537347793579
0.536271691322
0.535202860832
0.534132421017
0.53306210041
0.531994998455
0.530914843082
0.529824972153
0.528738498688
0.527655184269
0.526580452919
0.525517940521
0.524443984032
0.523372650146
0.522302269936
0.521222114563
0.520153939724
0.519087791443
0.518011450768
0.516939103603
0.515871584415
0.514802217484
0.51372808218
0.512655138969
0.511586606503
0.510538518429
0.509494185448
0.508449077606
0.507391154766
0.506329596043
0.505271434784
0.50421833992
0.503168463707
0.50211584568
0.501061797142
0.500002741814
0.498931229115
0.497866004705
0.49679645896
0.4957228899
0.494645953178
0.493567168713
0.492494612932
0.491415768862
0.490321695805
0.489218652248
0.488121747971
0.487029880285
0.485941618681
0.484860599041
0.483778715134
0.48269957304
0.481635034084
0.480576634407
0.479519993067
0.478467106819
0.477423727512
0.47638759017
0.47535058856
0.474331140518
0.473317354918
0.472295612097
0.471272081137
0.470245927572
0.469217449427
0.46820923686
0.467202842236
0.466195374727
0.465193748474
0.464187175035
0.463177144527
0.462174713612
0.461170166731
0.460157901049
0.459149390459
0.458148479462
0.457155674696
0.456173658371
0.455188959837
0.454204618931
0.453234940767
0.452250868082
0.451259404421
0.450258940458
0.449262887239
0.448279559612
0.447311133146
0.446336209774
0.445389360189
0.444452047348
0.44352170825
0.442589759827
0.441668540239
0.440757006407
0.4398458004
0.438926994801
0.438022643328
0.437112152576
0.436192125082
0.435274600983
0.434351712465
0.433434605598
0.432520061731
0.431605964899
0.430696219206
0.429798483849
0.428895384073
0.42799988389
0.427104741335
0.426200062037
0.425288826227
0.424379885197
0.423470705748
0.422570586205
0.42168200016
0.42078641057
0.419893592596
0.419007688761
0.418124586344
0.417253255844
0.41638019681
0.415511131287
0.414650410414
0.413798719645
0.412953436375
0.412105351686
0.411256223917
0.41040790081
0.409561365843
0.408707678318
0.407863289118
0.407015383244
0.406164705753
0.405315130949
0.404472529888
0.403628766537
0.402777612209
0.401935517788
0.40109038353
0.400243282318
0.399393767118
0.398533552885
0.397672474384
0.396805077791
0.395924180746
0.395024269819
0.394126564264
0.393217593431
0.392314255238
0.39141279459
0.390516042709
0.389620363712
0.388730973005
0.387830793858
0.386927545071
0.386041104794
0.385162949562
0.38428902626
0.383413314819
0.382549911737
0.381704747677
0.380861908197
0.380013227463
0.379174441099
0.378342419863
0.377523511648
0.376716732979
0.375914573669
0.375117152929
0.374313235283
0.373517096043
0.372735142708
0.371958434582
0.371188014746
0.370422184467
0.369667261839
0.368919163942
0.368171960115
0.367423057556
0.366684406996
0.365943491459
0.365207999945
0.364473968744
0.363739162683
0.363010317087
0.362282663584
0.361556738615
0.360846161842
0.360134243965
0.359423607588
0.358711361885
0.358002215624
0.357295572758
0.356588125229
0.355886846781
0.355191260576
0.35450771451
0.353837013245
0.353182673454
0.352535039186
0.351887404919
0.351253151894
0.350618869066
0.349988311529
0.3493694067
0.348759412766
0.348158597946
0.347560793161
0.346969395876
0.34638568759
0.345807045698
0.345223486423
0.344640821218
0.344063431025
0.343492507935
0.342921584845
0.342357754707
0.341798335314
0.341245919466
0.340687900782
0.34013107419
0.339583486319
0.3390365839
0.338484078646
0.337948530912
0.337410390377
0.336876183748
0.33635276556
0.336299687624
0.336244881153
0.336189121008
0.336133360863
0.336077064276
0.336021780968
0.335967719555
0.335913896561
0.335859447718
0.33580544591
0.335751861334
0.335697829723
0.335644453764
0.335590690374
0.335536599159
0.335484772921
0.335433214903
0.335381418467
0.335329413414
0.335277736187
0.335225582123
0.335172921419
0.335120409727
0.335067540407
0.335016101599
0.334964126348
0.334911733866
0.334859400988
0.334808349609
0.334757059813
0.334705889225
0.334654688835
0.334603279829
0.334551781416
0.334501028061
0.334449321032
0.334397703409
0.334346860647
0.334296286106
0.334245383739
0.334195643663
0.334145337343
0.334095537663
0.334045261145
0.33399528265
0.33394536376
0.333895772696
0.333845049143
0.33379560709
0.33374530077
0.333695918322
0.333646118641
0.333596140146
0.333545953035
0.33349698782
0.333447277546
0.333397328854
0.333347976208
0.333298385143
0.333248764277
0.333198994398
0.333149760962
0.333100140095
0.333050459623
0.333000659943
0.332951158285
0.332901358604
0.332852095366
0.332802444696
0.332752853632
0.33270329237
0.33265337348
0.332603871822
0.332554131746
0.332504212856
0.332454413176
0.332404822111
0.33235514164
0.332305312157
0.332256257534
0.332206994295
0.332157194614
0.332107692957
0.332058042288
0.332008928061
0.331959635019
0.33190998435
0.331861168146
0.331812262535
0.331762909889
0.331713914871
0.331664890051
0.331615507603
0.331566661596
0.331519275904
0.331471055746
0.33142349124
0.331375181675
0.331326544285
