0.691881895065
0.682085812092
0.682709634304
0.669950783253
0.657973587513
0.649177193642
0.646390378475
0.637575984001
0.613718271255
0.608954310417
0.620014309883
0.628179490566
0.602884352207
0.585832238197
0.563792407513
0.595024645329
0.566238820553
0.55238699913
0.566027164459
0.556995809078
0.526038467884
0.549101054668
0.530639111996
0.526049375534
0.545406341553
0.522685825825
0.499741703272
0.50728058815
0.492603838444
0.497035473585
0.508544802666
0.484023541212
0.495552927256
0.476186305285
0.495963454247
0.455695331097
0.530528068542
0.535067379475
0.503023982048
0.52551472187
0.466445624828
0.461711019278
0.448721081018
0.440231174231
0.507640838623
0.436351716518
0.468979537487
0.444418847561
0.446155011654
0.482663273811
0.432031691074
0.474937170744
0.500235497952
0.503692388535
0.471528559923
0.439309388399
0.465755492449
0.416563630104
0.454271525145
0.431966930628
0.447519749403
0.406645327806
0.398517817259
0.439730614424
0.491795420647
0.418870508671
0.460352152586
0.427055686712
0.426846623421
0.459688276052
0.422502458096
0.422347068787
0.405768126249
0.419824004173
0.396383374929
0.420707553625
0.399616807699
0.426629751921
0.448961049318
0.396635770798
0.415460675955
0.424922525883
0.380050092936
0.423511624336
0.453793793917
0.444005161524
0.469063222408
0.375093251467
0.382118493319
0.399323970079
0.405793488026
0.36420121789
0.411877781153
0.381527274847
0.376276522875
0.38452938199
0.474741190672
0.390670329332
0.448642760515
0.424404352903
0.395495146513
0.424368053675
0.363177478313
0.397062510252
0.408214896917
0.351716995239
0.431202024221
0.441811978817
0.362933278084
0.385821580887
0.395258098841
0.351342469454
0.41236358881
0.389616280794
0.363674283028
0.371947050095
0.357348710299
0.3379599154
0.343393325806
0.392180919647
0.368954867125
0.3282802701
0.396597117186
0.356161028147
0.345289975405
0.354068815708
0.365233182907
0.366125106812
0.403517633677
0.343371510506
0.362945586443
0.350153893232
0.34765714407
0.383282065392
0.369686216116
0.277438163757
0.355888485909
0.384709060192
0.342431038618
0.407857894897
0.391530841589
0.406599342823
0.368010371923
0.306595057249
0.319591194391
0.390328019857
0.349497199059
0.331339031458
0.398517668247
0.32420784235
0.363487303257
0.365005284548
0.30334764719
0.343963831663
0.335274338722
0.329778313637
0.338783979416
0.317120432854
0.424905836582
0.319464921951
0.342344999313
0.295271664858
0.321264117956
0.312557756901
0.339669942856
0.327067553997
0.316946536303
0.312438488007
0.334660053253
0.380980402231
0.368988841772
0.277918964624
0.272340148687
0.361629903316
0.303495615721
0.338152617216
0.310636401176
0.302612423897
0.34633409977
0.32681697607
0.319459378719
0.338551729918
0.309878766537
0.302245676517
0.322061449289
0.313745230436
0.331748336554
0.317283809185
0.334989517927
0.319112300873
0.242223322392
0.314782261848
0.314678162336
0.300007104874
0.293870836496
0.292684793472
0.365437060595
0.309666335583
0.315420687199
0.342077344656
0.339210361242
0.347559511662
0.311649084091
0.308765143156
0.316673904657
0.26155975461
0.318589448929
0.296539455652
0.30810931325
0.294371783733
0.29577511549
0.293000668287
0.359597921371
0.272251576185
0.359553337097
0.319871515036
0.283170938492
0.310068786144
0.284329801798
0.322119146585
0.32338359952
0.354228764772
0.270776838064
0.296955496073
0.32445409894
0.291503995657
0.258683741093
0.265373408794
0.315311908722
0.300021469593
0.321069717407
0.336858451366
0.320565342903
0.264727622271
0.344755321741
0.300952911377
0.280751556158
0.269505053759
0.265274852514
0.316731929779
0.259890109301
0.266444325447
0.291363418102
0.302730411291
0.285579890013
0.255061686039
0.268728613853
0.314489483833
0.325184673071
0.34137237072
0.316463708878
0.296919763088
0.297638982534
0.328184217215
0.360777318478
0.266346007586
0.318378806114
0.29792252183
0.285922944546
0.323122411966
0.315721750259
0.326702445745
0.265689224005
0.308853030205
0.310063421726
0.345213353634
0.36772480607
0.304923951626
0.28086027503
0.31931489706
0.320907145739
0.258692234755
0.375481724739
0.294349104166
0.268565237522
0.266109973192
0.321102380753
0.252622634172
0.280977845192
0.3437936306
0.284036904573
0.355893850327
0.241765648127
0.298736304045
0.261257827282
0.250895708799
0.263572871685
0.314367234707
0.286249041557
0.268226653337
0.224224925041
0.274662345648
0.245380952954
0.208511903882
0.343526393175
0.312494128942
0.274218291044
0.304688364267
0.300655931234
0.291148900986
0.289078384638
0.248784154654
0.296978443861
0.281482666731
0.302579194307
0.328584730625
0.222710132599
0.273831576109
0.289101630449
0.294352263212
0.288645237684
0.254979550838
0.316589474678
0.365582764149
0.346606582403
0.292521417141
0.273004472256
0.305937379599
0.252965480089
0.29107439518
0.273095279932
0.292149066925
0.280078798532
0.2740239501
0.337026238441
0.287035673857
0.254927188158
0.258308619261
0.264261007309
0.265100210905
0.251011759043
0.23882818222
0.206515163183
0.269958376884
0.263753682375
0.272120296955
0.25277775526
0.248707324266
0.201283052564
0.284123331308
0.281142473221
0.261011391878
0.302094250917
0.294795662165
0.309483736753
0.276000410318
0.280517995358
0.273675858974
0.24004881084
0.213319063187
0.269443154335
0.300254762173
0.266639500856
0.283187806606
0.232390910387
0.2688986063
0.220115631819
0.236045584083
0.242031976581
0.2557708323
0.231889903545
0.28269559145
0.266191989183
0.197149917483
0.255756348372
0.286570727825
0.260708242655
0.268590867519
0.281405031681
0.251070648432
0.190370678902
0.298116654158
0.232008293271
0.238904625177
0.201809480786
0.249911382794
0.317629933357
0.268828868866
0.310441583395
0.314647644758
0.295129805803
0.286703139544
0.279287993908
0.232473492622
0.272925466299
0.292423218489
0.269846558571
0.337703585625
0.229009091854
0.277122467756
0.251410067081
0.308620244265
0.257080495358
0.232460945845
0.326761245728
0.255909383297
0.252694875002
0.302581846714
0.249261811376
0.247135177255
0.272669613361
0.23482349515
0.229906141758
0.251274883747
0.316762626171
0.252959430218
0.337021768093
0.239233419299
0.301929026842
0.248783394694
0.307832419872
0.297346234322
0.263234049082
0.205669566989
0.250266671181
0.238716095686
0.293148905039
0.314773201942
0.205820634961
0.204098343849
0.320207327604
0.238748311996
0.247831597924
0.238863870502
0.258753299713
0.202078804374
0.270760685205
0.238060295582
0.282333225012
0.274947047234
0.261925816536
0.187397778034
0.28102016449
0.227610915899
0.259254187346
0.349320083857
0.218652769923
0.235863804817
0.202076196671
0.254443138838
0.260383576155
0.192795798182
0.235890567303
0.227746114135
0.249490767717
0.192986533046
0.228706285357
0.27152723074
0.266796529293
0.201869726181
0.251175165176
0.224089801311
0.215199708939
0.248379707336
0.263788998127
0.282842189074
0.23739144206
0.182099729776
0.186808511615
0.275294601917
0.221446454525
0.204949840903
0.200875893235
0.265877664089
0.280844241381
0.226838871837
0.253063559532
0.277013748884
0.285739123821
0.268737256527
0.231818184257
0.219285845757
0.243044257164
0.273250877857
0.328371882439
0.304467737675
0.262461811304
0.267273843288
0.224531978369
0.253146409988
0.243395283818
0.29215991497
0.245624601841
0.220564946532
0.247115924954
0.221316665411
0.193260014057
0.273946374655
0.260606527328
0.246689647436
0.204673543572
0.29657587409
0.284715116024
0.231714904308
0.273389041424
0.248807564378
0.27415561676
0.270739585161
0.23919904232
0.295527517796
0.242581069469
0.314487069845
0.267468780279
0.231549680233
0.30439016223
0.240502536297
0.259180933237
0.28552544117
0.205417662859
0.213836729527
0.305788516998
0.277600884438
0.307040661573
0.2292406708
0.232444018126
0.303662449121
0.238510414958
0.267161250114
0.204312562943
0.239722877741
0.3046836555
0.214216947556
0.253828763962
0.270237892866
0.28616771102
0.176063716412
0.217169597745
0.214937180281
0.216900795698
0.228993266821
0.217195779085
0.243805378675
0.259110242128
0.282307654619
0.251962959766
0.193698823452
0.278778702021
0.263134121895
0.246795833111
0.27243578434
0.218714892864
0.240188524127
0.214522540569
0.218770802021
0.257444322109
0.237399548292
0.189064055681
0.212176993489
0.272022515535
0.24853271246
0.246072381735
0.23293274641
0.212048098445
0.299978554249
0.192104041576
0.285728782415
0.191955178976
0.237347856164
0.271271407604
0.204999089241
0.22131383419
0.233218386769
0.198058605194
0.249157160521
0.221480414271
0.236649364233
0.276823937893
0.270444124937
0.228937953711
0.264454215765
0.19942599535
0.223096191883
0.204692527652
0.302995532751
0.291827261448
0.215746924281
0.184586793184
0.268121927977
0.221241176128
0.285154700279
0.255114853382
0.227022632957
0.196125164628
0.236339867115
0.201444461942
0.273455500603
0.223889440298
0.192941918969
0.231425628066
0.223072141409
0.274161785841
0.225031703711
0.22909553349
0.197256207466
0.221363544464
0.218724697828
0.210561573505
0.198227599263
0.261829435825
0.234498128295
0.179814606905
0.302140235901
0.185188159347
0.25467851758
0.263822764158
0.220021471381
0.226808071136
0.242915898561
0.180741786957
0.256382972002
0.22539101541
0.294026345015
0.235877171159
0.275895357132
0.269934117794
0.290580630302
0.254583567381
0.210825100541
0.295379579067
0.190835535526
0.194700449705
0.200459286571
0.27278444171
0.248476117849
0.219629228115
0.240452185273
0.232518434525
0.245952323079
0.208897665143
0.154421016574
0.16186824441
0.234748512506
0.219595044851
0.24253757298
0.300820320845
0.256267726421
0.305275380611
0.189053431153
0.249174103141
0.178145229816
0.221073910594
0.246002808213
0.191141709685
0.180520296097
0.154446452856
0.250117748976
0.187755987048
0.235398381948
0.262576639652
0.232046544552
0.249429881573
0.312787920237
0.191211640835
0.212029322982
0.192349910736
0.23968565464
0.200966790318
0.163499668241
0.224464192986
0.210360363126
0.16372166574
0.239983811975
0.206821426749
0.292251169682
0.21849322319
0.16683010757
0.221998900175
0.263456791639
0.225732013583
0.246494308114
0.229239910841
0.180714711547
0.18403019011
0.178147628903
0.200272679329
0.199560925364
0.188512846828
0.170599237084
0.203299552202
0.216159909964
0.255131274462
0.202724680305
0.180862814188
0.201532572508
0.250048965216
0.264320075512
0.311780363321
0.228719964623
0.233344003558
0.23577965796
0.189690977335
0.183825671673
0.277650535107
0.183365792036
0.268079072237
0.160553082824
0.209293305874
0.268171727657
0.17084351182
0.216075763106
0.234356611967
0.265631228685
0.184101715684
0.22042375803
0.255554974079
0.221010074019
0.274953395128
0.245531961322
0.330653041601
0.144885331392
0.217372432351
0.197425097227
0.241642355919
0.179922446609
0.232433408499
0.239130973816
0.232809484005
0.222059205174
0.265132397413
0.266726821661
0.266436308622
0.248877495527
0.200880378485
0.216530665755
0.270368129015
0.203035786748
0.221508383751
0.248667761683
0.219376713037
0.193440303206
0.221461445093
0.214628323913
0.212113425136
0.270223170519
0.236372709274
0.271612912416
0.262209773064
0.283238679171
0.265373438597
0.239002510905
0.170179650187
0.281449109316
0.180887803435
0.170019090176
0.168736279011
0.287309259176
0.200468376279
0.226972997189
0.232585519552
0.204367175698
0.208410605788
0.231043189764
0.213339060545
0.223135381937
0.221339300275
0.155707344413
0.13858474791
0.223255842924
0.221453100443
0.21627664566
0.219821378589
0.257707476616
0.225556716323
0.177947297692
0.224086284637
0.198183909059
0.16978096962
0.188528388739
0.221300601959
0.174506038427
0.194871887565
0.172345384955
0.2426558882
0.207308024168
0.206803262234
0.242137029767
0.190374016762
0.210132852197
0.255589395761
0.196456804872
0.203385919333
0.237745776772
0.212229251862
0.245151802897
0.243527710438
0.230124801397
0.169925749302
0.226308345795
0.224933698773
0.217897132039
0.197961762547
0.190670892596
0.211367383599
0.24635848403
0.204256460071
0.229194507003
0.176705926657
0.175634250045
0.189895421267
0.234740540385
