0.707758843899
0.677211940289
0.682230830193
0.676632940769
0.667713820934
0.677209317684
0.651952981949
0.642272949219
0.649173438549
0.630764722824
0.608699798584
0.631559848785
0.626427233219
0.639579415321
0.620770931244
0.628283023834
0.600099503994
0.619520306587
0.627878308296
0.615211069584
0.600643754005
0.611399531364
0.580330371857
0.605840563774
0.603410542011
0.58542150259
0.597063779831
0.572004795074
0.595673799515
0.582927584648
0.605175614357
0.5678191185
0.588680684566
0.564959406853
0.560388088226
0.588060617447
0.567307174206
0.579681038857
0.555123746395
0.564338326454
0.547654986382
0.554781377316
0.562101781368
0.547844469547
0.585948050022
0.550142407417
0.572494387627
0.551609516144
0.552729427814
0.559416651726
0.574994206429
0.538612127304
0.546329021454
0.54896068573
0.552364766598
0.563950240612
0.560283243656
0.51615947485
0.560535371304
0.518877446651
0.525316238403
0.517217874527
0.529894411564
0.567952752113
0.556040227413
0.504619777203
0.509670257568
0.553371727467
0.506226539612
0.5136308074
0.518414378166
0.518072009087
0.512072682381
0.509576380253
0.508697092533
0.491198718548
0.500623106956
0.527506053448
0.504036664963
0.503448605537
0.509980201721
0.509792804718
0.48950958252
0.546418905258
0.496436655521
0.493815839291
0.489927202463
0.509519994259
0.528425812721
0.479126989841
0.509463787079
0.500503659248
0.48770019412
0.520328938961
0.54242181778
0.500681996346
0.511181771755
0.508525669575
0.486846029758
0.49821305275
0.48512133956
0.516308009624
0.479555875063
0.477807879448
0.478110224009
0.472860634327
0.468791633844
0.474550306797
0.494879513979
0.436116397381
0.496208250523
0.469782918692
0.490153580904
0.492062777281
0.461210250854
0.467182070017
0.460044652224
0.506473839283
0.481049507856
0.473909556866
0.48642551899
0.436166405678
0.536812841892
0.495948463678
0.458901762962
0.501062393188
0.524223387241
0.451312035322
0.492381960154
0.471934050322
0.432561397552
0.443786680698
0.4736571908
0.468307316303
0.518996238708
0.472762703896
0.439969211817
0.441089838743
0.46276012063
0.475629329681
0.47002273798
0.482446610928
0.510184884071
0.441919714212
0.46656909585
0.478114396334
0.468756526709
0.469507426023
0.457088887691
0.495151013136
0.472487539053
0.449939697981
0.455814570189
0.436930596828
0.482102394104
0.467919945717
0.490940779448
0.442314326763
0.447590857744
0.45689457655
0.49639993906
0.439276307821
0.469023883343
0.445543080568
0.496938347816
0.42838293314
0.479187816381
0.486939698458
0.473127484322
0.478262811899
0.480782449245
0.487257152796
0.4885417521
0.424404114485
0.469884634018
0.489192485809
0.443277746439
0.460208266973
0.451847016811
0.435087054968
0.516920566559
0.449944913387
0.418482750654
0.447636753321
0.449876785278
0.449777811766
0.431785255671
0.435607165098
0.444994628429
0.436738461256
0.484972953796
0.485143959522
0.44046151638
0.430734932423
0.425570815802
0.445365607738
0.467768073082
0.450951963663
0.476670354605
0.418518722057
0.436074972153
0.442719310522
0.505275726318
0.465682476759
0.499101579189
0.446322143078
0.472809284925
0.443492054939
0.44128882885
0.449099361897
0.46295979619
0.447337418795
0.469911038876
0.518079340458
0.448016643524
0.461310297251
0.468378543854
0.443506240845
0.458550006151
0.467348754406
0.487516254187
0.488213300705
0.459727585316
0.412860989571
0.484369814396
0.504953444004
0.459775298834
0.449995845556
0.436521947384
0.441575735807
0.443974345922
0.447264552116
0.442430078983
0.489841133356
0.443722903728
0.474735379219
0.422861784697
0.442964792252
0.480131834745
0.502445101738
0.476771384478
0.431658267975
0.44033023715
0.455740988255
0.435334295034
0.442128539085
0.453222036362
0.40824431181
0.410094887018
0.432095587254
0.458505541086
0.444680899382
0.445868700743
0.436459958553
0.466106534004
0.461292892694
0.493371456861
0.4470461905
0.473435223103
0.454263985157
0.427435368299
0.447961717844
0.456586509943
0.418653339148
0.442977488041
0.45153850317
0.443333387375
0.442881017923
0.460490256548
0.464783161879
0.478330850601
0.40908318758
0.455013483763
0.46144503355
0.423718512058
0.487136483192
0.448751986027
0.441716253757
0.460527867079
0.488315820694
0.426698535681
0.43755877018
0.441246390343
0.469152152538
0.453744798899
0.479661852121
0.449250340462
0.475978642702
0.418354123831
0.402686268091
0.440294027328
0.462433576584
0.476857095957
0.449185222387
0.457844018936
0.52001285553
0.457399845123
0.416536659002
0.458753079176
0.444990724325
0.484997063875
0.458318829536
0.459408134222
0.448517918587
0.42996108532
0.436139732599
0.434599936008
0.453618854284
0.434937894344
0.448975771666
0.482448965311
0.491954445839
0.456626176834
0.434141129255
0.513776063919
0.47987216711
0.452683895826
0.44001737237
0.511035621166
0.440101474524
0.418570995331
0.411165118217
0.407357007265
0.416992396116
0.435835689306
0.436467498541
0.442562758923
0.464849323034
0.428730428219
0.446422934532
0.422228068113
0.465031445026
0.46705326438
0.455787241459
0.454532802105
0.421081483364
0.429016262293
0.477045804262
0.500564157963
0.46946194768
0.44815120101
0.446126759052
0.447342395782
0.405808508396
0.437017858028
0.465591877699
0.45659789443
0.434670656919
0.471069991589
0.457885801792
0.414677023888
0.443469434977
0.457093954086
0.453803896904
0.404812246561
0.415292590857
0.402401953936
0.461729496717
0.479183375835
0.444500297308
0.41565361619
0.42878678441
0.448936909437
0.423785656691
0.455905735493
0.429650843143
0.448226451874
0.430797487497
0.436134934425
0.401784271002
0.456828862429
0.448579788208
0.443448483944
0.440541237593
0.436219632626
0.421757131815
0.453714698553
0.430491030216
0.469136595726
0.476783037186
0.428916424513
0.484286487103
0.470736205578
0.45661509037
0.480633795261
0.434611350298
0.466703414917
0.422182589769
0.420657038689
0.448143780231
0.433220118284
0.470161736012
0.449935615063
0.423216223717
0.426401138306
0.447665184736
0.462736815214
0.424466013908
0.442721366882
0.432090908289
0.476869046688
0.449057877064
0.429795473814
0.434136033058
0.440813243389
0.45754352212
0.442786902189
0.455330789089
0.400571972132
0.453659683466
0.422571331263
0.435538649559
0.43756967783
0.430728584528
0.463650465012
0.465434908867
0.44372934103
0.444828659296
0.442596703768
0.483787357807
0.429605931044
0.472523212433
0.470866024494
0.448251157999
0.426102012396
0.474823951721
0.448926717043
0.46350184083
0.414131879807
0.425866484642
0.441285580397
0.453731924295
0.42311757803
0.397977501154
0.42259529233
0.418624162674
0.448387265205
0.426046609879
0.438951432705
0.426395535469
0.434638112783
0.442921757698
0.413769036531
0.440155744553
0.464093625546
0.502695202827
0.488377779722
0.465396463871
0.414387106895
0.434591680765
0.422780543566
0.420097917318
0.400006562471
0.41919451952
0.452389389277
0.432425409555
0.493914783001
0.460785239935
0.404060930014
0.434763729572
0.427045971155
0.451620101929
0.46072986722
0.44975861907
0.438111692667
0.430886387825
0.414503604174
0.46923109889
0.484569638968
0.473992288113
0.394582390785
0.446215778589
0.427997648716
0.447331130505
0.437561362982
0.499938070774
0.453562766314
0.448678970337
0.453281342983
0.481811702251
0.420909762383
0.450226843357
0.459371656179
0.449902743101
0.453747481108
0.481975764036
0.397169679403
0.485613524914
0.441419363022
0.435949862003
0.422940373421
0.43738090992
0.465830236673
0.431870013475
0.45780056715
0.417921185493
0.380669414997
0.430458217859
0.430430859327
0.48457211256
0.440970808268
0.429318845272
0.420666754246
0.470667630434
0.420721024275
0.426185429096
0.441870868206
0.456630527973
0.44289842248
0.474821448326
0.43385013938
0.451555162668
0.452541857958
0.426517307758
0.445769011974
0.444056600332
0.39935618639
0.426496773958
0.441458851099
0.420148700476
0.474444538355
0.43576335907
0.429551690817
0.420698612928
0.47909116745
0.395202130079
0.439260721207
0.432015031576
0.414326369762
0.406288206577
0.464530736208
0.442608892918
0.459419518709
0.42636603117
0.44429448247
0.43136715889
0.459188014269
0.453330248594
0.458151549101
0.430114626884
0.426055699587
0.418723493814
0.425589710474
0.397878140211
0.46291077137
0.433096200228
0.415550112724
0.401216387749
0.400197803974
0.466283649206
0.441300630569
0.434543251991
0.433825194836
0.429813146591
0.401216238737
0.411871373653
0.446491479874
0.409443765879
0.470406085253
0.446408241987
0.433354645967
0.439285635948
0.44296708703
0.456506788731
0.443216562271
0.416026681662
0.414531350136
0.444204628468
0.493212372065
0.442175477743
0.42266318202
0.425353109837
0.420955777168
0.411188334227
0.430748999119
0.417254000902
0.422768265009
0.435504645109
0.426524251699
0.447019070387
0.454195529222
0.392931610346
0.445374459028
0.434701949358
0.439033389091
0.438103526831
0.413249105215
0.450700372458
0.429446905851
0.458521664143
0.388939082623
0.422945708036
0.449539631605
0.442025780678
0.439780980349
0.449050098658
0.447272896767
0.4420761168
0.459365099669
0.436640441418
0.426112860441
0.346274077892
0.450297027826
0.459726572037
0.433002233505
0.399064779282
0.464618295431
0.466167122126
0.428671121597
0.402704745531
0.397934377193
0.456270575523
0.447516381741
0.411290198565
0.4081825912
0.406889826059
0.442867845297
0.433235198259
0.47277700901
0.430292218924
0.475419163704
0.411339372396
0.442527711391
0.451660096645
0.429967224598
0.435875654221
0.466981768608
0.453182578087
0.392541736364
0.457753956318
0.454595804214
0.43984863162
0.474089771509
0.441172599792
0.434615880251
0.464513599873
0.417896032333
0.427128940821
0.455431818962
0.426179349422
0.450746417046
0.433848649263
0.439031660557
0.446702122688
0.397487729788
0.388666808605
0.423828631639
0.408548563719
0.49912917614
0.447098970413
0.447799414396
0.419181704521
0.408753395081
0.440830916166
0.434236228466
0.435547351837
0.431592404842
0.44143357873
0.415449202061
0.433680772781
0.438741326332
0.464132100344
0.451682835817
0.4843570292
0.441581219435
0.452228039503
0.441199690104
0.48269072175
0.425024032593
0.455200999975
0.435730159283
0.428004235029
0.431311160326
0.419094562531
0.390095621347
0.466216295958
0.424807101488
0.413308411837
0.500387191772
0.482362896204
0.47941839695
0.479235351086
0.433756768703
0.44208741188
0.40889146924
0.437839597464
0.414968281984
0.444660007954
0.425814777613
0.416399091482
0.429861664772
0.42127969861
0.429473131895
0.439959347248
0.426906317472
0.447059005499
0.405881941319
0.470437318087
0.444670379162
0.40146535635
0.458200395107
0.415941089392
0.418490290642
0.451395332813
0.441252917051
0.440560549498
0.474489063025
0.45299500227
0.434945046902
0.428694069386
0.43304297328
0.394614577293
0.417330533266
0.417653262615
0.429158091545
0.461658298969
0.394899427891
0.468759983778
0.397707164288
0.425454288721
0.403303444386
0.433626234531
0.43786534667
0.390967100859
0.415826529264
0.44223549962
0.427293628454
0.430774509907
0.433520048857
0.436525642872
0.41772338748
0.436970472336
0.414956390858
0.444392234087
0.432496339083
0.460405945778
0.407633572817
0.437397330999
0.457432001829
0.412282168865
0.430519908667
0.39695930481
0.421251475811
0.425720661879
0.406198978424
0.44716283679
0.45739659667
0.486194103956
0.432158857584
0.414275825024
0.405979633331
0.437355905771
0.435599952936
0.448037743568
0.438810557127
0.436130255461
0.459052026272
0.47416421771
0.440369158983
0.40460523963
0.416247665882
0.441307038069
0.42412391305
0.441117107868
0.438378334045
0.431248426437
0.460268318653
0.454681456089
0.441294372082
0.437556087971
0.439954698086
0.432987093925
0.465856701136
0.4696380198
0.437388986349
0.435092002153
0.421411454678
0.429732233286
0.412756919861
0.440372228622
0.456587582827
0.451405674219
0.430415391922
0.416641801596
0.407240927219
0.478344738483
0.414094239473
0.402295559645
0.503948688507
0.414397835732
0.449244081974
0.415949344635
0.376999050379
0.449506551027
0.439300239086
0.423230677843
0.436855822802
0.419275432825
0.403376430273
0.47938016057
0.390410959721
0.429894804955
0.430122196674
0.441549956799
0.458760112524
0.456709891558
0.454896837473
0.408494114876
0.414095580578
0.440793037415
0.391527831554
0.418859422207
0.424545288086
0.437698632479
0.440302371979
0.431263804436
0.419602453709
0.469391226768
0.426036775112
0.429434627295
0.437031745911
0.433666795492
0.421785533428
0.492898195982
0.402710855007
0.420176237822
0.440491318703
0.407961368561
0.412555605173
0.434005439281
0.456589639187
0.391669154167
0.419778615236
0.434715747833
0.435025930405
0.410289436579
0.461739242077
0.4259981215
0.45172765851
0.439463108778
0.428121984005
0.406985759735
0.451327443123
0.425849884748
0.431679695845
0.456354528666
0.421202600002
0.441983431578
0.398738056421
0.406570881605
0.474260389805
0.42231246829
0.408850163221
0.434696406126
0.438081175089
0.411890417337
0.42222315073
0.416939437389
0.468130320311
0.441782385111
0.437137871981
0.42342081666
0.436936080456
0.412584215403
0.422584176064
0.415284842253
0.407814741135
0.405888080597
0.430304855108
0.423731893301
0.466044902802
0.464326918125
0.409891337156
0.427614361048
0.47190707922
0.440668016672
0.425679683685
0.4237421453
0.445346266031
0.453624486923
0.418924331665
0.408454865217
0.43221527338
0.435358524323
0.406938642263
0.402393132448
0.466464072466
0.424452096224
0.446890622377
0.45116892457
0.421810269356
0.465576142073
0.455637723207
0.401837766171
0.403620243073
0.412872970104
0.450365066528
0.493144661188
0.411037802696
0.418746173382
0.401807904243
0.4587469697
0.43343052268
0.409275442362
0.414507806301
0.437295973301
0.419597446918
0.403998702765
0.409637629986
0.435932934284
0.421722233295
0.411736279726
0.494608312845
0.439512073994
0.45065292716
0.414707094431
0.448564827442
0.377398788929
0.413114368916
0.408500939608
0.410332232714
0.424074113369
0.419763594866
0.407843083143
0.43748909235
0.443028777838
0.418789386749
0.474916607141
0.411110430956
0.435509741306
0.493394494057
0.430099755526
0.431084007025
0.492240399122
0.456436097622
0.39789429307
0.436108440161
0.423285871744
0.404572457075
0.410399198532
0.42050459981
0.436976969242
0.447726368904
0.441553592682
0.474244326353
0.470435619354
0.452836602926
0.412765294313
0.477997601032
0.392649680376
0.457828581333
0.425043344498
0.444813609123
0.428306907415
0.412075519562
0.401374310255
0.40143814683
0.396612584591
0.416393071413
0.440879940987
0.379453927279
0.402967393398
0.422492206097
0.442076146603
0.404517173767
0.40386736393
0.459056735039
0.479590028524
0.384929031134
0.443128675222
0.465622097254
0.418726861477
0.430351436138
0.408195227385
0.482985138893
0.406115680933
0.439017593861
0.443709909916
0.441986292601
0.414239674807
0.416075885296
0.423250705004
0.445779889822
0.411871314049
0.414686113596
0.420614778996
0.421167582273
0.505384147167
0.444494962692
0.423874557018
0.425724804401
0.453293293715
0.443387538195
0.398731768131
0.466039597988
0.426347285509
0.391199499369
0.431183427572
0.45784714818
0.432836353779
