0.43902438879
0.468292683363
0.453658550978
0.448780477047
0.448780477047
0.443902432919
0.434146344662
0.429268300533
0.473170727491
0.448780477047
0.492682933807
0.47804877162
0.492682933807
0.487804889679
0.531707346439
0.492682933807
0.473170727491
0.551219522953
0.575609743595
0.521951198578
0.629268288612
0.531707346439
0.512195110321
0.512195110321
0.546341478825
0.536585390568
0.60487806797
0.536585390568
0.536585390568
0.565853655338
0.565853655338
0.56097561121
0.59024387598
0.551219522953
0.580487787724
0.565853655338
0.56097561121
0.551219522953
0.565853655338
0.565853655338
0.551219522953
0.570731699467
0.526829242706
0.600000023842
0.59024387598
0.595121979713
0.551219522953
0.575609743595
0.585365831852
0.600000023842
0.580487787724
0.556097567081
0.580487787724
0.600000023842
0.60487806797
0.575609743595
0.575609743595
0.546341478825
0.56097561121
0.580487787724
0.60487806797
0.609756112099
0.585365831852
0.595121979713
0.565853655338
0.565853655338
0.60487806797
0.600000023842
0.565853655338
0.59024387598
0.580487787724
0.565853655338
0.556097567081
0.595121979713
0.570731699467
0.585365831852
0.580487787724
0.614634156227
0.614634156227
0.565853655338
0.595121979713
0.551219522953
0.59024387598
0.541463434696
0.59024387598
0.570731699467
0.570731699467
0.619512200356
0.570731699467
0.580487787724
0.575609743595
0.619512200356
0.624390244484
0.59024387598
0.609756112099
0.609756112099
0.595121979713
0.619512200356
0.609756112099
0.570731699467
0.595121979713
0.60487806797
0.614634156227
0.614634156227
0.629268288612
0.575609743595
0.624390244484
0.60487806797
0.585365831852
0.624390244484
0.600000023842
0.580487787724
0.600000023842
0.600000023842
0.580487787724
0.565853655338
0.614634156227
0.580487787724
0.59024387598
0.580487787724
0.585365831852
0.600000023842
0.600000023842
0.614634156227
0.570731699467
0.629268288612
0.570731699467
0.643902420998
0.575609743595
0.639024376869
0.595121979713
0.575609743595
0.575609743595
0.600000023842
0.609756112099
0.619512200356
0.639024376869
0.60487806797
0.59024387598
0.609756112099
0.614634156227
0.614634156227
0.600000023842
0.614634156227
0.619512200356
0.624390244484
0.619512200356
0.570731699467
0.585365831852
0.600000023842
0.629268288612
0.595121979713
0.643902420998
0.629268288612
0.634146332741
0.653658509254
0.614634156227
0.60487806797
0.585365831852
0.624390244484
0.639024376869
0.565853655338
0.614634156227
0.600000023842
0.629268288612
0.643902420998
0.639024376869
0.678048789501
0.614634156227
0.639024376869
0.59024387598
0.580487787724
0.624390244484
0.639024376869
0.575609743595
0.609756112099
0.609756112099
0.609756112099
0.648780465126
0.60487806797
0.634146332741
0.643902420998
0.648780465126
0.663414657116
0.609756112099
0.653658509254
0.600000023842
0.619512200356
0.624390244484
0.639024376869
0.595121979713
0.658536612988
0.585365831852
0.643902420998
0.643902420998
0.639024376869
0.595121979713
0.614634156227
0.619512200356
0.609756112099
