0.693151533604
0.693128168583
0.693107664585
0.693091094494
0.693074464798
0.693056225777
0.69303560257
0.693018078804
0.692998230457
0.692978858948
0.692961633205
0.692943096161
0.692924320698
0.692907691002
0.692887067795
0.692868173122
0.69285094738
0.692831933498
0.692814052105
0.692794263363
0.692775011063
0.69275778532
0.692741215229
0.692718505859
0.692701816559
0.692681610584
0.692665934563
0.692642748356
0.692625701427
0.692602992058
0.692589879036
0.69256567955
0.692548632622
0.692533016205
0.692510962486
0.69249522686
0.692472279072
0.692451298237
0.692441165447
0.692412316799
0.692396819592
0.692398428917
0.692391872406
0.69238525629
0.692390084267
0.692383110523
0.692386806011
0.692380309105
0.692386388779
0.69237613678
