0.43902438879
0.565853655338
0.575609743595
0.575609743595
0.59024387598
0.595121979713
0.619512200356
0.668292701244
0.731707334518
0.790243923664
0.785365879536
0.800000011921
0.809756100178
0.839024364948
0.873170733452
0.87804877758
0.882926821709
0.882926821709
0.897560954094
0.926829278469
0.946341454983
0.951219499111
0.951219499111
0.951219499111
0.951219499111
0.946341454983
0.951219499111
0.951219499111
0.951219499111
0.951219499111
0.951219499111
0.951219499111
0.951219499111
0.951219499111
0.951219499111
0.951219499111
0.951219499111
0.951219499111
0.951219499111
0.951219499111
0.951219499111
0.951219499111
0.951219499111
0.951219499111
0.946341454983
0.936585366726
0.946341454983
0.907317101955
0.946341454983
0.936585366726
0.936585366726
0.941463410854
0.931707322598
0.951219499111
0.951219499111
0.946341454983
0.941463410854
0.946341454983
0.951219499111
0.941463410854
0.946341454983
0.951219499111
0.946341454983
0.951219499111
0.951219499111
0.951219499111
0.951219499111
0.946341454983
0.951219499111
0.946341454983
0.951219499111
0.951219499111
0.951219499111
0.951219499111
0.951219499111
0.951219499111
0.951219499111
0.951219499111
0.951219499111
0.951219499111
0.951219499111
0.951219499111
0.951219499111
0.951219499111
0.951219499111
0.951219499111
0.951219499111
0.951219499111
0.951219499111
0.951219499111
0.951219499111
0.951219499111
0.951219499111
0.951219499111
0.951219499111
0.951219499111
0.951219499111
0.951219499111
0.951219499111
0.951219499111
0.951219499111
0.951219499111
0.951219499111
0.951219499111
0.951219499111
0.951219499111
0.951219499111
0.951219499111
0.951219499111
0.951219499111
0.951219499111
0.951219499111
0.951219499111
0.951219499111
0.951219499111
0.951219499111
0.951219499111
0.951219499111
0.951219499111
0.951219499111
0.951219499111
0.951219499111
0.951219499111
0.951219499111
0.995121955872
0.995121955872
0.995121955872
0.995121955872
0.995121955872
0.995121955872
0.995121955872
0.995121955872
0.995121955872
0.995121955872
0.995121955872
0.995121955872
0.995121955872
0.995121955872
0.995121955872
0.995121955872
0.995121955872
0.995121955872
0.995121955872
0.995121955872
0.995121955872
0.995121955872
0.995121955872
0.995121955872
0.995121955872
0.995121955872
0.995121955872
0.995121955872
0.995121955872
0.995121955872
0.995121955872
0.995121955872
0.995121955872
0.995121955872
0.995121955872
0.995121955872
0.995121955872
0.995121955872
0.995121955872
0.995121955872
0.995121955872
0.995121955872
0.995121955872
0.995121955872
0.995121955872
0.995121955872
0.995121955872
0.995121955872
0.995121955872
0.995121955872
0.995121955872
0.995121955872
0.995121955872
0.995121955872
0.995121955872
0.995121955872
0.995121955872
0.995121955872
0.995121955872
0.995121955872
0.995121955872
0.995121955872
0.995121955872
0.995121955872
0.995121955872
0.995121955872
0.995121955872
0.995121955872
0.995121955872
0.995121955872
0.995121955872
0.995121955872
0.995121955872
0.995121955872
0.995121955872
0.995121955872
0.995121955872
0.995121955872
0.995121955872
0.995121955872
0.995121955872
0.995121955872
0.995121955872
0.995121955872
0.995121955872
0.995121955872
0.995121955872
0.995121955872
0.995121955872
0.995121955872
0.995121955872
0.995121955872
0.995121955872
0.995121955872
0.995121955872
0.995121955872
0.995121955872
0.995121955872
0.995121955872
0.995121955872
0.995121955872
0.995121955872
0.995121955872
0.995121955872
0.995121955872
0.995121955872
0.995121955872
0.995121955872
0.995121955872
0.995121955872
0.995121955872
0.995121955872
0.995121955872
0.995121955872
0.995121955872
0.995121955872
0.995121955872
0.995121955872
0.995121955872
0.995121955872
0.995121955872
0.995121955872
0.995121955872
0.995121955872
0.995121955872
0.995121955872
0.995121955872
0.995121955872
0.995121955872
0.995121955872
0.995121955872
0.995121955872
0.995121955872
0.995121955872
0.995121955872
0.995121955872
0.995121955872
0.995121955872
0.995121955872
0.995121955872
0.995121955872
0.995121955872
0.995121955872
0.995121955872
0.995121955872
0.995121955872
0.995121955872
0.995121955872
0.995121955872
0.995121955872
0.995121955872
0.995121955872
0.995121955872
0.995121955872
0.995121955872
0.995121955872
0.995121955872
0.995121955872
0.995121955872
0.995121955872
0.995121955872
0.995121955872
0.995121955872
0.995121955872
0.995121955872
0.995121955872
0.995121955872
0.995121955872
0.995121955872
0.995121955872
0.995121955872
0.995121955872
0.995121955872
0.995121955872
0.995121955872
0.995121955872
0.995121955872
0.995121955872
0.995121955872
0.995121955872
0.995121955872
0.995121955872
0.995121955872
0.995121955872
0.995121955872
0.995121955872
0.995121955872
0.995121955872
0.995121955872
0.995121955872
0.995121955872
0.995121955872
0.995121955872
0.995121955872
0.995121955872
0.995121955872
0.995121955872
0.995121955872
0.995121955872
0.995121955872
0.995121955872
0.995121955872
0.995121955872
0.995121955872
0.995121955872
0.995121955872
0.995121955872
0.995121955872
0.995121955872
0.995121955872
0.995121955872
0.995121955872
0.995121955872
0.995121955872
0.995121955872
0.995121955872
0.995121955872
0.995121955872
0.995121955872
0.995121955872
0.995121955872
0.995121955872
0.995121955872
0.995121955872
0.995121955872
0.995121955872
0.995121955872
0.995121955872
0.995121955872
0.995121955872
0.995121955872
0.995121955872
0.995121955872
0.995121955872
0.995121955872
0.995121955872
0.995121955872
0.995121955872
0.995121955872
0.995121955872
0.995121955872
0.995121955872
0.995121955872
0.995121955872
0.995121955872
0.995121955872
0.995121955872
0.995121955872
0.995121955872
0.995121955872
0.995121955872
0.995121955872
0.995121955872
0.995121955872
0.995121955872
0.995121955872
0.995121955872
0.995121955872
0.995121955872
0.995121955872
0.995121955872
0.995121955872
0.995121955872
0.995121955872
0.995121955872
0.995121955872
0.995121955872
0.995121955872
0.995121955872
0.995121955872
0.995121955872
0.995121955872
0.995121955872
0.995121955872
0.995121955872
0.995121955872
0.995121955872
0.995121955872
0.995121955872
0.995121955872
0.995121955872
0.995121955872
0.995121955872
0.995121955872
0.995121955872
0.995121955872
0.995121955872
0.995121955872
0.995121955872
0.995121955872
0.995121955872
0.995121955872
0.995121955872
0.995121955872
0.995121955872
0.995121955872
0.995121955872
0.995121955872
0.995121955872
0.995121955872
0.995121955872
0.995121955872
0.995121955872
0.995121955872
0.995121955872
0.995121955872
0.995121955872
0.995121955872
0.995121955872
0.995121955872
0.995121955872
0.995121955872
0.995121955872
0.995121955872
0.995121955872
0.995121955872
0.995121955872
0.995121955872
0.995121955872
0.995121955872
0.995121955872
0.995121955872
0.995121955872
0.995121955872
0.995121955872
0.995121955872
0.995121955872
0.995121955872
0.995121955872
0.995121955872
0.995121955872
0.995121955872
0.995121955872
0.995121955872
0.995121955872
0.995121955872
0.995121955872
0.995121955872
0.995121955872
0.995121955872
0.995121955872
0.995121955872
0.995121955872
0.995121955872
0.995121955872
0.995121955872
0.995121955872
0.995121955872
0.995121955872
0.995121955872
0.995121955872
0.995121955872
0.995121955872
0.995121955872
0.995121955872
0.995121955872
0.995121955872
0.995121955872
0.995121955872
0.995121955872
0.995121955872
0.995121955872
0.995121955872
0.995121955872
0.995121955872
0.995121955872
0.995121955872
0.995121955872
0.995121955872
0.995121955872
0.995121955872
0.995121955872
0.995121955872
0.995121955872
0.995121955872
0.995121955872
