0.890072464943
0.892852783203
0.893413245678
0.88524979353
0.870709657669
0.90927863121
0.884457468987
0.875911235809
0.893671452999
0.886725604534
0.866816222668
0.827550530434
0.850916743279
0.881244182587
0.86458325386
0.867041766644
0.850355505943
0.844526410103
0.844668924809
0.854752838612
0.852943360806
0.868806123734
0.828038156033
0.828367114067
0.866909742355
0.833768665791
0.834336340427
0.830555558205
0.819914162159
0.804247498512
0.844465374947
0.825169801712
0.823146700859
0.802348315716
0.819638967514
0.796550631523
0.814307391644
0.82030838728
0.803414523602
0.836440384388
0.795695483685
0.804315805435
0.788202047348
0.817624151707
0.79930126667
0.77927172184
0.790779948235
0.807276129723
0.797426402569
0.786507189274
0.795282483101
0.789921462536
0.789076328278
0.800808370113
0.782578766346
0.796562075615
0.784231066704
0.751045763493
0.793957948685
0.768301486969
0.762518107891
0.789107322693
0.767524957657
0.764105677605
0.779330909252
0.753300726414
0.74016469717
0.762933790684
0.788439035416
0.770379662514
0.767294883728
0.776619791985
0.742644071579
0.763016045094
0.74812400341
0.76664942503
0.756410896778
0.75521749258
0.751044750214
0.74524885416
0.746670842171
0.745947778225
0.711471438408
0.71764421463
0.752682924271
0.757344067097
0.737340271473
0.72774630785
0.742713689804
0.738692641258
0.732504963875
0.739844858646
0.744699716568
0.7284527421
0.734546780586
0.718352735043
0.729504108429
0.753498077393
0.72282910347
0.725355803967
0.730529904366
0.712688982487
0.716054022312
0.719907939434
0.713204562664
0.732228338718
0.695255637169
0.741238355637
0.715364098549
0.714190840721
0.704612493515
0.699884355068
0.706541180611
0.720867931843
0.724243879318
0.709582448006
0.70514190197
0.718787491322
0.713988959789
0.68637752533
0.713420748711
0.701838374138
0.703479886055
0.709511339664
0.699792683125
0.695064663887
0.69039607048
0.687392175198
0.697720587254
0.700070202351
0.677357017994
0.691160321236
0.682740211487
0.698375999928
0.687135338783
0.686753571033
0.691140770912
0.680327653885
0.677853524685
0.700070738792
0.702376186848
0.679147541523
0.672279834747
0.703489422798
0.666335821152
0.658992409706
0.683023273945
0.690407633781
0.693689584732
0.665733098984
0.665336191654
0.687071323395
0.681680142879
0.682024896145
0.678162872791
0.682014584541
0.676648557186
0.6519485116
0.66631424427
0.660606861115
0.662102520466
0.67106205225
0.661357164383
0.667115211487
0.659994423389
0.655568361282
0.667616903782
0.690464615822
0.662235379219
0.658033847809
0.659364581108
0.664432406425
0.667561173439
0.676013052464
0.661635994911
0.673939168453
0.670842528343
0.682377517223
0.673533499241
0.658560872078
0.67403537035
0.661199331284
0.659711539745
0.684063494205
0.653617501259
0.658714056015
0.680732965469
0.670699715614
0.671596705914
0.673506855965
0.668184161186
0.664849877357
0.656550943851
0.677203655243
0.665281116962
0.659582138062
0.68103736639
0.662365734577
0.64759939909
0.672950685024
