0.448780477047
0.434146344662
0.458536595106
0.453658550978
0.453658550978
0.409756094217
0.453658550978
0.443902432919
0.487804889679
0.443902432919
0.487804889679
0.473170727491
0.443902432919
0.443902432919
0.47804877162
0.473170727491
0.463414639235
0.43902438879
0.434146344662
0.434146344662
0.434146344662
0.487804889679
0.419512182474
0.443902432919
0.492682933807
0.453658550978
0.448780477047
0.443902432919
0.458536595106
0.414634138346
0.497560977936
0.512195110321
0.419512182474
0.497560977936
0.453658550978
0.507317066193
0.448780477047
0.448780477047
0.473170727491
0.443902432919
0.463414639235
0.458536595106
0.448780477047
0.502439022064
0.458536595106
0.448780477047
0.434146344662
0.507317066193
0.43902438879
0.482926815748
0.43902438879
0.453658550978
0.443902432919
0.492682933807
0.47804877162
0.502439022064
0.414634138346
0.497560977936
0.458536595106
0.443902432919
0.448780477047
0.487804889679
0.497560977936
0.473170727491
0.487804889679
0.419512182474
0.424390256405
0.585365831852
0.531707346439
0.565853655338
0.497560977936
0.458536595106
0.47804877162
0.453658550978
0.497560977936
0.482926815748
0.47804877162
0.502439022064
0.517073154449
0.517073154449
0.487804889679
0.473170727491
0.536585390568
0.434146344662
0.492682933807
0.526829242706
0.482926815748
0.551219522953
0.453658550978
0.468292683363
0.512195110321
0.536585390568
0.512195110321
0.531707346439
0.448780477047
0.453658550978
0.570731699467
0.526829242706
0.502439022064
0.482926815748
