0.693143904209
0.692130684853
0.691015481949
0.689906418324
0.688719391823
0.687353491783
0.685891866684
0.684410810471
0.68295866251
0.681450724602
0.679871201515
0.67822676897
0.676539599895
0.67482060194
0.673053920269
0.671221792698
0.669346809387
0.667406857014
0.665390908718
0.663319647312
0.661187589169
0.659008443356
0.6568120718
0.654566764832
0.6522564888
0.649870336056
0.647384107113
0.64479970932
0.64216285944
0.639469027519
0.636707007885
0.633898794651
0.631039440632
0.628107070923
0.62511330843
0.622046351433
0.618895351887
0.615661621094
0.612376868725
0.609010279179
0.605573654175
0.602057695389
0.598475635052
0.594802558422
0.59105104208
0.587223052979
0.583321273327
0.57936424017
0.575327694416
0.571220040321
0.567034482956
0.562783002853
0.558466672897
0.55410194397
0.549697041512
0.545246720314
0.540775716305
0.536306738853
0.531820058823
0.527311205864
0.522789537907
0.518256127834
0.513694941998
0.509120285511
0.504544019699
0.49996060133
0.495368331671
0.490766882896
0.486145228148
0.481503397226
0.476851314306
0.472211778164
0.46758005023
0.462944358587
0.458304584026
0.453659832478
0.449028521776
0.444405466318
0.439777046442
0.435142457485
0.430512696505
0.425889074802
0.421271950006
0.416678667068
0.412091255188
0.407496720552
0.402915507555
0.398347467184
0.393795669079
0.389251351357
0.384710520506
0.380181074142
0.375658720732
0.371167510748
0.366700619459
0.362235367298
0.35778465867
0.353357464075
0.348950505257
0.344557970762
0.340185463428
0.335842221975
0.331530809402
0.327240288258
0.322977304459
0.318746209145
0.314550340176
0.310386240482
0.306258887053
0.302172988653
0.298129498959
0.294124990702
0.290163874626
0.286250114441
0.282376378775
0.278549611568
0.27477028966
0.271039128304
0.267359435558
0.263728559017
0.260147660971
0.25661867857
0.253145754337
0.249724134803
0.246354624629
0.243041083217
0.239780336618
0.23657310009
0.233422830701
0.230325832963
0.227282330394
0.224291950464
0.221355363727
0.218474060297
0.215646803379
0.212872773409
0.210150256753
0.207477882504
0.204855322838
0.202281713486
0.199756190181
0.197278648615
0.194849178195
0.19246725738
0.190130695701
0.187840133905
0.185594424605
0.183391645551
0.181232765317
0.179116815329
0.177042841911
0.175008192658
0.173011690378
0.1710524261
0.169131249189
0.167246893048
0.165398478508
0.163582995534
0.161801040173
0.16005332768
0.158337190747
0.156649932265
0.154993861914
0.153368234634
0.151770561934
0.150200068951
0.148657485843
0.147142335773
0.145654127002
0.144190564752
0.142752751708
0.141341030598
0.13995167613
0.138583749533
0.13723872602
0.135917514563
0.134618401527
0.133339837193
0.132081374526
0.130843445659
0.129624664783
0.128424048424
0.127242431045
0.126078829169
0.124932192266
0.123802296817
0.122689276934
0.121592648327
0.120511487126
0.119447380304
0.118398979306
0.117365829647
0.116348065436
0.115344449878
0.114354908466
0.113378964365
0.112416356802
0.11146684736
0.110530070961
0.109605975449
0.108695074916
0.107796251774
0.106909252703
0.106034003198
0.10517051816
0.104318551719
0.10347764194
0.102647826076
0.101828657091
0.101020090282
0.100221887231
0.0994338095188
0.0986560359597
0.0978883355856
0.0971304923296
0.0963820666075
0.0956429466605
0.0949129238725
0.0941918417811
0.0934792459011
0.0927752405405
0.0920799970627
0.0913931876421
0.0907146930695
0.0900444462895
0.0893821045756
0.0887275859714
0.0880807191133
0.087441213429
0.0868095606565
0.0861851125956
0.0855677053332
0.0849575251341
0.0843542441726
0.0837577357888
0.0831679180264
0.0825845450163
0.0820076614618
0.0814370289445
0.0808728858829
0.080315284431
0.0797637179494
0.0792180672288
0.0786781236529
0.078143723309
0.0776147097349
0.0770910233259
0.0765726566315
0.0760594159365
0.0755513235927
0.0750481933355
0.0745499059558
0.0740564092994
0.0735676437616
0.073083512485
0.0726040527225
0.0721292123199
0.0716590061784
0.0711933672428
0.0707322359085
0.0702752619982
0.0698223859072
0.0693735405803
0.0689290985465
0.0684889480472
0.0680529996753
0.0676209926605
0.0671928673983
0.0667685046792
0.0663477107882
0.065930351615
0.0655163750052
0.0651057809591
0.0646984875202
0.0642944648862
0.0638936385512
0.0634961798787
0.0631017759442
0.0627103596926
0.0623221099377
0.0619369037449
0.0615545772016
0.0611750669777
0.0607983395457
0.0604244284332
0.0600532889366
0.0596847943962
0.0593189001083
0.0589555054903
0.0585947446525
0.0582365915179
0.0578808672726
0.0575275495648
0.0571765825152
0.0568279139698
0.0564819425344
0.0561385564506
0.0557974688709
0.0554585717618
0.0551217906177
0.0547871105373
0.0544547475874
0.0541247352958
0.0537967532873
0.0534709170461
0.0531471259892
0.0528253130615
0.0525053627789
0.0521873049438
0.0518711544573
0.0515568107367
0.0512442365289
0.0509335212409
0.050624512136
0.0503172464669
0.0500117428601
0.0497079528868
0.0494058765471
0.0491054542363
0.0488066971302
0.0485095568001
0.0482140891254
0.0479202233255
0.0476278811693
0.0473371222615
0.0470478832722
0.0467601269484
0.0464739762247
0.0461894087493
0.0459063313901
0.04562471807
0.0453445725143
0.0450658388436
0.0447885245085
0.0445126332343
0.0442381240427
0.0439650192857
0.0436933115125
0.0434229411185
0.0431539565325
0.0428863167763
0.0426200293005
0.0423550717533
0.0420914441347
0.0418292917311
0.0415684580803
0.0413089282811
0.0410506911576
0.0407937765121
0.0405381321907
0.0402837432921
0.0400306358933
0.0397788099945
0.0395282283425
0.0392789058387
0.0390308946371
0.038784429431
0.0385392382741
0.0382953323424
0.03805263713
0.0378113314509
0.0375713333488
0.0373325310647
0.037094950676
0.0368586108088
0.0366235002875
0.0363896004856
0.0361569076777
0.0359254404902
0.0356951579452
0.0354660600424
0.0352381691337
0.0350114628673
0.0347859337926
0.0345616303384
0.0343385413289
0.0341166369617
0.0338959358633
0.0336764082313
0.0334580503404
0.033240865916
0.0330248624086
0.032810010016
0.0325963124633
0.0323837921023
0.0321724303067
0.0319622196257
0.0317531712353
0.0315452888608
0.031338557601
0.0311329718679
0.0309285428375
0.0307252649218
0.0305231325328
0.0303223840892
0.0301229339093
0.0299246814102
0.0297275874764
0.0295316688716
0.0293369367719
0.0291433408856
0.0291240662336
0.0291048344225
0.0290856491774
0.0290664937347
0.0290473662317
0.0290282815695
0.0290092211217
0.0289901830256
0.028971163556
0.0289521478117
0.0289331693202
0.0289141833782
0.0288952253759
0.0288762655109
0.0288573093712
0.0288383644074
0.0288194268942
0.0288004949689
0.0287815630436
0.028762627393
0.0287437029183
0.0287247728556
0.028705842793
0.0286869164556
0.0286679845303
0.0286490600556
0.0286301225424
0.0286111868918
0.0285922568291
0.0285733155906
0.0285543669015
0.0285354163498
0.028516471386
0.0284975152463
0.0284785628319
0.0284596029669
0.0284406356514
0.0284216664732
0.0284027010202
0.0283837225288
0.0283647496253
0.0283457636833
0.0283267721534
0.0283077806234
0.0282887835056
0.028269784525
0.0282507762313
0.0282317642123
0.0282127521932
0.0281937345862
0.0281747095287
0.0281556844711
0.0281366575509
0.0281176175922
0.0280985757709
0.0280795358121
0.0280604846776
0.0280414354056
0.0280223805457
0.0280033182353
0.027984270826
0.0279651992023
0.0279461294413
0.0279270634055
0.0279079899192
0.0278889071196
0.0278698224574
0.0278507433832
0.0278316494077
0.0278125628829
0.0277934651822
0.0277743637562
0.0277552604675
0.0277361609042
0.027717044577
0.0276979282498
0.0276788249612
0.0276597049087
0.0276405792683
0.0276214499027
0.0276023391634
0.0275832060724
0.0275640692562
0.027544926852
0.0275257918984
0.0275066513568
0.0274875052273
0.0274683516473
0.0274492055178
0.0274300538003
0.0274108983576
0.0273917410523
0.0273725837469
0.0273534171283
0.0273342449218
0.0273150838912
0.0272959154099
0.0272767413408
0.0272575635463
