0.745624661446
0.707940459251
0.685326159
0.670928835869
0.660229742527
0.650925338268
0.642252027988
0.635195493698
0.628907561302
0.623130083084
0.616946160793
0.61078029871
0.604563593864
0.598210573196
0.592617332935
0.587228775024
0.581983327866
0.576791167259
0.571761667728
0.566524803638
0.561044633389
0.555469989777
0.549863874912
0.544360399246
0.538888514042
0.533476352692
0.527799189091
0.52199947834
0.516235888004
0.511018276215
0.50611770153
0.501184046268
0.49612814188
0.491118341684
0.486137330532
0.481149464846
0.476199537516
0.471048206091
0.465828746557
0.460329204798
0.454767376184
0.449270695448
0.443633615971
0.437936723232
0.432128190994
0.42638272047
0.421137213707
0.416356831789
0.411435246468
0.406819850206
0.402114123106
0.39751958847
0.392602324486
0.387762337923
0.383120507002
0.378230124712
0.373427271843
0.368140995502
0.362519979477
0.357067018747
0.352194964886
0.347113788128
0.341955691576
0.336866021156
0.331974983215
0.327166646719
0.322382867336
0.317634284496
0.313136577606
0.308870077133
0.304283648729
0.299738615751
0.295226484537
0.290887922049
0.286886632442
0.282530128956
0.278575062752
0.274437576532
0.270132303238
0.266250789165
0.262339919806
0.257708579302
0.253135085106
0.249144628644
0.245072007179
0.241154298186
0.237132281065
0.233517944813
0.230003535748
0.227104052901
0.223856538534
0.220619678497
0.217731609941
0.21526747942
0.212147310376
0.20893189311
0.206043615937
0.202982276678
0.199930801988
0.197146594524
0.194383308291
0.191909119487
0.189135953784
0.186914980412
0.18522568047
0.182712033391
0.180335626006
0.178569212556
0.176605895162
0.174957454205
0.173264294863
0.171994298697
0.17029723525
0.168909862638
0.167559012771
0.166238382459
0.164999350905
0.163869306445
0.162576496601
0.161323159933
0.160240873694
0.159175425768
0.158010065556
0.157031714916
0.15608368814
0.155171513557
0.154336348176
0.153251737356
0.152367800474
0.151483610272
0.150786697865
0.15006314218
0.149241656065
0.148528262973
0.147736549377
0.147153496742
0.146450191736
0.145794540644
0.145145609975
0.144576832652
0.14400011301
0.143382906914
0.142912939191
0.142210900784
0.141731739044
0.141284584999
0.140753313899
0.14017637074
0.139625415206
0.139278963208
0.138734713197
0.13816267252
0.137691214681
0.137246027589
0.136799320579
0.136330246925
0.13589052856
0.135433137417
0.135074004531
0.134657412767
0.134626105428
0.134091094136
0.133624255657
0.133308470249
0.132956475019
0.132616281509
0.132267743349
0.131909102201
0.131609126925
0.131216451526
0.130865827203
0.130557537079
0.13026060164
0.129897728562
0.129595905542
0.129260465503
0.128963112831
0.128632694483
0.128331363201
0.128097787499
0.127774521708
0.127534016967
0.127294644713
0.127023458481
0.126744061708
0.126502677798
0.126308038831
0.12599337101
0.125749155879
0.125527918339
0.125301972032
0.125051677227
0.124812528491
0.124578595161
0.124428704381
0.124298207462
0.123986527324
0.123812682927
0.123625293374
0.123459994793
0.123257994652
0.123051486909
0.122847989202
0.122699610889
0.122465364635
0.12230464071
0.122118256986
0.121955148876
0.121739782393
0.1215570122
0.121378704906
0.121198549867
0.121029861271
0.120912328362
0.120695821941
0.120571702719
0.120405577123
0.120213203132
0.120192311704
0.119939818978
0.119802877307
0.119664847851
0.119534105062
0.119378224015
0.119241215289
0.119107179344
0.118967309594
0.118877306581
0.118668757379
0.118595942855
0.118417240679
0.118348263204
0.118238218129
0.118095144629
0.117968678474
0.117859475315
0.117759354413
0.117625229061
0.117517650127
0.117405250669
0.117322444916
0.117233835161
0.11707187444
0.116991758347
0.116882294416
0.116783298552
0.116653814912
0.11654445529
0.116438746452
0.116375692189
0.116234712303
0.116156175733
0.11605656147
0.11611841619
0.115944176912
0.115941695869
0.11575499177
0.115685455501
0.115596994758
0.115538582206
0.115481995046
0.115415036678
0.115360446274
0.115262396634
0.115228608251
0.115060389042
0.115011528134
0.11496514082
0.114875167608
0.114793166518
0.114726871252
0.11468783766
0.11461315304
0.114520139992
0.114447496831
0.114393912256
0.114340014756
0.114276796579
0.114218346775
0.114131435752
0.114056237042
0.113978281617
0.113953448832
0.113873511553
0.113809131086
0.11374387145
0.113678917289
0.113624081016
0.113551594317
0.113509900868
0.113438017666
0.113376364112
0.113359868526
0.113283671439
0.113242194057
0.113193109632
0.113145202398
0.113095372915
0.113033853471
0.113011576235
0.112937577069
0.112914174795
0.11284764111
0.112816654146
0.112780369818
0.11276435107
0.1126973629
0.112653501332
0.112598434091
0.112579070032
0.112538233399
0.112484529614
0.112441129982
0.112396396697
0.112357705832
0.11231867224
0.11227748543
0.112238414586
0.112201198936
0.112157776952
0.112115770578
0.112104102969
0.112040959299
0.112004555762
0.111986786127
0.111938104033
0.111940465868
0.111890561879
0.111865356565
0.111835695803
0.111810959876
0.111788645387
0.11175173521
0.111739173532
0.111692495644
0.11167088896
0.11165253073
0.111635871232
0.111620888114
0.111581496894
0.111549071968
0.111525148153
0.111486621201
0.111465223134
0.111433193088
0.111402995884
0.111399784684
0.111356317997
0.111326783895
0.111306667328
0.111289054155
0.111263923347
0.111245058477
0.111251108348
0.111204601824
0.1111805439
0.1111491099
0.111129045486
0.111149318516
0.111094899476
0.111095204949
0.111065074801
0.111048705876
0.111042819917
0.111035227776
0.111007958651
0.110992968082
0.110968351364
0.110951967537
0.110929705203
0.110906034708
0.1108898893
0.110860109329
0.110855214298
0.110816650093
0.110797047615
0.110777311027
0.110767014325
0.110769473016
0.110730998218
0.110721319914
0.110715351999
0.110694371164
0.110690094531
0.110665738583
0.110651612282
0.110635861754
0.110618300736
0.110608235002
0.11059115082
0.110578194261
0.110558256507
0.110543638468
0.110532283783
0.110514633358
0.110504552722
0.110501691699
0.11048078537
0.110478468239
0.110458381474
0.110459499061
0.110455408692
0.110424689949
0.110418394208
0.11039673537
0.110386557877
0.110373675823
0.1103598997
0.110347256064
0.110335700214
0.110324822366
0.110315591097
0.110302150249
0.110290832818
0.110278554261
0.110265463591
0.110256567597
0.110240928829
0.11023145169
0.110219664872
0.110208258033
0.110218971968
0.110202684999
0.110193923116
0.11019064486
0.110190972686
0.110177248716
0.110167339444
0.110156327486
0.110147237778
0.110144868493
0.110134765506
0.11011891067
0.110113374889
0.11010839045
0.11010582
0.110103107989
0.110089033842
0.110081471503
0.110076569021
0.110067419708
0.110064633191
0.110053904355
0.110089868307
0.110052682459
0.110070101917
0.110136710107
0.110101170838
0.110237903893
0.110113531351
0.110061332583
0.110051579773
0.110051065683
0.110054194927
0.110047020018
0.110049106181
0.110047727823
0.110321372747
0.11018076539
0.110012501478
0.110287979245
0.110296726227
0.110066950321
0.110060937703
0.110063739121
0.110120207071
0.110107570887
0.110101297498
0.110478341579
0.110026568174
0.110026448965
0.110481888056
0.110530972481
0.109962210059
0.109939604998
0.109948948026
0.109949529171
0.109977826476
0.110058359802
0.109961904585
0.10994322598
0.109942823648
0.109935827553
0.10992050916
0.109913207591
0.109904490411
0.109894618392
0.109886087477
0.109906077385
0.109912090003
0.109868809581
0.109869897366
0.109865315259
0.10986674577
0.109865739942
0.109862983227
0.109861157835
0.109857365489
0.109852537513
0.109849333763
