0.699342250824
0.654375314713
0.630251646042
0.60885477066
0.602999508381
0.579029977322
0.572049558163
0.546116650105
0.531290709972
0.505516707897
0.505956351757
0.48210299015
0.465113431215
0.437538594007
0.431737393141
0.42587903142
0.400600016117
0.38666087389
0.373671084642
0.355821639299
0.359194606543
0.342930555344
0.332616448402
0.320565581322
0.308916449547
0.300413995981
0.284805566072
0.29060319066
0.294410288334
0.289374828339
0.261579483747
0.249601230025
0.252589255571
0.26413616538
0.252716094255
0.25659763813
0.213712185621
0.210127860308
0.222824037075
0.204276442528
0.216819509864
0.200345501304
0.184518054128
0.183377236128
0.183339491487
0.168223038316
0.177192360163
0.166385024786
0.173144936562
0.156439244747
0.14535883069
0.146183401346
0.146106138825
0.141462147236
0.135573998094
0.133086636662
0.133341163397
0.122842662036
0.12601236999
0.1163046211
0.122361719608
0.132825672626
0.106827057898
0.103097625077
0.111100584269
0.105838499963
0.106602288783
0.100319802761
0.0937900692225
0.103569157422
0.0952376946807
0.0867248922586
0.0892199650407
0.088407330215
0.0819637402892
0.0791498422623
0.0727516114712
0.0779170095921
0.0861945152283
0.0685970783234
0.0639856234193
0.0693207830191
0.0668890997767
0.0700950622559
0.0741803273559
0.0764273554087
0.0850972905755
0.0571226254106
0.0623510330915
0.058474726975
0.0677742436528
0.0756512731314
0.0834029018879
0.0764219537377
0.0573275275528
0.0513390339911
0.0593459121883
0.0576207228005
0.0504590272903
0.0868892669678
0.0431676059961
0.0428477674723
0.0426802933216
0.0475536994636
0.0527735091746
0.0441619642079
0.0537685677409
0.0418390519917
0.0390196330845
0.0383583307266
0.0432680025697
0.0430501364172
0.039254244417
0.0329300835729
0.0369990319014
0.0311018172652
0.0332602746785
0.0285043325275
0.0318298265338
0.0315258651972
0.0356421992183
0.0258458089083
0.0285759195685
0.0244691353291
0.0261717718095
0.025801718235
0.028002301231
0.0307289399207
0.0320183224976
0.0254030618817
0.0222766268998
0.0264183003455
0.0334963798523
0.0248468499631
0.0340032167733
0.0625346451998
0.0221012961119
0.0329139754176
0.064539603889
0.0284712538123
0.0224495772272
0.0196844749153
0.0187114980072
0.0393213964999
0.0251216534525
0.0424220003188
0.0372425094247
0.0497151389718
0.0196201764047
0.0188396926969
0.0155753344297
0.0211368761957
0.026254599914
0.0345627889037
0.015914151445
0.0218951664865
0.0224290341139
0.0268825702369
0.0318715460598
0.0200531650335
0.0198006834835
0.0209204088897
0.014863723889
0.0133011490107
0.0182805024087
0.0179528128356
0.0137713709846
0.0300966911018
0.0158034395427
0.0180228520185
0.0251485444605
0.0291006602347
0.0273776017129
0.0182462166995
0.013291423209
0.0671172887087
0.0232181921601
0.0168187096715
0.0336057059467
0.0366237126291
0.0124165546149
0.0172242671251
0.0125786364079
0.0490767508745
0.0454069934785
0.0233081113547
0.0448889695108
0.0116929868236
0.0379805862904
0.018163472414
0.0215741433203
0.0152538018301
0.0155929569155
0.0252922717482
0.0288300924003
0.0319432839751
0.0463899187744
0.0300890430808
0.0351516976953
0.0141467340291
0.0162576343864
0.0137257063761
0.0141573203728
0.0115363039076
0.00801489781588
0.0117214247584
0.0202264431864
0.0238104872406
0.0164342336357
0.0283505897969
0.010240836069
0.011283702217
0.00957402493805
0.00893012620509
0.00838437210768
0.0111107733101
0.0156830530614
0.0114523144439
0.0330906249583
0.0146727431566
0.00652821594849
0.00753904506564
0.0101494221017
0.00727559486404
0.00678864121437
0.00927403569221
0.00706191547215
0.0142974555492
0.00688064843416
0.00581945339218
0.00921112764627
0.00564594613388
0.0109634175897
0.0211351700127
0.00693060597405
0.00838275440037
0.00570112420246
0.00782382115722
0.00639245100319
0.00575500540435
0.0133188199252
0.0227377898991
0.0078334659338
0.0127638410777
0.0129751330242
0.0155300023034
0.02091633901
0.0146177504212
0.0156439635903
0.0068806130439
0.00698712980375
0.00534414127469
0.00698371976614
0.00581734254956
0.0078543080017
0.0157978981733
0.00632133614272
0.00548678357154
0.0190093088895
0.00939674116671
0.00911628082395
0.00653110258281
0.00563271809369
0.00782769639045
0.00717639597133
0.00636947667226
0.0179350823164
0.00659852800891
0.00609266292304
0.00634671188891
0.00771004520357
0.00598715804517
0.00513692386448
0.00615830114111
0.00571381533518
0.00547401281074
0.00545431626961
0.0240947417915
0.00567823741585
0.00516100181267
0.00553806591779
0.00688966037706
0.00566500984132
0.00509777572006
0.00527175748721
0.00541269686073
0.00853882543743
0.00502719078213
0.00672565679997
0.00723649794236
0.00572434207425
0.00492612738162
0.00503262551501
0.0074475905858
0.00584655953571
0.00478445598856
0.00574283348396
0.00574834272265
0.0103653650731
0.00505144242197
