0.705550611019
0.6970089674
0.68927359581
0.681753635406
0.674608230591
0.667904138565
0.66182756424
0.656171560287
0.65077996254
0.645852386951
0.641242027283
0.636627495289
0.632129490376
0.627814173698
0.623591482639
0.61941921711
0.615259885788
0.611044287682
0.606850683689
0.602628111839
0.598478019238
0.594389259815
0.590297579765
0.58630502224
0.582397401333
0.578497707844
0.574611961842
0.570789217949
0.566949546337
0.563066720963
0.559172034264
0.555272042751
0.551372051239
0.547517478466
0.543702840805
0.539962649345
0.536235570908
0.532487571239
0.528738617897
0.524926781654
0.521147310734
0.517408549786
0.513567745686
0.509724140167
0.505862295628
0.502005815506
0.498092800379
0.494192928076
0.490318119526
0.486543804407
0.482846319675
0.479213297367
0.475448429585
0.471674919128
0.4678209126
0.463944971561
0.460042357445
0.456130832434
0.45228934288
0.448438882828
0.444518834352
0.440618604422
0.436782091856
0.432940214872
0.429115414619
0.425331294537
0.421575009823
0.417820215225
0.414067029953
0.410290390253
0.406586945057
0.402893513441
0.399231314659
0.395545959473
0.391910225153
0.388321429491
0.384724676609
0.381186515093
0.377644866705
0.374117821455
0.370649278164
0.367217957973
0.363787323236
0.360368520021
0.356996029615
0.353720098734
0.350468784571
0.347249358892
0.344021618366
0.340829282999
0.337708085775
0.334577679634
0.331477552652
0.328384459019
0.325237363577
0.322037786245
0.318763434887
0.315465271473
0.312197804451
0.308979898691
0.305790573359
0.302602112293
0.299420505762
0.296248495579
0.293074458838
0.289951503277
0.286829084158
0.283679097891
0.280533194542
0.277362346649
0.274240702391
0.271132797003
0.268044263124
0.264908432961
0.26177623868
0.258705317974
0.255660057068
0.252616912127
0.249562874436
0.246486455202
0.243332505226
0.240192398429
0.237100869417
0.234052479267
0.23101490736
0.227982759476
0.224964901805
0.221898317337
0.218801543117
0.215629428625
0.212460771203
0.209330171347
0.206221416593
0.203116491437
0.200004756451
0.196812257171
0.193590074778
0.190448865294
0.187399536371
0.184304401278
0.181201726198
0.178088918328
0.175030961633
0.172041401267
0.16905015707
0.166104957461
0.163225591183
0.160381630063
0.157549336553
0.154809474945
0.152130037546
0.149451553822
0.146772444248
0.144107267261
0.14151263237
0.139020889997
0.136572122574
0.134156629443
0.131802409887
0.129430800676
0.127077430487
0.12475053966
0.122513748705
0.120249740779
0.11798261106
0.115757323802
0.11357652396
0.111406631768
0.109270960093
0.10714212805
0.105020754039
0.102943614125
0.100830711424
0.0987527817488
0.096681907773
0.094616882503
0.09256118536
0.0904688760638
0.0884032249451
0.0863628834486
0.084302149713
0.0822762995958
0.0802969038486
0.0783197283745
0.0763838514686
0.0745098516345
0.0726347267628
0.0707946866751
0.0689831003547
0.0672285780311
0.0655221566558
0.0638471767306
0.0622043386102
0.0606265217066
0.059106964618
0.0576008670032
0.0561555996537
0.0547464229167
0.0533473454416
0.0520230643451
0.0506611987948
0.0493265166879
0.0480605699122
0.046828828752
0.0456214770675
0.0444468483329
0.0433176644146
0.0422164835036
0.0411348938942
0.0400776900351
0.0390498638153
0.0380617454648
0.0371198877692
0.0362157933414
0.0353287197649
0.0344608537853
0.0335959419608
0.0327658355236
0.0319742076099
0.0312139224261
0.0304730478674
0.0297397151589
0.0290201883763
0.0283234659582
0.027645425871
0.0269921086729
0.0263526216149
0.0257352590561
0.0251397527754
0.0245602000505
0.0239862445742
0.023422986269
0.022874025628
0.0223470684141
0.0218373928219
0.0213463623077
0.0208686199039
0.0204091239721
0.0199623126537
0.0195256508887
0.0191009826958
0.0186924617738
0.0182926431298
0.0179145000875
0.0175450723618
0.0171848218888
0.016829950735
0.0164878051728
0.0161550007761
0.0158374179155
0.0155231356621
0.0152155645192
0.0149136474356
0.0146247586235
0.0143455322832
0.0140728969127
0.0138037540019
0.0135475602001
0.0132995862514
0.0130552593619
0.0128191085532
0.0125880446285
0.0123635502532
0.0121460584924
0.0119330966845
0.0117281498387
0.0115261692554
0.0113316858187
0.011141887866
0.0109528834
0.0107696019113
0.010591134429
0.0104166297242
0.0102465841919
0.0100815985352
0.00992116797715
0.00976425223053
0.00961073767394
0.00946105271578
0.00931582134217
0.00917377043515
0.0090343374759
0.00889628194273
0.00876421947032
0.00863506831229
0.00850967876613
0.00838539656252
0.00826309621334
0.00814425107092
0.00802764855325
0.00791423767805
0.00780330039561
0.00769483624026
0.0075884796679
0.00748433033004
0.00738186622038
0.00728294812143
0.00718576973304
0.00709004420787
0.00699599739164
0.00690407305956
0.00681305676699
0.00672496808693
0.00663894694299
0.00655452208593
0.00647096754983
0.00638886913657
0.00630855374038
0.00622942624614
0.00615299958736
0.00607703393325
0.00600285548717
0.00592981744558
0.00585790723562
0.00578854838386
0.00571967661381
0.0056516090408
0.00558503903449
0.00551966810599
0.00545525224879
0.00539257703349
0.00533092441037
0.00526886899024
0.00520866038278
0.00515074841678
0.00509328208864
0.00503678806126
0.00498006399721
0.00492532970384
0.0048715621233
0.00481853121892
0.00476628961042
0.00471493741497
0.00466447323561
0.00461443280801
0.00456510530785
0.00451761856675
0.00446917116642
0.00442213285714
0.00437631737441
0.00432992726564
0.00428439257666
0.00423979433253
0.00419579586014
0.00415328377858
0.0041110063903
0.00406865263358
0.0040279715322
0.00398758752272
0.00394698185846
0.00390714500099
0.00386842573062
0.003830174217
0.00379211641848
0.00375509308651
0.00371864717454
0.00368234119378
0.00364733836614
0.00361200724728
0.00357686774805
0.00354285840876
0.0035088553559
0.00347573519684
0.00344324018806
0.00341099873185
0.00337913027033
0.00334741338156
0.00331632746384
0.00328631652519
0.00325621734373
0.00322642712854
0.00319688417949
0.00316796801053
0.00313939922489
0.00311094266362
0.00308282696642
0.00305562419817
0.00302855018526
0.00300190132111
0.00297567737289
0.00294985366054
0.00292456732132
0.00289952312596
0.00287459418178
0.00285042496398
0.00282613770105
0.00280242646113
0.00277889636345
0.00275578955188
0.00273298285902
0.00271035986952
0.00268819043413
0.00266625010408
0.00264450418763
0.00262318248861
0.00260214111768
0.00258124549873
0.00256059598178
0.00254012364894
0.00252034515142
0.00250041205436
0.00249835778959
0.00249624112621
0.00249417545274
0.00249220430851
0.00249023851939
0.00248824269511
0.00248625781387
0.00248427456245
0.00248234043829
0.00248042074963
0.00247850525193
0.00247660255991
0.00247467728332
0.00247275386937
0.00247084745206
0.0024689398706
0.00246703904122
0.00246512377635
0.00246321642771
0.00246134842746
0.00245947251096
0.00245760544203
0.00245572882704
0.00245384685695
0.00245195860043
0.00245006778277
0.00244820374064
0.00244634086266
0.00244447425939
0.00244260579348
0.00244072405621
0.0024388320744
0.00243697105907
0.00243512052111
0.00243322737515
0.00243134028278
0.00242946692742
0.00242758239619
0.00242573884316
0.00242387549952
0.00242201448418
0.00242014718242
0.00241827801801
0.00241640629247
0.00241453084163
0.00241271196865
0.00241082697175
0.0024089361541
0.00240709609352
0.00240522646345
0.00240336917341
0.0024014969822
0.00239963945933
0.00239777285606
0.00239591114223
0.00239404244348
0.00239217514172
0.00239031622186
0.00238846009597
0.00238660885952
0.00238472851925
0.0023828826379
0.00238103815354
0.00237913732417
0.00237724627368
0.00237539433874
0.00237351260148
0.00237161875702
0.00236977869645
0.00236793025397
0.00236604362726
0.0023641390726
0.0023622661829
0.0023604305461
0.00235856184736
0.00235664285719
0.00235477299429
0.00235293782316
0.00235108449124
0.00234917015769
0.00234725815244
0.00234543532133
0.00234358222224
0.00234169024043
0.00233981129713
0.00233791582286
0.00233603431843
0.00233417237177
0.00233231578022
0.00233042030595
0.00232852576301
0.00232666661032
0.0023248011712
0.0023229632061
0.00232107983902
0.00231921323575
0.0023173536174
0.00231549632736
0.00231362157501
