0.692726969719
0.685955286026
0.678731322289
0.670173883438
0.658863723278
0.646067619324
0.629158198833
0.609579026699
0.585113108158
0.557894408703
0.52384865284
0.499551832676
0.462006866932
0.437950730324
0.403443843126
0.372166395187
0.344096779823
0.31784504652
0.274939775467
0.257290333509
0.236811295152
0.228353336453
0.201953053474
0.196448549628
0.188358172774
0.139464944601
0.185288980603
0.183184966445
0.206697076559
0.170534327626
0.176082581282
0.152504324913
0.12896053493
0.162225961685
0.140331700444
0.120177283883
0.0991650372744
0.133959412575
0.0955709442496
0.13928373158
0.1125690341
0.135926544666
0.107365034521
0.135112583637
0.131850138307
0.103226207197
0.0877703130245
0.0971835181117
0.101091504097
0.08672067523
0.097282409668
0.10063944757
0.110682830215
0.112909160554
0.13651265204
0.0864822119474
0.116862751544
0.0755290910602
0.0786662250757
0.167915716767
0.0940283164382
0.0923816487193
0.113893024623
0.0858560949564
0.110838092864
0.0886659920216
0.0701288580894
0.094011053443
0.115112230182
0.0791319906712
0.0924589931965
0.0854494869709
0.11225476861
0.106425784528
0.131157398224
0.105294518173
0.0544260442257
0.0927648320794
0.11548127234
0.105408765376
0.0640088543296
0.083770737052
0.0945626571774
0.0945928841829
0.0866064950824
0.0954973101616
0.0588558614254
0.0763811469078
0.077477991581
0.119046404958
0.082924336195
0.0735646858811
0.0611463226378
0.120582401752
0.0782939940691
0.109145417809
0.0923241376877
0.070738747716
0.107816249132
0.0886613130569
0.0710023716092
0.0938399583101
0.0773748978972
0.0735887140036
0.0787714496255
0.100851148367
0.101805381477
0.073083512485
0.0689403265715
0.0531343445182
0.0883077979088
0.0851783230901
0.0883488804102
0.0771916508675
0.0780206769705
0.0728883221745
0.115667082369
0.073948122561
0.0890650674701
0.0625935271382
0.145597413182
0.11854352057
0.091010145843
0.0801424086094
0.103870436549
0.135722279549
0.0646147504449
0.072783857584
0.0767961665988
0.0721648111939
0.0925571620464
0.0658758953214
0.115750879049
0.0762260183692
0.106807380915
0.107259340584
0.10191667825
0.0913434922695
0.106870509684
0.0901185274124
0.0714248642325
0.0689944028854
0.064488068223
0.0999504178762
0.118918910623
0.0828939303756
0.0540294237435
0.072951182723
0.0733141303062
0.0876003801823
0.0423083640635
0.0503149218857
0.0979974865913
0.0471066683531
0.0704054757953
0.062378063798
0.0788947567344
0.0773025155067
0.0744257643819
0.0602952241898
0.0897996500134
0.0584232285619
0.0521736070514
0.0928827449679
0.0801127254963
0.069846265018
0.0498046502471
0.0553013160825
0.0825517177582
0.0519280917943
0.0639564171433
0.0799578949809
0.10475140065
0.105905599892
0.0817383900285
0.101088389754
0.142741262913
0.107770144939
0.0732766613364
0.0934549942613
0.0546944960952
0.103073306382
0.066798441112
0.0688088461757
0.101243160665
0.0527702905238
0.0639599189162
0.049929600209
0.0584078617394
0.144225746393
0.0527376271784
0.0874546542764
0.0698500946164
0.0666849017143
0.0917419418693
0.0582989566028
0.0776834413409
0.0651402398944
0.0479420870543
0.0597208179533
0.0676296874881
0.065315335989
0.0829409658909
0.0685957223177
0.127696141601
0.0727982744575
0.0735743567348
0.0734842121601
0.0998788252473
0.0747370198369
0.0495519712567
0.0504141300917
0.0724060758948
0.0798977091908
0.106155708432
0.111680671573
0.0860145390034
0.0713039189577
0.0839805603027
0.108964145184
0.0747116655111
0.0719625726342
0.099446952343
0.0634983032942
0.0888938903809
0.0797185748816
0.0467038452625
0.0740404576063
0.126043081284
0.10285436362
0.116234049201
0.0828639268875
0.106601074338
0.0435285530984
0.0603452324867
0.0669218450785
0.107053227723
0.143452897668
0.0770533978939
0.100509300828
0.0697468966246
0.091126807034
0.0806880667806
0.0621848553419
0.0615698434412
0.10354295373
0.0471135191619
0.0460227765143
0.0920894518495
0.092737801373
0.0453603006899
0.124806955457
0.0535834096372
0.0985464602709
0.0627378076315
0.0726632848382
0.0522087998688
0.0463377945125
0.0774152725935
0.0587828792632
0.0986399501562
0.0649558529258
0.095330901444
0.0824339911342
0.080080062151
0.0849896296859
0.117534793913
0.0510202497244
0.138725176454
0.0723131522536
0.0651469454169
0.0739989057183
0.0931289494038
0.0586610920727
0.0872427150607
0.0819436535239
0.0613718107343
0.0631151869893
0.0885203257203
0.0558304525912
0.100665010512
0.0506754517555
0.0818648189306
0.0605239421129
0.119009666145
0.071696408093
0.0854044780135
0.055856179446
0.100573047996
0.0587623082101
0.0809997543693
0.0857943221927
0.0789990872145
0.067564457655
0.0733834728599
0.0467337034643
0.137916892767
0.11620555073
0.0407739542425
0.0627224966884
