0.693596959114
0.692551255226
0.691973865032
0.691422641277
0.690853238106
0.690157651901
0.688830554485
0.687155127525
0.684154331684
0.681370258331
0.673645913601
0.669278621674
0.656870186329
0.650568008423
0.649321079254
0.644237101078
0.629136919975
0.635878264904
0.625542104244
0.613171100616
0.60920470953
0.603355944157
0.595723509789
0.595928370953
0.61143052578
0.588883757591
0.565609395504
0.568395853043
0.57889777422
0.582487344742
0.552441596985
0.565749168396
0.573775112629
0.565777003765
0.54835909605
0.539787054062
0.557180404663
0.529445946217
0.536540210247
0.511772692204
0.517650306225
0.501220166683
0.498814046383
0.514395177364
0.502292454243
0.503832697868
0.497695922852
0.498018115759
0.485785543919
0.51207023859
0.473352611065
0.485865086317
0.489328712225
0.493406355381
0.514279782772
0.448857218027
0.499254822731
0.444338649511
0.457104861736
0.465476632118
0.48269623518
0.470631152391
0.473959922791
0.457729518414
0.487042158842
0.488804787397
0.406582862139
0.441161036491
0.415642738342
0.429349124432
0.403502672911
0.405749589205
0.44865167141
0.444118559361
0.433917909861
0.420103043318
0.402153283358
0.416110932827
0.404390573502
0.471348881721
0.455662280321
0.408225893974
0.401086956263
0.414909243584
0.414570510387
0.415773302317
0.413163393736
0.413569748402
0.408444732428
0.367447555065
0.419513076544
0.402975052595
0.363410234451
0.364483743906
0.387487053871
0.383664011955
0.396377116442
0.358047217131
0.36889269948
0.378820568323
0.377825707197
0.411949366331
0.425816088915
0.306949734688
0.407572865486
0.376301825047
0.344399064779
0.338398754597
0.3925819695
0.355608910322
0.364534556866
0.356853604317
0.351981163025
0.364225596189
0.323181122541
0.3644554317
0.368923544884
0.360450595617
0.347237855196
0.35689419508
0.357269287109
0.320807814598
0.378843396902
0.357962757349
0.347395479679
0.321967601776
0.349141150713
0.337962538004
0.358447700739
0.327558428049
0.335089921951
0.320160776377
0.329743921757
0.35247156024
0.300672531128
0.359696030617
0.39411598444
0.322771817446
0.33972671628
0.374643951654
0.365673393011
0.312705367804
0.355356127024
0.351624459028
0.30354398489
0.293860137463
0.305024236441
0.335467427969
0.323534935713
0.278919696808
0.323644697666
0.306392759085
0.311717420816
0.294230937958
0.328319370747
0.350901931524
0.363124161959
0.372183829546
0.340465635061
0.329311043024
0.347728013992
0.315003544092
0.320065766573
0.311948180199
0.329137742519
0.313496142626
0.330104649067
0.281546324492
0.286022663116
0.372082561255
0.315242052078
0.300679206848
0.314581185579
0.319604426622
0.289742141962
0.313680917025
0.29576048255
0.326780080795
0.335122525692
0.263970941305
0.347383588552
0.276714682579
0.331240594387
0.258194684982
0.330467641354
0.259727478027
0.334798455238
0.349535614252
0.288440048695
0.327096730471
0.306867301464
0.323297977448
0.30471393466
0.342513173819
0.307966887951
0.308810979128
0.324386179447
0.351913303137
0.262152016163
0.297234356403
0.264239549637
0.297227561474
0.273055166006
0.345317751169
0.275378257036
0.271130561829
0.325897365808
0.277611464262
0.327113896608
0.311236828566
0.26470708847
0.323344230652
0.311245054007
0.27845543623
0.314416378736
0.30949151516
0.270145654678
0.290059745312
0.282804906368
0.273329585791
0.282108366489
0.331057995558
0.315472304821
0.335574299097
0.311934113503
0.278761684895
0.27129176259
0.27950194478
0.311561405659
0.259379476309
0.322614073753
0.317132502794
0.271587729454
0.287247627974
0.25004991889
0.324639409781
0.258349180222
0.261720448732
0.244012415409
0.326803326607
0.371455520391
0.288814097643
0.303223371506
0.319120526314
0.309021919966
0.264987289906
0.273299634457
0.296787679195
0.246935650706
0.303649276495
0.263969630003
0.269363701344
0.281047821045
0.265482991934
0.28391033411
0.270314902067
0.276744782925
0.275371521711
0.26133403182
0.283500880003
0.308953970671
0.265698045492
0.300976544619
0.317648380995
0.345302969217
0.26865875721
0.263403475285
0.255344420671
0.216297671199
0.207563653588
0.278084278107
0.296021819115
0.275493532419
0.218114614487
0.261763185263
0.268277674913
0.296239823103
0.259161800146
0.259171575308
0.314880251884
0.291897207499
0.309180796146
0.28209233284
0.278687685728
0.25880381465
0.255975335836
0.253741055727
0.250983774662
0.231554374099
0.263399630785
0.289555937052
0.285256832838
0.274919450283
0.315375775099
0.21366584301
0.2403755337
0.27950835228
0.307507425547
0.253228515387
0.212214365602
0.23163561523
0.232882529497
0.259258449078
0.243398115039
0.243503287435
0.241823300719
0.208545327187
0.267611593008
0.280741363764
0.228039860725
0.241815403104
0.301501870155
0.254907757044
0.291580557823
0.252893805504
0.260332077742
0.248118057847
0.240734279156
0.223428219557
0.291233450174
0.349342465401
0.297073245049
0.247740522027
0.322459220886
0.271006077528
0.284093379974
0.247691825032
0.315653920174
0.240052103996
0.244425833225
0.261736452579
0.244624763727
0.216901749372
0.244315356016
0.25070604682
0.228038102388
0.282138645649
0.316655367613
0.214216411114
0.335839182138
0.267852902412
0.283222198486
0.238000288606
0.22205735743
0.245455950499
0.31625893712
0.262943774462
0.225026801229
0.225491642952
0.258959680796
0.259436845779
0.238782227039
0.263951420784
0.267263174057
0.253035098314
0.275038570166
0.255341410637
0.237064436078
0.26501968503
0.228168308735
0.206420242786
0.26415386796
0.322414755821
0.291182667017
0.241207137704
0.314059585333
0.239571899176
0.272372454405
0.248242869973
0.27387163043
0.315079808235
0.245880067348
0.219172880054
0.303987592459
0.244062617421
0.285970330238
0.240586131811
0.23329359293
0.282266795635
0.287444621325
0.257309943438
0.311602294445
0.28123062849
0.191785529256
0.259756833315
0.236228570342
0.285178214312
0.262910544872
0.289581865072
0.239996150136
0.323518365622
0.276377856731
0.246345818043
0.230823293328
0.20724119246
0.207326561213
0.243479400873
0.234389796853
0.304771780968
0.330995798111
0.264831870794
0.25392088294
0.234937041998
0.254978090525
0.21862693131
0.219921812415
0.221878886223
0.211026132107
0.24740190804
0.296090483665
0.223906621337
0.249234765768
0.255415827036
0.207119867206
0.242343440652
0.246424630284
0.240011900663
0.322351962328
0.228226229548
0.242408677936
0.310020953417
0.262267589569
0.284431278706
0.253053069115
0.261506855488
0.261514812708
0.293407768011
0.218140095472
0.253607273102
0.240974321961
0.222788542509
0.249933481216
0.240708574653
0.199760749936
0.229296892881
0.206063389778
0.268341451883
0.209908887744
0.184775158763
0.258667051792
0.224585801363
0.26383009553
0.256632298231
0.294161468744
0.196080803871
0.226006805897
0.242022871971
0.224833115935
0.26812466979
0.228574424982
0.19731631875
0.255305141211
0.277344763279
0.2101110816
0.250476330519
0.228812545538
0.211099296808
0.196724370122
0.295562416315
0.242834195495
0.284926444292
0.268730908632
0.252850949764
0.250148653984
0.205091640353
0.243737608194
0.256932735443
0.272790402174
0.209133818746
0.279566466808
0.245140373707
0.250310540199
0.22889995575
0.195240825415
0.261600077152
0.242743492126
0.215235516429
0.300072163343
0.213033556938
0.258246541023
0.215785607696
0.280203253031
0.231765195727
0.223327860236
0.224547579885
0.260819882154
0.214149907231
0.243433475494
0.31897854805
0.210310220718
0.248153358698
0.246843457222
0.251974850893
0.250855654478
0.194139882922
0.236445337534
0.239250853658
0.191275522113
0.25728431344
0.228505223989
