0.689401268959
0.670803487301
0.645991563797
0.635390043259
0.611969292164
0.605765342712
0.59033793211
0.576717972755
0.554382264614
0.537489235401
0.518088936806
0.507650852203
0.478408455849
0.451612561941
0.401359379292
0.373175650835
0.354273498058
0.303013473749
0.257566988468
0.301863878965
0.235672220588
0.277137696743
0.258668363094
0.26554569602
0.231345027685
0.218986332417
0.223179996014
0.181805193424
0.221272796392
0.160038471222
0.202499613166
0.168814092875
0.130136534572
0.140893027186
0.121491491795
0.122267186642
0.147793576121
0.112119376659
0.150995850563
0.086135417223
0.113080076873
0.150835007429
0.161127880216
0.131126359105
0.102797158062
0.172254130244
0.0795660465956
0.132501795888
0.0871347039938
0.0723229795694
0.0860631540418
0.0986678674817
0.0571295842528
0.0753407105803
0.0916184186935
0.0915640667081
0.0362439826131
0.0516883470118
0.0675057545304
0.0675650686026
0.0542061403394
0.0394792109728
0.0546254552901
0.0336115062237
0.0482170842588
0.109627746046
0.0582235939801
0.0412769131362
0.102697402239
0.0514553040266
0.0497712828219
0.102234460413
0.120637565851
0.0299594737589
0.0406976267695
0.0862516015768
0.0415413863957
0.0596134476364
0.0572312064469
0.0502751506865
0.03886340186
0.0280009899288
0.0239070374519
0.0633310973644
0.0502166412771
0.0890946760774
0.0923559144139
0.0501050427556
0.0731772482395
0.0976687371731
0.0609700605273
0.0242622755468
0.103138305247
0.0194843225181
0.0551922805607
0.0536990575492
0.0321958363056
0.0380695573986
0.0216537248343
0.046924110502
0.0747654885054
0.0326747447252
0.0341331884265
0.0135516691953
0.0225458648056
0.0327451974154
0.0372055880725
0.0277662537992
0.0370923727751
0.0400427654386
0.03451763466
0.0373361594975
0.0504515357316
0.0361752547324
0.0611961558461
0.017276732251
0.0552463009953
0.0118469707668
0.0364093072712
0.0135259917006
0.0340683422983
0.0590549372137
0.0713197290897
0.024202067405
0.0548811852932
0.0106397904456
0.0749625787139
0.0389831513166
0.0645985454321
0.0277413185686
0.0354537889361
0.0690110549331
0.0450025051832
0.0711790844798
0.040504809469
0.0501502603292
0.03117711097
0.0225629769266
0.0254645440727
0.0401554144919
0.0174928307533
0.0250672940165
0.0542560964823
0.0340928733349
0.0670941248536
0.0464879013598
0.0216847676784
0.0437770746648
0.00962483230978
0.0243884474039
0.128556519747
0.0531652346253
0.0157733932137
0.00654992368072
0.0127885425463
0.0139602040872
0.0297103896737
0.0328986756504
0.0322333835065
0.0390669517219
0.0109595041722
0.00894973706454
0.0100437859073
0.05162416026
0.032431896776
0.00658986857161
0.0246032383293
0.0502002127469
0.00359698175453
0.00361800333485
0.0391364954412
0.0355876497924
0.00824393332005
0.00585761712864
0.0153519231826
0.0342434868217
0.00865415483713
0.0439198464155
0.0029667255003
0.0294904205948
0.00174118974246
0.00300214672461
0.0118260439485
0.017096221447
0.0263639129698
0.00935690850019
0.00816622376442
0.0113032860681
0.0238602496684
0.0273015536368
0.0400267355144
0.0171988457441
0.0454245917499
0.0216895211488
0.0122507819906
0.063899166882
0.019153797999
0.0297397747636
0.0379915200174
0.089441858232
0.00702229700983
0.0222645867616
0.0112274354324
0.0157620050013
0.00641295872629
0.0200211368501
0.0399507060647
0.0155717441812
0.0600370913744
0.0964161977172
0.0483433715999
0.0310967322439
0.0214393381029
0.0335852615535
0.0287974141538
0.0270398762077
0.0039528538473
0.0166664011776
0.0173580367118
0.0490984208882
0.0242127254605
0.0163146927953
0.00978103280067
0.0285624433309
0.00803932547569
0.0297642480582
0.00930750742555
0.0452100411057
0.00556366331875
0.0305244587362
0.0176461860538
0.063680537045
0.0265481323004
0.00741266738623
0.00971696060151
0.0286509115249
0.0472414419055
0.0109643870965
0.0379171036184
0.0378441363573
0.0101369461045
0.00903148204088
0.0225920975208
0.0181316118687
0.0216007642448
0.0281547922641
0.0085115134716
0.00740944361314
0.0233123917133
0.0121251633391
0.00596048310399
0.0185026805848
0.00355234066956
0.0301583167166
0.00863368902355
0.0196033436805
0.00188517104834
0.0162465739995
0.00700069498271
0.0152908386663
0.00774050690234
0.0162541475147
0.00492847664282
0.0337587371469
0.00916570890695
0.0254825428128
0.0146258994937
0.0185789391398
0.0308655183762
0.00386946252547
0.00312836351804
0.0167333092541
0.00990420207381
0.00435263011605
0.0291882492602
0.00330762332305
0.00209722458385
0.00256682140753
0.00269925477915
0.0296409707516
0.00171619246248
0.00207665190101
0.00190228689462
0.00741298589855
0.00623852852732
0.00603696564212
0.00905805919319
0.0265734773129
0.0103081474081
0.0104527836666
0.0103886751458
0.00518687721342
0.0109208598733
0.0133401304483
0.00443302700296
0.00253139366396
0.0347181372344
0.00888615846634
0.00843663793057
0.00292053166777
