0.883716106415
0.906595051289
0.881760895252
0.865091025829
0.850223362446
0.878090560436
0.839702486992
0.85701918602
0.831763446331
0.835103332996
0.811328887939
0.818484961987
0.818162560463
0.768348634243
0.785114049911
0.780439138412
0.774627566338
0.758636772633
0.768677294254
0.758325517178
0.734236717224
0.738432943821
0.746213197708
0.729690611362
0.736604392529
0.733189404011
0.73437923193
0.712053537369
0.716851353645
0.715727865696
0.716696858406
0.704109728336
0.698011159897
0.694885015488
0.691785037518
0.677728414536
0.68791359663
0.683314502239
0.686672449112
0.689689815044
0.685728490353
0.676519632339
0.673758745193
0.667884111404
0.664215683937
0.651627242565
0.668978869915
0.651647865772
0.668142020702
0.665125727654
0.649653911591
0.657657980919
0.635363459587
0.640963375568
0.640530049801
0.641643702984
0.638293981552
0.641988396645
0.63171184063
0.650069475174
0.637607455254
0.637623727322
0.629456877708
0.630023658276
0.617104530334
0.620809793472
0.621539592743
0.611547708511
0.620941460133
0.612674593925
0.618073940277
0.61206972599
0.609150052071
0.612370491028
0.610094606876
0.607944190502
0.620374500751
0.599041879177
0.617942929268
0.610727310181
0.599931538105
0.607807159424
0.595086932182
0.59937274456
0.600339233875
0.607031941414
0.595356166363
0.602536737919
0.609152853489
0.591564238071
0.58694010973
0.598835647106
0.594304680824
0.583917617798
0.572011053562
0.579986274242
0.578549146652
0.570468366146
0.563927173615
0.572344839573
0.562758982182
0.566276788712
0.577234864235
0.56175327301
0.566420078278
0.566187620163
0.56184399128
0.566501140594
0.56650853157
0.578178942204
0.551924169064
0.5653834939
0.574139654636
0.556929409504
0.55061352253
0.563241064548
0.566998124123
0.57083851099
0.545870900154
0.562800943851
0.552947402
0.549259245396
0.555437266827
0.564488649368
0.542095959187
0.547693192959
0.541467547417
0.559420466423
0.554537653923
0.542362213135
0.536249697208
0.539855003357
0.528798937798
0.54271364212
0.551750481129
0.530861079693
0.53584587574
0.533415853977
0.542992055416
0.536252558231
0.526686489582
0.534527957439
0.530705630779
0.52730256319
0.531266510487
0.53697437048
0.522971868515
0.520915329456
0.531169652939
0.518815338612
0.519768714905
0.530502974987
0.532512366772
0.516949295998
0.531560778618
0.52844274044
0.509864449501
0.520225048065
0.514577865601
0.52024269104
0.518499314785
0.515078604221
0.505382835865
0.510992884636
0.514980554581
0.51479268074
0.518164694309
0.505420207977
0.50191795826
0.503139793873
0.513384282589
0.510272204876
0.520207345486
0.515151381493
0.512116312981
0.518093943596
0.507090508938
0.514787375927
0.508827447891
0.51343613863
0.501735508442
0.527041018009
0.510908782482
0.518257141113
0.509469926357
0.510441720486
0.507821261883
0.502968490124
0.513457417488
0.501826226711
0.509828329086
0.511661708355
0.523536980152
0.502972066402
0.507511079311
0.512194395065
0.49618640542
0.506360471249
0.504388868809
0.509944498539
