0.686378896236
0.682003796101
0.667947471142
0.658477663994
0.646962821484
0.635936141014
0.622120022774
0.615149438381
0.610305666924
0.598191261292
0.598452448845
0.598861753941
0.58855086565
0.591888070107
0.581518828869
0.572624087334
0.567921340466
0.547320485115
0.554872453213
0.548573255539
0.542104899883
0.54104501009
0.531643152237
0.527603089809
0.529083311558
0.514886558056
0.513687252998
0.521494269371
0.507758259773
0.503784298897
0.488524973392
0.482459723949
0.487628996372
0.47356775403
0.492624342442
0.476037561893
0.472979843616
0.456061542034
0.464165598154
0.459215670824
0.475930929184
0.449688434601
0.437662154436
0.455005079508
0.447980254889
0.426010161638
0.425988316536
0.437858790159
0.418504148722
0.443779468536
0.424864321947
0.42555257678
0.414766043425
0.424660205841
0.422119647264
0.443168371916
0.428732633591
0.432871550322
0.400907725096
0.424903988838
0.457533299923
0.428800493479
0.396754354239
0.386230826378
0.409485340118
0.412695676088
0.39555478096
0.393089801073
0.397152066231
0.38256251812
0.399450153112
0.393154621124
0.367420613766
0.392780691385
0.357046276331
0.383781313896
0.364591807127
0.394243746996
0.384710013866
0.395676314831
0.359578132629
0.363731384277
0.377586990595
0.388979196548
0.378542691469
0.402671098709
0.34437301755
0.349472641945
0.310559868813
0.354161173105
0.395218551159
0.358152896166
0.397122263908
0.374017655849
0.369565874338
0.364530205727
0.347652941942
0.375953555107
0.371152698994
0.332345455885
0.35734051466
0.340887606144
0.366670191288
0.327216178179
0.358713299036
0.366766810417
0.325159281492
0.353963196278
0.334423691034
0.317826420069
0.340608239174
0.368125647306
0.348468005657
0.320762008429
0.326880633831
0.337226808071
0.35000911355
0.349390774965
0.332801997662
0.344907969236
0.348299950361
0.374825000763
0.299827486277
0.343690603971
0.338302612305
0.351891219616
0.360717266798
0.36067584157
0.320767581463
0.304524570704
0.357295781374
0.333018839359
0.328435063362
0.337880283594
0.356740355492
0.29267886281
0.332497835159
0.331235796213
0.352171957493
0.325265526772
0.329935520887
0.313716858625
0.320886224508
0.330491214991
0.295349687338
0.300203740597
0.287706285715
0.324201047421
0.302324295044
0.334000438452
0.33501932025
0.299094974995
0.313642472029
0.288411200047
0.330567210913
0.368764787912
0.303323745728
0.305756419897
0.342279046774
0.309830665588
0.309900045395
0.348418831825
0.321400552988
0.317843228579
0.302111327648
0.294537842274
0.345117151737
0.323478877544
0.328497231007
0.30667412281
0.337594240904
0.286555469036
0.309289216995
0.284790933132
0.325059831142
0.313179135323
0.308089703321
0.305982202291
0.29828903079
0.306996136904
0.323673456907
0.293754696846
0.304641783237
0.318855464458
0.295037746429
0.316864877939
0.328727304935
0.341610640287
0.32223919034
0.298343718052
0.270857483149
0.317947745323
0.318048834801
0.306412279606
0.305789142847
0.302775502205
0.285321652889
0.325189888477
0.303236395121
0.289056509733
0.281609207392
0.315219223499
0.28855368495
0.276411116123
0.266144752502
0.275929689407
0.285804480314
0.265114426613
0.3134958148
0.348574876785
0.287797629833
0.264528363943
0.32165157795
0.287723273039
0.268181025982
0.245161369443
0.311105340719
0.318010866642
0.260203778744
0.277797013521
0.30928298831
0.254393935204
0.315638720989
0.301702767611
0.344846248627
0.316198647022
0.280255079269
0.277123332024
0.243924751878
0.300923794508
0.289091646671
0.294140487909
0.279675900936
0.344601899385
0.270757853985
0.27166518569
0.27098351717
0.235057368875
0.276210159063
0.306524842978
0.2857632339
0.273845940828
0.268293827772
0.307007312775
0.243944138288
0.25960111618
0.259262233973
0.25109577179
0.290726184845
0.280705451965
0.248051956296
0.246537148952
0.294145494699
0.247769922018
0.289202213287
0.253531813622
0.276571810246
0.253514707088
0.264660835266
0.310194194317
0.249957084656
0.261229664087
0.258291661739
0.22952863574
0.250981032848
0.299103736877
0.261103540659
0.294805049896
0.250100076199
0.258333474398
0.249648049474
0.284249216318
0.226127415895
0.316313236952
0.264835625887
0.299523323774
0.259476989508
0.273111492395
0.275413095951
0.28781875968
0.28455811739
0.260774224997
0.290658295155
0.269896358252
0.315485686064
0.228487476707
0.243804857135
0.23546525836
0.280719071627
0.261973917484
0.283240646124
0.258431822062
0.2467122823
0.263994276524
0.240315169096
0.232580676675
0.268190741539
0.240273818374
0.263366490602
0.252684682608
0.236804157495
0.280490040779
0.227535262704
0.28744366765
0.225620955229
0.231958299875
0.27034959197
0.345290094614
0.272868305445
0.287595897913
0.292034864426
0.267329484224
0.215810865164
0.186119928956
0.254705131054
0.248023957014
0.264549553394
0.26176020503
0.286145657301
0.24885481596
0.305892795324
0.257744640112
0.277087509632
0.288473963737
0.2232221663
0.240806758404
0.295348376036
0.328104764223
0.214771509171
0.233533576131
0.271517038345
0.252099782228
0.268137037754
0.282678812742
0.317141801119
0.239540114999
0.248488754034
0.244548782706
0.241294339299
0.245756566525
0.25232309103
0.251663804054
0.268043756485
0.20135961473
0.222465738654
0.202446952462
0.25946611166
0.266091436148
0.186378449202
0.277744352818
0.264531493187
0.280540823936
0.2194083184
0.257622182369
0.290146976709
0.304917573929
0.258174389601
0.271391004324
0.290590435266
0.279471933842
0.283375710249
0.237549856305
0.264859110117
0.264563858509
0.223621666431
0.242686673999
0.215255990624
0.206965953112
0.233673006296
0.268983602524
0.211154252291
0.252628296614
0.257772684097
0.237201184034
0.259383201599
0.223814129829
0.219382718205
0.282575815916
0.248323559761
0.225096255541
0.257327497005
0.229209497571
0.224612429738
0.235953763127
0.215446323156
0.246414333582
0.291833132505
0.276663452387
0.287103146315
0.246953234076
0.286812961102
0.241271004081
0.241817012429
0.205402687192
0.358998894691
0.272034555674
0.211479559541
0.227682381868
0.28717148304
0.22106911242
0.214711517096
0.245732054114
0.293521046638
0.204562827945
0.221192032099
0.241279989481
0.27198985219
0.225097566843
0.228225886822
0.201629668474
0.22463299334
0.218858256936
0.286880970001
0.255043298006
0.260420918465
0.231460213661
0.292878299952
0.243844002485
0.24330227077
0.250662237406
0.242113292217
0.277211815119
0.226947113872
0.258349657059
0.265884101391
0.233684897423
0.248476609588
0.249978035688
0.263010621071
0.207967072725
0.279085725546
0.258680135012
0.208103477955
0.231687754393
0.269933313131
0.249528095126
0.216222181916
0.291975915432
0.26402541995
0.21509025991
0.253944665194
0.249305143952
0.252997100353
0.250734984875
0.199595674872
0.193278282881
0.261794835329
0.239087998867
0.243154615164
0.213952705264
0.230538338423
0.252319246531
0.185776159167
0.211252838373
0.252884805202
0.211909517646
0.256100982428
0.244616165757
0.201140582561
0.205682888627
0.210861429572
0.216181948781
0.242590308189
0.218912556767
0.205402612686
0.223165482283
0.230109706521
0.205781623721
0.211536169052
0.16855327785
0.299971908331
0.237374320626
0.252335309982
0.245748579502
0.239363506436
0.227458879352
0.299946695566
0.229839786887
0.206645861268
0.181940659881
0.219938367605
0.211429744959
0.226411879063
0.287471354008
0.218555167317
0.270347446203
0.24391938746
0.265830397606
0.2567307055
0.208005398512
0.22140647471
0.214469850063
0.178662225604
0.2732655406
0.234377384186
0.254930734634
0.326426744461
0.301241964102
0.252612799406
0.262301534414
0.253868460655
0.277177065611
0.208387121558
0.236660733819
0.226087003946
0.224133729935
0.195223659277
0.24443474412
0.324408143759
0.26074013114
0.222974047065
0.232457980514
0.211749866605
0.253413885832
0.200439423323
0.281706154346
0.22604072094
0.189682111144
0.224493339658
0.238709703088
0.234007418156
0.226498693228
0.242877081037
0.239002227783
0.197457909584
0.23740747571
0.196837037802
0.225834414363
0.232088029385
0.250185221434
0.264034092426
0.226027175784
0.325351089239
0.23547911644
0.199977248907
0.27022922039
0.261483848095
0.264443308115
0.203510344028
0.256321460009
0.226219192147
0.258713543415
0.209659487009
0.240116298199
0.211251050234
0.211558029056
0.201380863786
0.209994360805
0.237046033144
0.216994613409
0.210301220417
0.286696285009
0.218029111624
0.25771650672
0.258516252041
0.22762209177
0.250320911407
0.203286871314
0.2675550282
0.215320438147
0.260843873024
0.247880905867
0.253556549549
0.179533421993
0.244031652808
0.236975550652
0.254852414131
0.212939083576
0.248363062739
0.343117833138
0.214288622141
0.181614682078
0.217391088605
0.217685490847
0.165628492832
0.200901255012
0.209294065833
0.228245466948
0.196639239788
0.208538070321
0.217561975121
0.204219147563
0.273205965757
0.211767986417
0.174718230963
0.229111120105
0.282610982656
0.266824513674
0.241641685367
0.298611879349
0.189654946327
0.281232893467
0.235772743821
0.267630636692
0.266460895538
0.241669476032
0.221757188439
0.215587690473
0.282202869654
0.228704869747
0.213105753064
0.247910842299
0.258222252131
0.247291266918
0.180897727609
0.198972344398
0.259870439768
0.253446668386
0.243922904134
0.22810164094
0.225223451853
0.214360237122
0.270700544119
0.213928624988
0.293270260096
0.263832360506
0.213507384062
0.239327907562
0.25377702713
0.253977030516
0.239272966981
0.19738329947
0.205521777272
0.256523609161
0.231104329228
0.22205683589
0.261568933725
0.220786124468
0.303193151951
0.296551615
0.235081344843
0.218124210835
0.215236008167
0.237890705466
0.207836389542
0.258350163698
0.231782793999
0.185715928674
0.238103464246
0.199487373233
0.211213260889
0.219851016998
0.215529203415
0.199555665255
0.209241360426
0.21079659462
0.173808887601
0.259222894907
0.198104202747
0.252599716187
0.225327387452
0.205216825008
0.235570222139
0.214958131313
0.217301890254
0.228512436152
0.191189482808
0.225244760513
0.202609136701
0.188992828131
0.204518482089
0.242562040687
0.157780602574
0.219823852181
0.258972138166
0.217373177409
0.221288204193
0.182321146131
0.164659559727
0.19344457984
0.233673036098
0.268440932035
0.24309912324
0.325366348028
0.293268144131
0.22618162632
0.243675336242
0.213047385216
0.221467792988
0.179007440805
0.266956835985
0.261330425739
0.253160268068
0.205261915922
0.165726155043
0.216191992164
0.193065211177
0.194182753563
0.220197126269
0.193954929709
0.242467463017
0.220227912068
0.249703302979
0.239311993122
0.281041264534
0.232755973935
0.199361845851
0.250039964914
0.192918434739
0.21292167902
0.197976216674
0.21710203588
0.219253435731
0.237118825316
0.264245152473
0.236902505159
0.243681490421
0.251056581736
0.212049454451
0.219228416681
0.220799103379
0.19297079742
0.207568362355
0.224697619677
0.238341763616
0.271681189537
0.231614872813
0.25526073575
0.228341579437
0.205569565296
0.224947109818
0.239703252912
0.24898737669
0.244075611234
0.239448711276
0.217004656792
0.23322892189
0.207277566195
0.215713024139
0.216857254505
0.202549010515
0.234590291977
0.238160073757
0.214366257191
0.247397899628
0.274628669024
0.204838484526
0.208801999688
0.265394210815
0.24546559155
0.280628591776
0.198426321149
0.207807436585
0.235844388604
0.282405078411
0.244215145707
0.251774907112
0.210426434875
0.327599972486
0.216437086463
0.326913297176
0.249743074179
0.239528149366
0.215008214116
0.259887605906
0.24534201622
0.233940094709
0.258325815201
0.230602368712
0.197674378753
0.278443574905
0.248708978295
0.227060034871
0.21380263567
0.219821378589
0.189101293683
0.182626187801
0.220404997468
0.244822978973
0.237237662077
0.219348445535
0.251944690943
0.212277814746
0.214758902788
0.208526164293
0.199313804507
0.231336414814
0.310786187649
0.258053898811
0.19607822597
0.223903715611
0.199266791344
0.214464977384
0.157557934523
0.238157808781
0.201434999704
0.204727575183
0.191158130765
0.180570930243
0.210101574659
0.191003620625
0.188515976071
0.217134863138
0.18883047998
0.260023415089
0.17484536767
0.200846210122
0.256156116724
0.229758545756
0.17308858037
0.221541538835
0.232902422547
0.19088049233
0.225831106305
0.213518470526
0.215878337622
0.228349179029
0.214542016387
0.272375255823
0.229854732752
0.168400868773
0.245398744941
0.170013040304
0.248549595475
0.224682703614
0.246485218406
0.229040011764
0.192561343312
0.164801061153
0.218480587006
0.210729718208
0.249384909868
0.221696168184
0.236198022962
0.209886237979
0.217400416732
0.209725499153
0.180949538946
0.219930589199
0.271346926689
0.249163553119
0.231451824307
0.210124760866
0.193517118692
0.158798471093
0.238183945417
0.22189193964
0.235657170415
0.219796866179
0.213312134147
0.193882390857
0.175582453609
0.200524225831
0.176388531923
0.26826068759
0.198291614652
0.21286855638
0.183353289962
0.180218547583
0.192362487316
0.205407708883
0.22889572382
0.227351397276
0.201784551144
0.212151572108
0.237369686365
0.165283277631
0.276950389147
0.239389374852
0.183413401246
0.228041186929
0.156374529004
0.204711034894
0.225638046861
0.207398608327
0.210631430149
0.208610013127
0.179804980755
0.188018500805
0.227236270905
0.247834816575
0.296385258436
0.198790237308
0.216413736343
0.219656169415
0.203361660242
0.168201088905
0.298984825611
0.249799445271
0.17826589942
0.240876734257
0.19817763567
0.191524788737
0.206272214651
0.210924103856
0.211977407336
0.186379551888
0.209371656179
0.206390812993
0.177574083209
0.182871297002
0.206246346235
0.268634110689
0.215539589524
0.1951058954
0.270492821932
0.262084960938
0.204475864768
0.190584734082
0.213622123003
0.207120031118
0.218820303679
0.258879840374
0.201423674822
0.230492979288
0.268122762442
0.169779673219
0.211640179157
0.199950143695
0.199745431542
0.225490286946
0.195895642042
0.24481703341
0.236574858427
0.236420750618
0.232813149691
0.200788885355
0.233289211988
0.198668524623
0.17747579515
0.171292200685
0.236627310514
0.195371046662
0.185840144753
0.219063133001
0.216787651181
0.191753923893
0.231479331851
0.229678556323
0.222762361169
0.170102119446
0.180099323392
0.181288599968
0.24193379283
0.241828143597
0.217779576778
0.191219270229
0.247749000788
0.243821784854
0.20399390161
0.206131160259
0.228617653251
0.201608046889
0.202258706093
0.19668482244
0.222736284137
0.193339392543
0.25146907568
0.173786252737
0.254363656044
0.206418588758
0.197535872459
0.183902457356
0.214569196105
0.216159313917
0.201695248485
0.274668335915
0.196565687656
0.210968598723
0.201244726777
0.199115142226
0.221616387367
0.235863506794
0.262468844652
0.159479916096
0.203955546021
0.197283819318
0.224062219262
0.2284399122
0.192729741335
0.196777284145
0.24623182416
0.261216431856
0.205733582377
0.210747510195
0.170915946364
0.212878867984
0.2154763937
0.261398851871
0.245773240924
0.17910580337
0.212972551584
0.228953331709
0.230903953314
0.201367869973
0.234792128205
0.242922320962
0.205211400986
0.170302301645
0.235644996166
0.187304645777
0.206798419356
0.217288613319
0.188363030553
0.187603086233
0.205036491156
0.201838746667
0.240968450904
0.202084064484
0.235553443432
