0.740339875221
0.696645915508
0.743837237358
0.751737594604
0.797012090683
0.705968618393
0.739887952805
0.737029314041
0.743620276451
0.71743363142
0.713098883629
0.716945171356
0.707873702049
0.71443271637
0.702128052711
0.709477543831
0.722341418266
0.692809522152
0.693854033947
0.698408842087
0.688694655895
0.704678714275
0.722146391869
0.717400550842
0.719500482082
0.701198995113
0.706661522388
0.702817440033
0.665018975735
0.699549674988
0.69431835413
0.693889915943
0.70393794775
0.671211659908
0.663297355175
0.684914588928
0.695494890213
0.701945364475
0.696646273136
0.672993004322
0.68054497242
0.691372811794
0.691383421421
0.676953971386
0.708751857281
0.701161026955
0.690590918064
0.680660784245
0.695051908493
0.671733260155
0.686051666737
0.69114536047
0.684001207352
0.693449616432
0.68298137188
0.686093389988
0.676765263081
0.698200583458
0.683620095253
0.680444836617
0.691249966621
0.679102599621
0.691434442997
0.697218537331
0.685899913311
0.70140683651
0.682173967361
0.676405906677
0.704137146473
0.677537202835
0.687295436859
0.676422119141
0.679208219051
0.699871063232
0.691526532173
0.684100985527
0.681200325489
0.692128777504
0.685038626194
0.667379140854
0.676186740398
0.685019731522
0.683503508568
0.684094011784
0.683334231377
0.685438871384
0.684975028038
0.690065979958
0.68013638258
0.673380315304
0.686455488205
0.685582518578
0.674789011478
0.69717079401
0.685316264629
0.677314579487
0.678046226501
0.690753936768
0.693845272064
0.675329267979
0.686086058617
0.667981863022
0.686004519463
0.68723410368
0.674897134304
0.672875523567
0.672512352467
0.680042982101
0.676960289478
0.694018542767
0.685796499252
0.674740850925
0.69811296463
0.68456274271
0.675059616566
0.673593580723
0.692418336868
0.679090499878
0.678298890591
0.677404403687
0.675984442234
0.678108334541
0.681369900703
0.683015704155
0.672149240971
0.684231519699
0.668742120266
0.68907558918
0.675972819328
0.674308657646
0.699535548687
0.682103276253
0.673526644707
0.688624978065
0.675006747246
0.678834140301
0.676481962204
0.687335073948
0.679592072964
0.677607893944
0.677819371223
0.677167773247
0.68846142292
0.679672598839
0.686648905277
0.681293487549
0.677492380142
0.672696471214
0.687261343002
0.670187354088
0.679817914963
0.687915921211
0.682073533535
0.683288931847
0.670380353928
0.686379909515
0.685697674751
0.677656233311
0.679582715034
0.674819052219
0.675411760807
0.677479684353
0.684924900532
0.685353696346
0.67363524437
0.689573287964
0.68447548151
0.672501146793
0.687240839005
0.673949301243
0.682186841965
0.695146083832
0.669445931911
0.669419884682
0.684360384941
0.672835290432
0.690011799335
0.67479622364
0.678484559059
0.675471007824
0.67802387476
0.675054132938
0.680743992329
0.672401249409
0.681873321533
0.67558157444
0.684935927391
0.673982322216
0.674619376659
0.680063486099
0.684092581272
0.677051842213
0.687890827656
0.676755428314
0.670892953873
0.677854120731
0.673390805721
0.687848269939
0.692431926727
0.662011861801
0.671465098858
0.672940790653
0.674931168556
0.675525426865
0.679847598076
0.672444283962
0.677892923355
0.673955857754
0.680626869202
0.671453118324
0.673095464706
0.683779656887
0.694553554058
0.667753517628
0.661672234535
0.684734582901
0.664440155029
0.681295871735
0.68225902319
0.673980116844
0.667256116867
0.690949320793
0.692707359791
0.687242031097
0.679330945015
0.687384307384
0.671100735664
0.685192406178
0.684058964252
0.690619170666
0.686357736588
0.684530735016
0.67416960001
0.667850792408
0.67664629221
0.687343537807
0.676660299301
0.694840312004
0.667936980724
0.666229367256
0.679489076138
0.672971010208
0.660664618015
0.67917317152
0.69001942873
0.692379534245
0.689114034176
0.682144403458
0.66882121563
0.673046529293
0.679010093212
0.674515604973
0.678909957409
0.68281441927
0.670232713223
0.680884838104
0.679585814476
0.685597479343
0.66764318943
0.685367286205
0.665767490864
0.676043152809
0.667584061623
0.68156516552
0.689808905125
0.681959807873
0.673168361187
0.692941725254
0.666099011898
0.683376252651
0.678225755692
0.689830362797
0.67269384861
0.672383904457
0.679353237152
0.668357610703
0.68152821064
0.675939023495
0.673893332481
0.674422562122
0.674784421921
0.680997550488
0.671867787838
0.675981104374
0.67346560955
0.692476570606
0.672749042511
0.674417555332
0.683570086956
0.673636853695
0.672348558903
0.680332660675
0.666725575924
0.658701658249
0.670824885368
0.673920273781
0.678869783878
0.683086574078
0.670731306076
0.674678981304
0.687430202961
0.673435091972
0.681769669056
0.689609229565
0.685489833355
0.671870112419
0.700758159161
0.672480344772
0.66946554184
0.680467903614
0.669921159744
0.678927242756
0.683944582939
0.685798764229
0.686212360859
0.683637619019
0.693685173988
0.666586697102
0.670836806297
0.674185991287
0.695039153099
0.699845194817
0.680073440075
0.668606638908
0.677008032799
0.687950789928
0.681444883347
0.679931879044
0.682009339333
0.677451550961
0.695223271847
0.67325514555
0.67009216547
0.673631906509
0.680315494537
0.661712884903
0.683208942413
0.687545716763
0.685769379139
0.667579472065
0.678170919418
0.691835820675
0.66654664278
0.679343342781
0.675727069378
0.672768414021
0.668566584587
0.679805099964
0.687877893448
0.669939577579
0.685107290745
0.677955508232
0.696032106876
0.677575707436
0.700016081333
0.670888483524
0.676857531071
0.677053630352
0.675118267536
0.668091535568
0.686460673809
0.665787577629
0.67352771759
0.673380315304
0.669336974621
0.673755526543
0.687836587429
0.68643528223
0.682830810547
0.68125641346
0.678750932217
0.668373465538
0.670511066914
0.682309508324
0.683031916618
0.677717506886
0.679425477982
0.668795347214
0.680585324764
0.679603397846
0.677404940128
0.674039244652
0.665522277355
0.665330529213
0.670257866383
0.692035198212
0.674799621105
0.666249334812
0.687499403954
0.682667374611
0.673586368561
0.664527416229
0.671643793583
0.669577598572
0.668778061867
0.684182286263
0.694280385971
0.669004559517
0.686179161072
0.673691034317
0.67994594574
0.673866450787
0.689549148083
0.674835503101
0.66480743885
0.669327735901
0.677918791771
0.677659332752
0.668689846992
0.681582868099
0.675967633724
0.675394654274
0.677417874336
0.684197247028
0.688152551651
0.679212272167
0.663968145847
0.670159041882
0.668678045273
0.689594984055
0.663385629654
0.670416533947
0.664016067982
0.668152749538
0.666144371033
0.681161999702
0.679560244083
0.67914390564
0.680557310581
0.686278104782
0.667123734951
0.668971657753
0.676687479019
0.672598958015
0.660861074924
0.683801293373
0.663450837135
0.675482451916
0.669125795364
0.662611186504
0.683373451233
0.691358983517
0.667007684708
0.670738577843
0.670767724514
0.667806684971
0.685775220394
0.681428492069
0.677849471569
0.691308438778
0.689574480057
0.66895878315
0.661103248596
0.665602505207
0.691081285477
0.679952502251
0.678206980228
0.676378369331
0.6677993536
0.665947318077
0.679869294167
0.674364089966
0.667296469212
0.677270531654
0.667858362198
0.679144740105
0.674664020538
0.677329003811
0.664585709572
0.67667222023
0.652478575706
0.680556118488
0.674461722374
0.68617784977
0.677863717079
0.67631226778
0.666818857193
0.675563693047
0.675541698933
0.663610517979
0.668874919415
0.684444844723
0.656341254711
0.687987565994
0.66144567728
0.69219648838
0.658760488033
0.68567109108
0.680915951729
0.678216874599
0.68589246273
0.672576069832
0.681829094887
0.674724519253
0.67865729332
0.671459376812
0.668865382671
0.670418024063
0.675594270229
0.659100174904
0.667945802212
0.662172019482
0.675977468491
0.671033322811
0.676779270172
0.676603376865
0.668517410755
0.657889842987
0.686935126781
0.670427203178
0.669292747974
0.666901528835
0.682942450047
0.676142752171
0.679446399212
0.664898455143
0.677608907223
0.669224143028
0.68507194519
0.652945399284
0.670017004013
0.667397379875
0.685838520527
0.666421890259
0.662936151028
0.680445551872
0.679801523685
0.677900373936
0.675641179085
0.675013005733
0.65774834156
0.67559158802
0.668012142181
0.677768528461
0.664880394936
0.689716458321
0.662990450859
0.674843370914
0.673535466194
0.663192808628
0.672729790211
0.669772624969
0.662301838398
0.664320111275
0.666121900082
0.676839113235
0.671571433544
0.666468799114
0.683921992779
0.680072486401
0.663909494877
0.691879332066
0.682031154633
0.676720738411
0.680431067944
0.655149877071
0.666305482388
0.685513973236
0.694840610027
0.679297924042
0.664440751076
0.668091535568
0.667640328407
0.689686715603
0.664678514004
0.682301461697
0.687391340733
0.675342261791
0.684408843517
0.655620992184
0.672259807587
0.671829283237
0.678878843784
0.654313087463
0.673393309116
0.688791811466
0.670025646687
0.673857927322
0.675655007362
0.6674259305
0.675136089325
0.656336069107
0.688483536243
0.677533268929
0.677142500877
0.673666536808
0.689291298389
0.662304401398
0.667956411839
0.678993046284
0.66617923975
0.67795330286
0.684773445129
0.673767507076
0.659526705742
0.675878167152
0.672360479832
0.66042226553
0.657436013222
0.664244711399
