0.6942076087
0.693873107433
0.693637609482
0.693317174911
0.69306832552
0.692681729794
0.692587256432
0.692597448826
0.692525804043
0.692494630814
0.692180156708
0.69234597683
0.692388176918
0.69223678112
0.692165017128
0.692037761211
0.691991388798
0.691739618778
0.691751003265
0.691500246525
0.691180109978
0.691435515881
0.69097083807
0.690736472607
0.690641283989
0.690286755562
0.689738214016
0.689738333225
0.689800262451
0.689124703407
0.688428163528
0.688314318657
0.687910199165
0.687700390816
0.687437653542
0.686872363091
0.686216950417
0.685636043549
0.683644235134
0.684711873531
0.68327921629
0.683045268059
0.682167887688
0.681101202965
0.679899394512
0.680310964584
0.678079843521
0.675859093666
0.67728972435
0.675372779369
0.6740706563
0.671440780163
0.672798395157
0.672423601151
0.666195690632
0.667674660683
0.667364478111
0.664235472679
0.662183940411
0.661637187004
0.660322368145
0.659888148308
0.655970573425
0.655439674854
0.654435217381
0.651219189167
0.644571304321
0.646761775017
0.64881414175
0.641381859779
0.644979059696
0.64040595293
0.637037754059
0.6387591362
0.632134139538
0.636730194092
0.635522007942
0.629107534885
0.630115032196
0.629211425781
0.622838973999
0.62209802866
0.622855961323
0.624919116497
0.616189956665
0.619497776031
0.613298416138
0.617527067661
0.608886599541
0.609254837036
0.60723978281
0.605176091194
0.609459757805
0.60605931282
0.602619886398
0.594842076302
0.59694981575
0.600959300995
0.598372459412
0.60119843483
0.599612116814
0.595968723297
0.591611325741
0.594983041286
0.590703725815
0.580184042454
0.587918698788
0.589518725872
0.599326133728
0.583746552467
0.583063662052
0.577924013138
0.573362410069
0.577396214008
0.591463804245
0.572599470615
0.585362195969
0.577396512032
0.579078495502
0.578646957874
0.57450067997
0.566280066967
0.574453651905
0.556697666645
0.574813306332
0.56693059206
0.572491109371
0.561095297337
0.560652136803
0.553028225899
0.555261850357
0.551839411259
0.564577519894
0.551867127419
0.54792624712
0.554390847683
0.556225895882
0.556443154812
0.553836882114
0.554454624653
0.546633601189
0.5474396348
0.542465925217
0.543652057648
0.549444198608
0.547754526138
0.546334445477
0.543163537979
0.536185145378
0.532389044762
0.53897279501
0.521238982677
0.544522166252
0.526943802834
0.532526254654
0.52589815855
0.53177934885
0.538716375828
0.537200629711
0.521548807621
0.515776336193
0.512490034103
0.52321100235
0.527266740799
0.516341567039
0.540491461754
0.541256964207
0.524897038937
0.509069621563
0.527286052704
0.524851679802
0.524185478687
0.506910860538
0.497320026159
0.502541303635
0.508102059364
0.507786929607
0.493349999189
0.51506960392
0.504901647568
0.520817995071
0.50100684166
0.523156821728
0.503941237926
0.506308555603
0.53008043766
0.48654204607
0.518795013428
0.488194316626
0.497067481279
0.523238480091
0.516530096531
0.527571201324
0.512854993343
0.525027811527
0.484035164118
0.486097931862
0.507782816887
0.499429106712
0.506786465645
0.476644039154
0.508200228214
0.494504749775
0.484415113926
0.497658699751
0.51696908474
0.505296468735
0.499687612057
0.500153958797
0.531110525131
0.48171505332
0.521007478237
0.507791817188
0.482980728149
0.48145878315
0.492895722389
0.476024955511
0.483248740435
0.474602162838
0.497130453587
0.494764447212
0.487158060074
0.481801986694
0.495032072067
0.45305660367
0.477307885885
0.474943131208
0.503034770489
0.476713389158
0.46527543664
0.466146171093
0.458373278379
0.48467952013
0.450226455927
0.480001956224
0.453846663237
0.482676655054
0.467445939779
0.46949031949
0.469585001469
0.480409026146
0.473531782627
0.465963929892
0.467841684818
0.46434751153
0.456346154213
0.466325819492
0.466264754534
0.452227890491
0.465685814619
0.458961963654
0.464903086424
0.480343282223
0.490685284138
0.445896208286
0.449536442757
0.463606417179
0.46546548605
0.463408350945
0.473450064659
0.456499278545
0.444261044264
0.464025735855
0.454627722502
0.4592256248
0.442218095064
0.438627839088
0.476454883814
0.465083569288
0.472746759653
0.462204784155
0.475623011589
0.492670357227
0.468313902617
0.469592869282
0.452778577805
0.452362269163
0.454615682364
0.448746055365
0.44376167655
0.435490608215
0.446245878935
0.462279528379
0.458561956882
0.463157922029
0.453190416098
0.437887191772
0.442840784788
0.439345270395
0.455978870392
0.446370720863
0.437758207321
0.449421852827
0.454056948423
0.450986802578
0.447226136923
0.480303496122
0.444441944361
0.435443907976
0.443288058043
0.431553453207
0.464205861092
0.462689429522
0.440731406212
0.456297725439
0.454886525869
0.440423220396
0.438934266567
0.451860904694
0.440880537033
0.429214179516
0.454737961292
0.437215328217
0.454690992832
0.436288833618
0.428095042706
0.445139825344
0.463507652283
0.462537884712
0.44712305069
0.421295642853
0.441856324673
0.432245910168
0.437974184752
0.467056721449
0.432512670755
0.427982538939
0.4274340868
0.444988876581
0.442345231771
0.43509298563
0.428290843964
0.436532706022
0.414830058813
0.412975519896
0.435771882534
0.447154939175
0.467406779528
0.421499550343
0.419365525246
0.470680743456
0.435025840998
0.437577962875
0.454528748989
0.478648930788
0.447239935398
0.423743128777
0.449941277504
0.44941470027
0.430821031332
0.429239422083
0.444761425257
0.423202365637
0.436143487692
0.422006815672
0.45163616538
0.42824614048
0.426745057106
0.41711461544
0.428366750479
0.438247978687
0.425394743681
0.451526463032
0.427875936031
0.431649744511
0.425804883242
0.415161550045
0.448803275824
0.41214966774
0.446390390396
0.430242538452
0.450411826372
0.411524564028
0.412299990654
0.409128546715
0.419552028179
0.429797887802
0.418978214264
0.467004328966
0.440972238779
0.437779128551
0.445989906788
0.426820904016
0.414385139942
0.430759549141
0.430500596762
0.419061124325
0.414950042963
0.412040680647
0.426812767982
0.412196755409
0.455430597067
0.43048068881
0.42480006814
0.423667877913
0.439214766026
0.403072923422
0.428232133389
0.441185414791
0.420745372772
0.41583147645
0.440367013216
0.434956222773
0.450305998325
0.41136482358
0.414143890142
0.434605896473
0.430120676756
0.439144015312
0.437354117632
0.44483757019
0.450429141521
0.421621590853
0.466744482517
0.427202016115
0.414372056723
0.445305049419
0.44087395072
0.413818955421
0.413093715906
0.407639861107
0.428398191929
0.409562498331
0.441929370165
0.413094490767
0.422360092402
0.437962681055
0.417277485132
0.427023887634
0.414800345898
0.423265844584
0.418505400419
0.411018669605
0.421903431416
0.434262156487
0.411289930344
0.429881215096
0.417689621449
0.413638263941
0.422349572182
0.442581474781
0.426927894354
0.412397921085
0.416906058788
0.427952617407
0.427694857121
0.44479110837
0.415478408337
0.416989535093
0.447999536991
0.420443981886
0.404586434364
0.406052976847
0.411595195532
0.434787124395
0.433412879705
0.414771527052
0.415043890476
0.43362441659
0.433779001236
0.41965636611
0.42670878768
0.455291599035
0.446255505085
0.41378569603
0.414589107037
0.436671644449
0.422045081854
0.401116281748
0.437566310167
0.427693843842
0.412710160017
0.417803019285
0.415904909372
0.421745240688
0.422199130058
0.424500882626
0.429309517145
0.420464962721
0.414414048195
0.407133460045
0.4256118536
0.430934995413
0.4577896595
0.425908505917
0.41231405735
0.427246034145
0.443911373615
0.445633232594
0.438483864069
0.419019550085
0.407020539045
0.428439080715
0.413281410933
0.458050400019
0.42212536931
0.440834611654
0.407563656569
0.411938488483
0.418136745691
