0.695349395275
0.689185619354
0.694117128849
0.684141337872
0.694328546524
0.688963592052
0.686928033829
0.700025439262
0.692928612232
0.696377933025
0.67697840929
0.687114596367
0.702937364578
0.67656993866
0.684938311577
0.675352752209
0.679536998272
0.671557962894
0.691707849503
0.680079936981
0.674305915833
0.678047299385
0.672754883766
0.67041683197
0.677529990673
0.677115678787
0.689099669456
0.673124432564
0.680165946484
0.677038490772
0.665778100491
0.68141502142
0.669049680233
0.66731762886
0.669881522655
0.671060323715
0.668798685074
0.667182385921
0.680018723011
0.660810053349
0.678132712841
0.665193974972
0.665624320507
0.661010205746
0.661658585072
0.653150856495
0.671908855438
0.66785466671
0.653186380863
0.658460080624
0.66501134634
0.671725511551
0.658832371235
0.660984039307
0.651470899582
0.670865297318
0.661802470684
0.650754630566
0.641727507114
0.658541738987
0.651723265648
0.65143930912
0.653697490692
0.64718323946
0.644439101219
0.653290450573
0.660925507545
0.634670436382
0.655400872231
0.646069705486
0.633698523045
0.646488785744
0.643828809261
0.638234078884
0.641016423702
0.638299882412
0.646007955074
0.627914369106
0.639770925045
0.649450182915
0.645080149174
0.631740748882
0.63980692625
0.637149870396
0.632302045822
0.629641652107
0.635406792164
0.616539657116
0.628796756268
0.630157709122
0.628723978996
0.628910660744
0.623915612698
0.63352304697
0.615145325661
0.62386572361
0.626003205776
0.627042591572
0.628991425037
0.621787667274
0.613202214241
0.607716202736
0.614289283752
0.623651742935
0.612659931183
0.622654676437
0.608256101608
0.6293156147
0.601390123367
0.6195525527
0.624516129494
0.603243410587
0.623145699501
0.618088185787
0.608727753162
0.606033980846
0.607932686806
0.606186032295
0.618263959885
0.589258909225
0.599956035614
0.599430382252
0.58797866106
0.596481740475
0.598820090294
0.601985216141
0.57558465004
0.59437251091
0.592357039452
0.59801274538
0.577955305576
0.578342556953
0.584090590477
0.587703227997
0.583881497383
0.584318935871
0.592982947826
0.56169128418
0.588379025459
0.587513208389
0.590577304363
0.557934701443
0.576183319092
0.591017961502
0.573696613312
0.552489638329
0.546581149101
0.552262544632
0.579731106758
0.564668774605
0.563960433006
0.563552737236
0.570104539394
0.562841773033
0.563536345959
0.572639346123
0.573246657848
0.554864048958
0.569047451019
0.548982024193
0.557314038277
0.560079693794
0.558861911297
0.548195242882
0.550271451473
0.560330271721
0.531190812588
0.545814871788
0.56288421154
0.542886853218
0.559919118881
0.537177860737
0.533293545246
0.561429798603
0.544279754162
0.537532389164
0.53386592865
0.542874574661
0.536164581776
0.525859057903
0.539531826973
0.539167702198
0.541260361671
0.549535512924
0.553860127926
0.549075782299
0.51742118597
0.547555327415
0.52898567915
0.518881917
0.525051474571
0.511400878429
0.516964912415
0.512565255165
0.533168375492
0.525298595428
0.53754645586
0.514078676701
0.545416653156
0.52303558588
0.512651741505
0.514913797379
0.51437741518
0.530399620533
0.51986593008
0.52964925766
0.510024666786
0.512622594833
0.500840485096
0.508458793163
0.522914767265
0.524141848087
0.502030134201
0.516049385071
0.520278334618
0.484782218933
0.503315865993
0.480797380209
0.506238460541
0.515350461006
0.51814520359
0.490643173456
0.502443552017
0.510933339596
0.488969683647
0.49911788106
0.519093573093
0.475871860981
0.508248090744
0.480689644814
0.471218764782
0.478720545769
0.489419490099
0.480460613966
0.49218326807
0.490626066923
0.537020802498
0.490419596434
0.516810953617
0.510738730431
0.478619158268
0.478359162807
0.492196887732
0.493812501431
0.48875939846
0.463399678469
0.471830457449
0.475527405739
0.486955493689
0.461309343576
0.488156527281
0.486848860979
0.462926983833
0.478308975697
0.491941809654
0.486989438534
0.479262292385
0.48361030221
0.454227983952
0.464447915554
0.458963990211
0.465376257896
0.474928319454
0.478427916765
0.469734668732
0.46550527215
0.476777166128
0.45734384656
0.475493729115
0.461857259274
0.466425687075
0.464453488588
0.461740583181
0.478899985552
0.443955391645
0.474298655987
0.460094928741
0.429762095213
0.447482645512
0.448538988829
0.4258928895
0.455295979977
0.456964641809
0.433717012405
0.457760959864
0.464696496725
0.455377936363
0.490299880505
0.433449447155
0.446896374226
0.447363138199
0.442234903574
0.460059076548
0.469984352589
0.459895163774
0.443815171719
0.441536694765
0.448514044285
0.439492464066
0.454382300377
0.458613216877
0.448174238205
0.433411091566
0.424405366182
0.43890696764
0.452273666859
0.437780439854
0.428740352392
0.429148316383
0.438522160053
0.441868543625
0.422909557819
0.434291869402
0.437900215387
0.435690641403
0.418187260628
0.427532404661
0.443957895041
0.423864752054
0.451207786798
0.400522381067
0.441056519747
0.416030555964
0.430669546127
0.446919888258
0.437385112047
0.414010852575
0.417453736067
0.428173840046
0.406968176365
0.429225832224
0.411148279905
0.403896808624
0.419272303581
0.416665315628
0.447833508253
0.418899744749
0.435084342957
0.415365934372
0.422446250916
0.416941285133
0.429035842419
0.451283723116
0.399498313665
0.433338671923
0.408796697855
0.426188856363
0.402798950672
0.410878807306
0.4028660357
0.421287477016
0.409672051668
0.395114570856
0.457806885242
0.419208467007
0.385256171227
0.401791334152
0.421009242535
0.40803411603
0.410733044147
0.396556913853
0.423345208168
0.391493827105
0.411407738924
0.407646358013
0.393945723772
0.403575330973
0.372916996479
0.403116822243
0.397531807423
0.401080697775
0.388510465622
0.385874390602
0.389145702124
0.398867934942
0.382709413767
0.379507660866
0.384300857782
0.405593454838
0.364267498255
0.37920704484
0.400094300508
0.386171519756
0.387440443039
0.375701636076
0.37828156352
0.3856998384
0.387979507446
0.370474755764
0.391713321209
0.384937822819
0.393631011248
0.368171840906
0.386489927769
0.375190615654
0.384701877832
0.379531562328
0.393878281116
0.412950724363
0.38708910346
0.368495225906
0.39839169383
0.362229555845
0.39646807313
0.371783643961
0.341427266598
0.382973015308
0.388032048941
0.397354930639
0.397152364254
0.372376859188
0.369059413671
0.379461944103
0.376842439175
0.386373609304
0.35749283433
0.362676620483
0.375664204359
0.356531441212
0.379737406969
0.365875303745
0.331386983395
0.387659072876
0.375332087278
0.351371973753
0.35990190506
0.342071533203
0.362691819668
0.343385279179
0.355155199766
0.373323380947
0.337182551622
0.344643205404
0.352489560843
0.355507224798
0.366277605295
0.357516109943
0.332691460848
0.353361845016
0.330355376005
0.346774667501
0.359104543924
0.344714432955
0.35715726018
0.34021165967
0.352725714445
0.341851621866
0.35574683547
0.344498097897
0.324022442102
0.332229912281
0.387876003981
0.344657540321
0.357521355152
0.369964599609
0.359515070915
0.336460530758
0.361000567675
0.321100831032
0.346804797649
0.341879993677
0.339544117451
0.352325379848
0.325899809599
0.350720733404
0.338850289583
0.376714795828
0.341757386923
0.356662094593
0.319125503302
0.311464518309
0.352779626846
0.358968406916
0.339625537395
0.331004530191
0.334349811077
0.324422091246
0.305213749409
0.346873313189
0.34465020895
0.335445642471
0.341611236334
0.315247088671
0.318547517061
0.343623191118
0.349903792143
0.336116701365
0.320924848318
0.302524507046
0.335826069117
0.336633980274
0.34467753768
0.330192774534
0.315432786942
0.309921562672
0.315512537956
0.321835100651
0.326251447201
0.311847835779
0.337235152721
0.321529060602
0.3193128407
0.314329594374
0.315413922071
0.310052037239
0.334751665592
0.291869729757
0.297767698765
0.304842799902
0.339354544878
0.307581782341
0.29785823822
0.350254267454
0.306506603956
0.286368608475
0.33786636591
0.286947667599
0.335191458464
0.311491250992
0.359449833632
0.325336426497
0.280699193478
0.313383966684
0.292351573706
0.306086719036
0.335043996572
0.30755379796
0.30337280035
0.339285254478
0.314323633909
0.299181520939
0.30077034235
0.302613288164
0.29357111454
0.306145966053
0.304974228144
0.303661525249
0.335274487734
0.289412587881
0.294497519732
0.313595205545
0.339347869158
0.322212159634
0.318857938051
0.28102427721
0.281178474426
0.289292544127
0.289759427309
0.303355276585
0.287371754646
0.288460463285
0.265668898821
0.305788189173
0.290845960379
0.276680260897
0.269976824522
0.316759318113
0.328670829535
0.296086698771
0.256731778383
0.305167227983
0.274845123291
0.277762025595
0.320324927568
0.280391007662
0.263686716557
0.254499226809
0.30745100975
0.278828173876
0.322896778584
0.268627882004
0.288428843021
0.300467580557
0.284001618624
0.272887587547
0.277470201254
0.268526792526
0.286336243153
0.27197021246
0.301145851612
0.258304804564
0.25393858552
0.282265365124
0.280897498131
0.292809784412
0.231814444065
0.309544086456
0.260974377394
0.254110306501
0.260593175888
0.277748912573
0.248756334186
0.271091729403
0.263211548328
0.259795099497
0.25129082799
0.305265933275
0.276249498129
0.290383964777
0.263973504305
0.260533839464
0.28331759572
0.225113764405
0.262013822794
0.272468209267
0.28711822629
0.265096753836
0.268274843693
0.257152378559
0.249874174595
0.271022558212
0.283353596926
0.242741882801
0.232048541307
0.259755373001
0.255855053663
0.234195560217
0.2554679811
0.267449200153
0.266736507416
0.279797613621
0.260464191437
0.242500334978
0.272342026234
0.254826575518
0.238108098507
0.276234984398
0.259315758944
0.247481420636
0.281587153673
0.239792257547
0.231381386518
0.21995139122
0.21499992907
0.257407963276
0.22689512372
0.257707118988
0.255569964647
0.239091157913
0.202489823103
0.247203543782
0.265719473362
0.206943973899
0.253783017397
0.249919459224
0.270489871502
0.219904452562
0.2288954705
0.2268255651
0.233044043183
0.264343470335
0.242894202471
0.273199021816
0.261738747358
0.249108701944
0.232533335686
0.215410873294
0.262498557568
0.246413350105
0.240223288536
0.240894794464
0.242947995663
0.246618509293
0.206379562616
0.242636412382
0.215862452984
0.225332587957
0.220258310437
0.214420393109
0.241995409131
0.206061199307
0.260501295328
0.215607315302
0.200571402907
0.231168985367
0.191595420241
0.222187206149
0.19868299365
0.245033442974
0.223198592663
0.211030229926
0.192487254739
0.196386158466
0.186712518334
0.203722923994
0.20461383462
0.206740677357
0.233324661851
0.235966682434
0.216218009591
0.22430023551
0.234977558255
0.207306265831
0.296736329794
0.209471583366
0.200452759862
0.184618115425
0.227002337575
0.24262137711
0.171792507172
0.209741428494
0.254954069853
0.252607792616
0.188636794686
0.212928041816
0.243360757828
0.248745515943
0.223341554403
0.206424817443
0.217736512423
0.221324175596
0.177344426513
0.256446063519
0.26875397563
0.173899799585
0.239263042808
0.211186930537
0.203991860151
0.221177637577
0.233997106552
0.263471692801
0.195680946112
0.210383698344
0.170628294349
0.219891726971
0.222168371081
0.180353209376
0.214060217142
0.177082136273
0.259419858456
0.160194531083
0.1981587708
0.189886718988
0.191165849566
0.209049463272
0.221254482865
0.16374219954
0.207933336496
0.190034851432
0.20197249949
0.275614917278
0.230353325605
0.203613594174
0.177933052182
0.169789507985
0.184253841639
0.197632670403
0.187473580241
0.198423728347
0.193637534976
0.181975737214
0.222091808915
0.213714748621
0.201469659805
0.183196052909
0.188193380833
0.173508882523
0.170540764928
0.197599798441
0.176072746515
0.226423963904
0.168962150812
0.190969601274
0.214893057942
0.192802518606
0.178026214242
0.230013132095
0.198807984591
0.16566708684
0.179669097066
0.178437560797
0.181432247162
0.161224737763
0.184685736895
0.201756939292
0.216630235314
0.234731540084
0.212345093489
0.155655562878
0.191191136837
0.214546725154
0.156709238887
0.165955275297
0.197208732367
0.191836610436
0.253492563963
0.209243908525
0.187152802944
0.152064472437
0.177102908492
0.188382104039
0.227113515139
0.195608377457
0.159895971417
0.159485071898
0.18602219224
0.197264477611
0.184541881084
0.194647490978
0.168989598751
