0.75511521101
0.77249366045
0.742581546307
0.697571992874
0.671240627766
0.683710992336
0.672931849957
0.690715909004
0.633399486542
0.647250711918
0.634248435497
0.612002909184
0.626559793949
0.604170799255
0.621017873287
0.604105949402
0.581604123116
0.596311986446
0.618570208549
0.603529691696
0.580382406712
0.585198283195
0.587279617786
0.598080456257
0.631109178066
0.581014037132
0.563443660736
0.56054008007
0.577648103237
0.565109491348
0.567260622978
0.566666245461
0.56108725071
0.532442092896
0.547336995602
0.535060763359
0.529124736786
0.532929301262
0.554486811161
0.556859910488
0.535357117653
0.519844889641
0.554853022099
0.529140293598
0.531892299652
0.542429387569
0.51974606514
0.52939915657
0.492441952229
0.535541892052
0.498213678598
0.502663433552
0.504048347473
0.524486720562
0.502113521099
0.503206729889
0.499979704618
0.501480519772
0.523608267307
0.483565688133
0.464128941298
0.460792988539
0.501409888268
0.447018802166
0.486044079065
0.486580997705
0.50702470541
0.488441884518
0.521719932556
0.472199648619
0.4900816679
0.492306560278
0.485319286585
0.460081398487
0.473358362913
0.462764233351
0.479455053806
0.471831470728
0.436902076006
0.517415165901
0.486123919487
0.459753334522
0.445895373821
0.455659866333
0.428481727839
0.42991566658
0.459796369076
0.453011035919
0.42479300499
0.431411296129
0.466744989157
0.463344812393
0.415057569742
0.435164391994
0.447868674994
0.445905447006
0.428189098835
0.412814319134
0.421595960855
0.382181406021
0.376581251621
0.394168078899
0.413204967976
0.417011380196
0.420210421085
0.381485193968
0.402473717928
0.371778458357
0.388123005629
0.384936004877
0.476134389639
0.446979641914
0.361436635256
0.412023454905
0.433064192533
0.386595577002
0.417237520218
0.374300301075
0.406095445156
0.423725962639
0.39704066515
0.361438363791
0.398978620768
0.387448310852
0.362146884203
0.380848556757
0.379121959209
0.415364772081
0.359312415123
0.388866841793
0.351877301931
0.394373118877
0.35692808032
0.394797325134
0.489855140448
0.362367391586
0.378973096609
0.341730415821
0.408398628235
0.409253388643
0.327307581902
0.345680058002
0.386966794729
0.373792439699
0.347791492939
0.344450861216
0.383577227592
0.383502930403
0.395900189877
0.378270477057
0.414832502604
0.361897349358
0.409204721451
0.351810097694
0.337685704231
0.295725405216
0.355762541294
0.335620224476
0.406007319689
0.427760124207
0.342024892569
0.374183833599
0.346232503653
0.382000297308
0.350149989128
0.397371739149
0.316773056984
0.344825029373
0.368524700403
0.329023778439
0.331799954176
0.396676182747
0.325230181217
0.316714733839
0.356398791075
0.313073307276
0.296361923218
0.34660205245
0.323815733194
0.34817352891
0.400501966476
0.39509627223
0.332332670689
0.36375489831
0.30282112956
0.32485216856
0.392090588808
0.371775776148
0.307320863008
0.31394559145
0.323643893003
0.304657250643
0.353072166443
0.339787185192
0.343404263258
0.318626672029
0.319514214993
0.344592958689
0.315099388361
0.295142501593
0.331735521555
0.371731042862
0.295597344637
0.359863549471
0.33097460866
0.32830247283
0.328749269247
0.344673633575
0.313832491636
0.344425261021
0.354489058256
0.29099008441
0.355247229338
0.303423017263
0.305299431086
0.273103564978
0.273116856813
0.299028933048
0.404241979122
0.290711522102
0.323946148157
0.310592472553
0.299056082964
0.305407941341
0.352589309216
0.345628529787
0.301070392132
0.289248555899
0.334025174379
0.36094686389
0.268702894449
0.346404969692
0.299264758825
0.274773061275
0.292007476091
0.294595062733
0.32704102993
0.316636919975
0.305050462484
0.307757377625
0.347506552935
0.303533315659
0.228149741888
0.288506269455
0.261343121529
0.330799043179
0.317000240088
0.353744000196
0.290378004313
0.289125800133
0.306579738855
0.325466692448
0.365324169397
0.277571946383
0.300370872021
0.321728378534
0.336416751146
0.303127706051
0.29626968503
0.321766465902
0.292205363512
0.281102210283
0.250149130821
0.284999877214
0.289774179459
0.281785696745
0.289878666401
0.301572680473
0.233473807573
0.369148254395
0.29677683115
0.250451952219
0.303964823484
0.314776599407
0.285527199507
0.294680356979
0.282126516104
0.294785737991
0.289112299681
0.284485518932
0.267757922411
0.261616706848
0.327046364546
0.262230277061
0.292631685734
0.302170753479
0.238961309195
0.294230341911
0.277150094509
0.277002424002
0.284003317356
0.291984945536
0.247613221407
0.309957951307
0.283379018307
0.255103349686
0.223383128643
0.302072912455
0.287079483271
0.253598451614
0.245764806867
0.289570719004
0.288083285093
0.267863959074
0.245602324605
0.23133020103
0.236244425178
0.300998836756
0.258569568396
0.268068879843
0.232711613178
0.309292525053
0.264741688967
0.241845175624
0.24821151793
0.206597656012
0.246018156409
0.209200114012
0.257776409388
0.245004862547
0.263486206532
0.256599277258
0.221145182848
0.305337995291
0.219575569034
0.290803253651
0.209322676063
0.275449931622
0.243318140507
0.221051067114
0.267444550991
0.277727425098
0.244976848364
0.233901172876
0.26785504818
0.236792623997
0.257716715336
0.222732916474
0.267996609211
0.205765098333
0.204682737589
0.239248469472
0.260001093149
0.254880160093
0.219479039311
0.283636748791
0.284124612808
0.229070857167
0.197221294045
0.245268270373
0.221242919564
0.279558360577
0.276069700718
0.307116180658
0.272676050663
0.214922279119
0.266106247902
0.277933895588
0.252075761557
0.182354182005
0.307260811329
0.233014717698
0.312757432461
0.25899592042
0.204154461622
0.311646163464
0.20419293642
0.209590032697
0.274454623461
0.236406236887
0.239542588592
0.219379365444
0.256795406342
0.215558379889
0.274362564087
0.239386469126
0.239596113563
0.302360326052
0.247847095132
0.211658462882
0.269923061132
0.241976708174
0.225248083472
0.267937421799
0.284646421671
0.217322230339
0.208284839988
0.234365954995
0.212402567267
0.269774883986
0.251193910837
0.21872779727
0.19138225913
0.226701229811
0.218349590898
0.212860107422
0.230177506804
0.192415371537
0.256259202957
0.251720875502
0.231864273548
0.201991736889
0.225134730339
0.247259095311
0.184231340885
0.18125346303
0.276310503483
0.181312084198
0.246678650379
0.242284819484
0.195078760386
0.233160629869
0.191888198256
0.286851674318
0.27892178297
0.176185429096
0.271062463522
0.229755863547
0.214908733964
0.233170762658
0.291943818331
0.193676769733
0.220374777913
0.249016493559
0.176668211818
0.19513720274
0.275308072567
0.251861989498
0.168690115213
0.264562696218
0.242943927646
0.258400380611
0.189768701792
0.2588083148
0.200521379709
0.205604240298
0.229776516557
0.265551358461
0.21275152266
0.203570365906
0.253786593676
0.197438165545
0.231912150979
0.268578886986
0.230997920036
0.241894051433
0.199606224895
0.24162299931
0.232770740986
0.249928280711
0.257165253162
0.215146288276
0.198642075062
0.21058100462
0.263158917427
0.253524452448
0.239150613546
0.244520664215
0.207667335868
0.231629043818
0.202804461122
0.203674867749
0.233117714524
0.219515457749
0.203502133489
0.213744059205
0.217825353146
0.265265792608
0.234894931316
0.280081540346
0.211213454604
0.195921719074
0.192629113793
0.236791357398
0.186086699367
0.193488970399
0.358368515968
0.18801087141
0.241845026612
0.213034287095
0.266098946333
0.193051889539
0.228541076183
0.26442939043
0.210380524397
0.220412507653
0.189517617226
0.217715263367
0.194514095783
0.200632080436
0.235141500831
0.264640390873
0.227450892329
0.212545186281
0.232634007931
0.186381623149
0.26484054327
0.276950597763
0.262930065393
0.234727248549
