0.693147242069
0.693138360977
0.693125486374
0.693115532398
0.693108022213
0.693097531796
0.693088710308
0.693084716797
0.693074047565
0.693068802357
0.693033516407
0.693035721779
0.693034350872
0.692988395691
0.693002820015
0.692944765091
0.692992448807
0.692963957787
0.692938506603
0.692921340466
0.692925333977
0.69287443161
0.692895054817
0.692875504494
0.692859530449
0.692822992802
0.692846059799
0.692814528942
0.692813336849
0.692787051201
0.692765414715
0.692776739597
0.692752122879
0.692722022533
0.692744314671
0.692690491676
0.692698717117
0.692675471306
0.69269400835
0.692661762238
0.692659258842
0.692649781704
0.692603588104
0.692599356174
0.692600607872
0.692569315434
0.692614495754
0.692593693733
0.692583918571
0.692569196224
0.692524850368
0.692492008209
0.692495048046
0.692477405071
0.692452430725
0.692456424236
0.692434489727
0.692443549633
0.692439973354
0.692427277565
0.69235599041
0.692361593246
0.692396461964
0.692327797413
0.692366123199
0.69233995676
0.692315220833
0.692371964455
0.692288160324
0.692289829254
0.692246437073
0.692288577557
0.69217556715
0.692214906216
0.69222432375
0.692241489887
0.692206859589
0.69223177433
0.692144036293
0.692184507847
0.692149460316
0.692055106163
0.692125439644
0.692050397396
0.692054986954
0.692066907883
0.692081272602
0.692068994045
0.692007064819
0.691945314407
0.691959738731
0.69193559885
0.691829025745
0.692048311234
0.691753566265
0.691875040531
0.691997170448
0.691795825958
0.691833496094
0.691845834255
0.691788256168
0.691797196865
0.691914021969
0.691780805588
0.691653132439
0.691710531712
0.691846132278
0.69160091877
0.691545903683
0.691632091999
0.691606760025
0.691501319408
0.691567420959
0.691688895226
0.691412806511
0.691576480865
0.691429615021
0.691685676575
0.691626429558
0.691503465176
0.691567003727
0.691298305988
0.691536664963
0.691413462162
0.691548645496
0.691424250603
0.691354095936
0.691527187824
0.691337764263
0.691500127316
0.691233694553
0.691154062748
0.691241025925
0.691120445728
0.69113779068
0.691143035889
0.691195309162
0.691249191761
0.690921247005
0.691192626953
0.691158533096
0.691214203835
0.691141247749
0.691165208817
0.691005349159
0.691161572933
0.691045701504
0.691002368927
0.690983593464
0.690969765186
0.690865337849
0.69097840786
0.69106310606
0.690714716911
0.690821647644
0.690953850746
0.69108992815
0.691074848175
0.690811514854
0.690768480301
0.690696358681
0.690907120705
0.690856516361
0.690971136093
0.690931200981
0.690534353256
0.690924167633
0.690619766712
0.690834581852
0.690740525723
0.690687537193
0.691011250019
0.690714478493
0.690982103348
0.690813004971
0.690827667713
0.690777540207
0.690826654434
0.69076526165
0.690684914589
0.690877020359
0.690929114819
0.690685749054
0.690624654293
0.690854728222
0.690446794033
0.690888285637
0.690968573093
0.69070315361
0.690661907196
0.690671443939
0.690966546535
0.690767288208
0.690585851669
0.690761089325
0.690783560276
0.690638303757
0.6904707551
0.690823972225
0.690769851208
