0.692907392979
0.692905902863
0.693134129047
0.692759096622
0.692729949951
0.692668020725
0.692898869514
0.692066788673
0.69216388464
0.692017495632
0.691892623901
0.691641688347
0.691653311253
0.691255986691
0.691293954849
0.691464066505
0.691120266914
0.691258490086
0.690935373306
0.690622150898
0.690855145454
0.690366864204
0.690797328949
0.690509259701
0.690706729889
0.690083801746
0.690144658089
0.689664721489
0.689699292183
0.689470112324
0.689606130123
0.689254701138
0.689178526402
0.6892978549
0.688683629036
0.688724994659
0.688839197159
0.688434720039
0.68826764822
0.688628017902
0.688169300556
0.688280582428
0.687872767448
0.687570512295
0.687979996204
0.687317490578
0.687995553017
0.687307834625
0.686397850513
0.687112629414
0.686972618103
0.686911404133
0.687519192696
0.686937868595
0.68629938364
0.686213731766
0.686284065247
0.686351060867
0.686048388481
0.685463488102
0.685501158237
0.685026466846
0.685184836388
0.685211241245
0.685150802135
0.685435533524
0.684809863567
0.683863818645
0.68525236845
0.683116793633
0.684796512127
0.683596968651
0.684472680092
0.683537721634
0.68343937397
0.68338739872
0.68319439888
0.683982312679
0.682761192322
0.682826936245
0.681758224964
0.682166576385
0.681361377239
0.680630326271
0.679824113846
0.679657280445
0.681197404861
0.681989431381
0.682409584522
0.681108057499
0.68063801527
0.681379675865
0.681712031364
0.68084782362
0.679683864117
0.676472425461
0.680109977722
0.679624855518
0.6796438694
0.67659509182
0.675478816032
0.673507332802
0.675667285919
0.675125837326
0.67657160759
0.678175151348
0.674883008003
0.677478194237
0.672589659691
0.673283874989
0.669944047928
0.673328220844
0.672190070152
0.671186923981
0.671389997005
0.669942617416
0.670608580112
0.672065854073
0.67069029808
0.663922071457
0.665257871151
0.666376173496
0.663820445538
0.666867315769
0.668238639832
0.670235514641
0.661069989204
0.66442066431
0.6654753685
0.657253682613
0.663055300713
0.662579953671
0.656736552715
0.661212742329
0.657785236835
0.660236477852
0.658297121525
0.667242228985
0.650171935558
0.660201370716
0.656793057919
0.663212001324
0.649700343609
0.655548155308
0.646675348282
0.654138565063
0.652695059776
0.657495617867
0.653098106384
0.646500468254
0.652191281319
0.643465220928
0.64724701643
0.642057418823
0.639982521534
0.650178849697
0.644384026527
0.643110632896
0.648423850536
0.637096345425
0.643036901951
0.635658979416
0.640947937965
0.63734972477
0.631279826164
0.641732573509
0.634362637997
0.636332690716
0.627919912338
0.638162434101
0.639949381351
0.629227519035
0.645142316818
0.628871500492
0.619902849197
0.625153899193
0.619962096214
0.627369821072
0.649040579796
0.622196793556
0.617556095123
0.613795816898
0.620912849903
0.624572098255
0.612448692322
0.609460294247
0.624707400799
0.599704265594
0.610250174999
0.612437844276
0.598006784916
0.631507635117
0.622818648815
0.622030317783
0.622651040554
0.622941851616
0.616871356964
0.60352241993
0.602874696255
0.601309418678
0.592649638653
0.605841815472
0.616542100906
0.603612303734
0.604355454445
0.625605583191
0.581887245178
0.608520448208
0.586883127689
0.617220103741
0.613384187222
0.598419070244
0.585644125938
0.563919603825
0.587972044945
0.607518792152
0.606085419655
0.571240901947
0.579711198807
0.59262663126
0.604905724525
0.589869976044
0.590890586376
0.609865128994
0.572175264359
0.603713989258
0.574013113976
0.600999116898
0.58649545908
0.57684391737
0.588564932346
0.565822601318
0.591057777405
0.586811542511
0.595443785191
0.595673143864
0.574517905712
0.605096697807
0.575825333595
0.609907150269
0.563242673874
0.575351178646
0.576737582684
0.589807629585
0.576433598995
0.573731303215
0.557448029518
0.576056778431
0.574589371681
0.600253880024
0.567847549915
0.569292068481
0.554352521896
0.590935468674
0.59609657526
0.547138035297
0.595356404781
0.579300642014
0.558705985546
0.574857294559
0.5718536973
0.577421784401
0.584008693695
0.587308287621
0.567708075047
0.561667144299
0.586603403091
0.569118142128
0.588255107403
0.567938923836
0.582884013653
0.554136574268
0.559420526028
0.591351091862
0.558203339577
0.547833263874
0.60132342577
0.58464205265
0.565079212189
0.566582560539
0.604633033276
0.574851334095
0.555725038052
0.571817219257
0.565457522869
0.595618128777
0.573458731174
0.58729082346
0.573966801167
0.57210624218
0.603088974953
0.552925229073
0.557127773762
0.573030352592
0.585594415665
0.5836571455
0.542149305344
0.569557368755
0.573449015617
0.57706952095
