0.689349234104
0.68830126524
0.687251925468
0.688547849655
0.68713837862
0.68923920393
0.687942445278
0.690028190613
0.684639632702
0.688335061073
0.688471794128
0.686950683594
0.685833692551
0.688104093075
0.688410997391
0.688944518566
0.688779354095
0.687458634377
0.687210679054
0.686743080616
0.686823427677
0.68561476469
0.687161505222
0.68690943718
0.687823414803
0.687871992588
0.687763869762
0.68875092268
0.687074065208
0.686210215092
0.687111914158
0.686445236206
0.685735940933
0.685854434967
0.685708224773
0.686818182468
0.687196016312
0.68787664175
0.686570048332
0.687186479568
0.684677839279
0.685216069221
0.687115192413
0.685052216053
0.687252044678
0.685969352722
0.687582194805
0.685664236546
0.686553418636
0.686156928539
0.684963643551
0.682846307755
0.686099469662
0.68437486887
0.683746218681
0.689284563065
0.685476243496
0.684857785702
0.687546014786
0.686117053032
0.688097238541
0.685709118843
0.687366068363
0.684805095196
0.686744451523
0.685600161552
0.685578107834
0.685805916786
0.682876348495
0.683603107929
0.686727404594
0.684701383114
0.685613870621
0.687195837498
0.683174788952
0.68602013588
0.682725310326
0.685215950012
0.68494361639
0.684772193432
0.681853950024
0.685799777508
0.685527801514
0.686027705669
0.685806393623
0.685210883617
0.686051666737
0.682767093182
0.680137097836
0.685379564762
0.683982491493
0.683521270752
0.687177121639
0.682960689068
0.683660507202
0.684222459793
0.684409856796
0.682782292366
0.682918667793
0.683175384998
0.68529266119
0.683297336102
0.682934999466
0.684283733368
0.682887434959
0.684271097183
0.682709753513
0.685849845409
0.683722674847
0.682825624943
0.685475945473
0.682836771011
0.682950973511
0.686593413353
0.682593345642
0.685099840164
0.683428943157
0.685392200947
0.682757556438
0.682540953159
0.683244824409
0.683294773102
0.683177232742
0.683103859425
0.685241162777
0.683472275734
0.684654712677
0.681671440601
0.687583565712
0.682808935642
0.683867990971
0.681728482246
0.684028446674
0.683441758156
0.683090567589
0.683757185936
0.679951786995
0.68510133028
0.682277321815
0.683539509773
0.682458341122
0.67971432209
0.681053340435
0.68361800909
0.680854737759
0.680496871471
0.681503355503
0.681914865971
0.682132184505
0.684056639671
0.680527031422
0.68196117878
0.68325895071
0.683813154697
0.682749152184
0.682331860065
0.680723190308
0.682216584682
0.682996332645
0.683698832989
0.680724203587
0.681146919727
0.682315051556
0.683321893215
0.68481618166
0.680824816227
0.682039737701
0.682985186577
0.682581245899
0.681634247303
0.683788895607
0.681408703327
0.683178126812
0.681172370911
0.680754363537
0.682345926762
0.683431506157
0.682628631592
0.684902369976
0.67990475893
0.680782854557
0.683822572231
0.682569086552
0.684677481651
0.683415234089
0.682911217213
0.683401763439
0.680909454823
0.683604776859
0.677895843983
0.680871725082
0.682965099812
0.682422935963
0.679233729839
0.67954146862
0.679693818092
0.681212067604
0.679477870464
0.683173656464
0.678130984306
0.676724910736
0.683061003685
0.681666910648
0.682563126087
0.682408034801
0.67714202404
0.68223297596
0.679742753506
0.680957913399
0.681470036507
0.67932009697
0.680392801762
0.681049525738
0.679847836494
0.680604338646
0.680058896542
0.680152833462
0.677878916264
0.681177556515
0.676698803902
0.681818068027
0.682714700699
0.679891228676
0.679014623165
0.67889046669
0.678814232349
0.681739628315
0.678813517094
0.681339144707
0.68167501688
0.678995132446
0.679885625839
0.680247545242
0.676103770733
0.677174091339
0.677358627319
0.676795184612
0.680896043777
0.681708931923
0.676955163479
0.678412020206
0.678059339523
0.679025053978
0.675806462765
0.677523195744
0.677340745926
0.678031086922
0.67923361063
0.679527759552
0.680440306664
0.676942527294
0.679000198841
0.679262697697
0.67968505621
0.677376329899
0.677818953991
0.678875148296
0.679171442986
0.676990270615
0.678640305996
0.676496982574
0.678850591183
0.677011907101
0.678671956062
0.67744243145
0.674732983112
0.677620053291
0.677776932716
0.677199006081
0.681434690952
0.679135084152
0.675664186478
0.680751800537
0.682577133179
0.674176573753
0.676796317101
0.680630266666
0.67862868309
0.677534580231
0.674410462379
0.677427470684
0.678134202957
0.672973036766
0.675056934357
0.678007245064
0.674882829189
0.678548395634
0.675648927689
0.67746835947
0.675832211971
0.675810337067
0.676261663437
0.675072073936
0.676188230515
0.678610503674
0.678558468819
0.676480770111
0.681119740009
0.679534316063
0.678919374943
0.681453287601
0.677501380444
0.672310590744
0.678108453751
0.67783677578
0.676252245903
0.679242670536
0.676094472408
0.678443849087
0.676690995693
0.676228940487
0.676727890968
0.676617145538
0.678940653801
0.677425026894
0.678888857365
0.676307201385
0.674250900745
0.677216529846
0.675349533558
0.676506102085
0.673660635948
0.680572390556
0.678379535675
0.677069246769
0.674741327763
0.676801979542
0.676528394222
0.676461279392
0.677932679653
0.675986707211
0.674621582031
0.677652060986
0.677640020847
0.67763954401
0.678713321686
0.6754565835
0.676064908504
0.674105167389
0.674528241158
0.676870346069
0.675082921982
0.671204209328
0.67741304636
0.676159977913
0.675208628178
0.673572421074
0.676385819912
0.674986600876
0.675396442413
0.676411986351
0.680266916752
0.673830211163
0.676627337933
0.677127301693
0.671136617661
0.675035476685
0.67088830471
0.674354434013
0.669816851616
0.679144561291
0.669677615166
0.671624600887
0.672585070133
0.672306716442
0.675036787987
0.671298444271
0.671039581299
0.673653066158
0.671041369438
0.670316755772
0.675535917282
0.672787427902
0.673387646675
0.670696258545
0.676082611084
0.673118174076
0.673533082008
0.676472187042
0.671789109707
0.673142373562
0.669817686081
0.671562075615
0.674521625042
0.67295229435
0.669090509415
0.674378275871
0.673869490623
0.673611760139
0.669188857079
0.671044051647
0.670066714287
0.671716451645
0.672486782074
0.672402441502
0.669661223888
0.673156321049
0.670174658298
0.667376697063
0.673070669174
0.670604586601
0.670242071152
0.668727397919
0.672897219658
0.67182123661
0.671767354012
0.668685078621
0.671768307686
0.674277126789
0.67338603735
0.667196154594
0.670763134956
0.670735657215
0.674478888512
0.665426135063
0.671213209629
0.669484734535
0.666142761707
0.673177361488
0.67281973362
0.665967047215
0.671404361725
0.668210208416
0.671874463558
0.669418096542
0.672313570976
0.669839560986
0.675069093704
0.667607426643
0.668417274952
0.673551023006
0.669191539288
0.667140603065
0.670127749443
0.665453493595
0.673037052155
0.66744017601
0.669174432755
0.667882859707
0.672264873981
0.668549597263
0.667449593544
0.671106159687
0.671706616879
0.664057612419
0.665425360203
0.666511774063
0.669564127922
0.666325926781
0.667635858059
0.667359292507
0.671425104141
0.670776963234
0.668437600136
0.673218488693
0.667286634445
0.67090690136
0.670133292675
0.665598630905
0.665487587452
0.665222287178
0.667664706707
0.668398022652
0.667137980461
0.668107509613
0.667569935322
0.66320759058
0.668258965015
0.667798161507
0.669925391674
0.665902197361
0.669303178787
0.670489370823
0.663543581963
0.666216731071
0.669466137886
0.668118655682
0.664738178253
0.665727257729
0.672477841377
0.668872654438
0.667800962925
0.664729595184
0.666194617748
0.667176783085
0.666875600815
0.664516448975
0.667527794838
0.669609427452
0.66848218441
0.664581418037
0.666775882244
0.664102554321
0.667820334435
0.667347550392
0.673071861267
0.663870453835
0.670794963837
0.668677031994
0.662978291512
0.665417313576
0.666998445988
0.664003372192
0.659793555737
0.665921628475
0.6718313694
0.663829445839
0.668807625771
0.668773770332
0.666754245758
0.660070419312
0.669011831284
0.664518117905
0.663988351822
0.663285851479
0.665529847145
0.666709184647
0.667562782764
0.667691648006
0.66241300106
0.670423328876
0.662556111813
0.666446983814
0.661005020142
0.6649710536
0.66782361269
0.665211617947
0.660908639431
0.666954576969
0.664345920086
0.664815604687
0.670211493969
0.667275488377
0.666033506393
0.668611347675
0.662938714027
0.668795466423
0.665800571442
0.664484262466
0.668081343174
0.665444672108
0.660148859024
0.668789088726
0.663999378681
0.667499303818
0.665269076824
0.665594160557
0.666445374489
0.665662527084
0.666734814644
0.665295541286
0.662731051445
0.665625393391
0.665358841419
0.669436812401
0.668108701706
0.66671872139
0.663559794426
0.659481167793
0.664326071739
0.665347158909
0.661608874798
0.666105270386
0.666993379593
0.664259016514
0.663273513317
0.660551190376
0.668694615364
0.664329409599
0.660989224911
0.665873467922
0.662835478783
0.662330448627
0.666848063469
0.666554510593
0.664418280125
0.659319758415
0.662380933762
0.664347946644
0.662055492401
0.662407875061
0.663365781307
0.670331716537
0.663317143917
0.66563808918
0.662772297859
0.66360193491
0.665527760983
0.665750920773
0.667945444584
0.667975962162
0.664756000042
0.663518369198
0.665061831474
0.66617333889
0.665152072906
0.660223484039
0.663950324059
0.667965769768
0.662072241306
