0.698912858963
0.693278849125
0.687983751297
0.683665513992
0.677823841572
0.672099351883
0.659508466721
0.654685616493
0.642462074757
0.641279816628
0.630867242813
0.607365906239
0.59490019083
0.57510226965
0.564363777637
0.533601343632
0.494855195284
0.484030634165
0.436894536018
0.435400992632
0.430026620626
0.364785313606
0.406331956387
0.317670762539
0.325477868319
0.340705156326
0.267761766911
0.260520845652
0.261666148901
0.250589281321
0.22695633769
0.202995672822
0.163709357381
0.152753278613
0.172304347157
0.123121574521
0.163289293647
0.0914294049144
0.110028371215
0.0938253626227
0.0669893994927
0.0604802705348
0.0706908255816
0.0902554765344
0.0518075339496
0.0898470878601
0.0331389904022
0.0253186002374
0.0271850470454
0.0695142969489
0.0387902893126
0.0363410487771
0.0243998151273
0.0204256195575
0.0254504643381
0.0548292770982
0.0365941785276
0.0158388763666
0.0489486865699
0.0761817917228
0.0298374705017
0.0262303892523
0.0404226854444
0.0594950802624
0.0142318233848
0.016986483708
0.0110105220228
0.029342006892
0.0401650108397
0.00455793878064
0.0150759927928
0.0575081333518
0.0486349612474
0.0607361570001
0.0318423695862
0.035596601665
0.00544840050861
0.0393540933728
0.034572981298
0.0216434616596
0.0150623749942
0.030019460246
0.0102023696527
0.0411752983928
0.0136506212875
0.00861244928092
0.00987329613417
0.0206145383418
0.00798390060663
0.0247109998018
0.0205800123513
0.00827949307859
0.0100734103471
0.00570798618719
0.0660634413362
0.0233718920499
0.00559248169884
0.00753135047853
0.00494403205812
0.012506801635
0.0067669111304
0.0753249302506
0.022929456085
0.00964854191989
0.00418808590621
0.00296450033784
0.00416953815147
0.022725507617
0.0215160809457
0.0123271048069
0.00895310845226
0.0205716527998
0.0086565669626
0.00397388776764
0.00506506999955
0.00256392685696
0.010257047601
0.0115411086008
0.00274446350522
0.00413384241983
0.00859275180846
0.0365730188787
0.0155599545687
0.00300550856628
0.00173440913204
0.00162522483151
0.00918664038181
0.00382582214661
0.00649741664529
0.0180444940925
0.00140428962186
0.00125500629656
0.00900020636618
0.00583100877702
0.00468645431101
0.00115162611473
0.0207646097988
0.00144466129132
0.00540091702715
0.00126905366778
0.000942762533668
0.01994468458
0.000578092702199
0.00568223325536
0.0026156110689
0.00642632320523
0.00582996942103
0.00457520037889
0.000641405233182
0.00268533220515
0.00108919478953
0.000569953816012
0.00700329383835
0.000740993593354
0.00357272592373
0.00167382694781
0.00350654334761
0.00191825581715
0.00241386913694
0.000817896449007
0.0119357258081
0.00278653390706
0.0477774068713
0.00273042893969
0.0279857013375
0.00166996545158
0.00196879077703
0.00740607269108
0.00825088471174
0.0229719914496
0.00180988409556
0.00119738699868
0.00191804848146
0.00142162141856
0.00203627836891
0.0011649238877
0.00191221293062
0.0171577017754
0.00645679607987
0.0025985406246
0.000659445067868
0.000823713780846
0.000324236316374
0.00146887102164
0.0319377109408
0.00256298109889
0.00893981847912
0.000848480907734
0.0210896171629
0.000516637926921
0.00086179911159
0.00264425040223
0.000792975712102
0.00268054800108
0.00119937257841
0.00669772271067
0.0049814702943
0.0122569827363
0.00215358962305
0.00723905721679
0.00881870742887
0.00168354506604
0.00112077756785
0.00743229966611
0.000443744211225
0.00181285373401
0.00299589778297
0.000591248855926
0.00059554935433
0.000198439112864
0.00372832408175
0.00190012727398
0.00031074177241
0.00488748820499
0.000130636384711
0.00183900957927
0.000218000539462
0.0175797212869
0.000563975889236
0.0006132327253
0.000548805634025
0.00113740307279
0.00233932584524
0.0150288101286
0.00436058780178
0.0208215527236
0.000424669560743
0.000360993319191
0.000417173461756
0.000559712061659
0.000367471133359
0.0037815333344
0.000215339066926
0.00132853735704
0.000719272124115
0.00075399375055
0.0387702584267
0.00357616762631
0.00737863825634
0.00528683140874
0.00416564149782
0.000261360226432
0.00306230108254
0.00203694659285
0.000246891780989
0.00188661273569
0.000323046522681
0.000427805731306
0.0073586278595
0.000254940008745
0.00016980653163
0.000349808280589
0.000841110595502
0.0182127170265
0.000578601378947
0.000374881958123
0.00430860789493
0.00202582287602
0.00289808725938
0.00111596018542
0.00141645292751
0.00397259835154
0.0027869110927
0.0036528413184
0.00263567687944
0.000511188525707
0.00103652023245
0.00522440066561
0.000161756353918
0.00089387508342
0.000129269130412
0.000790466903709
0.0237526763231
0.000262484623818
0.000555574020837
0.00229458324611
0.007465693634
0.00641618808731
0.00167976599187
0.00105729082134
0.00335808680393
0.000732222513761
0.00502806017175
0.000883074651938
0.000142206190503
0.00927734654397
0.00151260418352
0.0121306497604
0.000338440266205
0.026089342311
0.000188238234841
0.000410684500821
0.000704268633854
0.000402514531743
0.00273244199343
0.000170339902979
0.000150667110574
0.000776182103436
0.00155720231123
0.033379253
