0.693147182465
0.693127989769
0.693108141422
0.693087995052
0.69306999445
0.693049967289
0.693032324314
0.693014204502
0.692995905876
0.692971587181
0.69295835495
0.692934811115
0.692906677723
0.692909419537
0.69287776947
0.692865073681
0.69284594059
0.692808628082
0.692782223225
0.69277125597
0.692735016346
0.692738950253
0.692711353302
0.692711055279
0.692681610584
0.692658722401
0.692643940449
0.692610383034
0.692606806755
0.692584216595
0.692571878433
0.692559123039
0.692522764206
0.692493915558
0.692477583885
0.692474722862
0.692446351051
0.692449450493
0.692414164543
0.692389726639
0.692358195782
0.692375302315
0.69232237339
0.692302525043
0.692268192768
0.692237317562
0.692237377167
0.692219555378
0.69224691391
0.692208170891
0.692104756832
0.692132711411
0.692134678364
0.692130863667
0.692091941833
0.692058682442
0.692105710506
0.692108809948
0.691989660263
0.692006111145
0.691943705082
0.691892623901
0.691925287247
0.691949665546
0.691936373711
0.691840469837
0.691865921021
0.691848814487
0.691882789135
0.691808760166
0.691841840744
0.691798388958
0.691729664803
0.691806912422
0.691694259644
0.691692054272
0.691714704037
0.691684246063
0.691568613052
0.691639065742
0.691496491432
0.691541731358
0.691515684128
0.691470980644
0.691566705704
0.691379904747
0.69137853384
0.691514372826
0.691542327404
0.691454231739
0.691433548927
0.691386222839
0.691355347633
0.69140380621
0.691268563271
0.691342234612
0.691227376461
0.691215693951
0.691238999367
0.691134691238
0.69119644165
0.691272854805
0.691166341305
0.691300570965
0.691097438335
0.691063642502
0.691102862358
0.690920472145
0.690986812115
0.690977454185
0.690979540348
0.691037118435
0.69063937664
0.690943181515
0.690990030766
0.690894722939
0.690856337547
0.690872728825
0.690754234791
0.690818727016
0.690784156322
0.690761804581
0.690759003162
0.690781652927
0.690757572651
0.690620183945
0.690671920776
0.690533459187
0.690737903118
0.6904976964
0.690507829189
0.69062179327
0.690648496151
0.690371453762
0.690429031849
0.690266549587
0.690595626831
0.690488040447
0.690428853035
0.690195322037
0.690391778946
0.690289974213
0.690575003624
0.69042634964
0.690425992012
0.69042545557
0.690336823463
0.690228641033
0.690088510513
0.690090298653
0.69034332037
0.690237820148
0.690310359001
0.690268039703
0.690080821514
0.690022408962
0.690073013306
0.690037965775
0.690160095692
0.689879655838
0.690074503422
0.689978420734
0.690040767193
0.689869582653
0.690063774586
0.689852178097
0.689738035202
0.689797878265
0.689638078213
0.689592003822
0.68983733654
0.689825236797
0.68961161375
0.689563333988
0.689848601818
0.689877092838
0.689595937729
0.689798295498
0.689663171768
0.689558148384
0.689554929733
0.689348816872
0.689533889294
0.689178228378
0.689414441586
0.689693689346
0.689330220222
0.68940114975
0.689392507076
0.689292252064
0.689140200615
0.689195215702
0.689112067223
0.689438998699
0.688829660416
0.689390659332
0.689280509949
0.689637422562
0.68911087513
0.689501583576
0.689015984535
0.689279973507
0.688917040825
0.688878417015
0.6891746521
0.688810229301
0.688943088055
0.688728749752
0.688757300377
0.688811659813
0.688802719116
0.688795566559
0.68855881691
0.689103066921
0.688645243645
0.688559472561
0.688648819923
0.688946247101
0.68866276741
0.688991487026
0.68869048357
0.688644945621
0.688357293606
0.688025951385
0.688358128071
0.688381493092
0.68857139349
0.687930583954
0.688918530941
0.688044905663
0.688620984554
0.688681006432
0.688589990139
0.687973976135
0.688351094723
0.688539922237
0.688228785992
0.688187539577
0.688088536263
0.688352167606
0.687849521637
0.688481450081
0.688042700291
0.687971532345
0.687754392624
0.688461363316
0.687833845615
0.688159167767
0.688305199146
0.688576579094
0.688421845436
0.68796980381
0.688495218754
0.687764286995
0.688454926014
0.687959909439
0.688134908676
0.687901318073
0.688113868237
0.687776267529
0.688105583191
0.687812328339
0.687831282616
0.687986195087
0.688399374485
0.688636064529
0.68810737133
0.687430679798
0.687607049942
0.687826752663
0.688082575798
0.688105225563
0.688015699387
0.687804162502
0.688077926636
0.687534809113
0.687684953213
0.687564730644
0.688156247139
0.688327491283
0.688301563263
0.688332557678
0.687799096107
0.687738060951
0.68819975853
0.687879145145
0.687645792961
0.688232719898
0.687961339951
0.687347114086
0.68738514185
0.688054323196
0.687317848206
0.687812149525
0.687989711761
0.68748152256
0.688081860542
0.687829911709
0.68867534399
0.688151240349
