0.693147957325
0.691990971565
0.690443634987
0.689185023308
0.68809902668
0.687179148197
0.686451077461
0.68595546484
0.685706138611
0.685712635517
0.68591272831
0.686167061329
0.686361551285
0.686390638351
0.686268270016
0.685822486877
0.685322165489
0.684721171856
0.68347287178
0.682397186756
0.679026961327
0.676255404949
0.67328363657
0.667619824409
0.658091187477
0.645318329334
0.626824557781
0.603212177753
0.571299433708
0.523563206196
0.476857662201
0.415765970945
0.348578244448
0.307378709316
0.264948606491
0.212838873267
0.171300828457
0.274809867144
0.185361668468
0.197608068585
0.18684142828
0.260540395975
0.138784810901
0.175737410784
0.18482580781
0.128254920244
0.163478016853
0.163948506117
0.0844057425857
0.13884614408
0.12866564095
0.0868040695786
0.105315938592
0.0958866775036
0.0945494323969
0.0619066134095
0.0784670114517
0.108290687203
0.0832652896643
0.0827206373215
0.104233048856
0.0622654110193
0.079254835844
0.0626772344112
0.0751099586487
0.070341385901
0.039598274976
0.074452586472
0.0595575384796
0.0520835518837
0.0651881322265
0.0571961328387
0.0586437508464
0.0383085981011
0.094860188663
0.049309168011
0.0641064941883
0.0384081713855
0.0593965165317
0.0429489612579
0.0183144565672
0.0366484820843
0.0601596236229
0.0268664713949
0.0404717922211
0.0421669222414
0.121672011912
0.0665745362639
0.0949504747987
0.0368421636522
0.0104208337143
0.0701984092593
0.0523231737316
0.0703428685665
0.050810649991
0.0719673782587
0.0631733387709
0.0361926071346
0.103189177811
0.0427245162427
0.0431868173182
0.0390210859478
0.120392493904
0.034574650228
0.0609537810087
0.0954267457128
0.0292415656149
0.0418638586998
0.0316213592887
0.097020432353
0.0984246358275
0.0221495591104
0.0450322814286
0.0587595030665
0.0326706133783
0.0275078453124
0.033468734473
0.0120754186064
0.0396368354559
0.0566942021251
0.0459311790764
0.0399455055594
0.0441600643098
0.0403010398149
0.043121766299
0.0369762778282
0.0200612097979
0.0439012795687
0.0381593331695
0.0550557263196
0.0261018257588
0.0564105696976
0.0146138137206
0.0856157168746
0.0410098955035
0.0366206988692
0.106343597174
0.0203100554645
0.0556010641158
0.0317788086832
0.017237007618
0.0641960203648
0.0483915433288
0.0413434803486
0.0310367047787
0.0343942753971
0.0204063244164
0.0164065063
0.0142234452069
0.0438846759498
0.026243230328
0.0313684642315
0.0603939853609
0.0399880446494
0.00968046765774
0.0107284123078
0.0295370854437
0.019732516259
0.0306609086692
0.0131493275985
0.0205151177943
0.0122431740165
0.017116734758
0.00414302945137
0.0360708460212
0.0330514088273
0.00307004456408
0.0354667976499
0.0174769386649
0.0183959733695
0.0543173551559
0.0077192587778
0.0067841229029
0.0162212625146
0.0561389401555
0.018692990765
0.0158623494208
0.0633961260319
0.0334739908576
0.0443964414299
0.0413235351443
0.00352754653431
0.020078022033
0.0100255617872
0.023851538077
0.0119755929336
0.0291336961091
0.0220424141735
0.036955524236
0.0442870520055
0.0210687350482
0.0746092796326
0.0190976709127
0.0226008631289
0.00967964157462
0.0774746984243
0.0286322403699
0.0342118293047
0.0162939801812
0.0287481304258
0.00367512390949
0.0685536116362
0.0313089191914
0.00266094272956
0.0387011729181
0.0233849547803
0.0240857079625
0.0273283720016
0.0178533326834
0.0346857868135
0.00404104171321
0.0139011060819
0.0455974005163
0.0257383622229
0.0110480729491
0.0127856880426
0.0158731136471
0.0377086699009
0.0247494932264
0.00824137125164
0.00381781440228
0.00824138335884
0.0304829590023
0.0324130952358
0.0320731401443
0.00429213419557
0.0192838553339
0.0510045960546
0.0270746462047
0.0364343561232
0.0168939027935
0.0173349715769
0.0125269684941
0.0482396744192
0.00828571245074
0.0246539339423
0.0426258146763
0.0809009075165
0.00621771253645
0.0120905134827
0.00843717623502
0.0355554968119
0.0374343581498
0.0329832881689
0.0150946388021
0.00426156260073
0.0359326563776
0.0268183797598
0.0217977259308
0.0122211277485
0.0346524268389
0.0340092778206
0.0130878351629
0.0248356088996
0.0259429439902
0.0103534450755
0.00420748628676
0.0436006039381
0.0305325202644
0.012545642443
0.0185206513852
0.0363424271345
0.00355203845538
0.0375810824335
0.0149532910436
0.00300843268633
0.0402594022453
0.00670511554927
0.0118395760655
0.0613329038024
0.030824849382
0.0479851923883
0.108741022646
0.0108114471659
0.0162430182099
0.070742815733
0.0911829099059
0.0312919542193
0.0213971212506
0.0192198548466
0.137077018619
0.0330847129226
0.0266741644591
0.0146280126646
0.0802285149693
0.0662086978555
0.0274082627147
0.0288564544171
0.0251513104886
0.0206672158092
0.047510985285
0.0472872368991
0.0194106921554
0.0195347350091
0.0595531314611
0.0486307479441
0.0130624901503
0.0243351068348
0.0416178293526
0.00657958444208
0.0783169940114
0.0249391458929
0.0214139223099
0.00639906153083
0.00782539509237
0.00765318563208
0.00909614190459
0.0256653968245
0.0350703410804
0.0569107830524
0.0343535318971
0.00938368123025
0.037545312196
0.0153072383255
0.00651573110372
0.00426331767812
0.00570030929521
0.0730461478233
0.020190006122
0.041274599731
0.00451751193032
0.0231040958315
0.00834008771926
0.0271260067821
0.00465375278145
0.0110334968194
0.00772989727557
0.00502285221592
0.0340182185173
0.0442767962813
0.0520711243153
0.00989675614983
0.0129746189341
0.0164129231125
0.0163525026292
0.0111328186467
0.0116875041276
0.028027035296
0.00240078358911
0.0536284297705
0.00454049976543
0.00841025169939
0.0294779129326
0.0497531294823
0.0103599755093
0.0151697099209
0.00778077123687
0.011782403104
0.02578246966
0.00979302823544
0.00154646940064
0.0030109253712
0.00479470333084
0.015521091409
0.0194715950638
0.014608187601
0.0063885753043
0.00846693385392
0.0198781918734
0.020455095917
0.0220746770501
0.0124721582979
0.00179516815115
0.00564306182787
0.0381284169853
0.0272840764374
0.00426512444392
0.00247221230529
0.0634926185012
0.045660931617
0.0254916399717
0.0021498077549
0.0252957567573
0.0259566288441
0.0159597098827
0.00346679589711
0.00157821527682
0.0281213857234
0.0123708751053
0.0647059753537
0.0328857861459
0.0385600328445
0.0252762436867
0.0585597231984
0.00866193324327
0.00492845615372
0.025196691975
0.00405931379646
0.0015403177822
0.0135173695162
0.0331107005477
0.0181617066264
0.0192843228579
0.0138627644628
0.0104633048177
0.0261136703193
0.0184632781893
0.0510183572769
0.00922848284245
0.00241532386281
0.00314041879028
0.00175398413558
0.0353488586843
0.0546283647418
0.0111564649269
0.0196405015886
0.00799264572561
0.0250712689012
0.0512339212
0.0386553779244
0.0454444177449
0.00900581665337
0.00602720538154
0.00289187836461
0.0586172714829
0.0488188900054
0.0253116693348
0.0427129715681
0.010464085266
0.0206590183079
0.0331976823509
0.0686464831233
0.0114081129432
0.00197279057465
0.00229565287009
0.0137959290296
0.0223651845008
0.0743976011872
0.0357205122709
0.00748305767775
0.0195158030838
0.00323846540414
0.0287510436028
0.0555071979761
0.032590162009
0.0162367969751
0.0224806573242
0.0454202704132
0.00445266067982
0.0298394709826
0.022101663053
0.0385050103068
0.0514933876693
0.0137282041833
0.0300699006766
0.0241391118616
0.0195792131126
0.0339455083013
0.0160851161927
0.00910501554608
0.017721472308
0.00221502943896
0.00396785372868
0.0291616693139
0.0214642100036
0.0263995081186
0.0525234788656
0.00340000004508
0.0263826604933
0.018980583176
0.0275100264698
0.0052160685882
0.00331847928464
0.00393818411976
0.0382537916303
0.00978899467736
0.0433306246996
0.00435358565301
0.00812313053757
0.0162235144526
0.01295206137
0.0114018917084
0.0173784736544
0.0139856766909
0.0245984122157
0.0141201242805
0.0145502155647
0.00468280818313
0.00434482423589
0.0664781779051
0.0259838867933
0.0012053900864
0.0146504705772
0.0164495129138
0.0101344967261
0.0240491125733
0.0310843400657
0.0069651058875
0.0183231718838
0.00929382443428
0.00602996349335
0.0027717447374
0.0021396628581
0.0140528762713
0.00180840294342
0.0758705437183
0.00220197043382
0.0197651069611
0.00309970416129
0.000971783651039
