0.693162918091
0.68953114748
0.686944901943
0.677977323532
0.67072468996
0.6550527215
0.640234827995
0.623655736446
0.625319004059
0.597898304462
0.584308445454
0.572714388371
0.575567722321
0.578362166882
0.55932456255
0.544627428055
0.547313690186
0.558111786842
0.530656695366
0.516704380512
0.525237798691
0.505295813084
0.510777235031
0.510749578476
0.494390726089
0.500777304173
0.491944104433
0.486202329397
0.488854318857
0.499192982912
0.481636613607
0.46565297246
0.480064213276
0.455774456263
0.460474342108
0.455038964748
0.443752765656
0.465320557356
0.452613562346
0.483507692814
0.434207111597
0.44837474823
0.45136064291
0.452035456896
0.42567139864
0.485379844904
0.442196369171
0.424707889557
0.430178672075
0.43395909667
0.421730846167
0.413787096739
0.419539898634
0.416140347719
0.4190069139
0.41526222229
0.424228787422
0.418717175722
0.398542672396
0.409215897322
0.406309336424
0.403339892626
0.423934429884
0.391581267118
0.409830987453
0.404050737619
0.386220425367
0.389931946993
0.379236578941
0.390892148018
0.399863779545
0.384652107954
0.364423274994
0.376140534878
0.384069561958
0.369435966015
0.383349210024
0.394229799509
0.408672571182
0.370502263308
0.387903213501
0.34834036231
0.400914639235
0.37249109149
0.363412559032
0.355737388134
0.421179413795
0.38271021843
0.362861961126
0.357322871685
0.337418407202
0.360447198153
0.375298500061
0.373108267784
0.350748687983
0.343259125948
0.359351634979
0.330589473248
0.334703326225
0.347373843193
0.347458034754
0.366915524006
0.336024969816
0.363346010447
0.332241892815
0.339987337589
0.351445943117
0.325239628553
0.334228008986
0.331866562366
0.315729528666
0.305820733309
0.338094621897
0.351727366447
0.342427104712
0.337823778391
0.306189268827
0.383029580116
0.337488025427
0.327702432871
0.322427600622
0.306594520807
0.320507764816
0.3212261796
0.327091038227
0.315042555332
0.323949158192
0.341357350349
0.322741538286
0.323890119791
0.305222570896
0.313660234213
0.30148679018
0.31358024478
0.305128604174
0.315339595079
0.30432921648
0.293723791838
0.311672866344
0.296084284782
0.299760431051
0.314880490303
0.290042847395
0.32317712903
0.273269385099
0.293233007193
0.273934274912
0.296005636454
0.290227323771
0.288329422474
0.292785316706
0.297566324472
0.33262142539
0.29601880908
0.326990157366
0.266715079546
0.332142442465
0.31069073081
0.301987737417
0.339800983667
0.28948366642
0.269525974989
0.293858230114
0.27456009388
0.261897772551
0.254185736179
0.277330935001
0.258776336908
0.28496786952
0.287480711937
0.271232247353
0.256446659565
0.305166214705
0.326775342226
0.253408849239
0.252305388451
0.28946185112
0.278652817011
0.260157614946
0.286849319935
0.264672100544
0.280401229858
0.253359973431
0.230410009623
0.254186570644
0.255753725767
0.253360778093
0.261703372002
0.245225265622
0.259331047535
0.23177613318
0.211959287524
0.236150607467
0.258792549372
0.242909103632
0.223166078329
0.249862149358
0.238998264074
0.220324888825
0.243245691061
0.220881491899
0.230209171772
0.227257430553
0.247787103057
0.260305345058
0.229751557112
0.219134762883
0.28056871891
0.208820655942
0.238048180938
0.218784585595
0.199810534716
0.261261612177
0.227299720049
0.223770439625
0.215263426304
0.211598172784
0.222452938557
0.214954987168
0.224105358124
0.212933644652
0.277765333652
0.203089907765
0.275913149118
0.216449528933
0.251391649246
0.246865361929
0.233828216791
0.21128693223
0.235368683934
0.271387338638
0.21038736403
0.206311628222
0.239079341292
0.264047026634
0.22074136138
0.257759600878
0.234094634652
0.201049953699
0.218880325556
0.266739904881
0.230407744646
0.197273761034
0.220868512988
0.202031508088
0.259335964918
0.215286180377
0.216140463948
0.213012725115
0.22621229291
0.23075902462
0.186332449317
0.204182207584
0.222373858094
0.235899806023
0.204207107425
0.195641860366
0.180554911494
0.200679793954
0.207938790321
0.24432387948
0.189720839262
0.199113830924
0.211009249091
0.216537728906
0.202995300293
0.204074054956
0.212118983269
0.205984130502
0.218506887555
0.187422558665
0.196983873844
0.191677495837
0.193954646587
0.214725315571
0.225997328758
0.218353256583
0.208497688174
0.192732423544
0.225929364562
0.190151825547
0.202944949269
0.188261717558
0.189479008317
0.2152685076
0.233169272542
0.186278119683
0.182386443019
0.1906362921
0.21531252563
0.221354171634
0.194350674748
0.280962020159
0.309263139963
0.178475722671
0.179439783096
0.204807877541
0.208759054542
0.207740157843
0.193723201752
0.179613605142
0.19356931746
0.223462402821
0.230143174529
0.220095455647
0.180725708604
0.199865609407
0.194136247039
0.21226207912
0.190765783191
0.218206301332
0.202232196927
0.205692976713
0.183660075068
0.184115469456
0.207115903497
0.196854531765
0.189491480589
0.257425874472
0.184419199824
0.193902924657
0.188960105181
0.222154453397
0.172988042235
0.178682714701
0.197999686003
0.184249728918
0.194632068276
0.227956816554
0.187029540539
0.192657396197
0.177281528711
0.185630440712
0.206605300307
0.211126640439
0.212253734469
0.17697763443
0.205039903522
0.196598365903
0.169056981802
0.192241191864
0.18172557652
0.172316297889
0.1823695153
0.16852003336
0.200549542904
0.164993062615
0.223690912127
0.176398634911
0.175397992134
0.201662570238
0.173488780856
0.193767830729
0.165823161602
0.157816141844
0.158074498177
0.231625705957
0.185176238418
0.201657176018
0.192332148552
0.221649304032
0.210063919425
0.169014036655
0.191406279802
0.201441124082
0.199362933636
0.168377533555
0.210937872529
0.19511435926
0.189296588302
0.181553915143
0.19234085083
0.164816603065
0.166252508759
0.192495137453
0.209694206715
0.17895886302
0.187472715974
0.182270973921
0.172594577074
0.20728841424
0.170332670212
0.169313967228
0.190095558763
0.178120195866
0.173094645143
0.188612446189
0.225590288639
0.163432717323
0.261677920818
0.163252905011
0.16045036912
0.171829253435
0.207068622112
0.183566436172
0.161168783903
0.165383532643
0.195193067193
0.170565411448
0.173694372177
0.178291767836
0.212298810482
0.17423735559
0.17008793354
0.170469820499
0.167424350977
0.209245070815
0.240290641785
0.187937706709
0.18146134913
0.181836605072
0.183350086212
0.188743829727
0.178247988224
0.162717014551
0.214130043983
0.179324701428
0.184492230415
0.174630656838
0.180031299591
0.188207000494
0.203729882836
0.175489932299
0.181093841791
0.159746348858
0.165213212371
0.171677738428
0.290724009275
0.207544058561
0.158798113465
0.160871341825
0.1895172894
0.19089359045
0.186280339956
0.169529050589
0.193076059222
0.175529271364
0.17390063405
0.16002368927
0.168028146029
0.167382255197
0.160703793168
0.197575524449
0.15740698576
0.191273584962
0.14740845561
0.159332200885
0.160409912467
0.18320915103
0.158028051257
0.184414669871
0.14626596868
0.174144014716
0.187363177538
0.158405438066
0.159942299128
0.168828636408
0.147469252348
0.139106601477
0.155231654644
0.177887395024
0.15331697464
0.176773846149
0.143584579229
0.178177326918
0.174097642303
0.143906891346
0.167483732104
0.157652854919
0.141224190593
0.135951936245
0.200490251184
0.144401982427
0.152329459786
0.162046536803
0.176571696997
0.175866022706
0.14128690958
0.171606570482
0.176414117217
0.166894644499
0.156295016408
0.159241169691
0.152913063765
0.143809199333
0.169393584132
0.1391377002
0.15812151134
0.18855933845
0.164944991469
0.147610485554
0.156010508537
0.132643997669
0.14104886353
0.129831969738
0.146183013916
0.13496427238
0.136538788676
0.164634108543
0.133611947298
0.125417158008
0.165503934026
0.138059422374
0.166683778167
0.178989097476
0.156746536493
0.132948383689
0.127554297447
0.143768534064
0.155529722571
0.136004671454
0.16495552659
0.124263487756
0.152769684792
0.160284161568
0.131670504808
0.140733674169
0.127200424671
0.140967592597
0.151551693678
0.125435754657
0.131632834673
0.14465738833
0.155410513282
0.134514808655
0.162798851728
0.124396748841
0.151525810361
0.125330746174
0.133628427982
0.122704669833
0.132733374834
0.132940262556
0.139172688127
0.121799960732
0.126374721527
0.139577895403
0.14782525599
0.119910486042
0.136450722814
0.126979440451
0.15411606431
0.161193519831
0.142719253898
0.133570417762
0.17925748229
0.148712188005
0.131956636906
0.118000991642
0.120514884591
0.118016183376
0.12678617239
0.132723778486
0.167326912284
0.145347163081
0.150206968188
0.152406588197
0.135589018464
0.136860594153
0.170361101627
0.153742849827
0.135116219521
0.161313027143
0.124642141163
0.135343879461
0.111162081361
0.161018997431
0.142054215074
0.152397274971
0.141737923026
0.122305579484
0.147548362613
0.113783851266
0.127430900931
0.1262126863
0.119653366506
0.124027058482
0.139220714569
0.16050966084
0.118996411562
0.145661726594
0.206381574273
0.123948685825
0.12090049684
0.139650702477
0.15413492918
0.122911989689
0.125254660845
0.198661416769
0.134864315391
0.158882915974
0.131681248546
0.129044383764
0.121455423534
0.185694426298
0.147431790829
0.137281060219
0.120665483177
0.14258942008
0.159290760756
0.138249963522
0.145155534148
0.155391067266
0.142058998346
0.149854049087
0.154979005456
0.12486281991
0.159213736653
0.152046024799
0.152542218566
0.131542608142
0.153427839279
0.110042601824
0.124528244138
0.162574470043
0.130044877529
0.116486877203
0.149183601141
0.174487546086
0.114650249481
0.117566823959
0.134006515145
0.140336215496
0.140081658959
0.143160685897
0.11977533251
0.148642241955
0.114234812558
0.123520769179
0.153151586652
0.162101894617
0.122491359711
0.14450404048
0.115559026599
0.1159799546
0.218289449811
0.155016213655
0.149964213371
0.139327824116
0.166430816054
0.118481323123
0.189849942923
0.137320771813
0.135885640979
0.129047825933
0.136188179255
0.139686942101
0.143034160137
0.134620606899
0.129265829921
0.151802271605
0.118086487055
0.150275021791
0.138346225023
0.174203515053
0.147588014603
0.139539659023
0.107988774776
0.133870616555
0.134071677923
0.149214848876
0.122818730772
0.120610892773
0.138441637158
0.115558058023
0.149958714843
0.112084925175
0.113908320665
0.125609368086
0.113909527659
0.14897416532
0.110618829727
0.113263435662
0.128695830703
0.123865433037
0.12159088999
0.117438822985
0.129556760192
0.14575701952
0.13761870563
0.121644817293
0.132477536798
0.128458172083
0.113959491253
0.123900912702
0.123038940132
0.132734969258
0.127990022302
0.138243556023
0.120453476906
0.120207741857
0.1205438748
0.130669683218
0.172784119844
0.1275408566
0.112854905427
0.13109177351
0.114549383521
0.145008444786
0.116696670651
0.116518482566
0.123918183148
0.116733402014
0.114450372756
0.11408213526
0.127746120095
0.127998024225
0.125497236848
0.144604578614
0.1168814376
0.133403882384
0.123456433415
0.137895867229
0.115028314292
0.126151561737
0.110834598541
0.193889170885
0.122604683042
0.115141145885
0.151485651731
0.132501542568
0.124621368945
0.123634502292
0.144666492939
0.109878234565
0.117011912167
0.145675912499
0.121711581945
0.124588884413
0.113520644605
0.110602289438
0.123130694032
0.145612761378
0.128712385893
0.15452452004
0.109322465956
0.139881193638
0.15215203166
0.118129380047
0.134589016438
0.149729460478
0.116120733321
0.124476343393
0.143373131752
0.117649465799
0.117568939924
0.114127330482
0.118915982544
0.143487542868
0.129221886396
0.145694181323
0.175700888038
0.106532126665
0.123735569417
0.125759065151
0.11087975651
0.11962762475
0.128043994308
0.116817347705
0.142182096839
0.117724478245
0.113477855921
0.134105652571
0.120912261307
0.138387948275
0.137709364295
0.121689490974
0.137033879757
0.130830392241
0.125814452767
0.124717324972
0.126751706004
0.127757713199
0.146467670798
0.159235581756
0.131469890475
0.131701126695
0.119977138937
0.130919754505
0.129922002554
0.106789059937
0.110064052045
0.136729598045
0.128370389342
0.127350330353
0.131183564663
0.123528830707
0.120831280947
0.130637437105
0.125543117523
0.12717461586
0.138501733541
0.131267085671
0.135988861322
0.12584605813
0.13674980402
0.139068856835
0.108476050198
0.138059690595
0.117294020951
