0.811348497868
0.730086743832
0.699211537838
0.68773907423
0.677852213383
0.671956181526
0.668040215969
0.656045138836
0.646804869175
0.639801561832
0.615161538124
0.605957388878
0.584752321243
0.571857988834
0.562002241611
0.547268807888
0.544015884399
0.529850542545
0.52898401022
0.511751651764
0.536683380604
0.524114668369
0.490967154503
0.480362743139
0.463076472282
0.446300536394
0.487455606461
0.473101019859
0.457713067532
0.447358638048
0.464372515678
0.435071796179
0.428433299065
0.386035591364
0.394981980324
0.426721960306
0.407521814108
0.451224386692
0.410135626793
0.402443438768
0.412622690201
0.405591160059
0.385544151068
0.339877605438
0.361182063818
0.356068134308
0.379417538643
0.313733845949
0.339494347572
0.329357117414
0.339799493551
0.330773323774
0.335649073124
0.309547901154
0.366543829441
0.325054436922
0.308888405561
0.286304891109
0.327813744545
0.264887750149
0.271799832582
0.280768871307
0.293921142817
0.307025045156
0.257168233395
0.334443897009
0.337819546461
0.249380022287
0.317726165056
0.288283795118
0.303886771202
0.252659738064
0.267487466335
0.265615582466
0.322001725435
0.273954391479
0.237596526742
0.244493722916
0.242547139525
0.250374704599
0.26950109005
0.256350755692
0.270244091749
0.282996714115
0.250842869282
0.18914167583
0.219690904021
0.239423915744
0.233293652534
0.270574808121
0.276508748531
0.247707158327
0.23393677175
0.241728112102
0.216208338737
0.183635503054
0.223237857223
0.261113286018
0.152363792062
0.170503482223
0.255063444376
0.260159403086
0.240706279874
0.241595864296
0.200447931886
0.212584391236
0.212168350816
0.213234454393
0.237321302295
0.215622156858
0.210327580571
0.248134285212
0.204220026731
0.23824839294
0.188797399402
0.195785775781
0.166823744774
0.225709289312
0.192630752921
0.18203780055
0.18249887228
0.281928777695
0.276322573423
0.196209907532
0.233001947403
0.221806451678
0.176033571362
0.22159448266
0.13223849237
0.170992776752
0.201025813818
0.156189933419
0.218816325068
0.206750959158
0.155415296555
0.204809904099
0.200729623437
0.204727619886
0.194126263261
0.15718279779
0.186367958784
0.191293746233
0.172050908208
0.175741061568
0.227104499936
0.24454139173
0.168648347259
0.195124909282
0.183914586902
0.164792954922
0.161120668054
0.138738915324
0.200457185507
0.141434818506
0.152273654938
0.186194494367
0.157162562013
0.213849291205
0.181684553623
0.189039841294
0.218437790871
0.178352117538
0.205399557948
0.257662951946
0.186973512173
0.164690583944
0.223065257072
0.20411734283
0.178902745247
0.210253819823
0.160010486841
0.173721700907
0.164459615946
0.133981525898
0.174657851458
0.17805878818
0.226998358965
0.180501058698
0.140480622649
0.216480657458
0.206482157111
0.093055985868
0.156746655703
0.20827524364
0.194096729159
0.18111808598
0.163078173995
0.110477671027
0.173274770379
0.223716035485
0.255295008421
0.134711489081
0.223939329386
0.142204001546
0.136958420277
0.159974247217
0.186131283641
0.113133959472
0.147127538919
0.168411388993
0.119051016867
0.156272292137
0.131796494126
0.149884924293
0.140227198601
0.185614094138
0.137034714222
0.179995670915
0.1629653126
0.176477223635
0.17659394443
0.180534601212
0.169435217977
0.18508169055
0.168845444918
0.138146743178
0.140286326408
0.163089364767
0.124203637242
0.111027732491
0.115520097315
0.121153265238
0.208898663521
0.152986586094
0.0805091112852
0.13220654428
0.131634294987
0.181966468692
0.10479952395
0.13086797297
0.115845367312
0.105519533157
0.127415388823
0.0998277962208
0.135277613997
0.0814304798841
0.106002964079
0.164310708642
0.101831957698
0.101738624275
0.122617453337
0.0987776517868
0.13057154417
0.176409855485
0.169109284878
0.25386479497
0.101986333728
0.10853946209
0.131795540452
0.15469160676
0.13930632174
0.130040049553
0.128544658422
0.187326103449
0.122165679932
0.115165606141
0.136741086841
0.168167099357
0.171849727631
0.170045077801
0.175545275211
0.121720790863
0.174891978502
0.131970703602
0.128503352404
0.0989893451333
0.141307741404
0.108434781432
0.146901726723
0.102672047913
0.14156396687
0.121451511979
0.120124563575
0.151063680649
0.0937420576811
0.131884872913
0.166226953268
0.126605436206
0.191841110587
0.100724376738
0.119241036475
0.0963391214609
0.130453079939
0.203103974462
0.0979715511203
0.139528274536
0.169230937958
0.104298561811
0.101268917322
0.0947591513395
0.156959503889
0.123542226851
0.151033297181
0.091953009367
0.0911121293902
0.189915776253
0.172100752592
0.124967865646
0.123025245965
0.105823174119
0.110783606768
0.170165196061
0.0958842784166
0.215557768941
0.134936407208
0.115660153329
0.134029522538
0.132236301899
0.1356754601
0.107077233493
0.143660664558
0.10575722158
0.144531354308
0.142489016056
0.0870856866241
0.136817187071
0.0965513363481
0.146246865392
0.130931094289
0.130870357156
0.147818446159
0.0915100201964
0.179289489985
0.131127879024
0.105640120804
0.0883706361055
0.140490338206
0.20045670867
0.135979130864
0.0876392051578
0.110228404403
0.125334620476
0.0854521393776
0.121619835496
0.123045392334
0.158238336444
0.0924419239163
0.122818283737
0.0854661613703
0.0849759206176
0.102090202272
0.169666469097
0.189998075366
0.130287095904
0.142667531967
0.0791727825999
0.107577838004
0.107515186071
0.0822958052158
0.078948289156
0.123087786138
0.116628594697
0.0579727031291
0.0943550094962
0.061956230551
0.114499896765
0.168255835772
0.076159492135
0.128092303872
0.175916656852
0.1018082425
0.123954646289
0.221499964595
0.15335918963
0.112621746957
0.126480951905
0.170615389943
0.16642126441
0.129585251212
0.175909012556
0.112959511578
0.107229799032
0.113312743604
0.192269876599
0.126044183969
0.110993675888
0.117507137358
0.118348918855
0.0770704671741
0.0839924514294
0.0746232271194
0.124306984246
0.0821926668286
0.11290384829
0.180883899331
0.157381787896
0.0917998552322
0.156327575445
0.17372494936
0.094745285809
0.113089539111
0.142987668514
0.0903763920069
0.138263612986
0.128922224045
0.103866152465
0.108183763921
0.0846078246832
0.11203982681
0.098819680512
0.107900358737
0.0615549236536
0.0815214887261
0.147291958332
0.129377871752
0.121731854975
0.0612498484552
0.106460466981
0.0926033854485
0.125802055001
0.153340518475
0.100883170962
0.0804017707705
0.119881436229
0.0778105929494
0.072235442698
0.0550830885768
0.0565928705037
0.119174182415
0.131869062781
0.135661870241
0.152861490846
0.104323007166
0.0722965449095
0.0985395535827
0.106975704432
0.158638983965
0.14789134264
0.157728523016
0.105526469648
0.105597689748
0.102110609412
0.0752052143216
0.139947772026
0.0740823596716
0.0976518467069
0.162099331617
0.0653992220759
0.130363598466
0.143007874489
0.0790341645479
0.107756890357
0.123357281089
0.108775526285
0.0831848680973
0.135145097971
0.11723805964
0.122297391295
0.0863033980131
0.0868499353528
0.0822425559163
0.098678059876
0.109219782054
0.169439405203
0.148049458861
0.164072886109
0.0970961749554
0.129791781306
0.138494506478
0.111869990826
0.142037287354
0.116357550025
0.12015324086
0.112159363925
0.151906982064
0.0981643497944
0.118561729789
0.134240910411
0.0788714215159
0.140025362372
0.0835230648518
0.0800722837448
0.086568467319
0.108256883919
0.11272674799
0.126015484333
0.120923221111
0.089970164001
0.125658094883
0.106231682003
0.122107967734
0.065026409924
0.099891975522
0.100941538811
0.118829734623
0.103298962116
0.0496571883559
0.0873601585627
0.144255056977
0.110766455531
0.0591908060014
0.096462674439
0.221027299762
0.109337069094
0.105709061027
0.105141632259
0.091339379549
0.110392518342
0.126465573907
0.0676571875811
0.140425994992
0.150320678949
0.138114824891
0.0747868940234
0.106595046818
0.185970887542
0.126985609531
0.122805476189
0.103306725621
0.0627868622541
0.0705889388919
0.116625495255
0.112760424614
0.15511366725
0.112273782492
0.181028574705
0.14874240756
0.117521584034
0.0967246741056
0.13221603632
0.10528896749
0.0818609818816
0.1014194116
0.130960375071
0.0911411941051
0.145898729563
0.160265699029
0.137682512403
0.0971612483263
0.107452087104
0.144836828113
0.0627641156316
0.0848296657205
0.137789100409
0.143423095345
0.0900554358959
0.111930385232
0.0739988014102
0.0743858292699
0.107084415853
0.0829106420279
0.10189332068
0.0944448113441
0.113350592554
0.0814731940627
0.118666246533
0.0646772161126
0.0808890908957
0.0789677128196
0.127942845225
0.0595826022327
0.0623634047806
0.0790359899402
0.131026223302
0.0935814827681
0.159342095256
0.172720313072
0.131725177169
0.155811846256
0.113525949419
0.0968772545457
0.088321827352
0.0855102911592
0.0821522027254
0.165037989616
0.103189013898
0.0939780622721
0.0875164866447
0.112553328276
0.131736516953
0.110587924719
0.128444030881
0.100317329168
0.0902497395873
0.092137105763
0.0929942652583
0.0605260282755
0.131148144603
0.0994886383414
0.0973879024386
0.114905551076
0.0915348604321
0.116449847817
0.0900961905718
0.0833551883698
0.139387339354
0.0822971835732
0.182010561228
0.0657250881195
0.0902307108045
0.0618098340929
0.0456240735948
0.125546708703
0.0842337235808
0.0825771614909
0.0850885286927
0.0729721561074
0.0608443059027
0.0662291198969
0.0755318105221
0.0913495793939
0.0830301120877
0.113145455718
0.0868039950728
0.0523145757616
0.0982725918293
0.0823407322168
0.0849347859621
0.0790442749858
0.0869467109442
0.107690542936
0.0907001942396
0.152535632253
0.188009008765
0.0748923495412
0.102895334363
0.092122130096
0.0803070962429
0.155977606773
0.0939117595553
0.105916030705
0.116985589266
0.112861827016
0.0928483381867
0.0587082840502
0.0464158318937
0.0880065485835
0.0505748055875
0.0690599381924
0.078247115016
0.0899309962988
0.0719379633665
0.172279715538
0.0914881005883
0.0815116390586
0.106222651899
0.0731493681669
0.14116178453
0.0611309222877
0.0920863375068
0.0840228870511
0.0557188391685
0.087835714221
0.168366298079
0.102691955864
0.0814549252391
0.11183732003
0.0795106962323
0.0897651389241
0.0914019867778
0.130557030439
0.0810768529773
0.120338514447
0.0637912750244
0.0824013277888
0.0672323107719
0.0609999895096
0.108650326729
0.117140851915
0.0744029656053
0.0744038447738
0.0739678516984
0.0786818042397
0.112470127642
0.0760190859437
0.0949174910784
0.12155842036
0.0599927008152
0.0523320399225
0.0528623722494
0.0925764590502
0.141456842422
0.0916325375438
0.157314762473
0.160960078239
0.0901808738708
0.13811725378
0.0773525759578
0.0778248012066
0.0697923898697
0.111955992877
0.0955322086811
0.11235371232
0.164364293218
0.131847396493
0.0607606992126
0.0778459981084
0.102743312716
0.0778870508075
0.109299279749
0.0757325068116
0.104936145246
0.0949878394604
0.0462448783219
0.148020774126
0.0954735949636
0.0853163897991
0.0827057883143
0.0656866580248
0.0817084684968
0.0970511734486
0.0659509599209
0.0646648555994
0.115272156894
0.0791405066848
0.0703955218196
0.0805255398154
0.0829611867666
0.0802742317319
0.0707332491875
0.0482523106039
0.090721026063
0.111989811063
0.0999422967434
0.0846099704504
0.0877439826727
0.130610838532
0.0443618223071
0.109535515308
0.0892675071955
0.121618784964
0.0625505894423
0.0891768410802
0.127542033792
0.0992210507393
0.0877776741982
0.0721461251378
0.132326975465
0.134740620852
0.123876981437
0.079770155251
0.128157690167
0.0706911161542
0.100294008851
0.0677953660488
0.0978368446231
0.0801303237677
0.0830044895411
0.0568859800696
0.0969204232097
0.0638809502125
0.0722772851586
0.106356225908
0.105549357831
0.12712533772
0.0490391924977
0.0469764657319
0.085701264441
0.0812455862761
0.0410642214119
0.0743406713009
0.0633534491062
0.0984377413988
0.0864905640483
0.111255243421
0.130508482456
0.0782943069935
0.0865186303854
0.0933039709926
0.0881653577089
0.0784064978361
0.0512632615864
0.0449847429991
0.0485292859375
0.0721866935492
0.0861335843801
0.0600018464029
0.117918416858
0.0754814967513
0.0663179829717
0.0806979835033
0.0570624507964
0.0616510733962
0.0979544743896
0.126306355
0.102374643087
0.056169718504
0.0871615335345
0.131028562784
0.0802727788687
0.0678814277053
0.126438453794
0.074572250247
0.0645355954766
0.0864199846983
0.0916037857533
0.0747814774513
0.107393078506
0.123435437679
0.068839661777
0.114959724247
0.0290290918201
0.0889083966613
0.0699421241879
0.0776364505291
0.112289905548
0.0863381624222
0.0997751653194
0.0800359025598
0.0591271109879
