0.693380594254
0.693453133106
0.692735612392
0.692259252071
0.691420257092
0.691266298294
0.691394329071
0.690630495548
0.690055191517
0.690556645393
0.690913796425
0.690398871899
0.68850684166
0.689614772797
0.687585353851
0.689178407192
0.688057601452
0.68706202507
0.686588585377
0.686009824276
0.684891462326
0.68514496088
0.683589279652
0.682374060154
0.686025202274
0.682797312737
0.684083521366
0.678577840328
0.682115197182
0.680643737316
0.680487811565
0.678036034107
0.674727261066
0.678652405739
0.677392482758
0.673572719097
0.672935068607
0.669966518879
0.675335645676
0.667816460133
0.671788752079
0.670287251472
0.664514482021
0.668489158154
0.667596280575
0.668923854828
0.665014445782
0.667051672935
0.664004683495
0.661420881748
0.663637876511
0.666315317154
0.656350791454
0.659436941147
0.659337759018
0.656583547592
0.658185422421
0.656390726566
0.655070483685
0.653045892715
0.649446725845
0.648374438286
0.648724734783
0.646610856056
0.64352875948
0.647487044334
0.650951325893
0.642306804657
0.647758603096
0.633978247643
0.644482791424
0.646784484386
0.649816095829
0.651556789875
0.641081213951
0.641579508781
0.640410661697
0.642987966537
0.639627277851
0.635687708855
0.646258473396
0.637802660465
0.632229864597
0.633801043034
0.630528986454
0.636934220791
0.644982457161
0.632016420364
0.633281648159
0.633523881435
0.627820432186
0.628635585308
0.623189270496
0.623256325722
0.628735184669
0.627471208572
0.621892511845
0.635621368885
0.627025604248
0.638455629349
0.630711317062
0.625727951527
0.628099918365
0.606099128723
0.621165812016
0.608211398125
0.607373297215
0.616944074631
0.631361603737
0.614318192005
0.614451527596
0.620290160179
0.617411136627
0.605295300484
0.595285117626
0.60844874382
0.612153530121
0.60404753685
0.607707202435
0.607372164726
0.615843832493
0.610288381577
0.622076332569
0.603760302067
0.592795372009
0.609383165836
0.607098340988
0.584952354431
0.59370714426
0.586899399757
0.603655219078
0.590167105198
0.596222817898
0.593465089798
0.578992009163
0.59489428997
0.599557161331
0.588991761208
0.602155029774
0.586919188499
0.593738138676
0.57980453968
0.582775890827
0.58187943697
0.593421399593
0.577811658382
0.573006510735
0.580956935883
0.561093986034
0.585216104984
0.588759720325
0.58624869585
0.558840513229
0.594210863113
0.57708632946
0.581633090973
0.560556054115
0.573598086834
0.555341482162
0.546225428581
0.580027341843
0.558347284794
0.578371942043
0.556293785572
0.553326785564
0.562333643436
0.566700696945
0.550575137138
0.578697562218
0.571738898754
0.546997487545
0.567642092705
0.568081080914
0.569695949554
0.567609488964
0.552498340607
0.560431599617
0.558633327484
0.565513730049
0.565674901009
0.546133339405
0.541950643063
0.573341310024
0.55823212862
0.570435523987
0.5615914464
0.568495035172
0.54966801405
0.534912824631
0.549659430981
0.574760317802
0.537310659885
0.540268957615
0.576543211937
0.554668366909
0.569540321827
0.561347544193
0.552783191204
0.54146027565
0.5556858778
0.562400221825
0.549234211445
0.555435776711
0.528452515602
0.558804094791
0.553874969482
0.524272143841
0.558314085007
0.543017089367
0.541090488434
0.533858597279
0.555201053619
0.524410963058
0.547776043415
0.546180963516
0.557190597057
0.53533244133
0.54341840744
0.517458856106
0.552875518799
0.540469586849
0.532043397427
0.522941708565
0.560867786407
0.532102048397
0.541868269444
0.537004411221
0.52394592762
0.544003725052
0.531790673733
0.522701382637
0.517181277275
0.518938958645
0.52073943615
0.483130186796
0.540800273418
0.528805017471
0.521092176437
0.530208826065
0.556797802448
0.517838180065
0.538102626801
0.51115244627
0.521999776363
0.538745164871
0.51454693079
0.508993864059
0.492799907923
0.516869723797
0.524141550064
0.522524595261
0.543927550316
0.506154894829
0.485684245825
0.521773219109
0.482502698898
0.515873134136
0.504060745239
0.516889095306
0.518629848957
0.494467586279
0.530955553055
0.538595378399
0.48304221034
0.532900094986
0.527643859386
0.499277740717
0.514284729958
0.52484357357
0.498577773571
0.54304420948
0.50363689661
0.512008547783
0.518229365349
0.505137503147
0.529246389866
0.516278266907
0.504383742809
0.515973269939
0.521822035313
0.48365676403
0.474736720324
0.507996320724
0.510847747326
0.499493032694
0.501931548119
0.505924761295
0.517545998096
0.519634127617
0.50241458416
0.488026350737
0.516019046307
0.530290424824
0.476380199194
0.502960145473
0.516937494278
0.504023432732
0.518079817295
0.513939142227
0.514334440231
0.517511188984
0.488599121571
0.48511621356
0.500855624676
0.472009807825
0.477205008268
0.520103216171
0.467642366886
0.481611311436
0.502602279186
0.503209531307
0.48179012537
0.501386106014
0.50740903616
0.466016560793
0.451103776693
0.492907077074
0.47368991375
0.480130851269
0.516253709793
0.491259068251
0.486634373665
0.456393808126
0.524215221405
0.500039577484
0.465645045042
0.488499671221
0.476223915815
0.459304153919
0.459577530622
0.480017006397
0.484870702028
0.493551462889
0.457724183798
0.496397972107
0.505997121334
0.471168041229
0.471191883087
0.511691212654
0.482433378696
0.494537383318
0.471447378397
0.494300216436
0.489865958691
0.475006878376
0.437931329012
0.487504422665
0.487969815731
0.511099815369
0.473753213882
0.484421283007
0.486268907785
0.498363614082
0.467318028212
0.515951395035
0.485726594925
0.457078874111
0.489710390568
0.459593325853
0.442744374275
0.449833333492
0.462005674839
0.466249644756
0.468829602003
0.453804820776
0.508256614208
0.511737763882
0.463625103235
0.490125328302
0.494842946529
0.445902109146
0.472097039223
0.455266624689
0.460839420557
0.451573044062
0.452923536301
0.454611629248
0.517266452312
0.476960688829
0.46440666914
0.48223477602
0.462747186422
0.451752007008
0.481955528259
0.467573851347
0.498220264912
0.486636340618
0.465961635113
0.467906087637
0.459666848183
0.461446374655
0.435441404581
0.467268794775
0.428244203329
0.459052830935
0.445448428392
0.442182391882
0.449035674334
0.461360573769
0.453475594521
0.462140053511
0.42533877492
0.447466820478
0.500347018242
0.451676517725
0.52000015974
0.488997638226
0.453462988138
0.463372200727
0.4637760818
0.460144013166
0.4159912467
0.467138856649
0.447312474251
0.472205787897
0.442996025085
0.451314419508
0.432575941086
0.476694464684
0.435473293066
0.455853193998
0.492602646351
0.44225281477
0.456155240536
0.447674661875
0.457529872656
0.438221305609
0.433596581221
0.454090058804
0.444343745708
0.411698907614
0.435818821192
0.485397398472
0.437912404537
0.410934507847
0.446746170521
0.448192209005
0.460111260414
0.438674271107
0.443092525005
0.418026000261
0.448625713587
0.498943597078
0.450934022665
0.45874029398
0.452487260103
0.415261566639
0.464436799288
0.473747909069
0.445897012949
0.480497211218
0.408379763365
0.441314250231
0.436686187983
0.445754408836
0.426168888807
0.48869985342
0.449682354927
0.472460091114
0.425146758556
0.436698317528
0.44928175211
0.479034930468
0.465448111296
0.443212032318
0.468085438013
0.475613743067
0.433809131384
0.468464165926
0.436149805784
0.431724399328
0.466405540705
0.507184922695
0.412821859121
0.47436773777
0.419017463923
0.425367504358
0.426931381226
0.445986151695
0.454685240984
0.429633378983
0.459242761135
0.421393424273
0.463909327984
0.48268276453
0.429169267416
0.4353723526
0.442575603724
0.448008567095
0.420192629099
0.426456719637
0.457767903805
0.399449706078
0.444247215986
0.471110284328
0.410817116499
0.461341410875
0.464119881392
0.400542497635
0.425389617682
0.405291885138
0.447202503681
0.435072392225
0.423809915781
0.431194037199
0.415527075529
0.48070320487
0.441743165255
0.440700560808
0.420691251755
0.476907640696
0.428165465593
0.425959229469
0.467636138201
0.453042626381
0.453560292721
0.438535898924
0.405186265707
0.457708567381
0.447541475296
0.408689707518
0.442921310663
0.42343044281
0.43043667078
0.42491543293
0.445661514997
0.408173859119
0.465687870979
0.454179465771
0.426960021257
0.431759238243
0.422952145338
0.427013427019
0.435938179493
0.410056143999
0.422592490911
0.422530204058
0.445457935333
0.431894004345
0.388283580542
0.421683698893
0.406952321529
0.436893522739
0.406624883413
0.413840085268
0.429698467255
0.440431892872
0.400050610304
0.430021375418
0.399793118238
0.4244979918
0.438603460789
0.456970661879
0.421834141016
0.421780049801
0.42287170887
0.426933437586
0.449532330036
0.439609050751
0.451223492622
0.416412651539
0.444976389408
0.440418452024
0.424603819847
0.432789802551
0.428716063499
0.428887486458
0.457284510136
0.37219363451
0.462224811316
0.421811074018
0.426503837109
0.459021002054
0.44127741456
0.440715551376
0.440311849117
0.394259721041
0.415581852198
0.44326660037
0.460301429033
0.429984420538
0.428379684687
0.394302427769
0.432213634253
0.43476241827
0.437875062227
0.453620612621
0.446821808815
0.427646279335
0.394239515066
0.429883152246
0.42978733778
0.41630205512
0.455823421478
0.425270229578
0.431408256292
0.412163853645
0.458929717541
0.430012613535
0.424766808748
0.399289131165
0.394447296858
0.44655969739
0.401332229376
0.44557222724
0.41267195344
0.429549247026
0.439170181751
0.450324445963
0.410566568375
0.397263675928
0.448272138834
0.417741984129
0.382438451052
0.442325532436
0.471881151199
0.411392003298
0.432879149914
0.382616728544
0.43773111701
0.448109447956
0.441667795181
0.419102728367
0.422712534666
0.429112017155
0.377120912075
0.484255075455
0.417660862207
0.447979599237
0.407954633236
0.3893904984
0.440601825714
0.404466837645
0.419058740139
0.420193344355
0.433417022228
0.386743426323
0.408130079508
0.413668066263
0.433129817247
0.386191099882
0.414772361517
0.430039048195
0.388020098209
0.404759436846
0.41723588109
0.420464128256
0.433500796556
0.405375480652
0.43919762969
0.399861186743
0.386535286903
0.432631880045
0.44526720047
0.412257522345
0.436400204897
0.449131697416
0.403630256653
0.409797608852
0.388798236847
0.418834745884
0.421727836132
0.344692856073
0.431246161461
0.405468523502
0.406429260969
0.38717648387
0.403408735991
0.403028160334
0.459646612406
0.38854765892
0.439782828093
0.397195607424
0.429284363985
0.416158646345
0.390716344118
0.458313763142
0.458056151867
0.419075161219
0.434066355228
0.439314454794
0.391734570265
0.449895054102
0.436349749565
0.39733377099
0.425862580538
0.436622321606
0.403850227594
0.39417719841
0.430047392845
0.403931975365
0.388857841492
0.421743512154
0.399068444967
0.434718072414
0.41055303812
0.423263520002
0.405106604099
0.441703289747
0.377266198397
0.402461081743
0.430602580309
0.388452529907
0.417587012053
0.441425681114
0.382517784834
0.398572921753
0.422264873981
0.441058188677
0.44525295496
0.387745380402
0.422187775373
0.409495770931
0.367173910141
0.439643502235
0.363246649504
0.378698468208
0.414306372404
0.389538675547
0.410938173532
0.380474507809
0.446826905012
0.419565230608
0.379904031754
0.413300186396
0.406976163387
0.409620344639
0.3849363029
0.409641742706
0.454198747873
0.38895496726
0.418419986963
0.447807967663
0.3996758461
0.434228688478
0.433228313923
0.411508202553
0.411052793264
0.425255447626
0.366430550814
0.434247523546
0.406682372093
0.43913975358
0.402483046055
0.384555160999
0.436190396547
0.387063264847
0.422702729702
0.391498833895
0.369027107954
0.380873560905
0.390253990889
0.40606585145
0.442945837975
0.409803688526
0.421467334032
0.401578575373
0.409268945456
0.405819624662
0.40125310421
0.446132183075
0.405691236258
0.41049271822
0.446793377399
0.439720720053
0.413264214993
0.407924473286
0.438344657421
0.408239483833
0.39992967248
0.37302133441
0.397727966309
0.413533240557
0.412245601416
0.396312654018
0.428033441305
0.354644328356
0.408374458551
0.387484252453
0.395880132914
0.357062131166
0.391749233007
0.425590068102
0.432798594236
0.391213089228
0.394359380007
0.38516998291
0.373549371958
0.386444211006
0.436954706907
0.392218798399
0.401181936264
0.363436102867
0.38146558404
0.415086627007
0.438614189625
0.372121423483
0.425439596176
0.403884619474
0.390213370323
0.362900942564
0.35612821579
0.417525678873
0.383834660053
0.371310025454
0.378777295351
0.371779769659
0.411651492119
0.408462077379
0.422591000795
0.409325540066
0.418487071991
0.389175772667
0.360355019569
0.385652095079
0.371946930885
0.421532988548
0.38350212574
0.366746068001
0.435677081347
0.365251421928
0.464341431856
0.42738878727
0.364449054003
0.423753619194
0.388641923666
0.441059172153
0.383987128735
0.391567587852
0.359696179628
0.405524611473
0.431541949511
0.417698532343
0.453402906656
0.42082414031
0.421416580677
0.447589039803
0.41568890214
0.389772802591
0.430183231831
0.377819985151
0.369625270367
0.384603440762
0.438465178013
0.376993238926
0.420496672392
0.387251138687
0.371507823467
0.382391631603
0.390355110168
0.430130898952
0.386382609606
0.37634536624
0.384198069572
0.362058192492
0.386169463396
0.403012484312
0.411428391933
0.400589585304
0.37313079834
0.390466570854
0.377108365297
0.430205434561
0.386498063803
0.496035277843
0.389875352383
0.400708347559
0.386460095644
0.423461139202
0.383304029703
0.368052452803
0.422006636858
0.384892374277
0.391974002123
0.429272949696
0.372904568911
0.3533385396
0.39558210969
0.374994367361
0.454518824816
0.419584780931
0.422073513269
0.389779299498
0.367626130581
0.421706497669
0.397512733936
0.440496951342
0.412399560213
0.393142074347
0.363390624523
0.370682239532
0.37003582716
0.415815472603
0.379310011864
0.395371109247
0.380236148834
0.421410948038
0.369196861982
0.394404381514
0.423631578684
0.401791840792
0.373723089695
0.414964735508
0.406488120556
0.383110195398
0.39359241724
0.379134356976
0.400442123413
0.407886594534
0.416613101959
0.354613989592
0.360128194094
0.367230832577
0.386508226395
0.40920689702
0.383850514889
0.362353622913
0.410053044558
0.401128083467
0.395296305418
0.392457097769
0.355313718319
0.394478142262
0.370035350323
0.396277576685
0.434135735035
0.380715370178
0.390446931124
0.353761076927
0.444555431604
0.392141163349
0.387145489454
0.393465667963
0.396535515785
0.425056755543
0.411824405193
0.397060126066
0.399467945099
0.390279084444
0.384350627661
0.352266997099
0.342011660337
0.338314622641
0.380542725325
0.36083316803
0.354428142309
0.350935399532
0.415614455938
0.382579773664
0.394776046276
0.380158185959
0.455898910761
0.365485101938
0.412156194448
0.361113756895
0.386680185795
0.397263228893
0.441731601954
0.361683249474
0.400751799345
0.374993145466
0.360987067223
0.391168385744
0.360257446766
0.418534040451
0.360983133316
0.39462056756
0.377241820097
0.407220780849
0.390594899654
0.361454129219
0.368848919868
0.351857066154
0.358271420002
0.358150720596
0.411053776741
0.43562105298
0.37619125843
0.387996017933
0.358369767666
0.377246618271
0.392368525267
0.374660313129
0.342031925917
0.413682967424
0.38390481472
0.408973187208
0.378650039434
0.375604718924
0.361983954906
0.430582880974
0.373687118292
0.397860318422
0.374636501074
0.476399749517
0.379401385784
0.338281393051
0.362531036139
0.41315433383
0.384624749422
