1.40530204773
1.63394904137
1.66466069221
1.36096560955
1.04630160332
1.00186014175
0.522575616837
0.791729211807
0.979375243187
0.68116748333
0.543118834496
0.485507547855
0.701852202415
0.394582599401
0.517328619957
0.557991325855
0.496878534555
0.611796438694
0.254849970341
0.530366659164
0.355210870504
0.289312005043
0.498654574156
0.252828359604
0.219356670976
0.302800178528
0.367897838354
0.245858386159
0.285347282887
0.27672970295
0.101861156523
0.187943205237
0.195325136185
0.0670185163617
0.167116433382
0.138935208321
0.117311902344
0.200428530574
0.218401193619
0.157790154219
0.139300152659
0.190254226327
0.172985374928
0.0643195807934
0.190431058407
0.136230796576
0.171112895012
0.157625958323
0.0671142190695
0.165460646152
