0.692992150784
0.691529631615
0.69019728899
0.688761889935
0.686661601067
0.684607386589
0.68258190155
0.680400848389
0.677943229675
0.675362884998
0.672583580017
0.669785678387
0.666786015034
0.663958907127
0.660676836967
0.657262682915
0.654565274715
0.6514955163
0.648082256317
0.644374668598
0.641225993633
0.637157857418
0.634426355362
0.630710482597
0.627275109291
0.622771501541
0.619556427002
0.615199267864
0.611686229706
0.608368337154
0.603526413441
0.599899291992
0.59619563818
0.590871691704
0.586946189404
0.583728075027
0.579090774059
0.574683129787
0.570670545101
0.564253866673
0.561415553093
0.554922759533
0.552258908749
0.546638250351
0.540957868099
0.536620557308
0.532785356045
0.527018904686
0.522904336452
0.516383290291
0.511791229248
0.505210936069
0.50077778101
0.493920743465
0.488754481077
0.485469251871
0.478048473597
0.472364127636
0.467580199242
0.462425857782
0.456773996353
0.44891795516
0.444983661175
0.440242230892
0.431900084019
0.425947457552
0.419302135706
0.415185034275
0.407872349024
0.402037352324
0.3958337605
0.390601634979
0.380865305662
0.373994261026
0.367878615856
0.361958652735
0.352006822824
0.34607052803
0.339247703552
0.331199318171
0.323353350163
0.317190915346
0.311635643244
0.302580177784
0.296908795834
0.287930458784
0.280788600445
0.277101963758
0.270781129599
0.26217058301
0.255065977573
0.250980913639
0.241194009781
0.235732346773
0.231190055609
0.223190620542
0.220410585403
0.214169979095
0.207978412509
0.199751451612
0.197920486331
0.190260320902
0.184371188283
0.179486379027
0.173390686512
0.173602074385
0.165872633457
0.161527276039
0.15962639451
0.153029799461
0.147552937269
0.144659683108
0.141132906079
0.138243570924
0.132466986775
0.128634333611
0.128368511796
0.122048780322
0.117734640837
0.117955632508
0.114348553121
0.110864646733
0.108767420053
0.10453543067
0.101785168052
0.097785487771
0.0976627469063
0.0909789353609
0.0932240113616
0.0886543765664
0.0872715264559
0.0836072787642
0.0811990574002
0.077740944922
0.0784576535225
0.0764107555151
0.0745421275496
0.0728149712086
0.0703413486481
0.06921428442
0.0662196949124
0.0651169344783
0.0642977282405
0.0617631264031
0.0599885508418
0.0602116286755
0.0575501993299
0.0563042163849
0.0543217733502
0.0532844252884
0.0533505193889
0.0529993958771
0.0505874045193
0.0495503395796
0.0478305853903
0.0476911962032
0.0464654862881
0.0470293425024
0.0439765155315
0.043116800487
0.0426801815629
0.041561961174
0.0420320034027
0.0398271232843
0.0390735007823
0.0387916043401
0.038654115051
0.0366818904877
0.0366049073637
0.0360603667796
0.0341434329748
0.0333340875804
0.0335678607225
0.0336377620697
0.0335017703474
0.0314793549478
0.0310081578791
0.0314998477697
0.0294043663889
0.0291403234005
0.0286961607635
0.0281667485833
0.0284855868667
0.0272629614919
0.0271930415183
0.0262170247734
0.0269871391356
0.0256112683564
0.026299007237
0.0254943035543
0.0241946708411
0.0240663196892
0.0237885080278
0.0248650852591
0.0234471149743
0.0226227845997
0.0223473086953
0.0220777038485
0.022593088448
0.021072331816
0.0219047870487
0.0209326762706
0.0210597012192
0.0203987453133
0.0210600961
0.0206963010132
0.0197770800442
0.0187478084117
0.0187806170434
0.0195212326944
0.018004745245
0.0176273323596
0.0182097759098
0.0177870579064
0.0174119528383
0.0172926280648
0.0173534862697
0.0173532105982
0.0160312335938
0.0160171426833
0.0156006189063
0.0157910697162
0.0157217904925
0.0156973488629
0.0153037393466
0.0154567901045
0.0151031501591
0.0148902889341
0.0140115693212
0.0146679896861
0.0150040369481
0.0142058096826
0.0139697240666
0.0139513639733
0.0134053928778
0.0128245009109
0.013656293042
0.0127953598276
0.0137194078416
0.013804199174
0.0127702895552
0.0125396680087
0.0123447235674
0.012475034222
0.0124064674601
0.0129635604098
0.0124004315585
0.0116863483563
0.0120818465948
0.0119122443721
0.0118452701718
0.0109842903912
0.0113461501896
0.0111072873697
0.011330973357
0.0108780907467
0.0106856152415
0.0102288872004
0.010186069645
0.0107512800023
0.0106777958572
0.010448358953
0.0103813474998
0.0109602510929
0.0101444944739
0.00963790342212
0.00955733191222
0.0102166812867
0.00897564180195
0.00938679743558
0.0089613860473
0.0098967961967
0.00891956500709
0.00908888038248
0.00943399127573
0.00884807482362
0.00899452250451
0.00910194776952
0.00855100248009
0.00848106853664
0.0087883155793
0.00891616940498
0.00834161788225
0.00850541517138
0.00825128518045
0.00853991229087
0.00833599641919
0.00813519209623
0.00794870406389
0.00792733766139
0.00793290045112
0.00829590298235
0.00744268158451
0.00786503590643
0.00783625803888
0.00757716270164
0.00756040075794
0.0072676576674
0.00721912784502
0.0069825174287
0.00728552881628
0.0067575443536
0.00723473960534
0.00709743518382
0.00683500105515
0.00704369554296
0.00685556419194
0.00654393108562
0.00633394904435
0.00634407764301
0.0065552177839
0.00672357529402
0.00628385553136
0.00638373428956
0.00631042011082
0.00621684221551
0.00642154971138
0.00619384367019
0.00622732797638
0.00621808785945
0.00620166491717
0.00600425247103
0.00612558051944
0.00624452438205
0.00588224595413
0.00598321761936
0.00572746666148
0.00578905036673
0.00588031904772
0.00538891972974
0.0053125382401
0.00537089817226
0.0056045264937
0.00548271974549
0.00554504618049
0.00541010731831
0.00541483610868
0.00536428997293
0.00535766454414
0.0049362834543
0.00508533976972
0.00513992551714
0.0052881995216
0.00541848549619
0.00508470414206
0.00477816537023
0.00520989717916
0.00489682937041
0.00515642296523
0.00493145408109
0.00478891842067
0.00480729434639
0.00498509220779
0.00462686130777
0.00461053382605
0.00480002677068
0.00472210161388
0.00488049210981
0.0044346456416
0.00441177980974
0.00485898507759
0.00450679333881
0.00438120728359
0.00467553082854
0.00429432606325
0.00436030700803
0.00459993630648
0.00457107042894
0.00434573693201
0.00410182122141
0.00425933906808
0.00425251759589
0.00422496255487
0.00407495815307
0.00428721215576
0.00448627071455
0.0040803803131
0.00424825493246
0.00436190981418
0.00388890784234
0.00428919447586
0.00408258708194
0.00402227137238
0.00378613360226
0.00378143554553
0.0036198918242
0.00410361401737
0.00397764332592
0.00396497547626
0.0036270711571
0.00364765897393
0.00372362881899
0.00372159853578
0.0036603892222
0.00362656544894
0.00357936066575
0.00359225226566
0.00339545961469
0.00375918927602
0.00386160751805
0.00343556143343
0.00321803614497
0.00347408675589
0.00325848418288
0.00346076115966
0.00342654436827
0.00359005178325
0.00334663572721
0.00333411758766
0.00326571264304
0.00328570883721
0.003165734699
0.00328326621093
0.0034211082384
0.00324106914923
0.00301861600019
0.00325026502833
0.0031796740368
0.00323634734377
0.00309343938716
0.00329399202019
0.00316529744305
0.00327423843555
0.0030523003079
0.00324698863551
0.00315389665775
0.00303382868879
0.00303542730398
0.0028855255805
0.00298279966228
0.00316652702168
0.00311707356013
0.0030987826176
0.00316935335286
0.00304368440993
0.00297930533998
0.00291325431317
0.00272593763657
0.00282929325476
0.00279341754504
0.00288022961468
0.00293908151798
0.00297151622362
0.00276730535552
0.00275765941478
0.00290209311061
0.00270547042601
0.00275683612563
0.0027873730287
0.00273272185586
0.00287091638893
0.00285518635064
0.00262852758169
0.00266363215633
0.00260482472368
0.00267358520068
0.00266909436323
0.00267756939866
0.00254428014159
0.00260171596892
0.00252927141264
0.00271943770349
0.00261187041178
0.00246580434032
0.00255620083772
0.00257418048568
0.00244653387927
0.00246970774606
0.0023740157485
0.00241460301913
0.00254385708831
0.0022252057679
0.00237165018916
0.00240014027804
0.00231982325204
0.0022973427549
0.00246789329685
0.00244028749876
0.00232009519823
0.00241312105209
0.00222761486657
0.00235537672415
0.00237161293626
0.00220225914381
0.00220811623149
0.00217666197568
0.00221418519504
0.00227344641462
0.0023101544939
0.00244412012398
0.00210862746462
0.00211171316914
0.00218431698158
0.00202045799233
0.00225778622553
0.00224816682748
0.00224389275536
0.00226430711336
0.00221730489284
0.00219898554496
0.00217699096538
0.00217810203321
0.00219184160233
0.00198394409381
0.00221846695058
0.00196974282153
0.00193571788259
0.00216980604455
0.00240174913779
0.00209227576852
0.00202543591149
0.00206320197321
0.00202441541478
0.00206605228595
0.00200642063282
0.00221936847083
0.00204755063169
0.00194044737145
0.00201519881375
0.00194741913583
0.00201598461717
0.0019329925999
0.00207342440262
0.00184358318802
0.00197028717957
0.00203607487492
0.00196926738136
0.00195961724967
0.00181597995106
0.00191917538177
0.00198532757349
0.00199866085313
0.00183486822061
0.00176209816709
0.00181738869287
0.00194795057178
0.00204801280051
0.00179501483217
0.00193526293151
0.00188443891238
0.00188341399189
0.0018063216703
0.00180268124677
0.00191169802565
0.00185974338092
0.0018650603015
0.00181356759276
0.001774556702
0.00172742514405
0.00185443041846
0.00168640806805
0.00187947507948
0.00166222348344
0.00169761048164
0.00170542555861
0.0016368807992
0.00188692542724
0.00164479890373
0.00185655301902
0.00171293981839
0.00151579908561
0.00170517107472
0.00162835605443
0.00200578244403
0.0016599255614
0.00156811624765
0.00163196679205
0.00168586126529
0.00154311454389
0.00173525465652
0.00150410609785
0.00153692264576
0.00160775624681
0.00150615384337
0.00152686657384
0.00158748507965
0.00149827066343
0.00161272392143
0.00163961097132
0.00159243668895
0.00159469118807
0.0014503163984
0.0014869190054
0.0015145491343
0.00154411431868
0.00149663747288
0.00160130613949
0.00150142237544
0.0015470017679
0.0015147497179
0.00148825568613
0.00142217741814
0.00161073415074
0.00140937743708
0.00162825442385
0.00143451546319
0.00138337432873
0.00144115381408
0.00150376127567
0.00132160133217
0.00144748017192
0.00140355655458
0.00142165331636
0.00139792752452
0.0013642545091
0.00138885853812
0.00151235214435
0.00134358345531
0.00136252189986
0.00141494360287
0.00141748739406
0.00138665281702
0.00130231829826
0.00139866559766
0.00150377047248
0.00138402881566
0.00128169904929
0.00136286846828
0.00148090359289
0.00132621696685
0.00127920252271
0.0013575986959
0.00120212626643
0.00133012910374
0.00126817065757
0.00133123830892
0.00127876619808
0.00132883293554
0.00119577685837
0.00130452471785
0.00130159547552
0.00128110172227
0.00124686618801
0.00134736706968
0.00130889040884
0.00141998229083
0.00120536098257
0.00127717899159
0.00124693964608
0.00125655543525
0.00127962650731
0.00121885864064
0.00128308113199
0.00131267448887
0.00135504384525
0.00126050109975
0.0011612897506
0.00123668229207
0.00110768107697
0.0011310253758
0.00111892714631
0.00126877089497
0.00105523597449
0.00113156170119
0.00112429936416
0.00128494412638
0.00111640803516
0.00125533295795
0.00111330358777
0.00122275901958
0.00120762560982
0.00117183930706
0.00128625647631
0.00115887634456
0.00106519227847
0.00109698984306
0.00115376082249
0.00116601132322
0.0011222489411
0.0011483845301
0.00103514024522
0.00118079432286
0.00113148451783
0.00113623705693
0.00112422229722
0.00111475843005
0.00112445815466
0.00109753524885
0.00117392151151
0.00110300281085
0.00108308019117
0.00109221378807
0.00119286694098
0.00111081742216
0.0010495968163
0.0011059269309
0.00109070446342
0.0010722001316
0.00111681886483
0.000967802945524
0.00111210311297
0.00105574238114
0.00101693649776
0.00100961443968
0.00109451438766
0.00103466806468
0.00100303534418
0.00100158550777
0.00105250277556
0.000959235010669
0.00100393174216
0.00104411051143
0.000936908472795
0.00106132915244
0.000966003921349
0.00106511637568
0.0010003389325
0.000940451107454
0.00101057556458
0.00105763052125
0.00101633614395
0.00107818923425
0.000960206671152
0.00101648340933
0.00103394419421
0.000936771335546
0.0011141912546
0.000933916890062
0.000974066380877
0.00102540687658
0.000915995042305
0.000925318046939
0.000942544545978
0.00101968599483
0.000938713434152
0.00096540042432
0.00093328836374
0.000909929105546
0.000960040371865
0.000987147446722
0.000939797493629
0.000932519556955
0.000959717086516
0.00100319564808
0.000842995010316
0.000886392896064
0.000926222186536
0.000914630538318
0.000953006499913
0.000924569962081
0.000859348219819
0.00090750673553
0.00089833966922
0.000900713203009
0.00096096994821
0.000914103351533
0.000895799952559
0.000871862168424
0.000991718843579
0.000951190246269
0.000918024510611
0.000897524645552
0.00084226106992
0.000883079599589
0.000901252089534
0.000911970681045
0.000858350482304
0.000846170354635
0.000925454951357
0.000894632423297
0.000888220558409
0.000897697173059
0.000832359481137
0.000787660246715
0.000866127375048
0.000881377141923
0.000821875815745
0.00082091515651
0.000865902169608
0.000849890406244
0.000840840104502
0.000826577655971
0.000779284513555
0.000893599353731
0.000824910355732
0.00086377072148
0.000752587802708
0.000799365981948
0.00083585846005
0.000860125175677
0.000849183183163
0.00082045304589
0.000803029106464
0.000870543706696
0.000858758110553
0.000794249412138
0.000789881916717
0.000889026094228
0.000809863733593
0.000747713434976
0.000785645970609
0.00081137532834
0.000767057063058
0.000875966565218
0.000804226147011
0.000755902379751
0.000819199136458
0.000794235733338
0.00075186311733
0.000743805489037
0.0007624871796
0.000788894947618
0.000720388139598
0.000767380988691
0.000765547854826
0.000703721656464
0.000813769467641
0.000838271749672
0.000756684865337
0.000856806291267
0.000753118772991
0.00078106665751
0.000796556996647
0.000701991666574
0.000726401922293
0.000752000429202
0.000723860983271
0.000741365307476
0.000756219902541
0.00080201914534
0.00074382830644
0.000768710975535
0.000744027551264
0.00068674213253
0.000681919860654
0.000766036158893
0.000766020093579
0.000668771972414
0.000696280971169
0.000663084501866
0.000803417351563
0.000686045677867
0.000697726965882
0.000746155681554
0.000705051876139
0.000683424121235
0.000727842503693
0.000676592520904
0.000716162612662
0.000715174595825
0.00065550673753
0.000678416457959
0.00070584792411
0.000686551677063
0.000698425224982
0.000725700345356
0.00070915336255
0.000665458617732
0.00068951852154
0.00065602385439
0.00063816626789
0.0006484312471
0.000663111917675
0.000773745414335
0.000691994151566
0.000651911250316
0.000650754955132
0.000642335391603
0.000664942897856
0.000699956726748
0.000679201737512
0.000663649872877
0.000702102028299
0.000637702294625
0.00067935010884
0.000653676572256
0.000578781298827
0.000606459798291
0.000628288195003
0.000681107921991
0.000669514061883
0.000671841087751
0.00070526311174
0.000678723154124
0.00065746641485
0.000713402347174
0.000672733003739
0.000683943973854
0.000660815450829
0.000622240826488
0.000671068788506
0.00070872833021
0.000606070854701
0.000603855587542
0.000597424281295
0.00067916297121
0.000639060512185
0.000604371598456
0.000639141886495
0.000696031958796
0.000688299536705
0.000636212993413
0.000645614520181
0.000611740804743
0.000649067340419
0.000601272447966
0.00060061289696
0.000652920629364
0.000602862099186
0.00064037804259
0.000641492311843
0.000668895838317
0.00058517686557
0.00058624293888
0.00067233707523
0.000635064905509
0.00062491663266
0.000592694850639
0.000613750540651
0.000634191150311
0.000609775423072
0.000557128107175
0.000607277732342
0.000546602706891
0.000567755661905
0.00058075907873
0.000622730876785
0.000613358104602
0.00060577003751
0.000626962224487
0.000571471464355
0.000622458406724
0.000550686498173
0.000548106851056
0.000567192328162
0.000594923447352
0.000602051208261
0.000553429068532
0.000528162403498
0.000617965764832
0.000536602165084
0.000633107149042
0.000544395879842
0.000562237168197
0.000523762486409
0.000512450875249
0.000620063510723
0.000534527469426
0.000514800834935
0.00054072518833
0.000571242766455
0.000558518921025
0.000571421580389
0.000568578019738
0.000561447115615
0.000556251208764
0.000510862038936
0.000525894225575
0.000558860367164
0.000552490295377
0.000536333362106
0.000517690496054
0.000572221470065
0.000565585622098
0.000514452112839
0.000521005829796
0.00051207508659
0.000529356708284
0.000533550628461
0.000567371142097
0.000504932831973
0.000539130356628
0.000522725633346
0.000498901412357
0.000540859007742
0.000514884304721
0.000557848368771
0.000495165237226
0.000555619073566
0.000519060529768
0.000506201758981
0.000551678531338
0.0005334361922
0.000484374759253
0.000535078987014
0.000563406618312
0.000502325361595
0.000483152427478
0.000541460467502
0.000519138411619
0.00048079690896
0.000511086720508
0.000506252108607
0.000556661456358
0.000489851925522
0.000501426809933
0.000531341647729
0.000513379520271
0.000542024848983
0.000540491659194
0.000555092468858
0.000536384759471
0.000572405871935
0.000543504254892
0.000571114826016
0.000518910237588
0.000501307949889
0.000505392439663
0.000470696308184
0.00052194664022
0.000498473527841
0.000476616318338
0.000506706419401
0.000515453459229
0.00055406492902
0.00050062435912
0.000522585585713
0.000500060094055
0.000506540760398
0.000543544418178
0.000547989387996
0.000540771812666
0.000506774813402
0.000529048964381
0.000502346665598
0.000582493899856
0.000531156314537
0.000530349556357
0.000506444775965
0.000481713737827
0.000499326270074
0.000514433195349
0.000497338594869
0.000487044308102
0.000490819977131
0.000482676667161
0.000525174720678
0.000524461036548
0.000503490271512
0.000559716776479
0.000503239047248
0.000539007189218
0.00049307156587
0.000531822326593
0.000506149604917
0.00053330155788
0.000530371151399
0.000550266064238
0.000490024744067
0.000471216219012
0.000519195571542
0.000508614932187
0.00054956699023
0.000533395446837
0.000476271990919
0.000485139142256
0.00053188885795
0.000530653458554
0.00055440160213
0.000496687483974
0.000567549839616
0.00053119106451
0.000482288218336
0.00047357173753
0.000540463253856
0.000542272115126
0.000491462997161
0.000540308188647
0.000519393535797
0.000519867462572
0.000533854588866
0.000562030065339
0.000479042675579
0.000518433284014
0.000552248151507
0.000471643055789
0.000487233017338
0.000519051158335
0.000475217355415
0.000530475808773
0.000564595276956
0.000531321449671
0.000554726924747
0.000481601746287
0.000470748113003
0.000528484524693
0.000541693763807
0.0005222534528
0.000528257631231
0.000533488986548
0.000519396387972
0.000495654297993
0.000540143519174
0.000481900031446
0.000492679479066
0.000474620785099
0.000486106553581
0.000542256457265
0.00048787513515
0.000524648989085
0.00047250353964
0.000562856090255
0.000523723778315
0.000491593964398
0.000561805150937
0.000509407953359
0.000478718953673
0.000508677389007
0.000475576962344
0.000511918042321
0.000517296022736
0.000536007573828
0.000499695423059
0.000501593458466
0.000557744817343
0.000614291289821
0.000483227428049
0.000512748607434
0.000499591464177
0.000517348467838
0.000480767543195
0.00050817936426
0.000505509786308
0.000493101542816
0.000543652218767
0.000525033450685
0.000530395365786
0.000511225895025
0.000506252108607
0.000507850665599
0.00056532403687
0.000485646072775
0.000578953593504
0.00049304694403
0.000548350275494
0.000561126740649
0.000463457137812
0.000450370105682
0.000524179486092
0.00053050351562
0.000471857842058
0.000552186975256
0.000513049948495
0.000487310055178
0.000518252199981
0.000522587040905
0.00048488000175
0.000513269973453
0.000506900949404
0.000476467248518
0.00056146690622
0.000520268804394
0.000512149475981
0.000531926285475
0.000537980813533
0.000507017306518
0.000538446824066
0.00049723504344
0.000464453507448
0.00045804324327
0.000484409451019
0.000499113928527
0.000497877888847
0.000533248006832
0.000527680851519
0.000502096721902
0.0004862768983
0.000532795675099
0.000525905634277
0.000450497464044
0.000504000985529
0.000513585691806
0.000523658236489
0.000537066545803
0.000499221030623
0.000450266437838
0.000458523689304
0.000469019985758
0.000538699910976
0.000461684685433
0.000503604358528
0.000489782076329
0.000480263930513
0.000461986812297
0.000504724506754
0.000511232938152
0.000483170093503
0.000480188056827
0.00051761692157
0.000523543858435
0.000513651175424
0.000492387800477
0.000511861348059
0.000451748113846
0.000519129214808
0.000524800154381
0.000513929117005
0.000481324008433
0.000570685544517
0.000547005911358
0.000486011122121
0.000526507210452
0.000577632919885
0.000508392055053
0.000542003952432
0.000543797912542
0.000484007934574
0.000489138648845
0.000542680907529
0.000569753115997
