1.79166781902
1.50990343094
1.47093355656
1.60876464844
1.5757869482
1.46118247509
1.45985007286
1.55826842785
1.51013791561
1.55803000927
1.29424369335
1.26293051243
1.37197041512
1.69237756729
1.18268334866
1.53057599068
1.64155077934
1.85375678539
1.44459664822
1.25578558445
1.43277406693
1.471960783
1.37772846222
1.39326071739
1.53478324413
1.32691550255
1.23881995678
1.74120545387
1.45448565483
1.41208720207
1.17644250393
1.46500277519
1.29205322266
1.5054872036
1.42329454422
1.34066724777
1.49723911285
1.6912715435
1.41794085503
1.50512516499
1.61227107048
1.52162337303
1.54907226562
1.22456252575
1.42676579952
1.60937130451
1.60902369022
1.66935026646
1.75839102268
1.47735965252
1.36514258385
1.51631009579
1.53864252567
1.47375512123
1.48619043827
1.61666989326
1.47226130962
1.37590873241
1.68895292282
1.30024731159
1.52681291103
1.32753992081
1.45057892799
1.41782236099
1.56037259102
1.28651475906
1.34987366199
1.39505374432
1.48197948933
1.48513901234
1.49103486538
1.37973988056
1.24051642418
1.66642153263
1.36526477337
1.52958035469
1.41809499264
1.57898557186
1.33325910568
1.63793802261
1.48409843445
1.54315423965
1.66604065895
1.43432998657
1.40871763229
1.14908993244
1.62780320644
1.49161672592
1.38798677921
1.59077203274
1.60274732113
1.36027777195
1.24800360203
1.25811600685
1.4907245636
1.39860284328
1.63560855389
1.54291141033
1.43001317978
1.51936912537
