0.69657355547
0.684177875519
0.695938646793
0.688473284245
0.686460316181
0.690252482891
0.686195850372
0.688952863216
0.683452427387
0.684653460979
0.681129992008
0.684034407139
0.685992121696
0.687825739384
0.681960821152
0.686853468418
0.690845608711
0.685505211353
0.691636860371
0.687759339809
0.684605300426
0.683611929417
0.684269011021
0.684497356415
0.685090243816
0.681863307953
0.684004604816
0.682331681252
0.680882871151
0.678164124489
0.681121110916
0.683044731617
0.682587981224
0.680746674538
0.684537708759
0.680995643139
0.683474063873
0.683459341526
0.678019762039
0.67184150219
0.671001672745
0.671930730343
0.676694571972
0.676816999912
0.677658736706
0.666735112667
0.666721463203
0.683058738708
0.666513860226
0.684782147408
0.690506875515
0.673598885536
0.656226575375
0.683781862259
0.666923284531
0.677574634552
0.682480692863
0.662002265453
0.666790008545
0.675309479237
0.669911503792
0.669395029545
0.659240007401
0.685146212578
0.677021145821
0.675226449966
0.678864717484
0.675287246704
0.67289018631
0.665464699268
0.678670167923
0.667661786079
0.675671994686
0.669707298279
0.65994656086
0.667672157288
0.67294639349
0.66990172863
0.655795812607
0.664468407631
0.652563929558
0.661401987076
0.657942175865
0.667568147182
0.68853187561
0.660589873791
0.651877641678
0.674237787724
0.656607270241
0.651944637299
0.669919967651
0.662247240543
0.664494216442
0.656193554401
0.662167429924
0.64896261692
0.64169472456
0.643900036812
0.642796337605
0.658923566341
0.649663627148
0.661849439144
0.652725577354
0.67432898283
0.663127481937
0.648514986038
0.664574027061
0.644494354725
0.654140889645
0.655002176762
0.672921538353
0.647567212582
0.643465638161
0.644893586636
0.667639732361
0.645731210709
0.670595943928
0.659577012062
0.6742156744
0.656660854816
0.666359603405
0.670018732548
0.641366779804
0.649302065372
0.657860815525
0.630778253078
0.637336373329
0.655866503716
0.646099090576
0.642767131329
0.633299827576
0.655740559101
0.665745556355
0.659486353397
0.651329219341
0.643316626549
0.637171030045
0.658047497272
0.653450846672
0.66962647438
0.63031733036
0.646119654179
0.642065107822
0.64215451479
0.643073260784
0.643463015556
0.656800627708
0.618221819401
0.66418415308
0.656955003738
0.61536860466
0.668911397457
0.636963784695
0.647129237652
0.642289936543
0.628163456917
0.667656779289
0.661223053932
0.647917509079
0.68411386013
0.652032613754
0.662215828896
0.653311371803
0.656092524529
0.643174767494
0.654681563377
0.65612077713
0.650172173977
0.616498827934
0.63639986515
0.643263876438
0.647688388824
0.652124345303
0.659832298756
0.622321724892
0.653363764286
0.64958101511
0.622544467449
0.664779245853
0.633788466454
0.639597594738
0.640840470791
0.650588154793
0.629723668098
0.618243694305
0.645038723946
0.64449006319
0.648135662079
0.636082053185
0.663911759853
0.642119765282
0.643827259541
0.637216985226
0.642196536064
0.669522404671
0.643450796604
0.628175139427
0.645169436932
0.644602656364
0.64881426096
