0.686535894871
0.681607186794
0.670849859715
0.658961176872
0.656234502792
0.649208903313
0.639916598797
0.634515702724
0.622617483139
0.613353848457
0.615183413029
0.597908139229
0.61533421278
0.591199338436
0.60648649931
0.602539420128
0.587227106094
0.57687073946
0.586625933647
0.58604824543
0.564012110233
0.568959534168
0.552673399448
0.564239084721
0.555633604527
0.531322300434
0.517916798592
0.52169662714
0.538044452667
0.526664793491
0.51137137413
0.492039710283
0.521499216557
0.519162833691
0.503526031971
0.519975423813
0.507185935974
0.50378459692
0.497256666422
0.509371042252
0.478154987097
0.508313715458
0.49877628684
0.476060718298
0.482981711626
0.4817032516
0.447253704071
0.463216722012
0.422251522541
0.415108829737
0.476351261139
0.537299215794
0.473704576492
0.43755531311
0.441819041967
0.43844217062
0.446433752775
0.421923875809
0.437328845263
0.436801850796
0.409633845091
0.403946220875
0.435328632593
0.442165404558
0.414316087961
0.452424943447
0.436175495386
0.433559030294
0.448281258345
0.406266152859
0.389905691147
0.405736893415
0.421870231628
0.415167719126
0.400034844875
0.414000123739
0.407582312822
0.397314965725
0.404099404812
0.38805809617
0.384104281664
0.412441909313
0.373790472746
0.403771042824
0.356588661671
0.418110966682
0.365359336138
0.378961622715
0.40363702178
0.392512917519
0.3656668365
0.384301900864
0.425200849771
0.396134495735
0.42023473978
0.408168107271
0.384325116873
0.378416031599
0.371403843164
0.378587752581
0.435308128595
0.40205925703
0.408935278654
0.378362178802
0.374176889658
0.378129690886
0.369104713202
0.381526172161
0.363735616207
0.359529823065
0.357890218496
0.364599466324
0.357707649469
0.401925355196
0.358352661133
0.389351516962
0.375876516104
0.421957731247
0.392216861248
0.396985530853
0.390758723021
0.352405786514
0.391087859869
0.410930365324
0.357426047325
0.41253259778
0.386555284262
0.38794618845
0.374316304922
0.392144650221
0.401068985462
0.368878483772
0.3311239779
0.406279951334
0.336652427912
0.349381119013
0.342520713806
0.348191559315
0.366527944803
0.379156649113
0.311845272779
0.334322482347
0.371338099241
0.363771915436
0.337865948677
0.399461358786
0.421449571848
0.398793637753
0.363144785166
0.367000043392
0.344169974327
0.373664677143
0.355045676231
0.3507797122
0.361007124186
0.35239431262
0.361311495304
0.363345682621
0.342514902353
0.402324795723
0.357684761286
0.35719999671
0.354811429977
0.353968590498
0.355082303286
0.392641454935
0.369039475918
0.362184882164
0.350432991982
0.36064606905
0.36364069581
0.367065906525
0.310569643974
0.360198616982
0.381948024035
0.322463542223
0.358436405659
0.33515137434
0.362762659788
0.325005292892
0.338166475296
0.317629098892
0.343949884176
0.333088040352
0.349256902933
0.35414364934
0.329135417938
0.378643959761
0.333189666271
0.319831848145
0.359279751778
0.347088545561
0.301217377186
0.326271384954
0.300931841135
0.323079764843
0.349862843752
0.38534116745
0.283270031214
0.316250175238
0.331004858017
0.306199729443
0.338737815619
0.316188573837
0.296727776527
0.341757178307
0.314324975014
0.313680768013
0.3278901577
0.297881901264
0.324060350657
0.293051809072
0.333994358778
0.316079795361
0.318969130516
0.391864955425
0.354125499725
0.325324356556
0.314832091331
0.365956902504
0.348952949047
0.384692013264
0.361332565546
0.316381841898
0.328136384487
0.341782927513
0.334458470345
0.335271000862
0.360011965036
0.333738684654
0.339496850967
0.354525744915
0.334568858147
0.332423478365
0.307830274105
0.325696051121
0.285403966904
0.325542509556
0.313273251057
0.350519031286
0.347841113806
0.294890195131
0.356924325228
0.349305212498
0.370961934328
0.362572342157
0.315061181784
0.344314426184
0.316595077515
0.354928404093
0.336282163858
0.332716196775
0.292325526476
0.316708475351
0.361689388752
0.318000972271
0.29830545187
0.342598617077
0.322112560272
0.332953989506
0.333841264248
0.32113558054
0.331562668085
0.297778874636
0.349629968405
0.324857652187
0.332039058208
0.375590324402
0.288164973259
0.320718824863
0.303286731243
0.318277567625
0.278019756079
0.340999811888
0.283886730671
0.286582499743
0.304190039635
0.306299299002
0.330606669188
0.275954335928
0.300605982542
0.314754158258
0.322934955359
0.345077157021
0.381876021624
0.30377677083
0.290476948023
0.31828802824
0.34065258503
0.2857170403
0.358476400375
0.317523986101
0.295746952295
0.290232092142
0.318507164717
0.324128419161
0.314577281475
0.350051373243
0.308361798525
0.293726176023
0.274762034416
0.276602685452
0.32119050622
0.299074590206
0.332165777683
0.261062860489
0.340065717697
0.362749636173
0.303262919188
0.252236425877
0.335611552
0.346604049206
0.361882418394
0.315776437521
0.257401406765
0.253561079502
0.320603728294
0.331218063831
0.327938556671
0.305520474911
0.26255479455
0.327618420124
0.279232978821
0.296978592873
0.29636490345
0.309725433588
0.341463387012
0.268304169178
0.249544754624
0.313455820084
0.321088433266
0.281248450279
0.357317626476
0.289574235678
0.299038738012
0.319714069366
0.290872365236
0.257002979517
0.278945565224
0.245854258537
0.306990534067
0.332675069571
0.301075339317
0.290194690228
0.328048497438
0.292409718037
0.304162710905
0.281369864941
0.286808669567
0.263314187527
0.317108005285
0.301348119974
0.335151165724
0.301194250584
0.341109216213
0.314541935921
0.312737226486
0.286895632744
0.302589207888
0.2949655056
0.290606439114
0.275624096394
0.268657147884
0.254849940538
0.26700335741
0.280212163925
0.282616317272
0.276685267687
0.290181130171
0.314022541046
0.250627189875
0.252763807774
0.316695153713
0.294800519943
0.335249006748
0.280739039183
0.270586401224
0.305818170309
0.233043536544
0.303690195084
0.288525223732
0.303021043539
0.320349097252
0.253006100655
0.315350532532
0.299986690283
0.300071269274
0.293401479721
0.307128161192
0.238243550062
0.368311077356
0.27299156785
0.319795548916
0.326056480408
0.321101516485
0.297826707363
0.288586527109
0.228526189923
0.255335301161
0.261633753777
0.304597079754
0.265953660011
0.326707720757
0.331891179085
0.277145504951
0.330786585808
0.250743508339
0.311112850904
0.270064651966
0.296261638403
0.296126753092
0.288968652487
0.325784295797
0.260488092899
0.285131007433
0.304634600878
0.257387191057
0.28132930398
0.334106475115
0.306619554758
0.239532217383
0.297603666782
0.266896694899
0.274732291698
0.333111166954
0.285199552774
0.318948954344
0.277489751577
0.289590954781
0.25630491972
0.263484179974
0.298608064651
0.282271295786
0.365582197905
0.348650753498
0.229446560144
0.28067523241
0.346995979548
0.320599883795
0.330878794193
0.269242972136
0.279430121183
0.270851910114
0.351008951664
0.253981590271
0.260517448187
0.286299973726
0.281686484814
0.287698417902
0.305807471275
0.297294437885
0.297150224447
0.284608930349
0.265314102173
0.277038574219
0.29012671113
0.255114555359
0.220878154039
0.265025436878
0.269665539265
0.264749467373
0.271842896938
0.269724696875
0.318488627672
0.26574370265
0.297548055649
0.248863995075
0.267879456282
0.274331778288
0.23490524292
0.250287353992
0.267298042774
0.310679137707
0.31391736865
0.321344286203
0.249682635069
0.235820174217
0.258422136307
0.279079824686
0.265494793653
0.276606857777
0.308556467295
0.283338785172
0.268432557583
0.270753234625
0.271753847599
0.275964230299
0.259107530117
0.251259118319
0.263834267855
0.256341725588
0.225169807673
0.284529864788
0.28978651762
0.260566055775
0.299782663584
0.268018364906
0.270172178745
0.278607100248
0.23615899682
