0.694094896317
0.68469619751
0.684549152851
0.689989209175
0.68219602108
0.680146753788
0.680560290813
0.673657655716
0.674536585808
0.668769419193
0.668387830257
0.65918892622
0.64579230547
0.648105978966
0.651490271091
0.654387414455
0.641774117947
0.651552796364
0.629150986671
0.609150767326
0.612337946892
0.609876096249
0.601016581059
0.606248497963
0.597792685032
0.581268966198
0.570446312428
0.580829799175
0.58057141304
0.564539313316
0.543386816978
0.510992705822
0.540312170982
0.558162510395
0.566130936146
0.524451613426
0.57276058197
0.471237540245
0.528463125229
0.464546620846
0.468388319016
0.581738293171
0.475056648254
0.545917034149
0.490512907505
0.505921602249
0.530029058456
0.559435606003
0.509602189064
0.550106704235
