0.68977200985
0.689222812653
0.689476788044
0.689454734325
0.688320100307
0.689292252064
0.688662707806
0.689148366451
0.687868118286
0.688887000084
0.688022017479
0.68834066391
0.687776446342
0.687628686428
0.688134014606
0.687806367874
0.68761330843
0.688748240471
0.686414599419
0.686488330364
0.685241580009
0.686126768589
0.685846626759
0.686598241329
0.686650037766
0.685911595821
0.685080051422
0.686847686768
0.685293972492
0.685941755772
0.68545883894
0.684194266796
0.684639513493
0.685938894749
0.685030281544
0.685555756092
0.683858335018
0.683238089085
0.685168683529
0.683854699135
0.683318972588
0.683624982834
0.683611035347
0.683042347431
0.684068799019
0.684012234211
0.682615995407
0.683515906334
0.682845413685
0.682287573814
0.682567715645
0.682477235794
0.680397212505
0.682689487934
0.680340707302
0.679937243462
0.682606458664
0.68057769537
0.680573165417
0.68082433939
0.680896580219
0.679528057575
0.681561529636
0.679880738258
0.678450524807
0.679650604725
0.680971324444
0.679507911205
0.680437028408
0.678773462772
0.678104877472
0.677150607109
0.678028821945
0.679368495941
0.678955972195
0.68000549078
0.678347408772
0.677146196365
0.678184866905
0.677705943584
0.677374720573
0.678457558155
0.677887022495
0.677086889744
0.676828682423
0.675301015377
0.676804423332
0.676699221134
0.674380421638
0.676008105278
0.674238681793
0.675029754639
0.674606382847
0.675676226616
0.673860549927
0.674928247929
0.674124896526
0.675186514854
0.673575222492
0.673277378082
0.671865642071
0.674115598202
0.673564195633
0.673809051514
0.672761321068
0.673311829567
0.672333598137
0.67404294014
0.670588076115
0.672803938389
0.670825242996
0.67046135664
0.670477151871
0.671465754509
0.671462953091
0.669087469578
0.672658503056
0.67231708765
0.672201097012
0.670253396034
0.670493245125
0.669999599457
0.670198738575
0.669949710369
0.668836176395
0.668416082859
0.668452858925
0.668561935425
0.668641626835
0.669341742992
0.666222751141
0.66846960783
0.666698276997
0.666121482849
0.666267335415
0.667098045349
0.667332708836
0.668444395065
0.665266096592
0.664721906185
0.665767908096
0.665569186211
0.665759027004
0.666494071484
0.66497284174
0.664068877697
0.6626983881
0.665645539761
0.665013611317
0.662901818752
0.662255883217
0.66356408596
0.661542952061
0.662552714348
0.664430320263
0.663931190968
0.662934303284
0.661289513111
0.6615421772
0.661053776741
0.662288784981
0.660953879356
0.662337899208
0.662274241447
0.658584952354
0.658516049385
0.661634624004
0.659517884254
0.660769820213
0.659196078777
0.659815728664
0.659334123135
0.657912492752
0.660875439644
0.659211218357
0.658357560635
0.657118797302
0.658413052559
0.658168792725
0.656224548817
0.657159507275
0.656728029251
0.657159507275
0.659589231014
0.656551063061
0.655029296875
0.657091736794
0.655703306198
0.656215369701
0.654700160027
0.653713464737
0.655706107616
0.654027402401
0.65260887146
0.65203666687
0.653107941151
0.65276402235
0.652849435806
0.652769088745
0.651645720005
0.648641884327
0.652781486511
0.651338458061
0.650733411312
0.649764001369
0.652312219143
0.650900781155
0.650858640671
0.649693012238
0.650740623474
0.650420725346
0.647252500057
0.646378219128
0.647610247135
0.648989737034
0.650097370148
0.647780120373
0.647899270058
0.645729184151
0.647171735764
0.647210776806
0.647435843945
0.646719872952
0.647317707539
0.644544482231
0.646332800388
0.644779086113
0.645955741405
0.644669234753
0.647219181061
0.643633306026
0.644648432732
0.646107673645
0.640902757645
0.644227087498
0.642212152481
0.643829762936
0.642060279846
0.641303479671
0.640180945396
0.642415702343
0.64486092329
0.640211760998
0.641171216965
0.642121315002
0.639101624489
0.641095578671
0.640865027905
0.641872644424
0.641479194164
0.639480650425
0.640240013599
0.639065802097
0.639250516891
0.635222971439
0.640469074249
0.64190274477
0.635807514191
0.636833846569
0.635983526707
0.638401985168
0.634939432144
0.636346876621
0.63541996479
0.636971592903
0.635419905186
0.632919371128
0.634388446808
0.631415247917
0.633659124374
0.634172677994
0.631416261196
0.63604080677
0.633438467979
0.634378433228
0.631634950638
0.634635090828
0.634643673897
0.633718788624
0.632467329502
0.631551623344
0.629864573479
0.634018957615
0.630423069
0.630354583263
0.627821445465
0.628941893578
0.631729364395
0.632173955441
0.625860750675
0.628048956394
0.631966352463
0.630490660667
0.629473507404
0.629010856152
0.628945469856
0.630296051502
0.629915475845
0.62472897768
0.626340389252
0.626516222954
0.626956820488
0.628707170486
0.62446385622
0.624914169312
0.625151693821
0.623363018036
0.625068545341
0.62564176321
0.625572681427
0.625112175941
0.624914646149
0.620307683945
0.623599648476
0.623967826366
0.623608112335
0.623354136944
0.621781945229
0.624940991402
0.621121644974
0.621695756912
0.619072556496
0.620533704758
0.618781626225
0.621676504612
0.621716499329
0.621627151966
0.622085034847
0.618568658829
0.619123518467
0.616917550564
0.61944514513
0.620200157166
0.61579066515
0.617043852806
0.617380321026
0.61782336235
0.620074927807
0.616437196732
0.617918968201
0.618144333363
0.61826223135
0.614465713501
0.616345763206
0.614269733429
0.617767989635
0.615478396416
0.616578280926
0.615285396576
0.61330229044
0.616400539875
0.615893483162
0.616434812546
0.612947881222
0.614604592323
0.615445911884
0.610577702522
0.611493825912
0.614688277245
0.615081548691
0.611578226089
0.613178789616
0.611859381199
0.610081791878
0.611864924431
0.611677050591
0.611801326275
0.608464062214
0.609461545944
0.610473334789
0.606175720692
0.611055850983
0.60829359293
0.609169125557
0.608220160007
0.614161193371
0.606841683388
0.607827603817
0.609225869179
0.60877507925
0.61299008131
0.607324838638
0.606961011887
0.606366336346
0.603499233723
0.607067167759
0.607130110264
0.608853876591
0.605148375034
0.606293976307
0.601726353168
0.603147387505
0.60182005167
0.602864861488
0.606838941574
0.603050768375
0.600515365601
0.605934798717
0.604124128819
0.602207362652
0.6030575037
0.602185964584
0.606700479984
0.602827906609
0.599584341049
0.600938141346
0.604433119297
0.60454595089
0.60175794363
0.601417481899
0.600150823593
0.598951935768
0.604228854179
0.605296969414
0.600444853306
0.603076756001
0.601130247116
0.602969229221
0.601718902588
0.602959692478
0.599514603615
0.601202309132
0.601189017296
0.604562759399
0.599153459072
0.605713307858
0.602449715137
0.601285815239
0.602042615414
0.599426567554
0.601120352745
0.601122617722
0.604556918144
0.600822865963
0.602135717869
0.602462410927
0.607138931751
0.597799003124
0.600807487965
0.599390029907
0.602974116802
0.599705636501
0.597526311874
0.604102134705
0.602610945702
0.599080324173
0.608305752277
0.599363446236
0.605316698551
0.603337883949
0.607321679592
0.605547130108
0.601963818073
0.60285025835
0.599804639816
0.601462006569
0.601144790649
0.597183287144
0.597755849361
0.60018324852
0.603753685951
0.60362803936
0.599503993988
0.600599348545
0.602982461452
0.607612967491
0.602690398693
0.603472292423
0.603504896164
0.603635311127
0.598765611649
0.603559494019
0.599369943142
0.600086390972
0.599748492241
0.601860105991
0.602425158024
0.601062178612
0.598236620426
0.605947554111
0.599437892437
0.605302989483
0.60436207056
0.601704180241
0.599753797054
0.599589467049
0.599255740643
0.602935433388
0.603197097778
0.59889793396
0.599853813648
0.598497986794
0.600698173046
0.603316783905
0.598946034908
0.599817752838
0.601456522942
0.601029396057
0.605941176414
0.599440515041
