0.693584382534
0.688070178032
0.68291079998
0.676026046276
0.670081138611
0.661474585533
0.652139782906
0.641905128956
0.6299020648
0.619920134544
0.60456186533
0.585955858231
0.564978599548
0.549993276596
0.538715779781
0.521674692631
0.502463340759
0.499529510736
0.478025734425
0.457765668631
0.463749736547
0.442461639643
0.441293030977
0.424272865057
0.423719853163
0.41355741024
0.403119444847
0.391735464334
0.393769323826
0.378974556923
0.37861174345
0.367824494839
0.361383348703
0.375533789396
0.37197291851
0.360987186432
0.350219994783
0.340038180351
0.325512498617
0.32939311862
0.330290555954
0.344945549965
0.318539202213
0.318467974663
0.310938298702
0.301411449909
0.316641300917
0.309729337692
0.304590135813
0.299393475056
0.283059775829
0.283212006092
0.289419651031
0.310152500868
0.291697382927
0.284789562225
0.288175880909
0.273673832417
0.277660995722
0.282102048397
0.258204311132
0.273367375135
0.259568423033
0.274027645588
0.288527041674
0.252635300159
0.263254731894
0.254585117102
0.2426071316
0.25695040822
0.241925925016
0.244522973895
0.264862716198
0.26471811533
0.261144399643
0.259847849607
0.237310901284
0.257377296686
0.247760623693
0.229217633605
0.231021225452
0.256479054689
0.262117296457
0.218315094709
0.22147397697
0.222846731544
0.233280241489
0.242162138224
0.254305392504
0.216472148895
0.217553824186
0.217436999083
0.204392522573
0.208030536771
0.218773543835
0.2537330091
0.199693024158
0.221072122455
0.205938249826
0.199174106121
0.237089395523
0.22863560915
0.256041795015
0.224434107542
0.235309615731
0.239882469177
0.246549069881
0.206661731005
0.236127242446
0.229076072574
0.22237162292
0.19356687367
0.183412536979
0.195737928152
0.212003514171
0.205615758896
0.205847620964
0.226697266102
0.193068251014
0.213879749179
0.208763375878
0.187230437994
0.192613244057
0.202647343278
0.227426931262
0.178409174085
0.21483297646
0.220758020878
0.177497312427
0.198066726327
0.232225388288
0.185598060489
0.184081852436
0.183374375105
0.223721578717
0.229886084795
0.167553603649
0.190467000008
0.182204514742
0.217584133148
0.238072946668
0.249231159687
0.235978618264
0.19103525579
0.166956230998
0.1631988585
0.181209653616
0.172457382083
0.184064164758
0.208081111312
0.19755756855
0.181525945663
0.18607725203
0.198839917779
0.178476527333
0.194876924157
0.160994663835
0.21553657949
0.189464211464
0.163808047771
0.177447661757
0.214699864388
0.179729774594
0.168340623379
0.185870602727
0.180304288864
0.153925582767
0.176909029484
0.170577228069
0.147431790829
0.174114465714
0.189302399755
0.165207445621
0.162181645632
0.159639000893
0.160359188914
0.155145466328
0.165738657117
0.161273419857
0.192369580269
0.185296922922
0.162920460105
0.166833266616
0.178190544248
0.23217099905
0.168576791883
0.143995419145
0.253397345543
0.136028900743
0.166371896863
0.158997491002
0.168843567371
0.152681767941
0.14195561409
0.137101173401
0.186867460608
0.196877852082
0.146197229624
0.162915408611
0.150337383151
0.138025671244
0.186556652188
0.135930404067
0.189645156264
0.140192046762
0.171932682395
0.176943480968
0.149280980229
0.173956796527
0.138583555818
0.158483609557
0.145482137799
0.166616722941
0.13487277925
0.124018006027
0.124675795436
0.222409337759
0.145025417209
0.202588900924
0.178988948464
0.171345815063
0.160206466913
0.152596056461
0.170670509338
0.158881619573
0.145831257105
0.140773415565
0.125335231423
0.126023575664
0.143865868449
0.13517691195
0.14526925981
0.130951702595
0.117925561965
0.144060820341
0.156264007092
0.162665933371
0.135110273957
0.16434635222
0.125125735998
0.14137147367
0.137062758207
0.134377837181
0.112310864031
0.115292705595
0.111636780202
0.111991688609
0.150039210916
0.19103422761
0.13398501277
0.124867357314
0.156706124544
0.140401929617
0.154434934258
0.143086329103
0.147963106632
0.142208382487
0.186744511127
0.117254778743
0.129277840257
0.124617181718
0.128017827868
0.12120616436
0.14867207408
0.16872395575
0.162221431732
0.129676058888
0.14418540895
0.157064691186
0.115291371942
0.12272503227
0.127395659685
0.134582847357
0.139545664191
0.115610264242
0.105879716575
0.104748740792
0.155752584338
0.108436107635
0.151684910059
0.115517370403
0.149366959929
0.126244455576
0.104408577085
0.119895264506
0.140441030264
0.126668304205
0.127206861973
0.103629089892
0.135666072369
0.140238553286
0.12112980336
0.141929998994
0.103202790022
0.175126969814
0.100093096495
0.129551544785
0.152870446444
0.197306677699
0.118247427046
0.139752686024
0.13673684001
0.136602520943
0.122809007764
0.130297258496
0.136361971498
0.147741749883
0.118799969554
0.126255422831
0.169307723641
0.102741554379
0.142403811216
0.157847166061
0.133869186044
0.129932254553
0.157166898251
0.161746576428
0.123986296356
0.126990184188
0.128545805812
0.145064175129
0.147503435612
0.110795274377
0.0963549017906
0.119410976768
0.124419912696
0.134217709303
0.0929574817419
0.10859566927
0.0992947295308
0.152379468083
0.142289564013
0.121498517692
0.107659503818
0.115675583482
0.123757243156
0.110252037644
0.129748091102
0.104108214378
0.111707165837
0.102248065174
0.144154295325
0.110322616994
0.113332211971
0.120262116194
0.104903697968
0.112261340022
0.106931738555
0.12894487381
0.0820336937904
0.0930124148726
0.117772825062
0.11003164202
0.0787640735507
0.109837517142
0.0910284519196
0.13448882103
0.131057783961
0.0830253884196
0.0894558802247
0.0981193259358
0.0992558896542
0.0912223383784
0.121307857335
0.0846946164966
0.10822673887
0.108497932553
0.109169304371
0.0794050842524
0.115784302354
0.084504969418
0.0959550142288
0.0911809056997
0.103061929345
0.0818548500538
0.128988713026
0.0791880562901
0.0728581473231
0.0968545675278
0.0871495231986
0.0931169986725
0.106092214584
0.113999150693
0.0964814648032
0.111408956349
0.0927153602242
0.072765506804
0.0943974927068
0.109873197973
0.0817887559533
0.0853525698185
0.0804574638605
0.100887328386
0.0719931125641
0.0828125998378
0.0770380571485
0.0996494814754
0.0738022327423
0.0943484157324
0.073856882751
0.10353757441
0.140859290957
0.0719560757279
0.0707314163446
0.16103027761
0.113716691732
0.137828812003
0.141394138336
0.155103951693
0.102860681713
0.0760788246989
0.146426767111
0.13136780262
0.121068567038
0.0827372819185
0.0950437411666
0.0841952934861
0.0915018692613
0.114180758595
0.0850849151611
0.0950987935066
0.119019262493
0.0758618488908
0.123379677534
0.0882406905293
0.110308490694
0.134722858667
0.0954577848315
0.0897183194757
0.0922821387649
0.0818136930466
0.0874781087041
0.0849553048611
0.0852731466293
0.092115111649
0.109534084797
0.0872963294387
0.0984675809741
0.074546918273
0.0940103381872
0.125652775168
0.0884120464325
0.0894446671009
0.0691005289555
0.112693026662
0.0695536285639
0.104681134224
0.0668256655335
0.0939058512449
0.0830546692014
0.105647578835
0.0744709521532
0.104883275926
0.0915261954069
0.0922682285309
0.0740162059665
0.131988570094
0.0841138139367
0.101226776838
0.0977202728391
0.0919001474977
0.097122117877
0.128331139684
0.108860343695
0.0810531899333
0.0908575356007
0.116689167917
0.0992228984833
0.0920820385218
0.0945054739714
0.13837005198
0.0844141170382
0.0703922212124
0.0942669287324
0.122551761568
0.116094246507
0.0939331799746
0.126728653908
0.0801258832216
0.120408944786
0.0891572311521
0.118199490011
0.122875481844
0.075243294239
0.122454375029
0.191063433886
0.081692494452
0.116514272988
0.0888493433595
0.0700133442879
0.0803188979626
0.0847603902221
0.0707882419229
0.11531830579
0.0759776458144
0.0862958207726
0.0669504106045
0.0881837829947
0.0711911544204
0.106259725988
0.0661607757211
0.0784711688757
0.0975443422794
0.0732484161854
0.0700956955552
0.0708876177669
0.0816887915134
0.098063595593
0.0971524342895
0.0733824074268
0.0924185216427
0.0794213935733
0.0691940709949
0.0995555222034
0.106615744531
0.0626248046756
0.0861752703786
0.0842942595482
0.0620147660375
0.0925231575966
0.0847336649895
0.115659527481
0.0550789497793
0.0813539177179
0.0909773036838
0.0897975489497
0.0787423104048
0.071863502264
0.0682429745793
0.092816978693
0.0866088196635
0.0762526541948
0.0694966167212
0.0913728326559
0.132240459323
0.0847987383604
0.104319863021
0.112059243023
0.0622961819172
0.0786071568727
0.114248923957
0.0983059927821
0.0964099988341
0.104804493487
0.0631641000509
0.0619932562113
0.0961258113384
0.0889354422688
0.0842806994915
0.0757032036781
0.0746248736978
0.0652573853731
0.0903472825885
0.129832088947
0.0595678500831
0.0961372107267
0.0781084597111
0.0833087861538
0.118600346148
0.0738712847233
0.108039580286
0.0994806587696
0.0869594663382
0.0809124931693
0.0671089813113
0.0693575814366
0.112669318914
0.0800691023469
0.0875818356872
0.0820567309856
0.0708518624306
0.0793414786458
0.0824930593371
0.0612233281136
0.0713349208236
0.0815596133471
0.0626583471894
0.0914317891002
0.0854664668441
0.0804855152965
0.0831777602434
0.0821591541171
0.0820089504123
0.0839846283197
0.081844098866
0.0943460017443
0.133038520813
0.0748377367854
0.0759324729443
0.0724085196853
0.0999850407243
0.104318782687
0.0542572811246
0.10494183749
0.0767910256982
0.0537667423487
0.0442920587957
0.0690401494503
0.0619140826166
0.0625015422702
0.0645314827561
0.0894882380962
0.0603951960802
0.0605341792107
0.0822479650378
0.0898265019059
0.0830379575491
0.0805344954133
0.0564915314317
0.0938783511519
0.0680857747793
0.0592900849879
0.068790987134
0.0686764195561
0.0747009292245
0.0512662418187
0.0764899477363
0.0560276806355
0.0654627531767
0.0441290400922
0.0656293705106
0.102437973022
0.0491131059825
0.0735165849328
0.0594023726881
0.0659649893641
0.0893007144332
0.080678679049
0.0652796924114
0.0633699595928
0.043624162674
0.0777301639318
0.0855108052492
0.0775417014956
0.0498226061463
0.0969841629267
0.0561090856791
0.0695279687643
0.0558353699744
0.0499175265431
0.0805465131998
0.0554847083986
0.0597358569503
0.0727754980326
0.0729445070028
0.0648078098893
0.0451636649668
0.0663327500224
0.0467284284532
0.0708469599485
0.0780775025487
0.0784115120769
0.0654618740082
0.0791666805744
0.0766792446375
0.0447492413223
0.0523388683796
0.049210563302
0.0692536458373
0.052735272795
0.0513989664614
0.0738506838679
0.056327611208
0.0580189414322
0.0380213037133
0.0502112917602
0.0506496243179
0.0642040744424
0.0537124313414
0.0863089337945
0.0504409633577
0.0662087574601
0.0653787404299
0.0588086992502
0.0826124176383
0.0654408559203
0.0431871004403
0.0530997253954
0.0458450093865
0.0792480260134
0.0601423829794
0.0908599868417
0.047683570534
0.0753914490342
0.0640119016171
0.0759651213884
0.057605009526
0.0829360038042
0.0790308490396
0.0557356514037
0.0624662041664
0.0452199056745
0.0940992385149
0.0522627942264
0.0416951142251
0.0434966571629
0.08402685076
0.0571737810969
0.0577072575688
0.0586946085095
0.0697308331728
0.0689600855112
0.0680996477604
0.0512073002756
0.0457394570112
0.115395158529
0.0562735237181
0.055046916008
0.0825511589646
0.045928504318
0.0884192660451
0.0764095783234
0.0460127256811
0.102807246149
0.0411347560585
0.0588901489973
0.0947583392262
0.0414467230439
0.055848620832
0.0406618267298
0.0488760881126
0.0427961871028
0.0485783517361
0.0641126334667
0.0505728647113
0.0519613996148
0.0451285801828
0.0592707693577
0.0672696754336
0.0446989946067
0.0431337691844
0.0723135620356
0.0438899733126
0.0643793269992
0.0913040786982
0.148432061076
0.0485147722065
0.0612882003188
0.054067466408
0.0622954815626
0.0479534864426
0.0709045305848
0.0393762923777
0.0450419448316
0.074702963233
0.0517572276294
0.0499077551067
0.039948541671
0.0752734839916
0.0275707747787
0.0551759451628
0.0457484796643
0.0704724267125
0.063017308712
0.0640883743763
0.0473312996328
0.0387430973351
0.0590523332357
0.0388037152588
0.0381496734917
0.0416478104889
0.0515330322087
0.0678489804268
0.0408806204796
0.054039940238
0.0636866241693
0.0714742466807
0.037856798619
0.0623175092041
0.0465394631028
0.0407597795129
0.0451100803912
0.0748672783375
0.0436760038137
0.0702735558152
0.0709161907434
0.0819468423724
0.0483736880124
0.0533821582794
0.0582205206156
0.0642250478268
0.0442349463701
0.0656379908323
0.0444107316434
0.0767283290625
0.0451151765883
0.0428295060992
0.0470598936081
0.0599276982248
0.0416941866279
0.0475657917559
0.070470534265
0.0381551943719
0.0522500090301
0.0607473663986
0.048562515527
0.0492556542158
0.0561360381544
0.0738063901663
0.0719872713089
