0.720332503319
0.721898674965
0.714110016823
0.723006784916
0.715700089931
0.707395017147
0.705884754658
0.69870954752
0.699882984161
0.701180040836
0.694499790668
0.700394630432
0.693588376045
0.696625649929
0.693686425686
0.683824956417
0.679163634777
0.685089528561
0.680685818195
0.683313667774
0.681945860386
0.680925011635
0.671426713467
0.674424946308
0.678961992264
0.668430924416
0.675576686859
0.665343999863
0.665724217892
0.663073301315
0.665408968925
0.659032583237
0.667442440987
0.660708665848
0.658807516098
0.654260456562
0.655836284161
0.65757060051
0.661703407764
0.6560729146
0.649634242058
0.645846009254
0.647910058498
0.649709939957
0.647871494293
0.644044756889
0.643181562424
0.647259652615
0.64425444603
0.643120765686
0.637554764748
0.634804308414
0.633273839951
0.633341252804
0.632627308369
0.634538531303
0.630223989487
0.632758975029
0.623700976372
0.629800856113
0.627661406994
0.630754590034
0.631807744503
0.624049246311
0.618688821793
0.620674192905
0.61706417799
0.622691333294
0.617434859276
0.610910058022
0.612760424614
0.605275392532
0.607333600521
0.611015439034
0.6098305583
0.603095591068
0.602689743042
0.600337207317
0.594251692295
0.596802055836
0.596185028553
0.591220855713
0.597344398499
0.591777980328
0.584235548973
0.585734426975
0.586342871189
0.582663238049
0.582597851753
0.576671302319
0.571930289268
0.572632372379
0.569634139538
0.573967635632
0.567213892937
0.560216188431
0.569594800472
0.555729866028
0.565229833126
0.557150244713
0.542804598808
0.548293948174
0.550748229027
0.551643431187
0.546865522861
0.539707541466
0.540208876133
0.540282964706
0.532089293003
0.536435186863
0.532778203487
0.530852794647
0.527739226818
0.524558901787
0.521593987942
0.510373175144
0.527379095554
0.513746976852
0.511761188507
0.513276457787
0.498300462961
0.502705574036
0.506676435471
0.499128311872
0.498841136694
0.494834929705
0.495945900679
0.490463584661
0.482962936163
0.480245530605
0.483047455549
0.474825233221
0.485385805368
0.476584911346
0.474389046431
0.4709623456
0.468968808651
0.464580774307
0.454602867365
0.460558831692
0.455577671528
0.455137699842
0.448519349098
0.446403801441
0.445140868425
0.443617969751
0.427147120237
0.440535575151
0.44992145896
0.428403645754
0.423216164112
0.424556314945
0.427748709917
0.424389690161
0.41529995203
0.419975280762
0.407648742199
0.412358283997
0.414826363325
0.406064003706
0.412467598915
0.389566302299
0.40864366293
0.399691432714
0.393387645483
0.396100789309
0.382776707411
0.377153128386
0.378784805536
0.368684321642
0.376203924417
0.377575874329
0.364119380713
0.364701539278
0.359748989344
0.370752513409
0.359703868628
0.354396790266
0.351223170757
0.340932756662
0.351504445076
0.333592325449
0.348873972893
0.342871695757
0.343666940928
0.328923135996
0.322318553925
0.322590827942
0.328249156475
0.317303836346
0.318194806576
0.317878007889
0.319937467575
0.316813498735
0.307605415583
0.321569502354
0.306286782026
0.302866369486
0.301693201065
0.300144225359
