0.677414834499
0.673920214176
0.662121891975
0.645565629005
0.648856639862
0.634978234768
0.621183753014
0.608161211014
0.609266400337
0.605167806149
0.585983991623
0.591166615486
0.580096483231
0.562985479832
0.570749104023
0.553723454475
0.557088017464
0.550593554974
0.565580546856
0.540749549866
0.529271781445
0.551305651665
0.51949185133
0.525435864925
0.520040273666
0.522938370705
0.50695258379
0.500007271767
0.500963628292
0.479739069939
0.484153866768
0.486071079969
0.502220213413
0.487260580063
0.470126718283
0.471235990524
0.457071453333
0.490524142981
0.453939437866
0.457820534706
0.453613430262
0.460457921028
0.468371629715
0.447358965874
0.462335377932
0.44849562645
0.439601838589
0.466032743454
0.443554848433
0.443331539631
0.456124275923
0.43527084589
0.431751459837
0.426039248705
0.449947714806
0.422063320875
0.416922450066
0.442587047815
0.426576197147
0.411058485508
0.429400622845
0.402241289616
0.443727642298
0.416317075491
0.425000220537
0.390383422375
0.384911447763
0.40724620223
0.401586681604
0.375081926584
0.415178030729
0.380163103342
0.398468315601
0.416240632534
0.398360162973
0.382965236902
0.380733013153
0.35703843832
0.374570012093
0.377644211054
0.358599632978
0.372688859701
0.385866463184
0.360839098692
0.35624024272
0.409603595734
0.380180507898
0.377302408218
0.364861190319
0.38081240654
0.34584787488
0.336216777563
0.326449394226
0.364229738712
0.345311462879
0.352159947157
0.352227777243
0.358573257923
0.361190229654
0.330351024866
0.324178248644
0.310829430819
0.366875588894
0.340635687113
0.34265217185
0.359105587006
0.337649524212
0.309866786003
0.32477414608
0.328008621931
0.330093175173
0.326869755983
0.309799402952
0.3293364048
0.312004417181
0.319334119558
0.322399944067
0.320404917002
0.32069760561
0.304896682501
0.329692870378
0.299520432949
0.335870295763
0.321308612823
0.33352035284
0.315499514341
0.333797693253
0.30816885829
0.287148594856
0.292279869318
0.282105147839
0.29101318121
0.285586357117
0.315773904324
0.298194527626
0.272793889046
0.313083559275
0.325880855322
0.280936568975
0.291989088058
0.266506522894
0.314227044582
0.2724185884
0.288562655449
0.261808335781
0.276201248169
0.27883502841
0.299348443747
0.262544482946
0.25769084692
0.263395249844
0.323533028364
0.268796175718
0.322703897953
0.264147281647
0.300538867712
0.261539936066
0.259025633335
0.2505184412
0.263351172209
0.262766122818
0.253473639488
0.263660162687
0.259702771902
0.303874403238
0.26719340682
0.294761866331
0.265408337116
0.253984153271
0.267269402742
0.238498598337
0.228250622749
0.222324237227
0.257332324982
0.233324363828
0.26461866498
0.245481282473
0.233360886574
0.248874053359
0.218155503273
0.207874670625
0.245268553495
0.228529304266
0.219828113914
0.243743926287
0.240543141961
0.202139154077
0.212351098657
0.247798323631
0.260474979877
0.234830379486
0.234102636576
0.197665244341
0.222566887736
0.253304898739
0.26856431365
0.210409507155
0.247625038028
0.277510821819
0.21011069417
0.224923372269
0.177446842194
0.233711779118
0.200350940228
0.243636474013
0.213350653648
0.20088814199
0.1977442801
0.185330793262
0.19225589931
0.240237519145
0.166549131274
0.214634597301
0.193025633693
0.210602536798
0.192033216357
0.20570217073
0.182254046202
0.213586181402
0.207269489765
0.209633603692
0.198172688484
0.185273543
0.194271832705
0.159986689687
0.194047391415
0.173999011517
0.186752930284
0.187716156244
0.187580242753
0.157315179706
0.175957605243
0.188670217991
0.175110474229
0.171188130975
0.160842299461
0.154090106487
0.185578688979
0.159167781472
0.141701281071
0.166163891554
0.159344345331
0.124287180603
0.14414434135
0.159262984991
0.175391614437
0.127583935857
0.166706994176
0.162779569626
0.182472601533
0.123271986842
0.136844396591
0.154712185264
0.138995781541
0.152525946498
0.145300552249
0.153996959329
0.164488077164
0.156646937132
0.150877580047
0.165611132979
0.114387251437
0.129101783037
0.155182495713
0.136253610253
0.137745454907
0.159796148539
0.123953491449
0.142165824771
0.127862468362
0.170779645443
0.179557964206
0.133300423622
0.153340876102
0.132991835475
0.140388920903
0.126368328929
0.109107136726
0.139022022486
0.129319891334
0.114870406687
0.162589713931
0.184702724218
0.132646873593
0.119947306812
0.125860661268
0.116421230137
0.0890396982431
0.102359607816
0.156311765313
0.103411123157
0.119974762201
0.0921565815806
0.142780959606
0.134409412742
0.114934422076
0.0971958562732
0.127067580819
0.12073598057
0.13108150661
0.130171760917
0.119358472526
0.124900624156
0.171623542905
0.154099166393
0.147715687752
0.128319561481
0.155382514
0.158471941948
0.120306380093
0.115141414106
0.161370381713
0.147283151746
0.0863094851375
0.108251601458
0.134179100394
0.104142904282
0.0963198617101
0.136834323406
0.11391068995
0.124512642622
0.0988137722015
0.0855795443058
0.112743332982
0.128151491284
0.100312769413
0.147495284677
0.117798522115
0.147747829556
0.0996063351631
0.0911467373371
0.115600444376
0.108401954174
0.113070063293
0.115984387696
0.122210890055
0.0719711109996
0.115576028824
0.102114349604
0.0822808220983
0.100573398173
0.11653919518
0.104073978961
0.155657619238
0.0989948734641
0.109187588096
0.0813038125634
0.0988240689039
0.0847818106413
0.0836623385549
0.0838913396001
0.137093961239
0.0898939520121
0.0980528742075
0.118176393211
0.0959795340896
0.077765904367
0.116504095495
0.112281531096
0.08483184129
0.131044492126
0.107986785471
0.0902221128345
0.118668727577
0.0909526646137
0.111036427319
0.0933464169502
0.109522022307
0.134323269129
0.0875132977962
0.0923069193959
0.071247600019
0.0894684046507
0.118561506271
0.0661949217319
0.062447398901
0.134144321084
0.102637983859
0.0988742336631
0.0863293036819
0.0746190473437
0.10011588037
0.0864644646645
0.0946817845106
0.0825895443559
0.0888790786266
0.122758038342
0.11788931489
0.114717304707
0.074140034616
0.119608670473
0.0841826573014
0.0922410860658
0.120674386621
0.0681913346052
0.110923044384
0.0673230439425
0.0759664848447
0.0908661931753
0.0811629891396
0.129101842642
0.0679818019271
0.103406794369
0.0563024394214
0.0867348983884
0.0946467444301
0.0670363008976
0.0889923349023
0.0808160826564
0.0907325893641
0.0763500183821
0.0724361389875
0.112461455166
0.0805737674236
0.113925009966
0.0599992386997
0.062662139535
0.129749849439
0.0768871083856
0.0798503533006
0.0962990671396
0.0905837193131
0.0994487479329
0.0769029259682
0.0947179123759
0.139686092734
0.0740427076817
0.0857108980417
0.0921964943409
0.0681312084198
0.0862374305725
0.125396341085
0.102589555085
0.109949834645
0.0874572172761
0.0777259320021
0.0788176804781
0.0851906388998
0.110565930605
0.112250462174
0.0743494555354
0.115416295826
0.149311333895
0.0891245231032
0.129174113274
0.102316640317
0.105222634971
0.0953773111105
0.109571181238
0.148037061095
0.0991884842515
0.0823509693146
0.0750775486231
0.0872523486614
0.0813210383058
0.108775019646
0.119751788676
0.0856469422579
0.0995934829116
0.0681498646736
0.0676787644625
0.0957716405392
0.0526091381907
0.101027980447
0.0931566357613
0.0944130942225
0.0844632983208
0.108619228005
0.102580673993
0.0864081606269
0.0811835229397
0.0987096056342
0.0539432242513
0.102177575231
0.0647773966193
0.0892353355885
0.091727770865
0.0995119065046
0.125558465719
0.0865020230412
0.0793998464942
0.0502519793808
0.0708909928799
0.0693274587393
0.0921192020178
0.0532712191343
0.141375377774
0.0999016612768
0.0843543708324
0.0640901252627
0.0535072386265
0.0409541986883
0.109536498785
0.147925525904
0.0947874858975
0.0656738504767
0.0644830316305
0.104289293289
0.0544195212424
0.0535081401467
0.0609227605164
0.0752934366465
0.0525507107377
0.0707046985626
0.0450197421014
0.0676428005099
0.0468561910093
0.0793429389596
0.11994766444
0.123130954802
0.0753711760044
0.0523064509034
0.0784026011825
0.081198900938
0.0585664846003
0.0660591796041
0.100964903831
0.0654556676745
0.0920892879367
0.0844307094812
0.075071759522
0.0639551877975
0.0908557772636
0.117094710469
0.102741159499
0.0970053821802
0.0670334920287
0.0492622368038
0.0653194263577
0.0536531805992
0.0877746939659
0.0800169706345
0.0599858649075
0.0558398142457
0.0534121766686
0.0822540968657
0.104081496596
0.0757093280554
0.0630358830094
0.0811679214239
0.0789850354195
0.0582984127104
0.0506515093148
0.0613018423319
0.0807193741202
0.0817237794399
0.0767471194267
0.0665378719568
0.0645388960838
0.0660096630454
0.0741283893585
0.103380545974
0.0616654716432
0.070584192872
0.120337620378
0.0803866311908
0.122776664793
0.0759752839804
0.0839219838381
0.0688310489058
0.069747582078
0.0279812403023
0.0685662180185
0.0598190538585
0.111859455705
0.0550498142838
0.0614602938294
0.066751524806
0.0518709644675
0.0397250466049
0.10036662221
0.0426733344793
0.0772544890642
0.138992205262
0.0787979662418
0.0745139494538
0.130351468921
0.0361388213933
0.0559917278588
0.0624860152602
0.0405652336776
0.0695737302303
0.0901400893927
0.068621493876
0.0561294220388
0.0459229871631
0.0711863636971
0.0864302068949
0.116477742791
0.0582167431712
0.0689182430506
0.0638682469726
0.0723664835095
0.0751510560513
0.122565470636
0.126521706581
0.0719827115536
0.0665217861533
0.0467777065933
0.0558272711933
0.0491555854678
0.0449689663947
0.0575067102909
0.0691771730781
0.102453075349
0.0825909972191
0.0807463228703
0.0807930752635
0.0722052827477
0.0386967249215
0.0676723644137
0.0604424402118
0.0918767899275
0.125042811036
0.0643022954464
0.066556327045
0.0921135768294
0.0524046272039
0.0817113369703
0.0684796571732
0.0263401567936
0.052781060338
0.048433214426
0.0451493412256
0.0567363910377
0.0775656551123
0.0650482550263
0.0625453367829
0.0703253671527
0.0595078133047
0.0510176531971
0.0617151483893
0.0661929175258
0.082172870636
0.0603467747569
0.0512540452182
0.0419770032167
0.0906416922808
0.0735304504633
0.062994748354
0.0538967289031
0.0820886194706
0.0439710356295
0.141417235136
0.0691313445568
0.0481118224561
0.0407726243138
0.0763901695609
0.069564320147
0.0537079758942
0.0791331604123
0.0644131526351
0.0377015434206
0.0751680359244
0.114170968533
0.068458378315
0.0499652437866
0.0657721012831
0.072894513607
0.059371765703
0.10853151232
0.0768117979169
0.0550177544355
0.10147792846
0.0344220399857
0.0541918203235
0.0610656142235
0.0619674138725
0.042750582099
0.132762253284
0.0518255680799
0.0429344363511
0.0478763580322
0.0602135024965
0.067898362875
0.0593050345778
0.0647660046816
0.0877638161182
0.11457978189
0.0523782297969
0.0462882854044
0.0602745041251
0.0821317359805
0.0643009990454
0.0496960021555
0.105428285897
0.0459717772901
0.113860733807
0.112658858299
0.0346983633935
0.0434278734028
0.074121452868
0.0821643471718
0.0639152005315
0.0510741025209
0.0262353271246
0.0696112811565
0.0681505873799
0.0536891184747
0.044847369194
0.0595231354237
0.0698454603553
0.0429591350257
0.0750064253807
0.142889067531
0.075862005353
0.0328397229314
0.0655050724745
0.048908572644
0.0906265154481
0.0702662244439
0.0388113819063
0.04630003497
0.0618000216782
0.0876464545727
0.092704705894
0.0815844535828
0.0766201466322
0.0802680850029
0.0790808945894
0.0634593889117
0.0600190758705
0.0784408450127
0.101752124727
0.0659341067076
0.0572440549731
0.0450358986855
0.0385764241219
0.0970110371709
0.0908413082361
0.0654338300228
0.0277929995209
0.0529760867357
0.0813251510262
0.0655036121607
0.0533030405641
0.0442612953484
0.0802726224065
0.0771977379918
0.0800883695483
0.0783582106233
0.0433205552399
0.0591397956014
0.072535738349
0.0531665459275
0.0578262619674
0.0591292157769
0.0390801094472
0.0528721027076
0.0822628960013
0.0686092674732
0.0547486133873
0.0881597027183
0.0782834738493
0.0963849574327
0.0639220774174
0.0750096738338
0.0474539361894
0.067574866116
0.052726984024
0.0915731415153
0.0469381473958
0.0931020751595
0.0351320654154
0.0207190010697
0.0757320821285
0.0467593632638
0.0401643142104
0.073013715446
0.0490583740175
0.0489331446588
0.0961521491408
0.0524153374135
0.0472824834287
0.0620299316943
0.0346785783768
0.0505365096033
0.0572275221348
0.0319336764514
0.066948197782
0.0339449122548
0.0423051789403
0.079905577004
0.0883974209428
0.0566419549286
0.0832173079252
0.0874823778868
0.0349816568196
0.0510635636747
0.0574978999794
0.0672138482332
0.0364881232381
0.0522147230804
0.0947671756148
0.0633298978209
0.0731041952968
0.0694600194693
0.0472913272679
0.0230775717646
0.0760226398706
