0.683474063873
0.689591705799
0.69140714407
0.690532624722
0.689771771431
0.680495858192
0.690560042858
0.684205114841
0.685204207897
0.692009329796
0.686816692352
0.691190481186
0.685929179192
0.687030792236
0.686632454395
0.681199073792
0.680475473404
0.681548058987
0.686365962029
0.686948478222
0.681418597698
0.682200908661
0.687499880791
0.681583464146
0.684392869473
0.684883475304
0.684360086918
0.684436917305
0.673197686672
0.677842319012
0.683439552784
0.685113728046
0.680824756622
0.679609358311
0.679132521152
0.679659068584
0.677882432938
0.685255944729
0.685746192932
0.675765037537
0.681479394436
0.677521348
0.68164819479
0.674424827099
0.676717460155
0.673078715801
0.669096708298
0.678086936474
0.680478870869
0.677019417286
0.671908199787
0.673890173435
0.675512373447
0.673433482647
0.675275623798
0.666749358177
0.675581932068
0.672116994858
0.662516057491
0.672194004059
0.662411153316
0.681009292603
0.66479152441
0.661866784096
0.66766256094
0.665728032589
0.663887262344
0.666265189648
0.67450350523
0.664007127285
0.660417497158
0.672494828701
0.671388328075
0.667535543442
0.663855671883
0.657179832458
0.661136388779
0.652803421021
0.650150895119
0.651269853115
0.649179518223
0.647375941277
0.65941876173
0.662496447563
0.667001783848
0.649893283844
0.648241877556
0.654722630978
0.66331666708
0.650877892971
0.643382906914
0.653219282627
0.665649950504
0.66326546669
0.654747366905
0.653423786163
0.64378619194
0.651200890541
0.651427865028
0.653552234173
