0.694099247456
0.69299519062
0.691162645817
0.690123617649
0.68877696991
0.687169134617
0.686636149883
0.68514508009
0.684127748013
0.6831381917
0.682226717472
0.680679857731
0.681782066822
0.679940283298
0.677743017673
0.67543143034
0.674033105373
0.674807429314
0.670746803284
0.669887781143
0.668077290058
0.666428267956
0.662654519081
0.657954990864
0.657138586044
0.657087981701
0.646221160889
0.638817608356
0.64160746336
0.635336697102
0.627164959908
0.63088041544
0.617496192455
0.616137325764
0.606323480606
0.605354845524
0.593220770359
0.59370803833
0.585961937904
0.577570676804
0.567029237747
0.566051959991
0.561757624149
0.543793618679
0.545508623123
0.523195266724
0.524475753307
0.517238855362
0.511939227581
0.512439250946
0.515412569046
0.503041565418
0.491244494915
0.484664112329
0.495589703321
0.469207167625
0.474366098642
0.467895954847
0.459553837776
0.455639094114
0.44376116991
0.451078802347
0.452097147703
0.443649083376
0.450814008713
0.432218939066
0.437002420425
0.429746776819
0.434499382973
0.420682698488
0.441924422979
0.427115291357
0.42929688096
0.427099972963
0.420540958643
0.428941607475
0.423127472401
0.397265553474
0.390528917313
0.442637145519
0.425749331713
0.408966720104
0.394959688187
0.406068593264
0.413285166025
0.390317738056
0.406915724277
0.421078443527
0.410770773888
0.396460741758
0.398418307304
0.381718933582
0.405822694302
0.398086994886
0.393132537603
0.38779258728
0.391864836216
0.373306870461
0.396380901337
0.372828483582
0.412332385778
0.426950216293
0.38449755311
0.392511725426
0.368493378162
0.383699476719
0.37628158927
0.362755149603
0.368092983961
0.355958968401
0.378487586975
0.369487702847
0.382747888565
0.372180104256
0.380118578672
0.360793411732
0.356271654367
0.378285855055
0.3328743577
0.359890550375
0.35313218832
0.352292269468
0.362066984177
0.348538845778
0.370406746864
0.334283292294
0.360897541046
0.403211832047
0.355779439211
0.352203369141
0.346064954996
0.357507139444
0.337147414684
0.369673162699
0.343646377325
0.391711056232
0.348499715328
0.3543651402
0.314348250628
0.315763443708
0.318446457386
0.350709706545
0.331876575947
0.355201989412
0.347231268883
0.325142025948
0.342675864697
0.332179307938
0.376230329275
0.365097105503
0.353369742632
0.312266170979
0.359297662973
0.348932862282
0.352759420872
0.358618527651
0.383911252022
0.320751816034
0.348728746176
0.350318342447
0.314918190241
0.319089442492
0.323926538229
0.344979345798
0.3287307024
0.355101138353
0.333123862743
0.348095029593
0.337597370148
0.353189408779
0.336695224047
0.327045619488
0.36724242568
0.340273737907
0.327466189861
0.353015571833
0.351406574249
0.327954173088
0.302105009556
0.327846556902
0.33107444644
0.344071924686
0.31233727932
0.346592485905
0.329228252172
0.330816686153
0.34447017312
0.341759055853
0.359403312206
0.326477110386
0.308460026979
0.340992331505
0.318076819181
0.321391403675
0.311258852482
0.331354945898
0.322974264622
0.293361902237
0.342908680439
0.307610481977
0.287457972765
0.302553832531
0.302821874619
0.327025413513
0.296350866556
0.327772498131
0.368690669537
0.285798311234
0.345018595457
0.317040890455
0.310303747654
0.294837296009
0.327799320221
0.312835246325
0.290728598833
0.326340526342
0.326086252928
0.316625148058
0.318543672562
0.301671385765
0.350761085749
0.31835848093
0.333758443594
0.334920942783
0.327396452427
0.334992110729
0.315283685923
0.302707314491
0.30937153101
0.304439812899
0.300907790661
0.326155871153
0.318408161402
0.306777745485
0.308331936598
0.29558211565
0.326957136393
0.32588031888
0.275301277637
0.320131242275
0.324792355299
0.304091572762
0.28857666254
0.298073381186
0.267299979925
0.290570735931
0.306522846222
0.313324540854
0.301675498486
0.278860330582
0.281724482775
0.290756493807
0.328548014164
0.290147572756
0.286943525076
0.279868662357
0.334439754486
0.283030837774
0.316605776548
0.301958173513
0.265586823225
0.342525243759
0.30988496542
0.295422375202
0.310089886189
0.321152240038
0.28536900878
0.321333348751
0.272344410419
0.322381854057
0.264040082693
0.291949659586
0.347509920597
0.299856603146
0.26520600915
0.278086096048
0.299934118986
0.28842023015
0.273739486933
0.303433805704
0.322139978409
0.283590435982
0.297129899263
0.296281516552
0.287206798792
0.270786255598
0.317064017057
0.33635789156
0.286482006311
0.276401728392
0.297487646341
0.301437228918
0.309494227171
0.320906996727
0.290752083063
0.25512188673
0.368239015341
0.279588192701
0.280105859041
0.289084792137
0.297343969345
0.273684054613
0.2710467875
0.242296054959
0.30905804038
0.280150026083
0.268096357584
0.313513159752
0.331002146006
0.28044462204
0.25776040554
0.285858124495
0.26347476244
0.287147969007
0.239913642406
0.289667934179
0.293218761683
0.275405526161
0.261704862118
0.270588338375
0.291737616062
0.26007989049
0.285490453243
0.301512718201
0.277005851269
0.345927834511
0.274199128151
0.292946666479
0.27122604847
0.296596705914
0.290124326944
0.355169057846
0.277120947838
0.340455144644
0.295849651098
0.27319085598
0.287468105555
0.298720657825
0.256887227297
0.273009479046
0.257038384676
0.291801184416
0.278185367584
0.271025508642
0.33496516943
0.292847305536
0.279314488173
0.255780726671
0.284328311682
0.282012671232
0.256106227636
0.256642341614
0.24120695889
0.253664940596
0.281240642071
0.265885323286
0.259113371372
0.26522526145
0.288048237562
0.297155618668
0.265959173441
0.2648255229
0.273304104805
0.261945992708
0.306339681149
0.270104140043
0.272291272879
0.271871417761
0.26207870245
0.307165920734
0.244190275669
0.270481079817
0.286293894053
0.273886680603
0.25692909956
0.246372699738
0.242629259825
0.258977651596
0.247141316533
0.304448336363
0.279200524092
0.262837082148
0.300065100193
0.259453684092
0.303488135338
0.240002781153
0.288083642721
0.317060112953
0.277394860983
0.294996857643
0.270861268044
0.239723682404
0.269251465797
0.260994076729
0.226895347238
0.238022476435
0.300963789225
0.282173275948
0.267858147621
0.270445585251
0.310875535011
0.245375454426
0.231641486287
0.266993671656
0.268606692553
0.234960079193
0.299320816994
0.257778406143
0.255484968424
0.295789331198
0.258913636208
0.298470646143
0.254702091217
0.267160147429
0.252635598183
0.254727095366
0.259466081858
0.288102626801
0.245912954211
0.244932308793
0.273110240698
0.276266843081
0.250876426697
0.272162944078
0.277273714542
0.271960824728
0.277601748705
0.283696293831
0.24152906239
0.255430966616
0.252822905779
0.244610965252
0.268255978823
0.280594825745
0.261002928019
0.271496295929
0.229870721698
0.236110746861
0.287375748158
0.249284699559
0.254197716713
0.236464679241
0.231071144342
0.270726472139
0.261261850595
0.23721075058
0.243043273687
0.221465185285
0.267090260983
0.23141874373
0.276053488255
0.269904643297
0.252814143896
0.275625884533
0.257221788168
0.259846359491
0.305838018656
0.219034552574
0.301437735558
0.251466035843
0.262989908457
0.266803354025
0.283110052347
0.236014097929
0.226231381297
0.269283294678
0.239016756415
0.246286377311
0.255972415209
0.269153118134
0.270328104496
0.272987186909
0.26915961504
0.301560759544
0.279942512512
0.231926113367
0.286544084549
0.262258857489
0.279406696558
0.287812620401
0.296760469675
0.293416082859
0.298049211502
0.280705571175
0.293312013149
0.257205843925
0.289078712463
0.281296044588
0.273762255907
0.288682997227
0.224866613746
0.26425459981
0.251752197742
0.26629781723
0.32575199008
0.281309276819
0.262054085732
0.258035302162
0.261990576982
0.252676665783
