0.69299519062
0.691383779049
0.689707994461
0.688081085682
0.686253666878
0.684729576111
0.683258414268
0.680878818035
0.680126130581
0.67667901516
0.674543082714
0.674896478653
0.670225560665
0.665861546993
0.657791078091
0.657382726669
0.650862812996
0.646436989307
0.645300209522
0.636285841465
0.6198092103
0.62617379427
0.620763480663
0.614280760288
0.598283410072
0.603419244289
0.595453977585
0.568984687328
0.545154750347
0.563726723194
0.56839376688
0.534118235111
0.539047837257
0.533824443817
0.528719782829
0.520575642586
0.501647770405
0.47138851881
0.453662484884
0.468982219696
0.452206581831
0.443677127361
0.439348161221
0.462596565485
0.470429509878
0.434089779854
0.405143022537
0.470500677824
0.478391259909
0.486293405294
0.563509583473
0.416723310947
0.415199607611
0.461777538061
0.437108188868
0.429338514805
0.394487261772
0.441340714693
0.395228385925
0.377041935921
0.396924644709
0.468735545874
0.358685612679
0.415565699339
0.440823584795
0.470199078321
0.477883398533
0.431682229042
0.449608325958
0.465569794178
0.488323181868
0.413242816925
0.341734319925
0.336349338293
0.439946979284
0.436276584864
0.463081300259
0.386273533106
0.350642681122
0.415075361729
0.424549072981
0.352561205626
0.435843616724
0.442782878876
0.421572268009
0.39524936676
0.384032696486
0.446669369936
0.409707903862
0.399808883667
0.376468032598
0.441722244024
0.401556581259
0.444070309401
0.38987621665
0.45864340663
0.456294059753
0.459045618773
0.456514269114
0.401999920607
0.474270790815
0.420146077871
0.41080853343
0.412868738174
0.418967097998
0.436463624239
0.393695801497
0.419755488634
0.396912485361
0.445162147284
0.356235444546
0.389402806759
0.382230311632
0.385329842567
0.421614646912
0.403990328312
0.394249379635
0.443850249052
0.407395273447
0.388828903437
0.385411590338
0.445724517107
0.471666574478
0.439855098724
0.425985634327
0.411227762699
0.358940422535
0.420351564884
0.407115280628
0.373276919127
0.387091219425
0.410831034184
0.394932419062
0.374216020107
0.361960798502
0.428955882788
0.455228149891
0.407312095165
0.3999748528
0.42927479744
0.364705830812
0.400104999542
0.43469235301
0.418620526791
0.437498956919
0.419540405273
0.436321794987
0.393542319536
0.393476605415
0.46578541398
0.407167464495
0.4083096385
0.373038232327
0.387633502483
0.454433768988
0.411782860756
0.433404356241
0.410570293665
0.411760061979
0.388222515583
0.385674417019
0.426726132631
0.446551471949
0.375986427069
0.395520567894
0.428660482168
0.453311532736
0.364550918341
0.439010679722
0.446663379669
0.415343940258
0.384858816862
0.423729002476
0.434820413589
0.403960257769
0.440505921841
0.395563274622
0.403184682131
0.415304839611
0.42950591445
0.470050632954
0.375619351864
0.382256269455
0.391720503569
0.418090820312
0.388475656509
0.342465013266
0.345853179693
0.439555108547
0.385855704546
0.352219730616
0.420975744724
0.393159896135
0.387371093035
0.343741118908
0.39854195714
0.423580884933
0.416611731052
0.460174530745
0.388101577759
0.45402097702
0.473055273294
0.359694123268
0.4108684659
0.388708233833
0.408032625914
0.437176078558
0.422651976347
0.368002593517
0.367895066738
0.444052249193
0.414886534214
0.41776496172
0.400969535112
0.429546862841
0.479324281216
0.39065644145
0.470417678356
0.443781495094
0.411992371082
0.350199073553
0.376818180084
0.398509591818
0.439297825098
0.439995616674
0.394505798817
0.420557796955
0.454715102911
0.395055830479
0.425723940134
0.408717185259
0.382290691137
0.424704283476
0.446922808886
0.378033220768
0.371525496244
0.420386791229
0.429489344358
0.417880147696
0.425546348095
0.437739908695
0.392979443073
0.447264611721
0.443183600903
0.431988418102
0.494417101145
0.411487400532
0.391708850861
0.386181294918
0.371068418026
0.440578937531
0.402394801378
0.40386274457
0.438871771097
0.38899487257
0.40352088213
0.396838158369
0.420352816582
0.380926549435
0.429711848497
0.397346138954
0.384672284126
0.395825445652
0.375103503466
0.440625488758
0.409168064594
0.430255651474
0.422962874174
0.389497071505
0.420242756605
0.382898688316
0.395239263773
0.42310154438
0.38700824976
0.38275846839
0.412658363581
0.430162012577
0.418559968472
0.362539947033
0.402874082327
0.353208243847
0.458247005939
0.361112833023
0.39081966877
0.41537374258
0.444568276405
0.447844654322
0.375210016966
0.457638144493
0.439403146505
0.438305169344
0.418632924557
0.416486352682
0.381245970726
0.368580698967
0.413327395916
0.420568466187
0.378812998533
0.421905636787
0.450233101845
0.374828755856
0.378405511379
0.370183110237
0.404420852661
0.411915689707
0.418218821287
0.393306642771
0.384022861719
0.415517807007
0.370401918888
0.380804121494
0.41089785099
0.402545839548
0.391987621784
0.365287452936
0.400855839252
0.407379359007
0.396272212267
0.42260876298
0.386404782534
0.364626973867
0.426055192947
0.345710128546
0.387503683567
0.42632445693
0.436903566122
0.43618863821
0.400516450405
0.363708436489
0.376837670803
0.315768867731
0.42942482233
0.402728766203
0.394531667233
0.393416553736
0.350441783667
0.465181946754
0.381713688374
0.442592144012
0.470836371183
0.395033866167
0.344918340445
0.42702665925
0.378726691008
0.385623395443
0.381231606007
0.383346050978
0.447398215532
0.41835963726
0.361112892628
0.444117188454
0.434415519238
0.42149835825
0.419382095337
0.387759596109
0.450208157301
0.407213270664
0.440081685781
0.409318834543
0.434760451317
0.40584820509
0.463357776403
0.379893988371
0.378085851669
0.423312872648
0.408730596304
0.391311019659
0.423691958189
0.346614152193
0.414008319378
0.436240285635
0.422889441252
0.435021460056
0.466006070375
0.391666293144
0.385269224644
0.406099170446
0.377818495035
0.461655259132
0.361001372337
0.451694756746
0.411383956671
0.383501291275
0.388311624527
0.431833297014
0.44099098444
0.396749466658
0.441659808159
0.459158927202
0.42943367362
0.418520271778
0.430055558681
0.420210927725
0.405237942934
0.428907752037
0.423477739096
0.399342298508
0.372401535511
0.43550747633
0.385210394859
0.395110040903
0.373211562634
0.37890329957
0.401221007109
0.442532092333
0.407261550426
0.383258014917
0.402022242546
0.362116068602
0.411179542542
0.395992904902
0.411703228951
0.392386674881
0.422612637281
0.387851923704
0.405936986208
0.392647206783
0.461007982492
0.386984735727
0.414138227701
0.397462010384
0.362547904253
0.428784489632
0.387726455927
0.380585342646
0.408297389746
0.431642144918
0.331703394651
0.377358973026
0.370892494917
0.418907791376
0.389292299747
0.319610446692
0.342678546906
0.324400186539
0.392936348915
0.380717754364
0.381421387196
0.437589049339
0.352146834135
0.354442238808
0.381302773952
0.484739094973
0.423122316599
0.452268689871
0.415482908487
0.437852442265
0.443849951029
0.378641277552
0.42109438777
0.397139012814
0.431175976992
0.462714403868
0.395401418209
0.3585498631
0.373751670122
0.400455802679
0.427238583565
0.397422462702
0.397050738335
0.402856886387
0.36900010705
0.399696230888
0.404959559441
0.394505113363
0.391823142767
0.376505732536
0.362439870834
0.431824624538
0.442169755697
0.402409672737
0.381038427353
0.354646027088
0.38674557209
0.406325370073
0.40923371911
0.424988418818
0.457702696323
0.371692240238
0.351921439171
0.361867457628
0.400177419186
0.39934399724
0.374395936728
0.432127833366
0.383500993252
0.478621333838
0.359741032124
0.393378734589
0.426799863577
0.421174913645
0.387544572353
0.376663506031
0.3878505826
0.41344127059
0.389619976282
0.421153336763
0.417521446943
0.369961440563
0.425680398941
