0.835550606251
0.82899838686
0.822622478008
0.816426515579
0.810389578342
0.804485559464
0.798722863197
0.793096125126
0.787611603737
0.782293319702
0.777186870575
0.772231400013
0.767406642437
0.76272636652
0.758180260658
0.753735005856
0.749407112598
0.74515068531
0.741086363792
0.737239956856
0.733636319637
0.730101287365
0.726723849773
0.723498284817
0.720357298851
0.717301666737
0.714342832565
0.71141654253
0.708579301834
0.705883622169
0.703325212002
0.700800597668
0.698344171047
0.695962607861
0.693703711033
0.691559255123
0.689544975758
0.687575161457
0.68562322855
0.683820307255
0.682107925415
0.680435776711
0.678860723972
0.677304446697
0.675783932209
0.674314975739
0.672883987427
0.671463668346
0.670066714287
0.668718874454
0.667395532131
0.666122317314
0.664902091026
0.663706481457
0.662532031536
0.661388397217
0.66024440527
0.659159302711
0.658119022846
0.657093644142
0.656116187572
0.655157983303
0.654200851917
0.653242468834
0.652288198471
0.651332437992
0.650385856628
0.649456560612
0.648552119732
0.647650122643
0.646754443645
0.645865917206
0.644984543324
0.644115924835
0.64324182272
0.642370581627
0.641506433487
0.640659213066
0.639825284481
0.639010310173
0.638206839561
0.637414097786
0.636642098427
0.635902822018
0.635163247585
0.634424269199
0.633699595928
0.632983386517
0.632272064686
0.631543040276
0.630810856819
0.630086660385
0.629374504089
0.628672540188
0.627971768379
0.627276480198
0.62658649683
0.625912725925
0.625244855881
0.62457215786
0.623893857002
0.623199045658
0.622492730618
0.621786475182
0.621080756187
0.620365738869
0.619662940502
0.618976056576
0.618298113346
0.617633104324
0.616972327232
0.616303145885
0.615618169308
0.614941358566
0.614285707474
0.613633692265
0.612991452217
0.612355291843
0.611718416214
0.611092984676
0.6104798913
0.609863162041
0.609245240688
0.608622014523
0.608005821705
0.607380330563
0.606748342514
0.606109976768
0.605468451977
0.60481595993
0.604163169861
0.603546917439
0.602944731712
0.602341711521
0.601725637913
0.601128339767
0.600533783436
0.599930226803
0.599328041077
0.598748207092
0.598184645176
0.597620666027
0.597051203251
0.596482634544
0.595919966698
0.595356464386
0.594799876213
0.59424585104
0.593691825867
0.593141138554
0.592595756054
0.592060983181
0.591522634029
0.590996146202
0.590470075607
0.589950621128
0.589433372021
0.58891916275
0.588403761387
0.587886631489
0.587374925613
0.586873650551
0.586372792721
0.585872113705
0.585370242596
0.584870398045
0.584376811981
0.583881080151
0.583387732506
0.582895994186
0.58240377903
0.581914782524
0.581421732903
0.58092302084
0.580429911613
0.579929172993
0.579434335232
0.578937351704
0.578447878361
0.577967584133
0.57748901844
0.577012836933
0.57653439045
0.576053500175
0.57556694746
0.575074970722
0.574587643147
0.574099481106
0.573634207249
0.573167860508
0.572691202164
0.572222113609
0.571747839451
0.571268558502
0.570790529251
0.570314884186
0.569837749004
0.569360613823
0.568877637386
0.568397939205
0.567919075489
0.567441999912
0.566965818405
0.566491663456
0.566013097763
0.565531313419
0.565051317215
0.564570128918
0.564090251923
0.563607811928
0.563121914864
0.562652051449
0.562180817127
0.56170976162
0.56123483181
0.560756385326
0.560292840004
0.559826016426
0.55935883522
0.558895349503
0.558427333832
0.55795866251
0.557500302792
0.557046294212
0.556579470634
0.556119322777
0.555666208267
0.555212318897
0.554753363132
0.554300904274
0.553834736347
0.553375482559
0.552922666073
0.552461624146
0.55200356245
0.551541984081
0.551082730293
0.550613164902
0.550155103207
0.549705862999
0.5492374897
0.549191534519
0.549143195152
0.549094676971
0.549045979977
0.548996329308
0.548947274685
0.548900425434
0.548853754997
0.548804879189
0.548758208752
0.548713028431
0.548665940762
0.548618018627
0.548570752144
0.548524260521
0.548477590084
0.548430204391
0.548383533955
0.548335850239
0.548287630081
0.548241019249
0.548195719719
0.54814851284
0.548100829124
0.548053324223
0.54800593853
0.547959029675
0.547911763191
0.547864794731
0.547817528248
0.547770023346
0.547722995281
0.547675967216
0.547629058361
0.547581374645
0.547533750534
0.547486901283
0.547439694405
0.547392010689
0.547345459461
0.547297954559
0.547250390053
0.547202825546
0.547156214714
0.547108650208
0.547061681747
0.547013819218
0.54696726799
0.54691940546
0.546872317791
0.546824753284
0.546777486801
0.546730875969
0.546682953835
0.546634733677
0.546587407589
0.546540141106
0.546492338181
0.546444535255
