0.692447841167
0.692902028561
0.692646384239
0.692779302597
0.692634403706
0.692739248276
0.692793250084
0.692541658878
0.692214310169
0.692136883736
0.692368865013
0.692571997643
0.692389786243
0.692212820053
0.6925111413
0.692104518414
0.692032217979
0.691671967506
0.692157268524
0.691775262356
0.692413389683
0.692360758781
0.691779971123
0.691758513451
0.692235291004
0.691915094852
0.691966414452
0.691978335381
0.691922664642
0.691634118557
0.690743803978
0.691541135311
0.691539883614
0.691549301147
0.691283464432
0.691934227943
0.691526830196
0.691808700562
0.69076782465
0.691406011581
0.691255450249
0.691558778286
0.691301465034
0.691189348698
0.69138520956
0.691393077374
0.69103205204
0.691346168518
0.691229999065
0.691206336021
0.691008388996
0.690762102604
0.691106379032
0.691424548626
0.690835595131
0.691006481647
0.69071573019
0.690588831902
0.690768659115
0.690796911716
0.690222680569
0.690981984138
0.690645396709
0.690306067467
0.690597236156
0.690421819687
0.690752565861
0.691275894642
0.690398573875
0.69028365612
0.690310060978
0.690468609333
0.690058767796
0.690770983696
0.690638124943
0.690270721912
0.690574526787
0.690111577511
0.689911603928
0.689878463745
0.689999103546
0.690088808537
0.68976098299
0.691101193428
0.689940571785
0.690504431725
0.690144002438
0.690348684788
0.690098464489
0.690140604973
0.689778387547
0.689753830433
0.689674019814
0.690317869186
0.690149664879
0.689680874348
0.689682662487
0.689613282681
0.689253926277
0.688642382622
0.690114676952
0.690087080002
0.688847541809
0.689373791218
0.689269006252
0.689181864262
0.689721524715
0.690102994442
0.689341187477
0.689991474152
0.688824474812
0.688995957375
0.688242554665
0.689251422882
0.68975263834
0.689241349697
0.68883562088
0.689042568207
0.689147353172
0.688478469849
0.689349651337
0.68928861618
0.688554883003
0.688828349113
0.688978552818
0.689374089241
0.68851095438
0.689456999302
0.689711987972
0.688843131065
0.688864648342
0.68813598156
0.688258349895
0.688507199287
0.689038693905
0.688070476055
0.687647998333
0.688923597336
0.687891840935
0.688945710659
0.68843382597
0.6885227561
0.688537299633
0.688629448414
0.688574075699
0.687700390816
0.688133120537
0.688752174377
0.687471389771
0.688598036766
0.688018679619
0.689129292965
0.687321662903
0.688760876656
0.687360644341
0.687931835651
0.688422143459
0.687746345997
0.687800884247
0.687344193459
0.688057482243
0.688064217567
0.687666833401
0.688613295555
0.687933325768
0.68737667799
0.687145113945
0.687918663025
0.687024533749
0.687468290329
0.686448872089
0.687873005867
0.687632203102
0.688051998615
0.687348008156
0.686554074287
0.687251925468
0.687224626541
0.687593579292
0.687310516834
0.686878025532
0.686422228813
0.688047111034
0.68731790781
0.687470078468
0.686513185501
0.687314987183
0.687400996685
0.686446428299
0.68699324131
0.687260627747
0.687121868134
0.685815274715
0.687107086182
0.687169075012
0.687983512878
0.687267184258
0.685723304749
0.687426745892
0.688036978245
0.686422944069
0.687430381775
0.686729967594
0.686682105064
0.68567097187
0.687572300434
0.687060832977
0.686569154263
0.685205221176
0.687179863453
0.686187803745
0.687007725239
0.687141358852
0.687214314938
0.686947405338
0.686138689518
0.685976803303
0.685497105122
0.685477256775
0.686193406582
0.685727655888
0.685665845871
0.686398565769
0.686438262463
0.687553286552
0.68590259552
0.68613088131
0.686517834663
0.686713993549
0.685654044151
0.685129702091
0.685928583145
0.686673343182
0.687014818192
0.685629189014
0.684552013874
0.686375677586
0.688049972057
0.687326848507
0.685881853104
0.686373174191
0.685263514519
0.686232686043
0.685970723629
0.685716509819
0.686252951622
0.686222970486
0.685943722725
0.684437394142
0.686841130257
0.685269474983
0.684474766254
0.683831810951
0.687874019146
0.685901761055
0.685492396355
0.686328351498
0.683431506157
0.685231864452
0.685723364353
0.685738742352
0.68570882082
0.685738146305
0.684119999409
0.685747921467
0.686069667339
0.686000168324
0.683767318726
0.686560809612
0.685894489288
0.685321927071
0.68531191349
0.683606624603
0.685438930988
0.685022652149
0.685376942158
0.685527205467
0.685856938362
0.685619235039
0.685857772827
0.686093986034
0.684830009937
0.684771776199
0.68540084362
0.684552431107
0.68576836586
0.684811472893
0.686114192009
0.685531198978
0.685440659523
0.686396181583
0.684490025043
0.684180378914
0.68529355526
0.685781776905
0.684489786625
0.684335172176
0.685193300247
0.685022711754
0.684022426605
0.685099184513
0.685052633286
0.685579299927
0.685356616974
0.683655381203
0.684352993965
0.685438930988
0.683584988117
0.684545516968
0.685622513294
0.684895634651
0.685000658035
0.682914316654
0.684236824512
0.684808731079
0.685717701912
0.684108674526
0.685225307941
0.685238599777
0.685775518417
0.685506284237
0.684010207653
0.685405313969
0.685190498829
0.684242367744
0.683521687984
0.684987306595
0.684503078461
0.684520542622
0.68453681469
0.681353926659
0.685929298401
0.685356616974
0.683801710606
0.684988379478
0.683987975121
0.683313429356
0.684105575085
0.684716641903
0.68455684185
0.685485005379
0.683439552784
0.68444275856
0.686455726624
0.684418261051
0.684547960758
0.684541881084
0.684361755848
0.685238420963
0.68480014801
0.684359371662
0.683492064476
0.68422973156
0.682494819164
0.683530628681
0.683646917343
0.683927714825
0.682691276073
0.682071745396
0.682607650757
0.682179808617
0.684830367565
0.68592530489
0.682259678841
0.683907926083
0.684160709381
0.683850169182
0.685619354248
0.683179438114
0.682847321033
0.683261752129
0.679696977139
0.682834923267
0.683523356915
0.68162471056
0.683545231819
0.683042943478
0.681244194508
0.684127688408
0.681933641434
0.684010505676
0.683807373047
0.685442566872
0.681159317493
0.681094408035
0.680801928043
0.68282866478
0.682859122753
0.682623744011
0.682713627815
0.68188303709
0.68082344532
0.681833088398
0.681813776493
0.682606041431
0.684627056122
0.680582880974
0.681067287922
0.682097554207
0.686275482178
0.685226678848
0.683141946793
0.681807041168
0.682766497135
0.684012711048
0.68281519413
0.679415524006
0.684573113918
0.682413697243
0.682271540165
0.682376921177
0.683123767376
0.682264506817
0.681573808193
0.682752668858
0.683623373508
0.683515012264
0.682099044323
0.681226015091
0.682395100594
0.681364119053
0.679685175419
0.681234896183
0.682919085026
0.681035101414
0.681911468506
0.68182438612
0.682504355907
0.683266103268
0.682681202888
0.681168437004
0.682928919792
0.682937979698
0.680476784706
0.678222060204
0.679852724075
0.681428611279
0.678266525269
0.681068956852
0.68062132597
0.683679223061
0.680989325047
0.679521858692
0.683256864548
0.680777668953
0.68134021759
0.680250227451
0.680884838104
0.681069731712
0.681360304356
0.681313991547
0.679634034634
0.678732454777
0.682910621166
0.683290600777
0.684995114803
0.680273592472
0.682772815228
0.679355084896
0.682252764702
0.680544674397
0.681428730488
0.679454982281
0.680619239807
0.678448498249
0.680142641068
0.67842912674
0.68163216114
0.683656871319
0.676387429237
0.681415677071
0.682565510273
0.682176411152
0.680647075176
0.680195748806
0.681841313839
0.679636120796
0.681826531887
0.682050168514
0.679335296154
0.681172311306
0.68115991354
0.680284440517
0.683237195015
0.678915262222
0.682572543621
0.680029511452
0.68411052227
0.679673731327
0.682444036007
0.681755125523
0.681144654751
0.679673433304
0.678234696388
0.680426001549
0.679351210594
0.679259240627
0.680743992329
0.678891539574
0.680827200413
0.678083300591
0.679271697998
0.681363165379
0.679837405682
0.679854154587
0.683490812778
0.68044257164
0.683377146721
0.679448246956
0.679329454899
0.6825543046
0.674849569798
0.676117241383
0.679851055145
0.677699327469
0.677549183369
0.677235603333
0.682647287846
0.679189264774
0.675845980644
0.678433299065
0.678230047226
0.676975309849
0.674789428711
0.678592205048
0.679228901863
0.680592536926
0.677166104317
0.677550017834
0.679466485977
0.680716335773
0.682247400284
0.680430054665
0.675824284554
0.673275411129
0.682771205902
0.675327777863
0.680293262005
0.678753018379
0.678982019424
0.679114758968
0.677422642708
0.680130898952
0.676903247833
0.686407446861
0.67633920908
0.683214604855
0.676607728004
0.681031167507
0.684169590473
0.681316494942
0.676558494568
0.684148848057
0.67521071434
0.675283789635
0.676385521889
0.679953098297
0.67701536417
0.678228139877
0.675230681896
0.673992872238
0.679124712944
0.682588577271
0.676881432533
0.68015819788
0.677703440189
0.682308673859
0.677112281322
0.677950978279
0.676173508167
0.680178463459
0.67429125309
0.677013814449
0.675838291645
0.677910268307
0.678363800049
0.67819839716
0.672057211399
0.679225564003
0.675596356392
0.678371369839
0.676446318626
0.680108129978
0.68359464407
0.67135322094
0.680834650993
0.677912116051
0.67785680294
0.680625975132
0.674195826054
0.677604556084
0.677412092686
0.679066061974
0.680418372154
0.679057061672
0.674981534481
0.686497986317
0.674621045589
0.675200819969
0.679795742035
0.676667571068
0.680541694164
0.677834570408
0.673061668873
0.679034113884
0.673152267933
0.670126438141
0.677806556225
0.674027621746
0.682762861252
0.674655675888
0.675402224064
0.673447847366
0.677530825138
0.678392350674
0.673543930054
0.675047516823
0.67296230793
0.667943954468
0.678906977177
0.679525375366
0.682907700539
0.676402151585
0.676438808441
0.678836584091
0.676056325436
0.677246034145
0.679689824581
0.676416039467
0.675702512264
0.675060689449
0.674535810947
0.681953549385
0.671436905861
0.679696500301
0.670660674572
0.676139593124
0.673017561436
0.679549634457
0.67692476511
0.671895563602
0.670749545097
0.676542401314
0.676095366478
0.675904512405
0.671589910984
0.67352616787
0.679571092129
0.675098121166
0.674442887306
0.681598186493
0.672453641891
0.680626988411
0.669496715069
0.675585091114
0.673130095005
0.676102519035
0.670821249485
0.667552530766
0.672919273376
0.672695279121
0.674789965153
0.674430906773
0.675543129444
0.671295285225
0.677328944206
0.67844247818
0.672906339169
0.67913967371
0.670940577984
0.672384738922
0.669925093651
0.678175866604
0.677717864513
0.673385739326
0.674825966358
0.678260743618
0.673488438129
0.666231155396
0.673603832722
0.669829368591
0.675912976265
0.667008459568
0.677502691746
0.666208982468
0.673966109753
0.668429195881
0.674580037594
0.671965956688
0.673803567886
0.671283721924
0.674484491348
0.673890888691
0.663756012917
0.672110676765
0.673506140709
0.67716884613
0.672121524811
0.668166697025
0.664748549461
0.668642818928
0.669964075089
0.678229212761
0.669560194016
0.673638224602
0.679399728775
0.674942374229
0.673997759819
0.674547791481
0.674017131329
0.67173999548
0.670511245728
0.670233249664
0.676737844944
0.666033089161
0.671124398708
0.673813700676
0.673889160156
0.674376249313
0.669867098331
0.667814671993
0.669224739075
0.669600188732
0.660364449024
0.672794222832
0.673988521099
0.663497269154
0.673826098442
0.674171626568
0.669556975365
0.665701389313
0.672881543636
0.671095609665
0.666616618633
0.666283607483
0.671629965305
0.673034608364
0.670908272266
0.680948078632
0.665521085262
0.670307219028
0.669373571873
0.673466145992
0.667414844036
0.669192135334
0.67229694128
0.673550367355
0.67478877306
0.661346435547
0.67644995451
0.673644602299
0.66892772913
0.67365437746
0.661908864975
0.672066748142
0.665305972099
0.670313537121
0.668757915497
0.670770287514
0.66717338562
0.672968626022
0.665469408035
0.673825085163
0.674670934677
0.668933272362
0.665600419044
0.666803896427
0.662960231304
0.672081947327
0.666292130947
0.669653773308
0.673622012138
0.67451363802
0.665365517139
0.665234982967
0.67015337944
0.663800954819
0.672110080719
0.667195558548
0.666261672974
0.664762794971
0.672946214676
0.66752409935
0.669838964939
0.669697523117
0.66736471653
0.677544593811
0.669189572334
0.663093626499
0.675581932068
0.673983991146
0.669068932533
0.663655042648
0.666465044022
0.667783915997
0.670528590679
0.672706484795
0.672421216965
0.669381320477
0.676762223244
0.662274003029
0.663472890854
0.667903542519
0.658833444118
0.662560284138
0.662324488163
0.67077177763
0.666976392269
0.666675567627
0.66815072298
0.666645765305
0.661723971367
0.672488331795
0.665450811386
0.670806765556
0.661561250687
0.666875839233
0.662861227989
0.658288896084
0.66568171978
0.667369246483
0.671359598637
0.667484879494
0.660473465919
0.660762012005
0.666541099548
0.662575125694
0.665398001671
0.661437273026
0.663003623486
0.673044502735
0.673204541206
0.663732290268
0.663228154182
0.675256967545
0.663947880268
0.658574402332
0.667400360107
0.657085895538
0.663426995277
0.668548166752
0.66009914875
0.667359411716
0.660391330719
0.67594319582
0.663190126419
0.668265581131
0.658225655556
0.663604736328
0.67479044199
0.656971156597
0.66766834259
0.662310540676
0.666632533073
0.669069588184
0.666833043098
0.676327466965
0.662884652615
0.665900111198
0.657423377037
0.666249275208
0.662672996521
0.670906305313
0.657325983047
0.664020359516
0.659059345722
0.669616699219
0.665234386921
0.666767537594
0.655734181404
0.661144733429
0.66320759058
0.658624053001
0.668336510658
0.658734500408
0.664111256599
0.651471078396
0.657765030861
0.666181921959
0.665114104748
0.662899315357
0.656793832779
0.664315700531
0.671062290668
0.657078385353
0.646258115768
0.654955387115
0.668737471104
0.670162916183
0.668690800667
0.654235243797
0.662812590599
0.659191310406
0.661293745041
0.657356202602
0.656837582588
0.667252182961
0.665374457836
0.658049881458
0.665603399277
0.668081283569
0.661590874195
0.661587893963
0.655985713005
0.658525705338
0.663091003895
0.65969824791
0.66610789299
0.649931669235
0.656261444092
0.654728353024
0.668099999428
0.666575372219
0.666933059692
0.651607513428
0.671729981899
0.65392357111
0.664982795715
0.661385595798
0.665090322495
0.658247411251
0.665735006332
0.657619595528
0.656113922596
0.658096849918
0.66493588686
0.64796680212
0.660495936871
0.650209248066
0.658609092236
0.645840108395
0.671092391014
0.655965983868
0.644427418709
0.681183159351
0.666650235653
0.662775695324
0.655733704567
0.658416748047
0.649892985821
0.661848187447
0.653060376644
0.661897838116
0.657395064831
0.65496057272
0.669632554054
0.667619943619
0.661160290241
0.65873414278
0.647090852261
0.651785194874
0.653978228569
0.670397818089
0.651995837688
0.67172151804
0.665868997574
0.657613754272
0.660572052002
0.662310481071
0.656629741192
0.662354409695
0.671466827393
0.664910376072
0.647559344769
0.662129938602
0.654924094677
0.653487205505
0.666550934315
0.65200138092
0.656486093998
0.652214586735
0.664462208748
0.661574482918
0.670498609543
0.664401173592
0.657538414001
0.660525560379
0.663895606995
0.671574354172
0.663506507874
0.66310441494
0.655011236668
0.666647553444
0.655336678028
0.670196533203
0.661884307861
0.666198194027
0.667963981628
0.665186882019
0.654560208321
0.653781473637
0.66363376379
0.657410383224
0.65343362093
0.659657239914
0.658697366714
0.661632418633
0.654757022858
0.655538499355
0.665614426136
0.671943306923
0.660057127476
0.658011615276
0.653137266636
0.661068677902
0.654402256012
0.6551887393
0.655808329582
0.659221172333
0.665214002132
0.654502809048
0.652018785477
0.65427416563
0.658018231392
0.657789826393
0.665622770786
0.655545294285
0.656247317791
0.667466759682
0.668750047684
0.674567997456
0.664993047714
0.665442049503
0.660106182098
0.664824843407
0.655677139759
0.657969534397
0.655082166195
0.655043244362
0.654438018799
0.663642406464
0.661635994911
0.660830378532
0.66450804472
0.659288823605
0.664056539536
0.667441606522
0.664741933346
0.662424087524
0.654346168041
0.665696322918
0.650503158569
0.656061410904
0.665762543678
0.654400467873
0.671496927738
0.657836794853
0.657681047916
0.660503387451
0.658263742924
0.665713191032
0.662785947323
0.669397294521
0.670160651207
0.654752194881
0.658630490303
0.660274744034
0.65898257494
0.664613068104
0.658027291298
0.657511591911
0.654338717461
0.655161798
0.656298816204
0.660523951054
0.661334395409
0.660373091698
0.658002316952
0.651707053185
0.665181398392
0.650030434132
0.653021633625
0.667210698128
0.664511859417
0.656908631325
0.639374375343
0.646344065666
0.648336589336
0.647963345051
0.646700382233
0.661364197731
0.661811470985
0.658987641335
0.655929028988
0.654449999332
0.664990782738
0.666034400463
0.652631223202
0.659776568413
0.665188848972
0.660231053829
0.653932869434
0.668973922729
0.641505718231
0.665752291679
0.647056758404
0.653380036354
0.667093276978
0.656195044518
0.643354177475
0.664865016937
0.649924695492
0.663626968861
0.662697672844
0.651784896851
0.662223637104
0.653579473495
0.648645102978
0.659782290459
0.655257046223
0.653324186802
0.645140588284
0.656018674374
0.660202562809
0.658228576183
0.659043192863
0.655755758286
0.657855987549
0.673241972923
0.66762560606
0.659695744514
0.648332893848
0.671730458736
0.651927232742
0.659966528416
0.657554984093
0.650328636169
0.658891618252
0.643849015236
0.660979807377
0.647303164005
0.648013234138
0.664052248001
0.656488180161
0.644840121269
0.658960282803
0.650885164738
0.6590321064
0.645228564739
0.654789745808
0.657665133476
0.649871528149
0.657775998116
0.665340065956
0.663224518299
0.651136279106
0.648712277412
0.651021003723
0.651620984077
0.65860670805
0.656767547131
0.663746654987
0.656246900558
0.645843088627
0.657997667789
0.646816790104
0.659011423588
0.661770045757
0.651780307293
0.656150579453
0.65495711565
0.664999008179
0.645743489265
0.662209391594
0.656165063381
0.662193417549
0.642860889435
0.664593338966
0.651642560959
0.661534070969
0.645237982273
0.654934108257
0.647351384163
0.658551037312
0.652965128422
0.649531602859
0.656881928444
0.648425340652
0.65447807312
0.663673877716
0.659946501255
0.667318046093
0.661654531956
0.662190496922
0.65683054924
0.659349441528
0.651219189167
0.650312185287
0.660059869289
0.655046582222
0.653123736382
0.65706372261
0.662751078606
0.657410919666
0.657363831997
0.65660315752
0.651692509651
0.661367952824
0.645701110363
0.668798029423
