0.783260464668
0.722284436226
0.69850897789
0.673149466515
0.690711915493
0.652055084705
0.631279706955
0.629262924194
0.60247272253
0.582426726818
0.581077456474
0.580503463745
0.586523652077
0.585546851158
0.546485543251
0.562297701836
0.547649860382
0.525794506073
0.525199472904
0.524501502514
0.478661209345
0.484366357327
0.492204546928
0.473767995834
0.477403968573
0.443484127522
0.462241649628
0.416642248631
0.403131216764
0.379433423281
0.409421741962
0.404799371958
0.408036440611
0.399957567453
0.433692663908
0.375841468573
0.363481283188
0.359342694283
0.355282455683
0.364067077637
0.31901705265
0.342945754528
0.376490533352
0.393168270588
0.357429921627
0.330519735813
0.339417755604
0.380777806044
0.335989385843
0.34559327364
