0.693976581097
0.692634105682
0.693587839603
0.69248509407
0.693752288818
0.691943347454
0.692197322845
0.691632986069
0.69230389595
0.691660344601
0.692134201527
0.692271471024
0.691473245621
0.69097840786
0.691203355789
0.690426409245
0.690886855125
0.691012561321
0.691412329674
0.690690279007
0.691047430038
0.68931978941
0.690729141235
0.690325915813
0.690046489239
0.689100921154
0.689137995243
0.689741194248
0.689305722713
0.687933444977
0.689741313457
0.688205480576
0.688010692596
0.687819480896
0.686382293701
0.687502384186
0.68678355217
0.686685085297
0.686039924622
0.686777949333
0.684911191463
0.684827685356
0.684562623501
0.685618102551
0.684590399265
0.683146417141
0.684818446636
0.684518516064
0.682281076908
0.682162642479
0.682564496994
0.684339702129
0.683142781258
0.681654632092
0.680661857128
0.678322672844
0.679788887501
0.677524328232
0.679274260998
0.677632987499
0.676042675972
0.67584747076
0.675769627094
0.67727959156
0.674603879452
0.671926081181
0.673226356506
0.670099794865
0.668008029461
0.66913330555
0.666943788528
0.664875745773
0.661557555199
0.664842903614
0.66786980629
0.664292573929
0.660228133202
0.66323697567
0.65892380476
0.655111253262
0.657996177673
0.656475663185
0.652796387672
0.650950789452
0.654298484325
0.64794921875
0.649968743324
0.646145582199
0.640351831913
0.637476682663
0.635269224644
0.642284274101
0.63881790638
0.636765182018
0.633065402508
0.641436338425
0.630395054817
0.629347205162
0.636608719826
0.63026881218
0.630693137646
0.628391027451
0.629029154778
0.624925017357
0.627175688744
0.621319532394
0.62661075592
0.623510360718
0.619770050049
0.623518943787
0.618991136551
0.620062172413
0.61869174242
0.617382466793
0.610583841801
0.612808346748
0.617594957352
0.61539286375
0.606523513794
0.607772469521
0.603736460209
0.602736532688
0.616833925247
0.5985891819
0.609975516796
0.600021243095
0.602683782578
0.601500868797
0.596925318241
0.610923945904
0.598516047001
0.616455495358
0.597572207451
0.601224005222
0.600441038609
0.60117149353
0.599787473679
0.611044585705
0.589520871639
0.592976570129
0.599068641663
0.594524800777
0.591252923012
0.59039914608
0.586255013943
0.588328361511
0.603119194508
0.587931931019
0.590355634689
0.585073530674
0.592212378979
0.595839560032
0.587426960468
0.578148424625
0.579695522785
0.582554340363
0.580053567886
0.582764863968
0.582981050014
0.586411237717
0.58180052042
0.576271772385
0.605751216412
0.580485224724
0.600827455521
0.598123848438
0.589935481548
0.57233184576
0.571009218693
0.588413894176
0.576041042805
0.579378545284
0.579957306385
0.576456606388
0.570976555347
0.585524022579
0.580187916756
0.567216813564
0.562020480633
0.566145122051
0.566918969154
0.558162927628
0.581939041615
0.567514359951
0.563187897205
0.586470901966
0.561365008354
0.560991108418
0.559230327606
0.565572798252
0.554654359818
0.566833078861
0.553191900253
0.569177627563
0.562653005123
0.55921036005
0.575200736523
0.56257635355
0.573848068714
0.592090427876
0.567731916904
0.581185996532
0.566706955433
0.569643676281
0.558194577694
0.560799181461
0.583601891994
0.545493245125
0.552527189255
0.572652697563
0.575736641884
0.557602822781
0.563470602036
0.577803552151
0.568405747414
0.539590537548
0.564911782742
0.57149285078
0.546049177647
0.557954490185
0.559446811676
0.561268568039
0.558810889721
0.565381288528
0.564803242683
0.551883339882
0.585285127163
0.554321587086
0.566283941269
0.551878273487
0.549474477768
0.560580015182
0.558452248573
0.555203974247
0.543632805347
0.543574631214
0.534062325954
0.547857582569
0.566606640816
0.549687802792
0.574787139893
0.550833046436
0.547840833664
0.546811640263
0.53497505188
0.543139338493
0.556095004082
0.557881772518
0.548452436924
0.572342634201
0.552519142628
0.53820681572
0.526998281479
0.541846036911
0.546381413937
0.537191689014
0.544133901596
0.567933678627
0.544406235218
0.554709136486
0.552452385426
0.542972922325
0.561080276966
0.558092951775
0.561936318874
0.55954349041
0.551211833954
0.573930680752
0.555839598179
0.550490736961
0.549385428429
0.55840408802
0.536054372787
0.537488937378
0.534370243549
0.551381826401
0.552388072014
0.548890471458
0.531759858131
0.534187436104
0.540527164936
0.533818542957
0.539800822735
0.545512378216
0.539546787739
0.523048460484
0.543396413326
0.533815562725
0.553124785423
0.534634947777
0.544218540192
0.538486897945
0.535049676895
0.5228048563
0.530131995678
0.532931745052
0.544557988644
0.534199774265
0.520138561726
0.509387493134
