0.729153513908
0.726938486099
0.724790036678
0.722723245621
0.720756173134
0.718938171864
0.717216312885
0.715556979179
0.713993787766
0.712495923042
0.71107006073
0.709773421288
0.708577394485
0.707415938377
0.70628786087
0.705224692822
0.704231321812
0.703283786774
0.702375113964
0.701490581036
0.700658082962
0.699856221676
0.699084818363
0.698346018791
0.697625875473
0.696941196918
0.696284234524
0.695648729801
0.695022940636
0.694414019585
0.693822860718
0.693260014057
0.692701101303
0.692150115967
0.691601037979
0.691051185131
0.690504729748
0.68997168541
0.689458310604
0.688939452171
0.688417673111
0.687909901142
0.687416195869
0.686935782433
0.686469078064
0.686036348343
0.685610711575
0.685179173946
0.684751927853
0.684320271015
0.683882653713
0.683439850807
0.68299216032
0.682544887066
0.6820936203
0.681632459164
0.681161820889
0.680683612823
0.680198788643
0.679705142975
0.679206132889
0.678706169128
0.678202569485
0.677690148354
0.67716550827
0.676623106003
0.676062703133
0.675473868847
0.67487436533
0.674283862114
0.6736728549
0.673042535782
0.672410547733
0.671770572662
0.671100318432
0.670398831367
0.669672250748
0.668926358223
0.668177962303
0.667413175106
0.666619718075
0.665806829929
0.664962649345
0.664091229439
0.663210809231
0.662293672562
0.661349117756
0.660374045372
0.659341454506
0.65829461813
0.657215893269
0.656119585037
0.655009269714
0.653879225254
0.652705848217
0.651481389999
0.650201499462
0.648875594139
0.647503018379
0.646085143089
0.644635438919
0.643124699593
0.641590774059
0.640008449554
0.63834297657
0.636611700058
0.634805321693
0.632927060127
0.630988895893
0.628972351551
0.626880943775
0.624760866165
0.622594952583
0.620357990265
0.618094980717
0.615790843964
0.613428354263
0.610996544361
0.608483970165
0.605923593044
0.603262245655
0.600531995296
0.597747087479
0.594909608364
0.591964066029
0.588950157166
0.585855782032
0.582720577717
0.579569756985
0.576472461224
0.573333382607
0.570101201534
0.566784799099
0.563344836235
0.559823930264
0.556274950504
0.552682220936
0.54901689291
0.545302391052
0.541608333588
0.537836790085
0.534000575542
0.530217468739
0.526382982731
0.522444963455
0.518433332443
0.514324903488
0.510185956955
0.506063580513
0.501933276653
0.497744977474
0.493495374918
0.489206373692
0.484906762838
0.480566561222
0.476165920496
0.471696585417
0.467115789652
0.462515592575
0.457861930132
0.453113079071
0.44832777977
0.443532466888
0.438728451729
0.433974176645
0.429255515337
0.424444198608
0.419494450092
0.414461493492
0.409485012293
0.404515385628
0.399536758661
0.394468992949
0.389342904091
0.384223908186
0.379120022058
0.373949944973
0.368736922741
0.363531798124
0.358354717493
0.35314822197
0.347881674767
0.342626273632
0.337267071009
0.331754386425
0.326054275036
0.320205330849
0.31414976716
0.308088779449
0.30196377635
0.295827209949
0.28953653574
0.28328794241
0.277234107256
0.271218091249
0.265324383974
0.259564995766
0.253919780254
0.248209908605
0.242508083582
0.236838161945
0.231354668736
0.2260273844
0.220853313804
0.215745940804
0.210662469268
0.205761179328
0.20095744729
0.196223258972
0.191561743617
0.187002807856
0.182638511062
0.178323283792
0.174140617251
0.169995322824
0.165861040354
0.16183398664
0.157824352384
0.153755262494
0.1497104913
0.145816221833
0.141968131065
0.138286113739
0.13480989635
0.131405115128
0.128117457032
0.124906465411
0.121850505471
0.118883162737
0.115954965353
0.113141238689
0.110377550125
0.107667073607
0.105025723577
0.102452337742
0.0999589785933
0.0975688174367
0.0952976495028
0.0930994898081
0.0909481421113
0.0888898000121
0.086878284812
0.0849334448576
0.0830242708325
0.0811272040009
0.0792533308268
0.077450953424
0.0756939947605
0.0740034729242
0.0723640695214
0.0707866549492
0.0692458674312
0.0677654147148
0.0663336217403
0.0649352297187
0.0635844916105
0.0623013675213
0.0610602721572
0.0598347187042
0.0586772412062
0.0575728490949
0.0564952716231
0.0554600283504
0.0544419549406
0.0534693263471
0.0525397099555
0.0516454465687
0.0507726296782
0.0499322116375
0.0491172745824
0.0483218692243
0.0475510284305
0.0468264743686
0.0460982806981
0.04541419819
0.0447645783424
0.0440959334373
0.0434442907572
0.0428375862539
0.0422454476357
0.0416666455567
0.041111137718
0.0405676588416
0.0400464311242
0.0395279824734
0.0390389710665
0.0385556556284
0.0380814261734
0.0376118868589
0.0371745042503
0.0367633476853
0.0363215170801
0.0359069444239
0.0355282053351
0.0351486355066
0.0347850993276
0.0344276838005
0.0340823605657
0.0337380953133
0.0334124043584
