0.693146169186
0.693115830421
0.693086326122
0.693059563637
0.693024396896
0.692989289761
0.692955493927
0.692884325981
0.692867994308
0.692833602428
0.692815721035
0.692750930786
0.692705094814
0.692669391632
0.692629933357
0.692613244057
0.692551195621
0.69246840477
0.692441940308
0.69241052866
0.692386984825
0.692358255386
0.692234992981
0.692238509655
0.692172467709
0.69213360548
0.691980600357
0.692007243633
0.691968619823
0.691838681698
0.691842854023
0.691861927509
0.69169563055
0.691758394241
0.691768944263
0.691513180733
0.691670715809
0.691484987736
0.691384375095
0.691327631474
0.691143453121
0.691196501255
0.691030681133
0.691258847713
0.6910790205
0.690998196602
0.690662503242
0.69074857235
0.690766394138
0.690793514252
0.690734863281
0.690591335297
0.690236151218
0.690571248531
0.690181314945
0.690322220325
0.690115272999
0.690364956856
0.690222382545
0.689987421036
0.689697980881
0.689506113529
0.689610719681
0.690218687057
0.68968462944
0.689500629902
0.689253270626
0.688903093338
0.689216792583
0.689154922962
0.688843488693
0.689044475555
0.688192665577
0.688564419746
0.6888281703
0.688127636909
0.688799738884
0.688263356686
0.688571810722
0.688027739525
0.688150346279
0.688342452049
0.688068985939
0.687590658665
0.687722802162
0.68712323904
0.687446713448
0.687402963638
0.68726092577
0.686720609665
0.686882257462
0.68672722578
0.686824142933
0.686413288116
0.686487555504
0.686249315739
0.686200559139
0.685371637344
0.686520934105
0.686297476292
0.686084449291
0.686066925526
0.6849604249
0.685255169868
0.68472224474
0.685417950153
0.684390425682
0.685019373894
0.684883236885
0.684355437756
0.684570729733
0.684454798698
0.683355033398
0.683824956417
0.683619379997
0.683370172977
0.68288320303
0.683516204357
0.684781432152
0.683607280254
0.682972848415
0.683349490166
0.682403683662
0.681999862194
0.683250784874
0.68251824379
0.682415783405
0.682065069675
0.681305587292
0.681511104107
0.679952383041
0.681683659554
0.681564927101
0.680534720421
0.678991913795
0.680312395096
0.678982496262
0.680901348591
0.680205464363
0.679643929005
0.678867697716
0.679879546165
0.679236888885
0.679167687893
0.678996443748
0.678444981575
0.678019762039
0.677668809891
0.676210343838
0.678087115288
0.677500963211
0.67690551281
0.676262021065
0.676863193512
0.678207993507
0.676969110966
0.677129149437
0.675922691822
0.676854550838
0.675115823746
0.674073398113
0.674541115761
0.672947049141
0.673375666142
0.674178123474
0.674154758453
0.67510330677
0.67442047596
0.67563521862
0.671502232552
0.674156963825
0.670750677586
0.674455761909
0.67265444994
0.673162639141
0.671066045761
0.672483325005
0.672002792358
0.673761069775
0.670096516609
0.66915422678
0.6697717309
0.669848561287
0.669434249401
0.671374976635
0.670047223568
0.668261349201
0.670653402805
0.669310092926
0.66821205616
0.667277336121
0.667710363865
0.667839229107
0.667658209801
0.667473018169
0.671469867229
0.665675759315
0.66673463583
0.668097198009
0.666015923023
0.667095899582
0.666278243065
0.661665916443
0.665364980698
0.665703237057
0.662761986256
0.664147377014
0.662812590599
0.664131999016
0.661536633968
0.663149476051
0.659796714783
0.658716320992
0.660014808178
0.662735819817
0.666103899479
0.66154563427
0.659652292728
0.660934567451
0.658102571964
0.66148263216
0.656940281391
0.658739924431
0.656711578369
0.658427596092
0.657339632511
0.655167937279
0.652654707432
0.657511949539
0.654952466488
0.655922055244
0.654563367367
0.65246450901
0.650559306145
0.64938724041
0.652425050735
0.652561843395
0.649933993816
0.650871038437
0.653614461422
0.650627195835
0.650482535362
0.65093177557
0.647821485996
0.647325158119
0.652110040188
0.645599067211
0.647979021072
0.647493541241
0.646045982838
0.650381565094
0.648640573025
0.642998814583
0.647541165352
0.644856274128
0.644410789013
0.64615803957
0.640014231205
0.649078309536
0.641162991524
0.642544031143
0.640522480011
0.639015436172
0.639177024364
0.642555892467
0.641971945763
0.635525226593
0.641124665737
0.640689611435
0.639545559883
0.638104617596
0.636472523212
0.637569367886
0.63956874609
0.635810673237
0.634033501148
0.633394479752
0.628919661045
0.634090840816
0.630169093609
0.63592505455
0.631397366524
0.634508371353
0.634530246258
0.628812789917
0.627626121044
0.627770543098
0.629404187202
0.619770467281
0.62276083231
0.63325959444
0.629128217697
0.627537727356
0.620099306107
0.624130010605
0.624270677567
0.621672928333
0.622007846832
0.621094882488
0.628598093987
0.62042927742
0.618645370007
0.622487783432
0.615068852901
0.62782895565
0.623503923416
0.616065919399
0.619366765022
0.619313597679
0.618416249752
0.61538797617
0.623096704483
0.611928343773
0.615545511246
0.616175353527
0.610846340656
0.617529094219
0.609880268574
0.609307050705
0.604971706867
0.609783351421
0.611379504204
0.61011070013
0.605834841728
0.601283311844
0.593487262726
0.60456931591
0.611262977123
0.609366714954
0.592409968376
0.608871102333
0.59809076786
0.605912566185
0.603548884392
0.603101372719
0.610178768635
0.595991253853
0.603703141212
0.594686567783
0.593671262264
0.600380480289
0.593315660954
0.591633319855
0.596893966198
0.593066096306
0.59425163269
0.598034799099
0.582350313663
0.590333163738
0.591543495655
0.602142333984
0.583487272263
0.583367943764
0.59017676115
0.581751763821
0.589980006218
0.592578232288
0.575058579445
0.588467419147
0.580286681652
0.583599984646
0.57795804739
0.577979505062
0.586374640465
0.573378443718
0.583434641361
0.574444234371
0.568215787411
0.577695608139
0.578285753727
0.575559794903
0.572009205818
0.582190811634
0.565923988819
0.576424062252
0.571717917919
0.584216475487
0.57664078474
0.563945651054
0.554011046886
0.561308264732
0.568033754826
0.56221395731
0.580105721951
0.561804771423
0.568490684032
0.557185709476
0.548915684223
0.547149300575
0.572248280048
0.555962026119
0.563754916191
0.544426321983
0.562842607498
0.553537964821
0.55450117588
0.555569291115
0.555503487587
0.557930111885
0.556329548359
0.555233299732
0.522963047028
0.545053958893
0.544711172581
0.53937703371
0.542201638222
0.542341530323
0.549409091473
0.536293983459
0.538184523582
0.535194277763
0.54321372509
0.545273065567
0.549595057964
0.549642503262
0.521937131882
0.531178832054
0.526481151581
0.538894236088
0.531192362309
0.524799644947
0.531295716763
0.52428817749
0.521240115166
0.520498216152
0.52772217989
0.524476706982
0.517119765282
0.514871120453
0.531635761261
0.521687328815
0.526474058628
0.518355131149
0.515303373337
0.51539003849
0.496994584799
0.517906963825
0.529973864555
0.519888460636
0.530683279037
0.523429751396
0.510849714279
0.509256243706
0.499493300915
0.51789355278
0.493673920631
0.50388687849
0.497711241245
0.48993447423
0.495119869709
0.491826951504
0.500256955624
0.508343935013
0.496406763792
0.513093590736
0.49257349968
0.479895889759
0.490888983011
0.489725857973
0.492482542992
0.504029333591
0.494288682938
0.477346271276
0.489038318396
0.490886271
0.494090348482
0.474876195192
0.482270240784
0.491058409214
0.483616888523
0.494884163141
0.482108443975
0.492799937725
0.480225414038
0.492345809937
0.471384644508
0.466934561729
0.477067679167
0.468284249306
0.470387876034
0.480451852083
0.459662020206
0.460300624371
0.472988754511
0.488094121218
0.462619453669
0.465768158436
0.459229260683
0.464018672705
0.452275723219
0.465585768223
0.462231755257
0.449336618185
0.466443926096
0.452182143927
0.479274183512
0.456578403711
0.433170884848
0.435855329037
0.480132013559
0.460228294134
0.449377894402
0.434216350317
0.455661088228
0.456319063902
0.442442208529
0.451035499573
0.442836344242
0.450233131647
0.428990125656
0.445926427841
0.456492424011
0.420601755381
0.429779112339
0.436414331198
0.467375248671
0.415584892035
0.427799463272
0.445335268974
0.418431341648
0.42633280158
0.435004085302
0.434853076935
0.433981388807
0.417884260416
0.439304560423
0.449097901583
0.416221737862
0.432522505522
0.415964484215
0.407387375832
0.412927389145
0.407388269901
0.431662648916
0.417280584574
0.409243166447
0.382459849119
0.405479609966
0.437666893005
0.397354722023
0.431051671505
0.438358426094
0.404387772083
0.430544525385
0.388851583004
0.405846118927
0.418606042862
0.408779412508
0.391484469175
0.42019957304
0.395014107227
0.410167485476
0.400916129351
0.371927917004
0.396936178207
0.379612624645
0.393532723188
0.397350996733
0.404252648354
0.391227006912
0.39198499918
0.386786967516
0.379031360149
0.377428084612
0.374714136124
0.38976791501
0.390735238791
0.369330406189
0.393499910831
0.370096862316
0.355515271425
0.377167224884
0.380937963724
0.388478159904
0.404584348202
0.391921788454
0.399199485779
0.385272055864
0.393669694662
0.403652310371
0.359246462584
0.367729604244
0.362444013357
0.352204620838
0.384410351515
0.368131756783
0.375415712595
0.409160673618
0.387256830931
0.341438323259
0.358390003443
0.421709239483
0.346345305443
0.369868963957
0.358817726374
0.371947139502
0.356379956007
0.339639246464
0.347882151604
0.366216897964
0.408446371555
0.348354011774
0.357681423426
0.353651314974
0.350170552731
0.378974169493
0.336564481258
0.395345926285
0.3794285357
0.349491238594
0.361517041922
0.373651862144
0.356264442205
0.355634987354
0.371834367514
0.327912479639
0.38279902935
0.358660072088
0.353250056505
0.31749278307
0.381688326597
0.373820006847
0.385900348425
0.342602938414
0.339468836784
0.361726790667
0.357277780771
0.338322639465
0.36566016078
0.401398509741
0.334678143263
0.329333543777
0.37684956193
0.339490652084
0.299994319677
0.345161229372
0.356501609087
0.348138868809
0.306665450335
0.346713930368
0.358470052481
0.341422617435
0.302815616131
0.357428282499
0.357711136341
0.293570369482
0.324224591255
0.341320097446
0.300945848227
0.337224960327
0.324389129877
0.290453225374
0.335855782032
0.337842911482
0.319862186909
0.296003431082
0.309248775244
0.376458078623
0.341039776802
0.369719207287
0.297999113798
0.313875406981
0.281914353371
0.333197385073
0.290312975645
0.306344687939
0.279867380857
0.340446412563
0.337111085653
0.331774741411
0.333618670702
0.327193319798
0.349966198206
0.286791026592
0.281860351562
0.324764579535
0.337702184916
0.324690848589
0.300521671772
0.340566307306
0.337674707174
0.315820395947
0.346045583487
0.357536494732
0.272270798683
0.309071838856
0.342258781195
0.344165563583
0.325226157904
0.358863055706
0.2971367836
0.288147985935
0.305070638657
0.255997717381
0.306486129761
0.300585180521
0.299592643976
0.310624986887
0.314856559038
0.297184765339
0.344425439835
0.331095248461
0.330951482058
0.349498867989
0.298573821783
0.259119898081
0.250797599554
0.31856405735
0.28532242775
0.277731508017
0.341954380274
0.302703648806
0.28453156352
0.325363308191
0.287857651711
0.311116486788
0.298074513674
0.30015873909
0.319500535727
0.340994983912
0.280160456896
0.285455942154
0.300118714571
0.297260552645
0.300351440907
0.302396029234
0.377027511597
0.332561820745
0.264793336391
0.369269669056
0.279753178358
0.284988433123
0.280242979527
0.372551321983
0.281011611223
0.27926877141
0.272272467613
0.301852673292
0.258438915014
0.296561181545
0.294140845537
0.300569057465
0.280319541693
0.318527936935
0.315178722143
0.243362575769
0.31870162487
0.309352606535
0.325029850006
0.220107555389
0.281091302633
0.259415000677
0.297192931175
0.272670805454
0.303840070963
0.322878211737
0.339189767838
0.315790086985
0.296052545309
0.306318193674
0.301920473576
0.286116242409
0.307607114315
0.297490596771
0.326718240976
0.26121622324
0.28653550148
0.268604308367
0.293908923864
0.273185372353
0.301764637232
0.276149958372
0.279337912798
0.255161106586
0.276346683502
0.308770418167
0.305100619793
0.297788918018
0.304766178131
0.288350254297
0.320634454489
0.261363536119
0.268384844065
0.356860280037
0.296022295952
0.302153199911
0.305576950312
0.289802372456
0.32099378109
0.324071824551
0.235166877508
0.27770447731
0.282411932945
0.261718034744
0.304864436388
0.284062743187
0.307571858168
0.21787981689
0.24684253335
0.352203160524
0.288676589727
0.318768173456
0.289452165365
0.246650785208
0.325873166323
0.324643015862
0.2949411273
0.305059462786
0.27800783515
0.308595150709
0.281564742327
0.278170615435
0.297186851501
0.273765593767
0.259486705065
0.254035651684
0.292237430811
0.315146684647
0.25361636281
0.314162284136
0.298852682114
0.259956866503
0.260265827179
0.268788158894
0.330090731382
0.247523382306
0.301839798689
0.301930576563
0.248059943318
0.225110724568
0.273923546076
0.301638156176
0.312046825886
0.30554947257
0.288253426552
0.28815305233
0.300857752562
0.24988771975
0.261359393597
0.194746226072
0.342395097017
0.278225421906
0.221607416868
0.318413347006
0.276742309332
0.265061616898
0.254469305277
0.247518748045
0.271719485521
0.259186446667
0.267579078674
0.250262886286
0.282296031713
0.235029757023
0.274704992771
0.271144419909
0.248550772667
0.259892016649
0.240776389837
0.282447487116
0.240222319961
0.242551967502
0.244482949376
0.269668489695
0.307531177998
0.248044341803
0.295125216246
0.273997455835
0.307379513979
0.21590423584
0.247867867351
0.306394934654
0.231826528907
0.246374666691
0.269564032555
0.272219210863
0.25830155611
0.280527442694
0.230772927403
0.243822589517
0.303495168686
0.266441524029
0.351594865322
0.258711248636
0.234540402889
0.257949352264
0.298492223024
0.227838099003
0.249181628227
0.245580136776
0.333074420691
0.287325114012
0.273660570383
0.237740710378
0.261774241924
0.284612923861
0.298717468977
0.225908115506
0.22807687521
0.323650836945
0.265351176262
0.271797865629
0.301402509212
0.220697134733
0.271580845118
0.268235892057
0.245962679386
0.302140921354
0.246260672808
0.254675775766
0.271802663803
0.280858129263
0.282870531082
0.241996735334
0.235628902912
0.266976565123
0.262234896421
0.28164511919
0.309253424406
0.296641528606
0.307993471622
0.273053824902
0.23698656261
0.278987646103
0.244987159967
0.300207644701
0.276732027531
0.238682553172
0.234753459692
0.292457610369
0.260653465986
0.264194697142
0.274860948324
0.283187747002
0.261505067348
0.262291520834
0.264536499977
0.260449826717
0.273458093405
0.273990690708
0.275480568409
0.249338433146
0.27338257432
0.2482419312
0.317669630051
0.256500899792
0.30518040061
0.315885603428
0.26343485713
0.253353476524
0.276910871267
0.263510972261
0.27242860198
0.230885758996
0.293911993504
0.241865962744
0.277366638184
0.213102951646
0.251484841108
0.267167806625
0.303698778152
0.29212859273
0.209182456136
0.255527824163
0.265422165394
0.301191627979
0.220879405737
0.232413202524
0.323166400194
0.270296394825
0.284829437733
0.257085949183
0.320785582066
0.249330952764
0.223089545965
0.26545509696
0.238572239876
0.235834255815
0.269034713507
0.291210114956
0.285455614328
0.244568943977
0.238854050636
0.285340845585
0.261743932962
0.290386766195
0.261290788651
0.273908764124
0.282176196575
0.27460834384
0.270845800638
0.283612847328
0.239396646619
0.263896435499
0.272632956505
0.340611517429
0.317314743996
0.275240540504
0.224668860435
0.281038194895
0.228173971176
0.251348882914
0.300718873739
0.217518016696
0.321040898561
0.218475341797
0.258914977312
0.239019200206
0.251311540604
0.267382264137
0.216890916228
0.261057674885
0.252188712358
0.256182968616
0.26973503828
0.2743665874
0.311664283276
0.230976179242
0.232646808028
0.231436312199
0.274590283632
0.254682779312
0.266119390726
0.308983623981
0.274603784084
0.256263136864
0.233859315515
0.208623185754
0.258662313223
0.282704204321
0.318447440863
0.310570061207
0.244108483195
0.251768499613
0.27609539032
0.254494965076
0.2762799263
0.320033818483
0.258268296719
0.267239898443
0.295671194792
0.268994301558
0.231049776077
0.229671418667
0.282803893089
0.340092390776
0.258214443922
0.253121644258
0.258065253496
0.321566402912
0.315420359373
0.222732841969
0.245675429702
0.222446829081
0.255892753601
0.24687667191
0.28588193655
0.304327517748
0.266976296902
0.317246079445
0.301954954863
0.327674150467
0.261008054018
0.313964247704
0.27581936121
0.283503055573
0.240665569901
0.314934551716
0.295371502638
0.248099058867
0.270284563303
0.284181207418
0.257473170757
0.292315006256
0.246955573559
0.218231856823
0.268836766481
0.261861294508
0.234109461308
0.277766823769
0.284379661083
0.244167879224
0.291025370359
0.233099684119
0.288591533899
0.25209787488
0.348335206509
0.242528513074
0.288813859224
0.243548616767
0.277002722025
0.232024297118
0.286163449287
0.304166823626
0.305411279202
0.298153340816
0.267235308886
0.257931679487
0.224734425545
0.26409676671
0.277477443218
0.29424521327
0.273155093193
0.286431878805
0.249792307615
0.22525344789
0.310760766268
0.322763890028
0.284205824137
0.250954598188
0.237189128995
0.274153739214
0.25181350112
0.278679609299
0.243663400412
0.314431011677
0.248615577817
0.26935634017
0.247214376926
0.257974714041
0.261655449867
0.293127924204
0.220240280032
0.221475437284
0.245011568069
0.285322338343
0.267906218767
0.293122917414
0.300339132547
0.243759527802
0.258367955685
0.256224244833
0.249698162079
0.262394309044
0.286163389683
0.245556265116
0.280741721392
0.313245147467
0.276715546846
0.234805822372
0.309687614441
0.294602453709
0.263873636723
0.266228824854
0.237088426948
0.251463353634
0.233920589089
0.2444845438
0.288864314556
0.290592074394
0.285019874573
0.288335621357
0.270268708467
0.279509007931
0.280183047056
0.326254040003
0.244557872415
0.211178347468
0.249646499753
0.254377901554
0.289046317339
0.265124291182
0.232345074415
0.262889891863
0.239127188921
0.231878548861
0.243065208197
0.298825085163
0.328384578228
0.270464271307
0.261344432831
0.250509649515
0.226011827588
0.240360245109
0.204595834017
0.290907531977
0.239622101188
0.28335377574
0.289329141378
0.21551309526
0.288897484541
0.253481388092
0.304399639368
0.266821414232
0.237552553415
0.218485951424
0.264334410429
0.245176106691
0.22629609704
0.260692566633
0.249894604087
0.279754549265
0.277153879404
0.249917030334
0.25766980648
0.260884642601
0.285333096981
0.233985081315
0.31115552783
0.243407666683
