0.685973107815
0.686424016953
0.687805593014
0.683606266975
0.689055681229
0.684351921082
0.688991725445
0.685596585274
0.683172702789
0.685528993607
0.685369849205
0.686900794506
0.684622704983
0.685027778149
0.685769438744
0.681675076485
0.686913013458
0.685861706734
0.68207359314
0.68345695734
0.682425320148
0.67912119627
0.682190537453
0.683063030243
0.682976126671
0.685807883739
0.679414331913
0.679239690304
0.681350708008
0.684051096439
0.683997631073
0.683731377125
0.683456063271
0.677445650101
0.678438186646
0.684916377068
0.678789913654
0.68342345953
0.674836456776
0.676726639271
0.679146647453
0.679735302925
0.677427589893
0.679950773716
0.672420620918
0.674038171768
0.672439515591
0.675359070301
0.676286637783
0.674972891808
0.67543053627
0.672108113766
0.676474094391
0.672892510891
0.678201019764
0.675726592541
0.675526678562
0.672722220421
0.669865906239
0.672039210796
0.675348877907
0.671774208546
0.674227535725
0.662161111832
0.670865416527
0.671979665756
0.669145822525
0.660558640957
0.673404216766
0.663249075413
0.65998595953
0.671623885632
0.669317245483
0.667305827141
0.661248624325
0.662990689278
0.658854722977
0.661404788494
0.661139667034
0.653690218925
0.66146916151
0.662321507931
0.666514754295
0.665757656097
0.658920586109
0.658715248108
0.659810185432
0.657939612865
0.655243039131
0.655338346958
0.653580129147
0.648837506771
0.653323113918
0.657689630985
0.65367937088
0.654519438744
0.658088028431
0.644263267517
0.661544859409
0.65504103899
0.654209256172
0.65066075325
0.652505397797
0.639678299427
0.645525097847
0.648511171341
0.654985368252
0.650474071503
0.643052697182
0.637277245522
0.639991700649
0.641939163208
0.646096527576
0.641865134239
0.640580952168
0.643324971199
0.63737821579
0.638008594513
0.627256512642
0.639883637428
0.636948883533
0.642212033272
0.638063669205
0.635169625282
0.637885332108
0.637427210808
0.638381004333
0.640923857689
0.633589565754
0.635523438454
0.633142709732
0.619272053242
0.626839458942
0.632212221622
0.61716991663
0.632311999798
0.625260710716
0.626028835773
0.622855246067
0.63415825367
0.627299666405
0.632055342197
0.605138838291
0.611849844456
0.6227414608
0.614033102989
0.624348759651
0.617808222771
0.610625505447
0.613406658173
0.604415714741
0.602874159813
0.610436916351
0.591557323933
0.609318614006
0.596259951591
0.593793869019
0.604489982128
0.605251729488
0.597061097622
0.618711590767
0.593579947948
0.593907475471
0.604354560375
0.607724547386
0.602278351784
0.597016870975
0.596415579319
0.596145093441
0.593287527561
0.603575110435
0.601186811924
0.608994960785
0.604050993919
0.615181386471
0.592768609524
0.596409261227
0.600668489933
0.603499054909
0.609049677849
0.60525649786
0.61127281189
0.585170149803
0.606047332287
0.604566574097
0.607453048229
0.607931554317
0.615106403828
0.603079140186
0.592547893524
0.602602243423
0.594552636147
0.595793545246
0.61034309864
0.585613131523
0.606287360191
0.601529121399
0.594089508057
0.581654906273
0.594174742699
