0.691051065922
0.688410639763
0.690966188908
0.691754162312
0.692204773426
0.690153539181
0.689237892628
0.692924439907
0.692242801189
0.692844510078
0.689951360226
0.689155697823
0.687961935997
0.690006732941
0.692993044853
0.690330862999
0.692917227745
0.693210482597
0.690494000912
0.688437581062
0.689989924431
0.692610442638
0.690956234932
0.689634382725
0.690216124058
0.691233098507
0.691522240639
0.691547393799
0.690234839916
0.689465284348
0.689673900604
0.689330041409
0.687221467495
0.689801752567
0.690561711788
0.691452741623
0.689056634903
0.691195130348
0.690693080425
0.687671542168
0.690401911736
0.693868279457
0.687871038914
0.689668238163
0.692022681236
0.690519750118
0.6863540411
0.689025580883
0.693232178688
0.689219474792
0.689888715744
0.688498318195
0.689572811127
0.691259920597
0.687947273254
0.692738771439
0.689457416534
0.688277363777
0.693233191967
0.691727936268
0.689456343651
0.693391978741
0.690235733986
0.690541982651
0.687801659107
0.690457761288
0.690506517887
0.690994024277
0.687964439392
0.689175784588
0.686983287334
0.691880404949
0.68840777874
0.688293993473
0.68827933073
0.689870536327
0.688217699528
0.688474059105
0.689894795418
0.690079748631
0.690727770329
0.688537061214
0.690686941147
0.690844297409
0.687325596809
0.689375400543
0.687159121037
0.690017461777
0.690463781357
0.688882052898
0.691230416298
0.686897158623
0.694017827511
0.690838932991
0.690827667713
0.688171446323
0.690059006214
0.688281238079
0.68960750103
0.690200448036
