0.458536595106
0.56097561121
0.56097561121
0.56097561121
0.56097561121
0.56097561121
0.56097561121
0.56097561121
0.56097561121
0.56097561121
0.56097561121
0.56097561121
0.56097561121
0.56097561121
0.56097561121
0.56097561121
0.56097561121
0.56097561121
0.56097561121
0.56097561121
0.56097561121
0.56097561121
0.56097561121
0.56097561121
0.56097561121
0.56097561121
0.56097561121
0.56097561121
0.56097561121
0.56097561121
0.56097561121
0.56097561121
0.56097561121
0.56097561121
0.56097561121
0.56097561121
0.56097561121
0.56097561121
0.56097561121
0.56097561121
0.56097561121
0.56097561121
0.56097561121
0.56097561121
0.56097561121
0.56097561121
0.56097561121
0.56097561121
0.56097561121
0.56097561121
0.56097561121
0.56097561121
0.56097561121
0.56097561121
0.56097561121
0.56097561121
0.56097561121
0.56097561121
0.56097561121
0.56097561121
0.56097561121
0.56097561121
0.56097561121
0.56097561121
0.56097561121
0.56097561121
0.56097561121
0.56097561121
0.56097561121
0.56097561121
0.56097561121
0.56097561121
0.56097561121
0.56097561121
0.56097561121
0.56097561121
0.56097561121
0.56097561121
0.56097561121
0.56097561121
0.56097561121
0.56097561121
0.56097561121
0.56097561121
0.56097561121
0.56097561121
0.56097561121
0.56097561121
0.56097561121
0.56097561121
0.56097561121
0.56097561121
0.56097561121
0.56097561121
0.56097561121
0.56097561121
0.56097561121
0.56097561121
0.56097561121
0.56097561121
0.56097561121
0.56097561121
0.56097561121
0.56097561121
0.56097561121
0.56097561121
0.56097561121
0.56097561121
0.56097561121
0.56097561121
0.56097561121
0.56097561121
0.56097561121
0.56097561121
0.56097561121
0.56097561121
0.56097561121
0.56097561121
0.56097561121
0.56097561121
0.56097561121
0.56097561121
0.56097561121
0.56097561121
0.56097561121
0.56097561121
0.56097561121
0.56097561121
0.56097561121
0.56097561121
0.56097561121
0.56097561121
0.56097561121
0.56097561121
0.56097561121
0.56097561121
0.56097561121
0.56097561121
0.56097561121
0.56097561121
0.56097561121
0.56097561121
0.56097561121
0.56097561121
0.56097561121
0.56097561121
0.56097561121
0.56097561121
0.56097561121
0.56097561121
0.56097561121
0.56097561121
0.68292683363
0.697560966015
0.697560966015
0.692682921886
0.707317054272
0.746341466904
0.736585378647
0.741463422775
0.7121950984
0.736585378647
0.746341466904
0.760975599289
0.756097555161
0.741463422775
0.765853643417
0.770731687546
0.756097555161
0.746341466904
0.7121950984
0.736585378647
0.746341466904
0.746341466904
0.775609731674
0.72682929039
0.795121967793
0.746341466904
0.731707334518
0.780487775803
0.760975599289
0.770731687546
0.756097555161
0.765853643417
0.765853643417
0.756097555161
0.760975599289
0.760975599289
0.736585378647
0.751219511032
0.736585378647
0.785365879536
0.785365879536
0.751219511032
0.760975599289
0.751219511032
0.780487775803
0.756097555161
0.765853643417
0.760975599289
0.770731687546
0.770731687546
0.770731687546
0.785365879536
0.790243923664
0.731707334518
0.790243923664
0.756097555161
0.780487775803
0.751219511032
0.785365879536
0.760975599289
0.775609731674
0.780487775803
0.785365879536
0.785365879536
0.785365879536
0.785365879536
0.775609731674
0.760975599289
0.765853643417
0.770731687546
0.775609731674
0.790243923664
0.775609731674
0.775609731674
0.785365879536
0.800000011921
0.770731687546
0.770731687546
0.800000011921
0.775609731674
0.785365879536
0.751219511032
0.785365879536
0.770731687546
0.800000011921
0.765853643417
0.853658556938
0.868292689323
0.853658556938
0.843902468681
0.843902468681
0.897560954094
0.84878051281
0.843902468681
0.868292689323
0.887804865837
0.868292689323
0.839024364948
0.907317101955
0.887804865837
0.843902468681
0.868292689323
0.853658556938
0.873170733452
0.87804877758
0.87804877758
0.843902468681
0.824390232563
0.868292689323
0.873170733452
0.809756100178
0.882926821709
0.84878051281
0.87804877758
0.887804865837
0.868292689323
0.839024364948
0.858536601067
0.868292689323
0.873170733452
0.858536601067
0.873170733452
0.873170733452
0.829268276691
0.853658556938
0.863414645195
0.882926821709
0.863414645195
0.858536601067
0.87804877758
0.897560954094
0.868292689323
0.868292689323
0.858536601067
0.84878051281
0.87804877758
0.84878051281
0.897560954094
0.843902468681
0.858536601067
0.882926821709
0.863414645195
0.873170733452
0.892682909966
0.84878051281
0.863414645195
0.824390232563
0.853658556938
