0.878913700581
0.971218943596
0.843275547028
0.909852087498
0.845550537109
0.888147652149
0.873715221882
0.857411623001
0.890612244606
0.78273999691
0.82030582428
0.82555526495
0.793177962303
0.872148811817
0.760725617409
0.787138104439
0.780070960522
0.76739603281
0.811612486839
0.802949130535
0.72737544775
0.734474301338
0.793928802013
0.747272312641
0.740491449833
0.723570942879
0.740865409374
0.743299245834
0.74140816927
0.718632459641
0.76230853796
0.711438417435
0.744033277035
0.706752002239
0.735389351845
0.743773877621
0.704542040825
0.703978896141
0.675468087196
0.654097318649
0.681403696537
0.698030948639
0.665467023849
0.698054969311
0.697651803493
0.688152194023
0.699404776096
0.699102938175
0.656957983971
0.702714800835
0.648217022419
0.660582184792
0.654708623886
0.632030308247
0.666838884354
0.615571320057
0.652648031712
0.650202333927
0.673189997673
0.652789771557
0.627744972706
0.659766316414
0.652186393738
0.659147262573
0.688029944897
0.639857590199
0.643270075321
0.658940136433
0.621203303337
0.679221272469
0.644148528576
0.623580515385
0.626257181168
0.635668873787
0.637116014957
0.619523108006
0.624752938747
0.663823246956
0.633492588997
0.642553031445
0.608773887157
0.636334240437
0.617171406746
0.629888474941
0.609929203987
0.620524466038
0.636237084866
0.607930600643
0.588575959206
0.624610841274
0.629029631615
0.629261791706
0.614903450012
0.606939256191
0.635443270206
0.635891377926
0.612885534763
0.629039764404
0.601727128029
0.608722150326
0.596885859966
0.641851305962
0.582510232925
0.627887785435
0.601560771465
0.596092283726
0.552190124989
0.616082847118
0.587092578411
0.612730443478
0.617894411087
0.614619135857
0.605240523815
0.568772315979
0.604500293732
0.604576468468
0.623371064663
0.602431833744
0.580949783325
0.596753835678
0.620262026787
0.601666867733
0.573989927769
0.589214622974
0.590152740479
0.605483949184
0.596453309059
0.586999535561
0.574363827705
0.634311378002
0.579575836658
0.579466938972
0.584557592869
0.566216766834
0.600576519966
0.594714641571
0.531311392784
0.557488322258
0.584647357464
0.579924046993
0.572813510895
0.599081218243
0.59654468298
0.572303056717
0.581481933594
0.592363357544
0.584548950195
0.563711345196
0.542055606842
0.569392204285
0.553334593773
0.579294621944
0.588829755783
0.548214137554
0.570329666138
0.580237984657
0.590389668941
0.57929623127
0.57239896059
0.568445086479
0.537993550301
0.555001616478
0.578470230103
0.558361470699
0.579412281513
0.568984985352
0.606476247311
0.58011084795
0.56467884779
0.557014405727
0.592306911945
0.606479942799
0.567659318447
0.577330589294
0.569848954678
0.530074834824
0.576235592365
0.562904596329
0.535273194313
0.585346341133
0.574676394463
0.577184915543
0.540080726147
0.599529087543
0.549561858177
0.524889230728
0.564006149769
0.57532197237
0.559293985367
0.575711846352
0.552825152874
0.516240775585
0.552344143391
0.560573399067
0.572228908539
0.569667100906
0.539401888847
0.565490603447
0.571496665478
0.54861921072
0.58407586813
0.563684463501
0.601332902908
0.567956864834
0.559087753296
0.55771625042
0.553433299065
0.517852842808
0.565991401672
0.545941472054
0.544828236103
0.567789793015
0.579983532429
0.526409089565
0.590412855148
0.526845395565
0.537502110004
0.52162539959
0.54713010788
0.505291163921
0.554919779301
0.544495642185
0.533518433571
0.580892026424
0.522234737873
0.53904902935
0.523292958736
0.530627429485
0.565217673779
0.528759002686
0.547088384628
0.535621166229
0.568214356899
0.543746054173
0.549395442009
0.585062623024
0.545740127563
0.560152351856
0.516898751259
0.550247311592
0.498001128435
0.51869559288
0.551165997982
0.566656589508
0.535064101219
0.545911610126
0.522447109222
0.531756877899
0.534824252129
0.570103287697
0.574323356152
0.522518992424
0.558709323406
0.526308357716
0.525999426842
0.573067784309
0.514087378979
0.524394452572
0.521523177624
0.509849786758
0.549929738045
0.537709772587
0.533356249332
0.526417851448
0.534552037716
0.550935745239
0.507523834705
0.535107493401
0.496166914701
0.534364044666
0.519024729729
0.520628273487
0.558477342129
0.523971319199
0.507833838463
0.545226335526
0.531803846359
0.538522720337
0.547581493855
0.534891366959
0.527771174908
0.50831580162
0.486236512661
0.545374810696
0.555635273457
0.495600491762
0.547097861767
0.52629005909
0.513854503632
0.523680329323
0.520197331905
0.538077056408
0.523979842663
0.524960935116
0.510186612606
0.525871098042
0.517223775387
0.500276744366
0.518725037575
0.494756937027
0.520487546921
0.52846211195
0.501456856728
0.537542521954
0.530030310154
0.539227962494
0.538851976395
0.521434485912
0.561666429043
0.514016568661
0.53089761734
0.507638096809
0.498912900686
0.539254486561
0.52455419302
0.551522314548
0.527929067612
0.510255753994
0.528209149837
0.512370109558
0.489144325256
0.495992600918
0.541693091393
0.506458044052
0.497833997011
0.536298334599
0.46534538269
0.541211843491
0.503884375095
0.523689925671
0.512156844139
0.510963201523
0.463590741158
0.550579488277
0.483880996704
0.517664968967
0.498752623796
0.527405321598
0.521695375443
0.521149814129
0.526149630547
0.516274034977
0.545205414295
0.515174508095
0.564831376076
0.512226521969
0.532274365425
0.510922551155
0.48252376914
0.512968838215
0.553779363632
0.512404918671
0.503255486488
0.519750893116
0.540913403034
0.503713548183
0.482288181782
0.504899919033
0.530270814896
0.49520367384
0.499914765358
0.5073543787
0.522221624851
0.536043703556
0.493943959475
0.505479991436
0.5028616786
0.50325024128
0.500176727772
0.523357987404
0.50818413496
0.493639737368
0.537151932716
0.513473570347
0.501505255699
0.51592952013
0.514472424984
0.470973610878
0.513422429562
0.495040535927
0.526715457439
0.521457493305
0.546132624149
0.511102735996
0.509379982948
0.506819486618
0.474980056286
0.494589745998
0.501726984978
0.549378812313
0.500834941864
0.493488729
0.525567531586
0.509253680706
0.479678124189
0.503500878811
0.498862504959
0.488322347403
0.493774920702
0.494518011808
0.549329221249
0.514456093311
0.489378333092
0.493636488914
0.469781637192
0.468077361584
0.52958548069
0.464457660913
0.53059387207
0.499405711889
0.464617282152
0.481969624758
0.530276954174
0.468875050545
0.516696751118
0.458987951279
0.490370512009
0.487998187542
0.485798716545
0.497503727674
0.490425437689
0.481377512217
0.468875348568
0.491069018841
0.557849287987
0.457939445972
0.509242355824
0.506680846214
0.488422006369
0.501712560654
0.489652395248
0.49195176363
0.541146099567
0.515848219395
0.468023061752
0.459205627441
0.441522657871
0.491328656673
0.448165029287
0.47526371479
0.498703360558
0.528855979443
0.457259535789
0.507628500462
0.495726615191
0.486344635487
0.46681329608
0.516897082329
0.502893984318
0.475146025419
0.482810556889
0.460965484381
0.485959202051
0.490245461464
0.477578580379
0.480559110641
0.474025309086
0.502313017845
0.487907141447
0.52838653326
0.480084240437
0.457086801529
0.496311753988
0.45941644907
0.504065155983
0.417486906052
0.483202129602
0.48035338521
0.454444289207
0.47483381629
0.464926511049
0.553321242332
0.460657864809
0.476784527302
0.487702131271
0.500710785389
0.490751773119
0.536278486252
0.479080319405
0.479764133692
0.466242283583
0.49604922533
0.434307426214
0.484278410673
0.502038180828
0.509699583054
0.476426362991
0.510864496231
0.491830736399
0.463177114725
0.471788197756
0.483772993088
0.465153753757
0.470663577318
0.4813593328
0.488974899054
0.460180640221
0.49431297183
0.456204980612
0.439736038446
0.465303182602
0.548475027084
0.449607819319
0.465579479933
0.468565970659
0.459879696369
0.469252735376
0.454232633114
0.500504076481
0.521016836166
0.492715001106
0.469895273447
0.472625374794
0.48182913661
0.447333216667
0.456406742334
0.459403961897
0.466300398111
0.425556063652
0.454559534788
0.457227796316
0.450840681791
0.47703447938
0.45851418376
0.46781411767
0.479414224625
0.466930419207
0.457169175148
0.477173805237
0.464266508818
0.454127579927
0.493056923151
0.44545981288
0.469925224781
0.475062638521
0.448076874018
0.469697147608
0.465417772532
0.47298309207
0.506108522415
0.485244005919
0.475877344608
0.47209122777
0.465017169714
0.452559530735
0.478369444609
0.471122711897
0.430910140276
0.45459997654
0.480474084616
0.486061602831
0.488953977823
0.488731354475
0.483834922314
0.477897524834
0.425464391708
0.458547800779
0.466693848372
0.467070430517
0.444397777319
0.450907707214
0.452108770609
0.473644077778
0.447964847088
0.445608824492
0.501559972763
0.481701076031
0.436963498592
0.494919925928
0.441219717264
0.478570789099
0.425607144833
0.433486491442
0.501913130283
0.429916650057
0.425399571657
0.452735871077
0.476400822401
0.500511825085
0.453278362751
0.461966127157
0.454996883869
0.441770464182
0.457757562399
0.44496139884
0.478308826685
0.434324532747
0.418917655945
0.479755014181
0.442468523979
0.463804155588
0.464913487434
0.417788624763
0.486117810011
0.480216354132
0.470315724611
0.45081242919
0.455188184977
0.461740851402
0.494949996471
0.472764223814
0.460388988256
0.451284557581
0.455128282309
0.438216567039
0.494381159544
0.454130887985
0.430423498154
0.407999694347
0.461769908667
0.416097700596
0.449284702539
0.498307526112
0.511108636856
0.445546299219
0.464890688658
0.44562214613
0.421148717403
0.437323361635
0.431568652391
0.456314384937
0.453316599131
0.458676338196
0.43071475625
0.462725669146
0.479733288288
0.458240717649
0.449171453714
0.486346065998
0.472993135452
0.42896437645
0.430498868227
0.432511478662
0.449251979589
0.464820146561
0.472651660442
0.463562369347
0.42863586545
0.428859204054
0.442750424147
0.493340134621
0.454263389111
0.440572202206
0.461664885283
0.476187348366
0.463322252035
0.478203684092
0.430552721024
0.420846998692
0.433347463608
0.471977263689
0.441375851631
0.451929241419
0.43168219924
0.402369081974
0.430105298758
0.491332799196
0.463853418827
0.483035862446
0.457971930504
0.461699396372
0.473532617092
0.414227753878
0.456098407507
0.407830148935
0.422423303127
0.453192144632
0.479969382286
0.474598139524
0.462956577539
0.477113515139
0.427456408739
0.43455401063
0.473743498325
0.456438004971
0.450193971395
0.412875205278
0.442259043455
0.412289202213
0.467505186796
0.488590329885
0.43487611413
0.47609525919
0.485111504793
0.464196443558
0.438154608011
0.437541097403
0.406378895044
0.438385367393
0.45190089941
0.435508459806
0.444663703442
0.416866272688
0.497323423624
0.486190199852
0.461054801941
0.401806890965
0.443066477776
0.412704586983
0.464587926865
0.461274534464
0.430843532085
0.463866144419
0.458337247372
0.493059247732
0.435103267431
0.413169413805
0.500838816166
0.463072061539
0.438664138317
0.425071775913
0.429088771343
0.415440291166
0.414457023144
0.498149901628
0.449177712202
0.444076597691
0.414018183947
0.429889649153
0.397997409105
0.444024592638
0.442809313536
0.45292788744
0.498925328255
0.412101954222
0.452330291271
0.424618631601
0.452780157328
0.405775129795
0.45367282629
0.447255790234
0.438222438097
0.431442141533
0.499827384949
0.446712225676
0.417250812054
0.444969594479
0.446730077267
0.424944162369
0.408163279295
0.448035269976
0.463991940022
0.457062780857
0.445369541645
0.454770892859
0.459116876125
0.478511095047
0.422072947025
0.417759209871
0.405173748732
0.413213640451
0.479309201241
0.422033905983
0.42590123415
0.430717051029
0.442941844463
0.429984182119
0.456578403711
0.418632030487
0.480084687471
0.404110044241
0.435694038868
0.435123413801
0.424235194921
0.422035425901
0.371964246035
0.432202339172
0.434262722731
0.461960732937
0.434470981359
0.469753742218
0.416021347046
0.452931404114
0.386866122484
0.430680274963
0.413163721561
0.423612207174
0.460030823946
0.428029388189
0.391131937504
0.446488171816
0.479766905308
0.472886025906
0.470563858747
0.468818455935
0.409868597984
0.446544289589
0.428377002478
0.40207362175
0.412355214357
0.408532202244
0.468136191368
0.4363976717
0.436487734318
0.447860568762
0.47154968977
0.43840444088
0.411439538002
0.448465794325
0.457807540894
0.425958514214
0.424528211355
0.454934805632
0.404783368111
0.408707231283
0.395319789648
0.416722506285
0.438782691956
0.471714645624
0.429635465145
0.424669027328
0.448980331421
0.468328744173
0.456092178822
0.428613424301
0.452683150768
0.439480960369
0.423562884331
0.41643640399
0.442814677954
0.462669402361
0.447974562645
0.397522598505
0.426262259483
0.430210769176
0.398956358433
0.43349429965
0.40210929513
0.407943934202
0.443712860346
0.413448214531
0.421095132828
0.45902338624
0.41532677412
0.459639191628
0.451547473669
0.403870552778
0.387707442045
0.410360187292
0.411557614803
0.417533844709
0.453312605619
0.468517124653
0.432847857475
0.419658005238
0.479145109653
0.400795310736
0.459691077471
0.431713730097
0.419710308313
0.438425004482
0.441006481647
0.43323212862
0.413190662861
0.414608776569
0.43478423357
0.459332019091
0.4348526299
0.425975114107
0.434768676758
0.419202178717
0.421239942312
0.404555380344
0.433146446943
0.418933480978
0.459238052368
0.451268494129
0.449081003666
0.43818038702
0.44787299633
0.428524404764
0.424239039421
0.417786747217
0.420220941305
0.437585234642
0.414600640535
0.466178566217
0.440988838673
0.4367172122
0.407990425825
0.416499227285
0.468498170376
0.447166860104
0.441662609577
0.403195410967
0.467668920755
0.393450766802
0.445328354836
0.480688691139
0.446129918098
0.438157230616
0.481858313084
0.417536556721
0.426848709583
0.405183970928
0.485928118229
0.391142040491
0.409905940294
0.399126887321
0.434768110514
0.395754516125
0.392847001553
0.408458590508
0.410023838282
0.426502555609
0.421427518129
0.432708919048
0.449706554413
0.446054965258
0.444608002901
0.442282110453
0.44143179059
0.418951183558
0.440993338823
0.415712237358
0.451986551285
0.449833780527
0.43368819356
0.452977061272
0.420175790787
0.448154419661
0.456745922565
0.44648373127
0.457645893097
0.387042224407
0.437358826399
0.433169037104
0.440001696348
0.402307271957
0.443393677473
0.448893070221
0.43670424819
0.40667834878
0.400414824486
0.424643278122
0.393120676279
0.439980506897
0.456425249577
0.419921576977
0.450086653233
0.44007346034
0.43192666769
0.43604528904
0.450492888689
0.42079564929
0.454430818558
0.448347598314
0.407308220863
0.419789195061
0.379191488028
0.40852817893
0.427380383015
0.391905248165
0.423442304134
0.462544798851
0.438652515411
0.425325036049
0.422795563936
0.391615718603
0.396615535021
0.422006338835
0.457720190287
0.413739532232
0.404767155647
0.472738206387
0.428177475929
0.456211656332
0.424654841423
0.43500456214
0.420532017946
0.438612997532
0.404257833958
0.429915606976
0.447599649429
0.410119473934
0.454046338797
0.419701725245
0.384954988956
0.445375353098
0.439499855042
0.443333983421
0.395478785038
0.426976919174
0.467654824257
0.464358359575
0.455273240805
0.454766720533
0.453327804804
0.434259325266
0.431559145451
0.475341618061
0.454982429743
0.45119830966
0.420853465796
0.396645456553
0.389731138945
0.433569401503
0.451273620129
0.439566344023
0.450973689556
