0.693160712719
0.693025112152
0.692876756191
0.692724168301
0.692570984364
0.692431807518
0.692292153835
0.69214707613
0.692000389099
0.691856443882
0.691717505455
0.69157999754
0.691445171833
0.691304802895
0.691170811653
0.691038608551
0.690907120705
0.690777897835
0.690648972988
0.690520346165
0.69039285183
0.690265715122
0.690139234066
0.6900151968
0.689888775349
0.689770638943
0.689657866955
0.689537465572
0.689415335655
0.689304769039
0.689193487167
0.689082920551
0.688974201679
0.688865721226
0.6887575984
0.688652217388
0.688547253609
0.68844294548
0.688344120979
0.688246786594
0.68815100193
0.688053011894
0.68796312809
0.687874495983
0.68778604269
0.687698364258
0.687613606453
0.687530815601
0.687449157238
0.687368869781
0.687292456627
0.687216579914
0.687140882015
0.687069356441
0.687003314495
0.686935842037
0.686867296696
0.686804652214
0.686742544174
0.686681807041
0.68662416935
0.686567187309
0.686511695385
0.686457514763
0.686405956745
0.686358869076
0.686312496662
0.686266481876
0.686221957207
0.686182558537
0.686144888401
0.686108410358
0.686073243618
0.686040639877
0.686009526253
0.685979902744
0.685952067375
0.685926496983
0.685902357101
0.685879230499
0.685859620571
0.685841560364
0.685824513435
0.685808300972
0.685793042183
0.68577927351
0.685767650604
0.685757398605
0.685747861862
0.685739159584
0.685731232166
0.685724616051
0.685718953609
0.685714125633
0.685709893703
0.68570625782
0.685703158379
0.685700654984
0.685698449612
0.685696780682
0.685695469379
0.685694396496
0.68569368124
0.685693204403
0.68569278717
0.685692608356
0.685692489147
0.685692608356
0.68569278717
0.68569290638
0.685693085194
0.685693264008
0.685693442822
0.685693502426
0.68569368124
0.685693800449
0.685693800449
0.685693979263
0.685693979263
0.685693979263
0.685693979263
0.685693860054
0.685693860054
0.685693800449
0.68569368124
0.685693562031
0.685693502426
0.685693383217
0.685693204403
0.685693204403
0.685693204403
0.685693085194
0.685692965984
0.68569290638
0.68569278717
0.68569278717
0.68569278717
0.685692608356
0.685692667961
0.685692608356
0.685692608356
0.685692667961
0.685692608356
0.685692608356
0.685692608356
0.685692608356
0.685692608356
0.685692608356
0.685692608356
0.685692608356
0.685692608356
0.685692608356
0.685692608356
0.685692608356
0.685692608356
0.685692608356
0.685692608356
0.685692667961
0.685692608356
0.685692608356
0.685692608356
0.685692608356
0.685692608356
0.685692608356
0.685692548752
0.685692608356
0.685692608356
0.685692608356
0.685692608356
0.685692608356
0.685692608356
0.685692608356
0.685692548752
0.685692608356
0.685692608356
0.685692608356
0.685692548752
0.685692608356
0.685692608356
0.685692608356
0.685692608356
0.685692489147
0.685692548752
0.685692548752
0.685692608356
0.685692548752
0.685692608356
0.685692608356
0.685692608356
0.685692608356
0.685692608356
0.685692608356
0.685692548752
0.685692608356
0.685692608356
0.685692548752
0.685692548752
0.685692608356
0.685692548752
0.685692608356
0.685692608356
0.685692608356
0.685692489147
0.685692608356
0.685692608356
0.685692667961
0.685692608356
0.685692608356
0.685692608356
0.685692548752
0.685692548752
0.685692548752
0.685692608356
0.685692608356
0.685692608356
0.685692608356
0.685692548752
0.685692608356
0.685692608356
0.685692608356
0.685692608356
0.685692608356
0.685692608356
0.685692608356
0.685692608356
0.685692608356
0.685692548752
0.685692608356
0.685692608356
0.685692608356
0.685692489147
0.685692608356
0.685692608356
0.685692608356
0.685692608356
0.685692608356
0.685692608356
0.685692608356
0.685692548752
0.685692608356
0.685692608356
0.685692608356
0.685692608356
0.685692548752
0.685692608356
0.685692548752
0.685692608356
0.685692608356
0.685692608356
0.685692608356
0.685692608356
0.685692608356
0.685692608356
0.685692608356
0.685692608356
0.685692608356
0.685692608356
0.685692608356
0.685692608356
0.685692548752
0.685692548752
0.685692608356
0.685692608356
0.685692608356
0.685692548752
0.685692608356
0.685692548752
0.685692608356
0.685692608356
0.685692608356
0.685692608356
0.685692548752
0.685692608356
0.685692608356
0.685692608356
0.685692548752
0.685692608356
0.685692608356
0.685692548752
0.685692548752
0.685692608356
0.685692608356
0.685692548752
0.685692608356
0.685692608356
0.685692608356
0.685692608356
0.685692608356
0.685692548752
0.685692608356
0.685692548752
0.685692548752
0.685692608356
0.685692548752
0.685692548752
0.685692608356
0.685692548752
0.685692548752
0.685692608356
0.685692608356
