0.69374525547
0.687128126621
0.690403461456
0.685508668423
0.683703839779
0.683596730232
0.688890576363
0.684932351112
0.685389280319
0.68964856863
0.685974955559
0.682463049889
0.686655759811
0.684811651707
0.680533587933
0.692974925041
0.683106482029
0.68567353487
0.684188008308
0.684982657433
0.682198941708
0.688522458076
0.67823946476
0.677724897861
0.681823134422
0.681111097336
0.681541204453
0.679296135902
0.682367682457
0.684582591057
0.686396479607
0.682094991207
0.678866028786
0.684260964394
0.679329574108
0.678548514843
0.683127820492
0.676629245281
0.677807927132
0.681604325771
0.670591175556
0.675703406334
0.678438723087
0.679614126682
0.68348968029
0.684422194958
0.674858748913
0.671823441982
0.675685882568
0.680891692638
0.677134096622
0.672457277775
0.678377091885
0.671780705452
0.670399129391
0.66470348835
0.683621287346
0.673179388046
0.665649294853
0.673330068588
0.672390222549
0.675227940083
0.680044770241
0.679885864258
0.673561930656
0.669069111347
0.662417888641
0.675508677959
0.679804801941
0.668599665165
0.660390436649
0.665538072586
0.666977822781
0.668865919113
0.668297588825
0.679817318916
0.667044878006
0.677808046341
0.677015960217
0.671840548515
0.674880683422
0.66010504961
0.666912674904
0.683268725872
0.683275818825
0.6732827425
0.670530080795
0.654770433903
0.676165342331
0.656681239605
0.65952694416
0.657266616821
0.659858644009
0.670797049999
0.647151648998
0.659688353539
0.656487166882
0.680635333061
0.660665810108
0.670058965683
0.652903735638
0.674465417862
0.664785861969
0.666433513165
0.660213708878
0.660667359829
0.655546963215
0.652567505836
0.662580192089
0.658220827579
0.651069164276
0.655962705612
0.634468019009
0.669895648956
0.643004477024
0.639358460903
0.653017044067
0.650320351124
0.641102731228
0.665600001812
0.645915031433
0.661278188229
0.656846225262
0.636010468006
0.648905515671
0.651622354984
0.654115617275
0.646008014679
0.653768837452
0.630854606628
0.634696125984
0.660015702248
0.621921300888
0.640963375568
0.652366220951
0.626118183136
0.629739701748
0.626753032207
0.632323861122
0.639137625694
0.623931884766
0.619002640247
0.61115449667
0.644746959209
0.649986147881
0.608137786388
0.625451147556
0.605774283409
0.631437301636
0.613443136215
0.649065434933
0.636491656303
0.629933953285
0.639911532402
0.628073632717
0.625442743301
0.617310345173
0.625830769539
0.624485194683
0.619247674942
0.649793744087
0.596957743168
0.605836868286
0.620388746262
0.589358270168
0.60777682066
0.611202538013
0.613706171513
0.640656709671
0.597172141075
0.633492648602
0.61653149128
0.629675984383
0.60384529829
0.616115987301
0.626311659813
0.623770236969
0.581856012344
0.608334779739
0.594620883465
0.61058473587
0.62328338623
0.602881848812
0.605794966221
0.632732093334
0.611199080944
0.611697137356
0.603890419006
0.640554189682
0.594109356403
0.633479952812
0.632787466049
0.608959794044
0.653945684433
0.629314303398
0.642995595932
0.632128238678
0.618201971054
0.634636104107
0.616967618465
