1.12062335014
1.04196083546
0.924216210842
0.937849402428
0.890867829323
0.899558186531
0.751330733299
0.732323348522
0.75535351038
0.717976629734
0.727610945702
0.677435874939
0.707731902599
0.627270936966
0.654976606369
0.658998966217
0.64878988266
0.639057934284
0.629848122597
0.595930695534
0.629853487015
0.636366784573
0.608477294445
0.576688826084
0.581255376339
0.618107318878
0.624804735184
0.572748601437
0.572090089321
0.550993740559
0.549090206623
0.560198247433
0.545961916447
0.560254514217
0.547590255737
0.514859437943
0.516597270966
0.529931128025
0.50785279274
0.508710980415
0.481556296349
0.528726220131
0.469299733639
0.503306031227
0.505129873753
0.478453695774
0.522942781448
0.510431110859
0.472812831402
0.502743959427
