0.694888055325
0.694129824638
0.693618237972
0.693810224533
0.692670404911
0.693625688553
0.693832397461
0.694213867188
0.692565023899
0.692755401134
0.693123519421
0.693395316601
0.692556262016
0.692253649235
0.693471550941
0.693108260632
0.692681312561
0.69288700819
0.692108750343
0.69276881218
0.691429197788
0.693170249462
0.691295802593
0.691749989986
0.691568672657
0.692032158375
0.691516399384
0.693244695663
0.691993355751
0.692287266254
0.69228041172
0.69220918417
0.690553963184
0.691479921341
0.691146612167
0.692548036575
0.691166579723
0.690257072449
0.691401183605
0.690666973591
0.691516876221
0.690566658974
0.692097008228
0.69191211462
0.690613090992
0.690679192543
0.691344797611
0.690932273865
0.689562678337
0.690734505653
0.69067722559
0.690623342991
0.691208839417
0.689807713032
0.68955552578
0.68995821476
0.689022958279
0.691150963306
0.689975321293
0.690300703049
0.689932346344
0.690091788769
0.689348638058
0.690614104271
0.690080285072
0.688679099083
0.689943492413
0.688939809799
0.689977347851
0.690121293068
0.688750624657
0.690760552883
0.689410746098
0.690236389637
0.688928246498
0.688739836216
0.688513159752
0.687981009483
0.688733577728
0.688317000866
0.689462602139
0.689148664474
0.689205408096
0.689466357231
0.689068555832
0.688859760761
0.687926232815
0.688792288303
0.689425349236
0.688817441463
0.688831627369
0.689719736576
0.688353896141
0.6879799366
0.687511146069
0.689167439938
0.690134048462
0.689372301102
0.686584472656
0.689010381699
0.687011003494
0.687300801277
0.687745928764
0.688041865826
0.687214314938
0.686707854271
0.687743425369
0.687861919403
0.686566591263
0.687670826912
0.685996949673
0.686736941338
0.688342452049
0.687762737274
0.689063668251
0.687593638897
0.685651063919
0.687588453293
0.687882423401
0.68860411644
0.688407182693
0.685276687145
0.685996770859
0.686477303505
0.685969412327
0.687188565731
0.686308085918
0.686789751053
0.687024772167
0.685424804688
0.68630027771
0.687397003174
0.688187003136
0.686498939991
0.686022818089
0.686181783676
0.687743008137
0.685972630978
0.686736345291
0.685416042805
0.685873568058
0.686570465565
0.687667012215
0.686048686504
0.68644618988
0.684553623199
0.684909582138
0.685259878635
0.686544418335
0.684005498886
0.685401499271
0.685051381588
0.687426507473
0.686109244823
0.684543669224
0.686876416206
0.686982095242
0.685705065727
0.68633800745
0.684158205986
0.683958947659
0.685539424419
0.685658216476
0.685898244381
0.685729444027
0.685861885548
0.687435269356
0.687362611294
0.686825573444
0.68571138382
0.686600923538
0.686151742935
0.684737920761
0.686342120171
0.685644626617
0.684198737144
0.685999333858
0.68412566185
0.683526158333
0.685776293278
0.684058904648
0.685663580894
0.685709834099
0.684284925461
0.684670627117
0.6843303442
0.684748053551
0.687878251076
0.683248996735
0.682889461517
0.681593060493
0.682197988033
0.686034142971
0.684317827225
0.681685984135
0.685364603996
0.680141568184
0.684414625168
0.684820413589
0.685359477997
0.682993769646
0.682384669781
0.682610571384
0.684616088867
0.683761060238
0.682462692261
0.684933781624
0.681444108486
0.682367086411
0.682595133781
0.684627532959
0.682619273663
0.68262976408
0.680676281452
0.681400895119
0.684057891369
0.681758224964
0.68192332983
0.683309733868
0.681887984276
0.681547880173
0.684966087341
0.681014657021
0.681332945824
0.679992258549
0.682046711445
0.686605811119
0.68571460247
0.683872997761
0.689041674137
0.683001279831
0.681829810143
0.67745244503
0.683489918709
0.676313579082
0.677035808563
0.683281421661
0.684508144855
0.679251790047
0.679140388966
0.686216831207
0.682732105255
0.683127224445
0.679807960987
0.685944795609
0.677457630634
0.679332315922
0.68187969923
0.679584860802
0.679874897003
0.679125547409
0.683856070042
0.681104063988
0.682455897331
0.679052054882
0.681916832924
0.677667677402
0.67961114645
0.682461202145
0.682781398296
0.676290094852
0.678091108799
0.674925923347
0.679615437984
0.684195637703
0.680541753769
0.688151597977
0.682877838612
0.681207478046
0.684310495853
0.671403110027
0.679759860039
0.677373945713
0.680902719498
0.673546791077
0.674206197262
0.674184501171
0.672098278999
0.678021967411
0.680114746094
0.674613595009
0.678656578064
0.67099416256
0.680400431156
0.683917760849
0.68100631237
0.677965164185
0.681840896606
0.67659586668
0.670395731926
0.674411892891
0.668652057648
0.675958693027
0.671469211578
0.681447088718
0.678790330887
0.680535137653
0.66764497757
0.672177731991
0.677479982376
0.674708008766
0.678494036198
0.677486002445
0.672559499741
0.679859876633
0.677451252937
0.672100663185
0.67149835825
0.671366989613
0.673985600471
0.673203647137
0.671754539013
0.67699277401
0.673219382763
0.672267854214
0.669000566006
0.669808745384
0.669483184814
0.667467832565
0.671663105488
0.665969789028
0.660838067532
0.660815298557
0.671173214912
0.670963466167
0.671509981155
0.672852098942
0.671942532063
0.669384717941
0.670932173729
0.664004147053
0.663061380386
0.665007948875
0.660265684128
0.666694462299
0.662367045879
0.659827113152
0.662861764431
0.664238154888
0.667796194553
0.663655102253
0.672614812851
0.668022215366
0.670210838318
0.666564822197
0.671161472797
0.66475635767
0.671329081059
0.673754870892
0.666893482208
0.668943166733
0.660008966923
0.66447532177
0.675513863564
0.660218000412
0.658006489277
0.658632695675
0.661943376064
0.667023599148
0.658585429192
0.643235385418
0.656865537167
0.6626329422
0.657711863518
0.668756723404
0.666190326214
0.660477340221
0.66657102108
0.656603455544
0.654768884182
0.665445923805
0.664582908154
0.661470592022
0.655639588833
0.6621940732
0.661934614182
0.666716635227
0.650018632412
0.659484744072
0.651353418827
0.652563273907
0.658325612545
0.653460979462
0.647122621536
0.657933831215
0.650825738907
0.665589034557
0.664291620255
0.667894780636
0.65459895134
0.650223970413
0.645937263966
0.637635231018
0.647309958935
0.642125725746
0.663228094578
0.668500900269
0.653777480125
0.651310324669
0.640095770359
0.655081033707
0.659883975983
0.65107190609
0.643182218075
0.644411861897
0.650950372219
0.652590870857
0.647031486034
0.656455218792
0.650684177876
0.64761775732
0.661252379417
0.656095504761
0.650877416134
0.655691802502
0.653409183025
0.642710089684
0.656084597111
0.657921552658
0.647816479206
0.638990283012
0.660069823265
0.642029106617
0.651656150818
0.650429785252
0.650232851505
0.660953402519
0.64119207859
0.651338517666
0.656223118305
0.645674347878
0.648506879807
0.660972774029
0.644170403481
0.632023334503
0.64192378521
0.653417289257
0.649257540703
0.640767455101
0.640771329403
0.650491058826
0.632736861706
0.664362251759
0.63918286562
0.644200146198
0.633896827698
0.659199416637
0.658161640167
0.63000446558
0.643187761307
0.640911281109
0.63720369339
0.64728718996
0.643993973732
0.640740513802
0.653765201569
0.644742786884
0.632458209991
0.645934760571
0.643559873104
0.641314268112
0.649948358536
0.633343756199
0.648876190186
0.635635733604
0.637183964252
0.655037045479
0.640176713467
0.643402814865
0.662755846977
0.661114156246
0.639625668526
0.635387003422
0.632206022739
0.630740642548
0.642894148827
0.612663328648
0.633800387383
0.654035925865
0.634409368038
0.6379083395
0.633625805378
0.644414544106
0.663592398167
0.634597063065
0.66135174036
0.63509118557
0.60996311903
0.644339561462
0.658774375916
0.62752789259
0.642527520657
0.659096777439
0.638254880905
0.649641692638
0.639952421188
0.639980137348
0.637709915638
0.616638123989
0.622425556183
0.640626788139
0.639471054077
0.635007143021
0.636980593204
0.662475347519
0.642942905426
0.613238275051
0.629564523697
0.629573404789
0.610238432884
0.629774451256
0.62395709753
0.640934467316
0.624680221081
0.642345309258
0.635292887688
0.640865266323
0.658875465393
0.637504637241
0.634280443192
0.63741081953
0.626905500889
0.649551331997
0.651440143585
0.631465494633
0.62346893549
0.645885169506
0.629212737083
0.633030116558
0.648454010487
0.637229800224
0.636060714722
0.644681036472
0.648150324821
0.631572604179
0.627324700356
0.628037929535
0.646670758724
0.627484440804
0.65119689703
0.649854183197
0.635255694389
0.650372326374
0.630476117134
0.640607118607
0.648427128792
0.649010777473
0.648155987263
0.639511942863
0.628228366375
0.665595293045
0.619347810745
0.629663825035
0.635718941689
0.643824279308
0.654368162155
0.623726546764
0.655914723873
0.628247499466
0.670122683048
0.613907277584
0.657336890697
0.624513626099
0.652071893215
0.615381658077
0.636741697788
0.642148077488
0.657747447491
0.656655192375
0.640153825283
0.641479790211
0.63948649168
0.642691552639
0.654103636742
0.65156775713
0.635891079903
0.647685587406
0.65765196085
0.632669270039
0.637353360653
0.633131206036
0.647840380669
0.637549996376
0.64441639185
0.667674303055
0.635578751564
0.651623368263
0.644837737083
0.641024529934
0.638268232346
0.638582229614
0.638252496719
0.611780047417
0.62807905674
0.61977648735
0.632184863091
0.625207960606
0.650819599628
0.646258711815
0.637484669685
