0.463414639235
0.546341478825
0.575609743595
0.634146332741
0.668292701244
0.687804877758
0.746341466904
0.760975599289
0.7121950984
0.741463422775
0.751219511032
0.765853643417
0.756097555161
0.790243923664
0.795121967793
0.800000011921
0.83414632082
0.819512188435
0.829268276691
0.824390232563
0.814634144306
0.824390232563
0.83414632082
0.843902468681
0.824390232563
0.829268276691
0.853658556938
0.843902468681
0.843902468681
0.839024364948
0.853658556938
0.868292689323
0.84878051281
0.863414645195
0.863414645195
0.868292689323
0.887804865837
0.892682909966
0.907317101955
0.907317101955
0.892682909966
0.902438998222
0.902438998222
0.917073190212
0.917073190212
0.907317101955
0.926829278469
0.926829278469
0.926829278469
0.912195146084
0.931707322598
0.926829278469
0.931707322598
0.926829278469
0.931707322598
0.936585366726
0.931707322598
0.936585366726
0.931707322598
0.941463410854
0.951219499111
0.941463410854
0.946341454983
0.951219499111
0.951219499111
0.951219499111
0.95609754324
0.951219499111
0.941463410854
0.946341454983
0.95609754324
0.951219499111
0.941463410854
0.95609754324
0.951219499111
0.936585366726
0.951219499111
0.946341454983
0.95609754324
0.95609754324
0.946341454983
0.95609754324
0.95609754324
0.95609754324
0.95609754324
0.946341454983
0.960975587368
0.95609754324
0.95609754324
0.95609754324
0.960975587368
0.95609754324
0.960975587368
0.95609754324
0.960975587368
0.95609754324
0.960975587368
0.95609754324
0.960975587368
0.965853631496
0.95609754324
0.965853631496
0.965853631496
0.965853631496
0.960975587368
0.975609779358
0.970731735229
0.970731735229
0.975609779358
0.975609779358
0.975609779358
0.970731735229
0.975609779358
0.975609779358
0.980487823486
0.975609779358
0.980487823486
0.975609779358
0.980487823486
0.975609779358
0.980487823486
0.970731735229
0.980487823486
0.980487823486
0.980487823486
0.975609779358
0.980487823486
0.980487823486
0.975609779358
0.980487823486
0.980487823486
0.975609779358
0.980487823486
0.975609779358
0.980487823486
0.980487823486
0.980487823486
0.980487823486
0.980487823486
0.980487823486
0.980487823486
0.980487823486
0.975609779358
0.980487823486
0.980487823486
0.980487823486
0.980487823486
0.980487823486
0.980487823486
0.975609779358
0.980487823486
0.980487823486
0.980487823486
0.980487823486
0.975609779358
0.980487823486
0.980487823486
0.980487823486
0.975609779358
0.980487823486
0.980487823486
0.980487823486
0.980487823486
0.980487823486
0.980487823486
0.980487823486
0.980487823486
0.980487823486
0.980487823486
0.980487823486
0.980487823486
0.980487823486
0.980487823486
0.980487823486
0.980487823486
0.980487823486
0.980487823486
0.980487823486
0.980487823486
0.980487823486
0.980487823486
0.980487823486
0.980487823486
0.980487823486
1.0
1.0
1.0
1.0
1.0
1.0
1.0
0.995121955872
1.0
1.0
0.995121955872
1.0
0.995121955872
1.0
1.0
0.995121955872
1.0
0.990243911743
1.0
1.0
1.0
0.995121955872
1.0
0.995121955872
1.0
1.0
1.0
1.0
1.0
0.995121955872
1.0
1.0
1.0
1.0
1.0
0.995121955872
1.0
1.0
1.0
1.0
1.0
1.0
0.995121955872
1.0
1.0
1.0
1.0
1.0
1.0
1.0
1.0
0.995121955872
1.0
1.0
1.0
1.0
1.0
1.0
1.0
0.995121955872
1.0
0.995121955872
1.0
1.0
1.0
0.995121955872
1.0
1.0
1.0
1.0
1.0
1.0
0.995121955872
1.0
1.0
1.0
0.995121955872
1.0
1.0
1.0
1.0
1.0
1.0
1.0
1.0
1.0
1.0
1.0
1.0
1.0
1.0
1.0
1.0
1.0
1.0
1.0
1.0
1.0
1.0
1.0
1.0
1.0
1.0
1.0
1.0
1.0
0.995121955872
1.0
1.0
1.0
1.0
1.0
1.0
1.0
1.0
1.0
1.0
1.0
1.0
1.0
0.995121955872
1.0
1.0
1.0
1.0
1.0
1.0
0.995121955872
1.0
1.0
1.0
0.995121955872
1.0
1.0
1.0
1.0
1.0
1.0
1.0
1.0
1.0
1.0
1.0
1.0
1.0
0.995121955872
1.0
1.0
1.0
1.0
1.0
1.0
1.0
1.0
1.0
1.0
1.0
1.0
1.0
1.0
1.0
1.0
1.0
1.0
1.0
1.0
1.0
1.0
1.0
1.0
1.0
1.0
1.0
1.0
1.0
1.0
1.0
1.0
1.0
1.0
1.0
0.995121955872
1.0
1.0
1.0
1.0
1.0
1.0
1.0
0.995121955872
1.0
1.0
1.0
1.0
1.0
1.0
1.0
0.995121955872
1.0
1.0
1.0
1.0
1.0
1.0
1.0
1.0
1.0
1.0
1.0
1.0
1.0
1.0
1.0
1.0
1.0
1.0
1.0
1.0
1.0
1.0
1.0
1.0
1.0
1.0
1.0
1.0
1.0
1.0
1.0
1.0
0.995121955872
1.0
1.0
1.0
1.0
1.0
1.0
1.0
1.0
1.0
1.0
1.0
1.0
1.0
1.0
1.0
1.0
1.0
1.0
0.995121955872
1.0
1.0
1.0
1.0
1.0
1.0
1.0
1.0
1.0
1.0
1.0
0.995121955872
1.0
1.0
1.0
1.0
1.0
1.0
1.0
1.0
1.0
1.0
1.0
1.0
1.0
1.0
1.0
1.0
1.0
1.0
1.0
1.0
1.0
1.0
1.0
1.0
1.0
1.0
1.0
1.0
1.0
1.0
1.0
1.0
1.0
1.0
1.0
1.0
1.0
1.0
1.0
1.0
1.0
1.0
1.0
1.0
1.0
1.0
0.995121955872
1.0
1.0
1.0
1.0
1.0
1.0
1.0
1.0
1.0
1.0
1.0
1.0
1.0
1.0
1.0
1.0
1.0
1.0
1.0
1.0
1.0
1.0
1.0
1.0
1.0
1.0
1.0
1.0
1.0
1.0
0.995121955872
1.0
1.0
1.0
1.0
1.0
1.0
1.0
1.0
1.0
1.0
1.0
1.0
1.0
1.0
1.0
1.0
1.0
0.995121955872
1.0
1.0
1.0
1.0
1.0
1.0
1.0
1.0
1.0
1.0
1.0
1.0
1.0
1.0
1.0
1.0
1.0
1.0
1.0
1.0
1.0
1.0
1.0
1.0
1.0
1.0
1.0
1.0
1.0
1.0
1.0
1.0
1.0
1.0
1.0
1.0
1.0
1.0
1.0
1.0
1.0
1.0
1.0
1.0
1.0
1.0
1.0
1.0
1.0
1.0
0.995121955872
1.0
1.0
1.0
1.0
1.0
1.0
1.0
1.0
1.0
1.0
1.0
1.0
1.0
1.0
1.0
1.0
1.0
1.0
1.0
1.0
1.0
1.0
1.0
1.0
1.0
1.0
1.0
1.0
1.0
0.995121955872
0.995121955872
1.0
1.0
1.0
1.0
1.0
1.0
1.0
1.0
1.0
1.0
1.0
1.0
1.0
1.0
1.0
1.0
1.0
1.0
1.0
1.0
1.0
1.0
1.0
1.0
1.0
0.995121955872
1.0
1.0
1.0
1.0
1.0
1.0
1.0
1.0
1.0
1.0
1.0
1.0
1.0
1.0
1.0
1.0
1.0
1.0
1.0
1.0
1.0
1.0
1.0
1.0
1.0
1.0
1.0
1.0
1.0
1.0
1.0
1.0
1.0
0.995121955872
1.0
0.995121955872
1.0
1.0
1.0
1.0
1.0
1.0
1.0
1.0
1.0
1.0
1.0
1.0
1.0
1.0
1.0
1.0
1.0
1.0
1.0
1.0
1.0
1.0
1.0
1.0
1.0
1.0
1.0
1.0
1.0
1.0
1.0
1.0
1.0
1.0
1.0
1.0
1.0
1.0
1.0
1.0
1.0
1.0
1.0
1.0
1.0
1.0
1.0
1.0
1.0
1.0
1.0
1.0
1.0
1.0
1.0
1.0
1.0
1.0
1.0
1.0
1.0
1.0
1.0
1.0
1.0
1.0
1.0
1.0
1.0
1.0
1.0
1.0
1.0
1.0
1.0
1.0
1.0
1.0
1.0
1.0
1.0
1.0
1.0
1.0
1.0
1.0
1.0
1.0
1.0
1.0
1.0
1.0
1.0
1.0
1.0
1.0
1.0
1.0
1.0
1.0
1.0
1.0
1.0
1.0
1.0
1.0
1.0
1.0
1.0
1.0
1.0
1.0
1.0
1.0
