0.734367549419
0.677715420723
0.64522922039
0.659620940685
0.610241949558
0.59722340107
0.576189160347
0.584534645081
0.564486324787
0.548974096775
0.538777649403
0.528280198574
0.533743023872
0.509405612946
0.497103512287
0.495170652866
0.484611451626
0.473829835653
0.472010791302
0.461694419384
0.463726729155
0.442965328693
0.450845718384
0.422282606363
0.435401141644
0.41443413496
0.425495803356
0.413460969925
0.400519430637
0.400144129992
0.391829222441
0.387362360954
0.396254986525
0.375774264336
0.364241957664
0.358291327953
0.358410865068
0.360450476408
0.356629341841
0.34613481164
0.344702750444
0.333341121674
0.338576614857
0.337049931288
0.323622405529
0.34523448348
0.320559829473
0.312421441078
0.316331893206
0.319065511227
0.319125562906
0.306011646986
0.305900901556
0.297740250826
0.293159127235
0.288879990578
0.297311246395
0.301330387592
0.287443846464
0.28408652544
0.272068023682
0.270243734121
0.268860131502
0.270857542753
0.265282720327
0.269843548536
0.252143919468
0.264689862728
0.265674501657
0.252369642258
0.258111089468
0.244343414903
0.244440063834
0.260257542133
0.240987822413
0.244997084141
0.24123904109
0.239555805922
0.240622028708
0.253094047308
0.240113720298
0.245733693242
0.246343657374
0.231048002839
0.260817617178
0.232789158821
0.229964062572
0.23387427628
0.237597227097
0.23973248899
0.225166022778
0.241826236248
0.224868610501
0.222146600485
0.229998201132
0.227756217122
0.231862515211
0.221837967634
0.219040945172
0.226229190826
0.22867706418
0.215604826808
0.225857391953
0.215574666858
0.210677027702
0.211957171559
0.216812446713
0.206656903028
0.225214734674
0.202364325523
0.212241530418
0.207395523787
0.199731558561
0.207182437181
0.198032587767
0.219878107309
0.208312988281
0.210893899202
0.212434351444
0.196655139327
0.208594828844
0.195495426655
0.202362686396
0.201022699475
0.202472910285
0.188404858112
0.200014546514
0.19290971756
0.193518936634
0.197226330638
0.20421244204
0.197088330984
0.191403836012
0.195770740509
0.194051042199
0.186651214957
0.19741165638
0.186530768871
0.195422440767
0.18436460197
0.195348083973
0.194611638784
0.192652851343
0.20241959393
0.18084898591
0.190893054008
0.197597101331
0.194498226047
0.193702071905
0.180524513125
0.194861769676
0.191704675555
0.21084189415
0.182125851512
0.188524365425
0.18566596508
0.178879231215
0.179430037737
0.212234258652
0.179920852184
0.178908199072
0.178490117192
0.18254558742
0.176848262548
0.205252349377
0.179368034005
0.182305499911
0.192876562476
0.197525203228
0.176631614566
0.176092982292
0.173536285758
0.177516847849
0.177678674459
0.174613296986
0.173817679286
0.176846161485
0.188667967916
0.185199603438
0.18056973815
0.173776432872
0.177357926965
0.175684258342
0.173198953271
0.17624925077
0.174804240465
0.185394868255
0.173496544361
0.171466544271
0.173719868064
0.173166006804
0.173272743821
0.170919775963
0.170479357243
0.178003564477
0.178822219372
0.175534769893
0.174156621099
0.173670738935
0.182208731771
