0.692382216454
0.687710046768
0.686238050461
0.680088102818
0.685546934605
0.678343474865
0.688779830933
0.697829663754
0.685354709625
0.681923151016
0.684290766716
0.682328104973
0.68946647644
0.686079740524
0.682139933109
0.680495023727
0.683417618275
0.683008849621
0.686186552048
0.67720502615
0.672263383865
0.668879210949
0.682331442833
0.68703764677
0.658872067928
0.689338922501
0.665653586388
0.65718972683
0.672589838505
0.673415601254
0.674633026123
0.656200706959
0.673323333263
0.668925762177
0.6814853549
0.65547901392
0.665601491928
0.675588488579
0.667050600052
0.66774058342
0.657032191753
0.65643876791
0.656487882137
0.652653694153
0.667357683182
0.643850207329
0.661225259304
0.654540717602
0.671726107597
0.647634208202
0.631344854832
0.650225222111
0.637864470482
0.631406486034
0.637386739254
0.687617897987
0.645819485188
0.638503789902
0.645385026932
0.635147750378
0.659161031246
0.63695114851
0.665612697601
0.644156634808
0.676164150238
0.634011149406
0.648530066013
0.643667399883
0.639038681984
0.628287911415
0.642503559589
0.653698980808
0.637895166874
0.629463076591
0.650641381741
0.619035303593
0.609788715839
0.634529650211
0.653377056122
0.629963040352
0.644400298595
0.598550140858
0.622403025627
0.646331429482
0.651571035385
0.63217741251
0.630322992802
0.624939978123
0.632788360119
0.636255025864
0.645369470119
0.625644803047
0.619604885578
0.643452465534
0.653169453144
0.62187564373
0.620420336723
0.60024356842
0.631290316582
0.625703036785
0.588697850704
0.615062713623
0.592666208744
0.672707736492
0.613286972046
0.584973692894
0.630687892437
0.633405804634
0.618165433407
0.619127094746
0.634202539921
0.63846373558
0.617701113224
0.619028568268
0.647477328777
0.622427880764
0.616973221302
0.63142311573
0.588629305363
0.620638072491
0.606754720211
0.65189820528
0.600633919239
0.645418167114
0.637685477734
0.630457818508
0.612622499466
0.661076366901
0.623277366161
0.61265283823
0.624079704285
0.630023479462
0.580748021603
0.60122179985
0.641837537289
0.607947230339
0.59578204155
0.629384338856
0.581174314022
0.586943864822
0.618618488312
0.560284972191
0.639253914356
0.620215892792
0.589535057545
0.575349509716
0.622238457203
0.609514057636
0.620814502239
0.621428370476
0.588189423084
0.61755168438
0.609570860863
0.592465937138
0.60708206892
0.597232818604
0.597174346447
0.600559949875
0.60323703289
0.591690123081
0.570555746555
0.605313539505
0.624672710896
0.588959395885
0.617774188519
0.630919098854
0.627596199512
0.594365477562
0.606943130493
0.56446069479
0.60098272562
0.576189637184
0.614455878735
0.569420874119
0.576597332954
0.593800783157
0.556787788868
0.587661623955
0.64037668705
0.611584305763
0.590823233128
0.593116044998
0.601893305779
0.577268600464
0.574628710747
0.561883747578
0.562891364098
0.585937678814
0.602643370628
0.611121416092
0.584386408329
0.619049668312
0.58301627636
0.590309977531
0.595732092857
0.591377019882
0.57144254446
0.521536171436
0.602253258228
0.569662392139
0.598207354546
0.598331868649
0.589678823948
0.576805830002
0.597986221313
0.603628218174
0.60503923893
0.589839279652
0.609583556652
0.58673208952
0.573522031307
0.54240000248
0.619308054447
0.601962327957
0.612285792828
0.570007503033
0.589584648609
0.558861136436
0.557310581207
0.574231266975
0.578270733356
0.621789515018
0.55990755558
0.600582540035
0.545620679855
0.586465537548
0.574120819569
0.583411037922
0.550720572472
0.602278530598
0.553146779537
0.612581968307
0.557420909405
0.584231257439
0.616684734821
0.58640307188
0.594779729843
0.554534256458
0.580679535866
0.563530445099
0.590564131737
0.569567143917
0.598901748657
0.58976650238
0.574850738049
0.586919546127
0.620941519737
0.532766819
0.566801130772
0.591691613197
0.603346586227
0.591450452805
0.619453907013
0.548209667206
0.539610624313
0.645262777805
0.575922548771
0.554450571537
0.5761282444
0.552255988121
0.570712268353
0.635431706905
0.587744235992
0.618599593639
0.55514639616
0.579713821411
0.572775840759
0.552696406841
0.595857322216
0.531847715378
0.575506150723
0.554423093796
0.57665336132
0.585050940514
0.569207370281
0.547311484814
0.577488899231
0.531476855278
0.588827908039
0.581425130367
0.598231732845
0.59605127573
0.524550676346
0.581714689732
0.61658424139
0.607948243618
0.577548980713
0.577953517437
0.580223619938
0.560838103294
0.590381920338
0.590141713619
0.580856084824
0.55169916153
0.564951956272
0.536427855492
0.557317733765
0.581532418728
0.582678794861
0.569754123688
0.566277086735
0.547489464283
0.570174217224
0.614530205727
0.574655115604
0.553953826427
0.525346159935
0.555185258389
0.523006856441
0.521957099438
0.525915682316
0.621065676212
0.560853898525
0.559642970562
0.556269943714
0.573126375675
0.576734721661
0.515552699566
0.553362965584
0.571203589439
0.551645815372
0.581848561764
0.54752600193
0.561891257763
0.597774326801
0.587409436703
0.547269582748
0.532031178474
0.582579791546
0.549508273602
0.533915579319
0.527903318405
0.592327296734
0.56578117609
0.52588647604
0.561103880405
0.56544905901
0.58549195528
0.571703016758
0.547989189625
0.539040744305
0.567342996597
0.540498077869
0.57900851965
0.504172921181
0.55315798521
0.564742028713
0.508046448231
0.54428601265
0.595520675182
0.530333340168
0.536616683006
0.568554341793
0.53993844986
0.564645648003
0.514273643494
0.534644186497
0.58441734314
0.561709463596
0.528721928596
0.54996752739
0.542987525463
0.514784753323
0.540915429592
0.548673689365
0.509746670723
0.563099265099
0.568077981472
0.547678530216
0.528324842453
0.608259379864
0.521788418293
0.582437932491
0.553682267666
0.540762484074
0.545385539532
0.506511271
0.585456848145
0.530097126961
0.53009223938
0.498521059752
0.510409116745
0.464119285345
0.5591340065
0.607430398464
0.556934833527
0.560202300549
0.510562717915
0.533004403114
0.533718764782
0.586026608944
0.542259633541
0.568761408329
0.525581479073
0.510458886623
0.532953679562
0.569548666477
0.459003776312
0.499991923571
0.535533428192
0.517295479774
0.583172619343
0.546859383583
0.566095113754
0.497647643089
0.491852015257
0.589546918869
0.523354291916
0.567317962646
0.54055327177
0.575709819794
0.557684123516
0.546337068081
0.520426809788
0.508302390575
0.574162781239
0.476730793715
0.55432677269
0.498703658581
0.52765083313
0.538215994835
0.537072360516
0.54495370388
0.502521932125
0.513287305832
0.522462725639
0.51720559597
0.520947813988
0.532889664173
0.505839169025
0.551168441772
0.507986664772
0.52924233675
0.535171151161
0.538234710693
0.510639309883
0.492214143276
0.521838665009
0.545091331005
0.474976241589
0.494086354971
0.499129354954
0.53896188736
0.535180747509
0.503326296806
0.536149680614
0.527473568916
0.529486596584
0.520846605301
0.574171245098
0.526337265968
0.527155518532
0.543253600597
0.571043789387
0.530858814716
0.498350709677
0.460385501385
0.501733422279
0.511266350746
0.508576393127
0.509147763252
0.459080964327
0.506855428219
0.543786346912
0.500370025635
0.521486222744
0.469475537539
0.550241053104
0.518009006977
0.550578713417
0.54798746109
0.525231122971
0.554942309856
0.510689437389
0.500550150871
0.528575122356
0.603944301605
0.531030893326
0.598348081112
0.497325032949
0.489089161158
0.511804819107
0.493010252714
0.532460808754
0.450249522924
0.485637247562
0.504127264023
0.535640597343
0.488410681486
0.596473872662
0.464594483376
0.496695250273
0.505253612995
0.552541971207
0.465783566236
0.490382492542
0.485923498869
0.555721223354
0.50834685564
0.51151406765
0.499254763126
0.523658514023
0.494899839163
0.529280781746
0.5247143507
0.449644595385
0.528986811638
0.487072110176
0.53627550602
0.515542447567
0.483455836773
0.495864838362
0.469450861216
0.477119326591
0.478823632002
0.508995711803
0.519347906113
0.533160448074
0.51719391346
0.469095557928
0.504004716873
0.478231966496
0.491666615009
0.567609190941
0.477604568005
0.538769960403
0.560388207436
0.518066763878
0.451991826296
0.428423702717
0.513764977455
0.525265455246
0.536599457264
0.505215227604
0.495941162109
0.520219445229
0.543168604374
0.517925679684
0.48677277565
0.489091157913
0.465231895447
0.528781294823
0.533268511295
0.435251235962
0.510571599007
0.502732872963
0.520899236202
0.506910145283
0.4754319489
0.460643798113
0.480862766504
0.455909699202
0.519901335239
0.511991918087
0.525004327297
0.47065192461
0.550940692425
0.476963847876
0.509264528751
0.547590732574
0.499061375856
0.498563289642
0.50704652071
0.534843862057
0.557653963566
0.495908409357
0.514815151691
0.51209038496
0.622301101685
0.501556456089
0.517647087574
0.515353560448
0.511693954468
0.522025406361
0.481085658073
0.466199368238
0.470672726631
0.50453543663
0.509929180145
0.518900811672
0.467587381601
0.544685006142
0.502181410789
0.543388426304
0.554766535759
0.504354119301
0.511141836643
0.49700537324
0.575289666653
0.518596589565
0.5015797019
0.462866395712
0.484600007534
0.550933122635
0.494376420975
0.492758989334
0.498619407415
0.466905534267
0.484356999397
0.538775265217
