0.704313993454
0.702998995781
0.701689958572
0.700404763222
0.699158608913
0.698027014732
0.696926534176
0.695815503597
0.694726645947
0.693716108799
0.692673265934
0.691603958607
0.690536141396
0.689474463463
0.688371181488
0.687264502048
0.686085045338
0.684852421284
0.683581829071
0.682299494743
0.681004524231
0.679750263691
0.678507745266
0.677263498306
0.676016330719
0.674795746803
0.673634827137
0.672512888908
0.671407699585
0.670337498188
0.669347524643
0.668375432491
0.667410671711
0.666466534138
0.66553401947
0.664649605751
0.663734972477
0.662823855877
0.66192984581
0.661049008369
0.660184681416
0.659337341785
0.658508419991
0.657695114613
0.656959950924
0.656261146069
0.655580401421
0.654928147793
0.654277682304
0.653634130955
0.652999639511
0.652377188206
0.651729404926
0.65104919672
0.650355517864
0.649642705917
0.648930966854
0.648217320442
0.647499322891
0.646769285202
0.646041572094
0.645315170288
0.644597053528
0.643893063068
0.643190979958
0.642503380775
0.6418222785
0.641175150871
0.640528976917
0.639838635921
0.639147639275
0.638453543186
0.637764036655
0.63709962368
0.636440992355
0.635778605938
0.635113954544
0.634437680244
0.633760750294
0.633084833622
0.632410287857
0.631734609604
0.631063461304
0.630400419235
0.629742383957
0.629087567329
0.628435909748
0.627788126469
0.627146661282
0.62651181221
0.625881314278
0.625280439854
0.624681949615
0.624070465565
0.623469829559
0.622886002064
0.622305095196
0.621721088886
0.621138989925
0.620558381081
0.619985878468
0.619390249252
0.618788957596
0.618192374706
0.617590606213
0.616990566254
0.61639881134
0.615808486938
0.615218698978
0.614632546902
0.614049017429
0.61345744133
0.612864792347
0.612276375294
0.611693918705
0.611113488674
0.610529303551
0.609947621822
0.609366297722
0.608784735203
0.608211755753
0.607643842697
0.607083559036
0.606532752514
0.605992496014
0.605455577374
0.60491579771
0.604378700256
0.603844404221
0.603313028812
0.60278236866
0.602252304554
0.601734876633
0.601222515106
0.600717782974
0.600213527679
0.599712669849
0.599212944508
0.598699510098
0.598178982735
0.597653448582
0.59711420536
0.596573829651
0.596030056477
0.595481753349
0.594930648804
0.594378113747
0.593818545341
0.593260407448
0.59269630909
0.592151224613
0.591603577137
0.591056466103
0.590513408184
0.589976608753
0.589448034763
0.588923633099
0.588401019573
0.587878882885
0.587361097336
0.586831986904
0.586293935776
0.585753560066
0.585214793682
0.584679782391
0.584132134914
0.583581864834
0.583037018776
0.58251029253
0.581984639168
0.581458508968
0.580933153629
0.580410242081
0.579888045788
0.579371631145
0.578859269619
0.578349769115
0.5778388381
0.57732796669
0.576816320419
0.576310157776
0.575799286366
0.575283229351
0.5747641325
0.574244976044
0.573728322983
0.573216974735
0.572708189487
0.572198927402
0.571693062782
0.571193635464
0.570697009563
0.570205330849
0.569711506367
0.569218277931
0.568726181984
0.568238258362
0.567752480507
0.567269325256
0.566780924797
0.566287636757
0.565777301788
0.565264642239
0.564752101898
0.564244687557
0.56374257803
0.563240170479
0.56274408102
0.562249660492
0.561755001545
0.561261236668
0.560771286488
0.560280799866
0.55979347229
0.559300482273
0.558806538582
0.558312296867
0.557817995548
0.557326078415
0.556832790375
0.556337475777
0.555839300156
0.555347025394
0.554856657982
0.554363131523
0.553867340088
0.55336534977
0.552867591381
0.552371919155
0.551873922348
0.551378726959
0.550883233547
0.550382375717
0.54988193512
0.549378991127
0.548870682716
0.548361897469
0.547852039337
0.547339141369
0.546827197075
0.546314120293
0.545804977417
0.545294940472
0.544783294201
0.544263541698
0.543743371964
0.543226063251
0.542710125446
0.542190313339
0.541667938232
0.5411465168
0.54062128067
0.540105700493
0.539588749409
0.539071559906
0.538554728031
0.538037359715
0.537517428398
0.537004232407
0.536498904228
0.535996615887
0.535496175289
0.535004913807
0.534519076347
0.534037232399
0.533556461334
0.533070921898
0.532584190369
0.532098472118
0.531615674496
0.531135797501
0.530660092831
0.530186474323
0.529716253281
0.529250204563
0.528787910938
0.528325736523
0.527866661549
0.527413189411
0.52696710825
0.526526749134
0.526093125343
0.525661945343
0.525231122971
0.52480006218
0.524369716644
0.523933172226
0.523491740227
0.523051083088
0.522613406181
0.522170960903
0.521729171276
0.521288692951
0.520845234394
0.52039951086
0.519955217838
0.519514143467
0.51907235384
0.518630027771
0.518183469772
0.51773750782
0.51729118824
0.5168440938
0.516395151615
0.515944838524
0.51549243927
0.515037894249
0.514569222927
0.514093101025
0.513613641262
0.513132214546
0.512651324272
0.512169122696
0.511685907841
0.511201441288
0.510715842247
0.510232388973
0.509753406048
0.509278297424
0.508803606033
0.508334100246
0.507871210575
0.507407307625
0.506944656372
0.506482541561
0.506017208099
0.505535960197
0.505047619343
0.504556596279
0.504062891006
0.503563046455
0.503057420254
0.502545893192
0.502034246922
0.501518666744
0.500975966454
0.50042194128
0.499855816364
0.499288856983
0.498730778694
0.498169541359
0.497610211372
0.497054278851
0.496495962143
0.495938271284
0.495379626751
0.494821876287
0.494265437126
0.493713349104
0.493149459362
0.492585003376
0.492022782564
0.491462528706
0.49091553688
0.490370303392
0.489822745323
0.489273428917
0.48872679472
0.488187432289
0.487642914057
0.487071424723
0.486495822668
0.485920637846
0.485343664885
0.484772384167
0.484200716019
0.48363673687
0.483073979616
0.482509493828
0.48195168376
0.481409072876
0.480874180794
0.480337411165
0.479802131653
0.479281067848
0.478760778904
0.47824960947
0.477738380432
0.477226883173
0.476714789867
0.476204097271
0.475698024035
0.475193977356
0.474690198898
0.474187046289
0.473676294088
0.473161280155
0.47264790535
0.472151219845
0.471664696932
0.471173107624
0.470682889223
0.470188856125
0.469700723886
0.469212293625
0.468724131584
0.468234926462
0.467745751143
0.467254787683
0.466769635677
0.46629178524
0.465806007385
0.465324550867
0.464846849442
0.464369624853
0.463896483183
0.463425934315
0.462953150272
0.462482959032
0.462018638849
0.461536467075
0.461057513952
0.460577458143
0.460099309683
0.459635138512
0.459168553352
0.458698451519
0.458221077919
0.457739561796
0.457264959812
0.456795454025
0.456332504749
0.455872803926
0.455409497023
0.454939723015
0.454467952251
0.453989833593
0.453510254622
0.453039973974
0.452570468187
0.452096134424
0.451626300812
0.451161086559
0.450699776411
0.450230956078
0.449763387442
0.449299931526
0.448843538761
0.448389649391
0.447930753231
0.447470843792
0.447010546923
0.446551442146
0.446094721556
0.445642024279
0.445185154676
0.44472053647
0.444266319275
0.443807244301
0.443352848291
0.442900389433
0.442447096109
0.441990464926
0.441537618637
0.441089689732
0.440641224384
0.440194517374
0.439746975899
0.439300596714
0.438865035772
0.438423484564
0.437981843948
0.437549263239
0.437113553286
0.436677694321
0.436251670122
0.43582585454
0.435402035713
0.434994876385
0.434586673975
0.434177041054
0.433768063784
0.433358550072
0.432949334383
0.432549118996
0.432143449783
0.431739628315
0.431339323521
0.430940121412
0.430536955595
0.430131703615
0.429717838764
0.429311305285
0.428903311491
0.428503006697
0.428104817867
0.427709579468
0.427300602198
0.426889926195
0.426484704018
0.426078855991
0.425673782825
0.425272226334
0.424868166447
0.424480944872
0.424095869064
0.423708796501
0.423327028751
0.422943145037
0.4225654006
0.422179013491
0.421789258718
0.421401172876
0.42102304101
0.420641183853
0.420258164406
0.419879674911
0.419505506754
0.419121712446
0.418745845556
0.418374031782
0.417996138334
0.417616903782
0.417239189148
0.416863590479
0.416489601135
0.416111171246
0.415731728077
0.41535949707
0.414990544319
0.414619326591
0.414246916771
0.413876861334
0.413512974977
0.413146793842
0.41277167201
0.412402004004
0.412026226521
0.41166049242
0.41129887104
0.410932064056
0.410559684038
0.410186767578
0.409814327955
0.40944480896
0.40907895565
0.408702492714
0.408326387405
0.407958209515
0.407589137554
0.407220423222
0.406854629517
0.406493932009
0.406129270792
0.405768632889
0.405410319567
0.405049055815
0.404681831598
0.404312938452
0.40394115448
0.403562664986
0.403183579445
0.402799814939
0.402420014143
0.402045637369
0.401680767536
0.401297807693
0.400934576988
0.400568813086
0.400200158358
0.399828642607
0.399464011192
0.399099737406
0.398731946945
0.398370146751
0.398010313511
0.397653311491
0.397297561169
0.396954417229
0.396606326103
0.396248489618
0.395884513855
0.395530670881
0.395176261663
0.394820064306
0.394462615252
0.394103109837
0.393742412329
0.393381267786
0.393031269312
0.39268001914
0.392323344946
0.391966819763
0.391619861126
0.391270041466
0.390918791294
0.390564918518
0.390207588673
0.389849632978
0.389500647783
0.389162093401
0.388809621334
0.388459891081
0.388118177652
0.387772649527
0.387432187796
0.387093961239
0.386746972799
0.386402904987
0.386058866978
0.385704487562
0.38535502553
0.385008722544
0.38465115428
0.384301394224
0.383952140808
0.383600085974
0.383241534233
0.382897645235
0.382550567389
0.382205694914
0.381860524416
0.381514340639
0.381164759398
0.380820006132
0.380475759506
0.38012996316
0.379786789417
0.37944111228
0.379107505083
0.378771752119
0.378431886435
0.378091454506
0.377755731344
0.377421706915
0.377094089985
0.376767575741
0.376443743706
0.37611630559
0.37579613924
0.375483840704
0.375165551901
0.374850898981
0.374533981085
0.374224066734
0.373912602663
0.373603105545
0.373289316893
0.372975409031
0.372673749924
0.372371017933
0.372339695692
0.372306853533
0.372274398804
0.372242629528
0.372210979462
0.37217861414
0.372146636248
0.372115582228
0.372086197138
0.37205684185
0.37202706933
0.371996700764
0.371966838837
0.371936559677
0.371905744076
0.371874511242
0.371844023466
0.371814787388
0.371784865856
0.371754348278
0.371724426746
0.371694654226
0.37166428566
0.371633172035
0.371602863073
0.371573090553
0.371543735266
0.371514320374
0.37148436904
0.371454268694
0.37142392993
0.371393978596
0.371364802122
0.371334731579
0.371305257082
0.371274888515
0.371245294809
0.371216475964
0.37118679285
0.371156930923
0.371126562357
0.371097028255
0.371067553759
0.37103793025
0.371007919312
0.370978236198
0.370948851109
0.370919644833
0.370889663696
0.370860397816
0.370829701424
0.370799839497
0.370769530535
0.370738863945
0.37070825696
0.370678067207
0.370647072792
0.370616853237
0.370586425066
0.370555758476
0.370524227619
0.370492994785
0.370461463928
0.370429962873
0.370398014784
0.370366245508
0.370334386826
0.370302379131
0.370271474123
0.370240300894
0.370208740234
0.370176255703
0.370145022869
0.370113551617
0.370081245899
0.37005007267
0.370017826557
0.369985699654
0.369954407215
0.369922161102
0.369890391827
0.369859039783
0.36982691288
0.369794756174
0.36976274848
0.369730651379
0.369699090719
0.369667947292
0.3696359694
0.369603782892
0.369571954012
0.369540393353
0.369508504868
0.369477331638
0.369445323944
0.369414061308
0.3693818748
0.369350492954
0.369319856167
0.369288086891
0.369256108999
0.369225263596
0.369194000959
0.36916205287
0.369131237268
0.369099915028
0.369068384171
0.369037091732
0.369005292654
0.368973493576
0.368942588568
0.368910998106
0.368879675865
0.368848472834
0.368817806244
0.368786215782
0.368755072355
0.368723869324
0.368692547083
0.368661433458
0.368630170822
0.368598669767
0.368568003178
0.368536531925
0.368505090475
0.368474304676
0.368443399668
0.368412196636
0.368381261826
0.368349760771
0.368318498135
0.368287950754
0.368257462978
0.368226289749
0.368194907904
0.368164330721
0.368133276701
0.368102133274
0.368071138859
0.368040651083
0.368009269238
0.367978960276
0.367947846651
0.367917239666
0.367886155844
0.367855846882
0.367825180292
0.367793530226
0.367763578892
0.367732733488
0.367701858282
0.367671012878
0.367640793324
0.367610096931
0.367579013109
0.367548316717
0.36751756072
0.367487460375
0.367456138134
