0.72492480278
0.721122324467
0.717426598072
0.713839352131
0.710307657719
0.706883847713
0.703543007374
0.700286030769
0.69705837965
0.693928420544
0.690875887871
0.687895417213
0.684970974922
0.682100296021
0.679266035557
0.676471233368
0.673699378967
0.670952022076
0.668252766132
0.665596425533
0.662957370281
0.660325825214
0.657711863518
0.655125916004
0.652588188648
0.650102317333
0.647705793381
0.645337343216
0.642988920212
0.640665888786
0.638362705708
0.636093080044
0.633880019188
0.631677269936
0.629486382008
0.627329587936
0.625177919865
0.623041272163
0.6208948493
0.618760049343
0.616668045521
0.61459928751
0.612543225288
0.610538005829
0.608557522297
0.606589138508
0.604651212692
0.602741599083
0.600847959518
0.59898686409
0.597147107124
0.595332205296
0.593536973
0.591762065887
0.589993953705
0.588258743286
0.586545705795
0.584841310978
0.583159208298
0.581500411034
0.579851448536
0.578220665455
0.576605498791
0.574996948242
0.573392689228
0.571786999702
0.570186674595
0.568604767323
0.567049324512
0.565487086773
0.563917160034
0.562343597412
0.560785055161
0.559232473373
0.557687401772
0.556155323982
0.554633677006
0.553119957447
0.551606893539
0.550105810165
0.548614382744
0.547125816345
0.545636415482
0.544163703918
0.542704463005
0.54124122858
0.53979319334
0.53835105896
0.536918759346
0.535481095314
0.534038364887
0.532623708248
0.531201601028
0.529781579971
0.52835547924
0.526932775974
0.525522589684
0.524133384228
0.522762000561
0.521393239498
0.520018875599
0.518652379513
0.517292320728
0.51593619585
0.514568269253
0.513214945793
0.51187235117
0.510541498661
0.509216845036
0.507890582085
0.506567239761
0.505235493183
0.503901660442
0.502553343773
0.501203298569
0.499858886003
0.498520642519
0.497176617384
0.495821833611
0.494470745325
0.493125647306
0.491794556379
0.4904717803
0.489155590534
0.487841397524
0.486527532339
0.485215872526
0.483919352293
0.482629776001
0.481359750032
0.480086117983
0.478807777166
0.477526396513
0.476255834103
0.474984675646
0.473737239838
0.472490608692
0.471255332232
0.470016300678
0.468780100346
0.467547208071
0.466317534447
0.465084552765
0.463864147663
0.462654590607
0.461437106133
0.460227459669
0.459024727345
0.457827061415
0.456624537706
0.455431371927
0.454240679741
0.453052937984
0.451874732971
0.450699359179
0.449528843164
0.448355406523
0.447178661823
0.446026682854
0.444880723953
0.443738251925
0.442599922419
0.441456824541
0.440324932337
0.439201563597
0.43808272481
0.43696424365
0.43585985899
0.434773743153
0.433696806431
0.432624518871
0.431546211243
0.430475145578
0.429406017065
0.428338617086
0.427272737026
0.426213115454
0.425157427788
0.424109488726
0.423074871302
0.422023743391
0.420967847109
0.419923722744
0.418873369694
0.417810320854
0.416757971048
0.415717899799
0.414672642946
0.413626998663
0.412587314844
0.411557078362
0.41052788496
0.409495532513
0.408465355635
0.407451510429
0.406446367502
0.405445277691
0.404436707497
0.40342348814
0.402420967817
0.401425212622
0.400435954332
0.39944422245
0.398466020823
0.397476226091
0.396486610174
0.395499169827
0.39452072978
0.393543154001
0.392563819885
0.391586720943
0.390618592501
0.389651119709
0.38869151473
0.38772803545
0.38675943017
0.385792136192
0.384828716516
0.383874773979
0.382919609547
0.381974458694
0.381018251181
0.380059927702
0.37910810113
0.37815952301
0.377215415239
0.376261949539
0.375306963921
0.374353319407
0.373399466276
0.372447550297
0.371491402388
0.370540857315
0.369589835405
0.368636488914
0.367680668831
0.36672180891
0.365756511688
0.364784568548
0.363797307014
0.362813740969
0.361817747355
0.360825926065
0.359817951918
0.358812242746
0.357803553343
0.356788814068
0.355775475502
0.354764252901
0.353745132685
0.352728784084
0.351716190577
0.350710123777
0.349696159363
0.348678380251
0.347680747509
0.346681386232
0.345686167479
0.344698905945
0.343701332808
0.342702269554
0.341712683439
0.340716660023
0.339732259512
0.338745087385
0.337773680687
0.336809456348
0.335844993591
0.334877818823
0.333911836147
0.33295109868
0.331990122795
0.331034898758
0.330079227686
0.329126596451
0.328178584576
0.327237248421
0.326299071312
0.325349748135
0.324400693178
0.323462843895
0.32252368331
0.321565657854
0.320602715015
0.319647222757
0.318689405918
0.317732602358
0.316782146692
0.315830290318
0.314877569675
0.313926398754
0.312977552414
0.312039226294
0.311103016138
0.310177117586
0.30925026536
0.308325827122
0.307401388884
0.306489706039
0.305576115847
0.304676175117
0.303781092167
0.302880048752
0.30199098587
0.30111899972
0.300244599581
0.29938313365
0.298523008823
0.297663986683
0.296809792519
0.29595926404
0.295109122992
0.294264286757
0.293415606022
0.292563587427
0.291731715202
0.290898084641
0.290063858032
0.28922984004
0.28840520978
0.287575483322
0.286753684282
0.285936594009
0.285110831261
0.284280091524
0.283453851938
0.282620429993
0.281788140535
0.280952870846
0.280124902725
0.279298692942
0.278475284576
0.277660250664
0.276844799519
0.276025831699
0.275210797787
0.274400264025
0.273593038321
0.27279189229
0.271984040737
0.271182447672
0.270381718874
0.269583702087
0.268784940243
0.267985284328
0.267192035913
0.266399890184
0.265610665083
0.26482591033
0.26404735446
0.26327469945
0.262507021427
0.261739879847
0.260972082615
0.260207355022
0.259442031384
0.258689522743
0.257939845324
0.2571875453
0.256455034018
0.255726367235
0.254997938871
0.254277080297
0.253554880619
0.252834320068
0.252109795809
0.251389741898
0.250673800707
0.249952331185
0.249240592122
0.24853438139
0.24782165885
0.247120559216
0.246423617005
0.245733693242
0.245044246316
0.244365304708
0.243682608008
0.243008136749
0.242343962193
0.241680920124
0.241011962295
0.240354061127
0.239696323872
0.239032462239
0.238379150629
0.237736925483
0.237089693546
0.236438393593
0.235796168447
0.235160604119
0.234520703554
0.233883067966
0.233257427812
0.23263092339
0.232009604573
0.231401085854
0.230782970786
0.230156645179
0.229549020529
0.228942126036
0.22887788713
0.228810951114
0.228743523359
0.228676214814
0.228611201048
0.22854603827
0.228480249643
0.228413894773
0.228347629309
0.228282541037
0.228217706084
0.228155046701
0.228092372417
0.22802734375
0.227962329984
0.227898538113
0.22783473134
0.227770209312
0.227704584599
0.22764056921
0.227577209473
0.227513715625
0.227449476719
0.227384924889
0.227320849895
0.227256163955
0.227192133665
0.227128729224
0.227064013481
0.22700072825
0.226937368512
0.226872965693
0.226809933782
0.226746797562
0.226684644818
0.226622611284
0.226559653878
0.226497635245
0.226434886456
0.226371914148
0.22630892694
0.226245820522
0.226183265448
0.226120904088
0.226057991385
0.225995227695
0.225932896137
0.225870683789
0.225807785988
0.225745230913
0.225682660937
0.225620403886
0.225558504462
0.225496083498
0.225434318185
0.225371479988
0.225309327245
0.225247085094
0.225184887648
0.225122958422
0.225060924888
0.224998474121
0.224936068058
0.224874615669
0.224812731147
0.224750459194
0.224688977003
0.224626421928
0.224564298987
0.224503591657
0.224441498518
0.224378913641
0.224317759275
0.224255934358
0.224194332957
0.224132701755
0.224071338773
0.224009364843
0.223948284984
0.22388677299
0.223824992776
0.223763436079
0.223701998591
0.223640650511
0.223579093814
0.223517626524
0.223456636071
0.223394811153
0.223333477974
0.223272502422
0.223210856318
0.223149329424
0.223088487983
0.223027378321
0.222966238856
0.222905084491
0.22284348309
0.222783178091
0.222721606493
