0.826803088188
0.741335690022
0.679821431637
0.637774407864
0.612891256809
0.594701766968
0.580160677433
0.56816649437
0.556247889996
0.544126868248
0.532018601894
0.521991848946
0.511819660664
0.50180709362
0.491881966591
0.481879919767
0.472473204136
0.462771505117
0.452021420002
0.44205263257
0.431238621473
0.419913828373
0.408264189959
0.396114170551
0.38409075141
0.372134387493
0.359229266644
0.347410470247
0.335368096828
0.323146164417
0.31139048934
0.299739778042
0.289079725742
0.27890765667
0.269034028053
0.25933432579
0.249654814601
0.240396678448
0.230928987265
0.221776008606
0.213149189949
0.20459677279
0.196223303676
0.188156977296
0.180077746511
0.172649741173
0.165453463793
0.158248439431
0.151259094477
0.144240751863
0.137269616127
0.130328774452
0.123612470925
0.11762201041
0.112107217312
0.106531530619
0.100662104785
0.0950282365084
0.0898693352938
0.0846373587847
0.079291164875
0.0746081769466
0.0702055469155
0.065884783864
0.0617428198457
0.0576772540808
0.0538720116019
0.0502983294427
0.0469840690494
0.0439391210675
0.0411511287093
0.0384738147259
0.035984121263
0.0337339118123
0.0316775888205
0.029747152701
0.0279080346227
0.0261962525547
0.0245879925787
0.0231495834887
0.0218418445438
0.0206372160465
0.0194962061942
0.0184456687421
0.0174493696541
0.0165266357362
0.0156946349889
0.0149427875876
0.0142359314486
0.0135630536824
0.0129735553637
0.012429469265
0.0119139365852
0.011424173601
0.0109697710723
0.0105592496693
0.0101739568636
0.00981626939029
0.00948419235647
0.0091652199626
0.00887570064515
0.00858992151916
0.00832977611572
0.00808353163302
0.0078541059047
0.00762813724577
0.00741729931906
0.00721958884969
0.00703047215939
0.00684880232438
0.00667486060411
0.00651153922081
0.00635367352515
0.00620747264475
0.00606911024079
0.00592908263206
0.00579865835607
0.00567261548713
0.00555162131786
0.00543714826927
0.00532750459388
0.00522063812241
0.00511856563389
0.00501928990707
0.00492470851168
0.00483636837453
0.00474628945813
0.0046587176621
0.0045773955062
0.00449765706435
0.00441991630942
0.0043454375118
0.004272764083
0.00420307088643
0.00413468200713
0.00406879745424
0.004003779497
0.00394142698497
0.00388071197085
0.00382048496976
0.00376364961267
0.00370671739802
0.00365086761303
0.00359733751975
0.00354558601975
0.00349479704164
0.00344510748982
0.00339646358043
0.00334886461496
0.00330200023018
0.00325592933223
0.00321280839853
0.00316988234408
0.00312735675834
0.00308606866747
0.00304570514709
0.00300600519404
0.00296688545495
0.00292963162065
0.00289188022725
0.00285488716327
0.0028186654672
0.00278406729922
0.00274980673566
0.00271609937772
0.00268276035786
0.00265100342222
0.00261803600006
0.00258646137081
0.00255600991659
0.00252502597868
0.00249542249367
0.00246621505357
0.00243736151606
0.00240897457115
0.00238163606264
0.00235448521562
0.00232914066873
0.00230269436724
0.00227670744061
0.00225180480629
0.0022271249909
0.00220288080163
0.00217889319174
0.00215533096343
0.0021325328853
0.00210901000537
0.00208667106926
0.00206466973759
0.00204299506731
0.00202156906016
0.00200038473122
0.00197943393141
0.00195898255333
0.00193865934853
0.00191988656297
0.0018996380968
0.0018804037245
0.0018617878668
0.00184320355766
0.00182492379099
0.00180706602987
0.00179014122114
0.00177252525464
0.00175573409069
0.001738827792
0.00172202510294
0.00170556164812
0.00168941763695
0.00167351355776
0.00165762205143
0.00164184812456
0.00162633485161
0.00161111692432
0.00159722997341
0.00158142880537
0.00156709505245
0.00155291671399
0.00153900845908
0.00152471417096
0.00151101348456
0.00149776344188
0.00148434343282
0.00147107196972
0.00145812984556
0.00144557177555
0.00143331522122
0.00142092222814
0.00140865508001
0.00139649806079
0.00138444826007
0.001372544677
0.00136089744046
0.00134939351119
0.00133812404238
0.00132676656358
0.00131565798074
0.00130472739693
0.00129421707243
0.00128319056239
0.00127290433738
0.00126228330191
0.00125212245621
0.00124196172692
0.00123187492136
0.00122213736176
0.00121235300321
0.00120261218399
0.00119322841056
0.00118366035167
0.00117487949319
0.00116540840827
0.00115619611461
0.00114738440607
0.00113858818077
0.00112985086162
0.0011212900281
0.0011126025347
0.00110408407636
0.00109560240526
0.00108735344838
0.00107948551886
0.0010712420335
0.00106324383523
0.00105533492751
0.00104744173586
0.001039624447
0.00103197968565
0.00102432968561
0.00101687165443
0.00100940815173
0.00100229133386
0.000994934700429
0.000987998209894
0.000980831799097
0.000973753572907
0.000966729421634
0.000960060802754
0.000953224720433
0.000946460582782
0.000939918740187
0.000933261704631
0.000926708162297
0.000920271268114
0.000913868076168
0.000907623791136
0.000901606923435
0.000895323406439
0.000889302114956
0.00088322837837
0.000877300859429
0.000871418102179
0.000865462119691
0.000859647698235
0.000853866687976
0.000848226889502
0.000842634064611
0.000836995488498
0.000831694109365
0.000826004019473
0.000820582790766
0.000815316685475
0.000810080266092
0.000804842798971
0.000799601257313
0.000794390565716
0.000789348618127
0.000784294854384
0.000779287540354
0.000774333835579
0.000769648293499
0.000764603668358
0.000759822956752
0.000755005050451
0.000750259263441
0.000745644676499
0.00074105989188
0.000736583315302
0.000732046668418
0.000727606529836
0.000723186007235
0.000718781433534
0.000714433437679
0.000709984858986
0.00070567097282
0.000701453711372
0.000697152048815
0.000692996429279
0.000688918342348
0.000684817554429
0.000680747267324
0.000676795491017
0.000672728405334
0.00066877406789
0.000664828461595
0.000660982972477
0.000657069147564
0.000653218303341
0.00064946297789
0.000645707419608
0.000641947844997
0.000638244964648
0.000634589116089
0.000631150673144
0.000627407804132
0.000623867439572
0.000620357051957
0.000616905163042
0.000613429117948
0.000609989860095
0.000606569286902
0.000603211752605
0.000599880411755
0.00059655320365
0.000593219825532
0.000589938717894
0.00058668339625
0.00058345211437
0.000580221647397
0.0005770487478
0.000573991797864
0.000570806267206
0.000567753275391
0.000564688292798
0.000561633903999
0.000558628351428
0.00055577076273
0.000552752811927
0.000549854827113
0.000546950264834
0.0005440316163
0.000541142362636
0.000538318534382
0.000535567116458
0.000532723963261
0.00052995653823
0.000527192489244
0.000524466915522
0.000521747511812
0.000519067049026
0.000516372034326
0.000513717706781
0.000511079328135
0.000508452649228
0.000505858974066
0.000503276183736
0.000500755908433
0.000498182547744
0.000495676242281
0.000493183149956
0.000490843667649
0.000488304009195
0.000485887692776
0.000483487907331
0.000481092574773
0.000478676956845
0.000476296816487
0.000473965890706
0.00047166107106
0.000469343765872
0.0004671154893
0.000464758340968
0.000462516094558
0.000460280833067
0.000458066497231
0.000455854664324
0.000453645247035
0.000451435771538
0.000449289567769
0.000447150669061
0.000445008568931
0.000442886870587
0.000440766976681
0.00043868648936
0.000436652568169
0.000434648769442
0.000432621047366
0.000430576037616
0.000428541621659
0.00042651759577
0.000424535159254
0.000422557088314
0.000420610653237
0.000418657640694
0.000416714960011
0.000414790323703
0.000412985391449
0.00041100019007
0.000409095897339
0.000407242332585
0.000405377300922
0.000403489219025
0.000401668658014
0.000399828830268
0.000398007687181
0.000396194547648
0.000394468399463
0.000392679765355
0.000390971836168
0.00038920348743
0.000387489650166
0.000385778897908
0.000384053593734
0.00038234089152
0.000380659097573
0.000378978991648
0.000377297430532
0.000375617208192
0.000373955117539
0.000372323935153
0.000370707421098
0.00036910380004
0.000367480155546
0.000365903106285
0.000364336010534
0.000362752733054
0.000361204700312
0.00035962392576
0.000358095159754
0.000356544012902
0.000355056370609
0.000353556795744
0.000352047936758
0.000350529327989
0.000349026551703
0.000347611028701
0.000346095999703
0.000344651576597
0.000343212333973
0.000341770064551
0.000340345461154
0.000338920101058
0.000337514415151
0.000336107332259
0.000334708311129
0.000333316595061
0.000331927731168
0.000330550683429
0.000329244241584
0.000327860936522
0.000326509529259
0.000325184199028
0.000323894899338
0.000322557869367
0.000321270548739
0.000319966406096
0.00031866307836
0.000317373021971
0.000316087476676
0.00031481316546
0.000313552591251
0.000312316988129
0.000311045121634
0.000309784460114
0.000308520917315
0.000307272712234
0.00030603518826
0.000304806337226
0.000303568551317
0.000302400439978
0.000301147199934
0.000299954990624
0.000298847880913
0.000297597405734
0.000296430604067
0.000295274658129
0.000294100231258
0.000292939861538
0.000291785981972
0.000290647614747
0.000289514486212
0.000288375857053
0.000287258269964
0.000286134280032
0.000285018701106
0.000283926579868
0.000282807508484
0.000281722139334
0.000280650565401
0.000279559550108
0.000278514722595
0.000277430692222
0.000276394624962
0.000275361759122
0.000274318415904
0.000273261714028
0.000272222590866
0.000271200347925
0.000270177726634
0.000269162206678
0.000268144125585
0.000267129245913
0.000266152375843
0.000265171111096
0.000264157279162
0.00026318433811
0.000262222543824
0.000261260487605
0.00026028911816
0.000259346154053
0.000258369807852
0.000257431558566
0.000256477156654
0.000255551392911
0.000254608894465
0.000253672973486
0.000252764119068
0.000251890975051
0.000250937126111
0.000250027747825
0.000249137083301
0.000248240015935
0.000247355172178
0.000246470881393
0.000245581642957
0.000244704366196
0.000243831265834
0.000242961905315
0.000242093781708
0.000241223649937
0.000240372479311
0.000239511966356
0.000238720022026
0.000237856700551
0.000237025902607
0.000236201216467
0.00023537776724
0.000234556340729
0.000233750412008
0.000232936872635
0.000232132399105
0.000231329104281
0.000230522346101
0.000229714161833
0.000228907170822
0.000228183402214
0.000227332464419
0.000226557429414
0.000225789495744
0.000225013136514
0.000224245828576
0.00022348643688
0.000222720511374
0.000221995229367
0.000221220529056
0.000220481219003
0.000219731708057
0.000218999455683
0.000218263303395
0.000217540058657
0.00021680984355
0.000216086933506
0.00021538475994
0.000214648403926
0.000213933031773
0.000213229039218
0.000212518978515
0.000211820035474
0.000211111168028
0.000210411060834
0.00020972173661
0.000209031204577
0.000208333673072
0.000207650184166
0.000206966113183
0.000206299882848
0.000205634714803
0.000204972544452
0.000204307754757
0.000203637391678
0.000202978131711
0.000202323266421
0.000201672766707
0.000201024042326
0.000200372989639
0.000199728659936
0.000199093963602
0.000198450463358
0.000197822169866
0.000197196175577
0.000196572262212
0.000195946311578
0.000195320972125
0.000194701729924
0.000194088046555
0.0001934714237
0.000192864143173
0.000192264516954
0.000191649945918
0.000191057275515
0.000190452105016
0.000189856233192
0.000189269092516
0.000188668855117
0.000188101592357
0.000187520010513
0.000186926758033
0.000186351302546
0.00018577791343
0.000185201657587
0.000184624484973
0.000184064483619
0.000183491705684
0.000182920965017
0.000182362768101
0.000181804265594
0.000181246927241
0.000180707429536
0.00018014748639
0.000179602386197
0.000179068709258
0.000178526490345
0.000177999463631
0.000177463749424
0.000176928908331
0.000176389992703
0.000175857756403
0.000175324676093
0.00017481057148
0.000174269604031
0.000173755484866
0.000173242806341
0.000172731321072
0.000172213680344
0.00017170101637
0.000171196166775
0.000170692292158
0.000170186918695
0.000169679522514
0.000169177932548
0.000168685102835
0.000168178914464
0.000167692822288
0.000167193298694
0.00016674217477
0.000166237645317
0.000165761739481
0.000165276811458
0.000164786324603
0.000164315104485
0.000163838631124
0.00016336941917
0.000162894401001
0.000162425261806
0.00016196075012
0.000161499163369
0.000161025076522
0.000160562587553
0.000160093710292
0.000159634742886
0.000159186281962
0.000158730224939
0.000158270981046
0.000157824557391
0.000157377566211
0.000156927941134
0.000156487672939
0.000156074514962
0.000155604138854
0.000155171423103
0.000154745721375
0.000154304274474
0.000153872155352
0.000153445274918
0.000153014902025
0.000152602355229
0.000152153297677
0.000151732878294
0.000151313564857
0.000150894295075
0.000150470936205
0.000150056017446
0.000149645478814
0.000149227373186
0.000148815684952
0.00014840401127
0.00014799553901
0.000147583559738
0.000147180297063
0.000146781138028
0.000146377919009
0.000145981670357
0.000145607293234
0.000145196172525
0.000144807490869
0.000144411547808
0.000144015342812
0.000143625817145
0.000143239783938
0.000142848235555
0.000142456119647
0.000142075034091
0.000141701268149
0.000141309414175
0.000140942938742
0.000140560674481
0.000140187199577
0.000139811381814
0.000139439071063
0.000139065014082
0.000138696224894
0.000138321571285
0.000137955968967
0.000137585404445
0.00013722681615
0.00013688018953
0.000136499409564
0.00013614576892
0.000135787733598
0.000135427078931
0.000135073132697
0.000134723537485
0.000134376023198
0.000134018875542
0.00013366874191
0.00013332121307
0.000132969929837
0.000132626490085
0.000132280722028
0.000131937282276
0.000131595865241
0.000131250693812
0.000130906992126
0.000130568805616
0.000130250744405
0.000129894469865
0.000129558611661
0.000129224528791
0.000128900021082
0.000128570580273
0.000128235915327
0.00012791842164
0.000127592458739
0.000127263891045
0.000126931845443
0.000126608836581
0.000126282029669
0.000125972132082
0.000125645616208
0.000125322592794
0.000125010352349
0.000124698970467
0.000124384983792
0.000124066646094
0.000123753547086
0.000123439560411
0.000123125311802
0.000122818630189
0.000122503479361
0.000122200872283
0.000121895041957
0.000121589233459
0.00012128954404
0.000120989832794
0.000120701522974
0.000120388394862
0.000120089869597
0.000119793672638
0.000119495438412
0.00011919458484
0.000118903051771
0.000118874500913
0.000118847427075
0.000118814219604
0.000118784526421
0.000118753057905
0.000118726857181
0.000118695112178
0.000118665106129
0.000118633368402
0.000118603369629
0.000118575699162
0.00011854366312
0.000118513380585
0.000118483083497
0.000118455129268
0.000118428048154
0.000118396295875
0.000118366886454
0.000118333402497
0.000118302232295
0.000118276606372
0.000118246891361
0.000118217489216
0.000118187490443
0.000118158073747
0.000118131283671
0.000118102441775
0.000118072457553
0.000118041876704
0.000118013616884
0.000117981006042
0.000117953029985
0.000117921008496
0.000117892181152
0.000117862182378
0.000117835676065
0.000117804513138
0.000117777715786
0.000117745687021
0.000117719755508
0.000117688017781
0.00011765860836
0.000117628602311
0.00011759861809
0.000117567746202
0.000117542687804
0.000117510069686
0.000117480085464
0.0001174492063
0.000117421819596
0.000117392119137
0.000117364164907
0.000117333576782
0.000117302712169
0.000117272422358
0.000117244169815
0.000117216506624
0.000117187672004
0.000117155919725
0.000117124473036
0.000117093608424
0.000117064482765
0.00011703477503
0.000117005954962
0.000116976239951
0.000116946823255
0.00011691943655
0.000116886541946
0.000116858878755
0.000116831492051
0.000116800038086
0.000116770039313
0.000116741794045
0.000116712079034
0.000116681214422
0.000116651805001
0.000116622672067
0.000116591516417
0.00011656035349
0.000116531533422
0.000116502982564
0.000116472401714
0.000116440074635
0.000116410948976
0.000116382121632
0.000116354451166
0.000116323288239
0.000116293005703
0.000116264745884
0.000116236209578
0.000116204471851
0.000116175047879
0.00011614360119
0.000116113318654
0.000116085058835
0.000116053895908
0.00011602244922
0.000115992457722
0.000115962160635
0.000115933915367
0.000115904214908
0.000115869850561
0.000115841590741
0.000115813920274
0.000115782473586
0.000115753347927
0.000115723938507
0.000115693066618
0.000115661910968
0.000115635397378
0.000115599592391
0.00011557336984
0.000115544251457
0.000115514245408
0.00011548162729
0.000115451060992
0.000115422793897
0.000115394264867
0.000115363101941
0.000115332819405
0.000115299895697
0.00011527078459
0.000115240785817
0.000115210510558
0.000115179049317
0.000115148468467
0.000115117603855
0.000115089351311
0.000115059352538
0.00011502848065
0.000114997324999
0.00011496731895
0.000114935581223
0.000114907321404
0.000114879374451
0.000114848502562
0.000114816764835
0.000114786467748
0.000114754722745
0.000114724149171
0.000114695030788
0.000114663293061
0.000114631540782
0.000114603004477
0.000114573012979
0.000114542439405
0.00011451242608
0.000114479233162
0.000114450405817
0.000114421280159
0.000114391863463
0.000114363319881
0.000114333030069
0.000114302165457
0.000114270711492
0.000114240705443
0.000114208683954
0.000114177819341
0.0001141457833
0.000114117232442
0.000114088121336
0.000114056369057
0.000114025504445
0.000113995221909
0.000113966081699
0.000113935806439
0.000113904636237
0.000113875808893
0.00011384406389
0.000113808542665
0.00011377914052
0.000113750596938
0.000113719710498
0.000113685928227
0.00011365681712
0.000113626527309
0.000113596237497
0.000113565365609
0.000113535963465
0.000113503047032
0.000113475958642
0.000113444795716
0.000113413065264
0.000113381902338
0.000113349859021
0.000113318135845
0.000113287249405
0.0001132587131
0.000113226669782
0.000113194357255
0.000113162896014
0.000113132911792
0.000113102905743
0.000113073787361
0.000113041460281
0.000113011767098
0.000112980604172
0.000112950605399
0.000112915658974
