0.69322681427
0.692432880402
0.691141724586
0.689813435078
0.687972903252
0.685318350792
0.681719958782
0.675354421139
0.667271614075
0.654291093349
0.640162110329
0.621821403503
0.599939763546
0.577373206615
0.545819818974
0.512557506561
0.476322740316
0.441498756409
0.397248953581
0.356428951025
0.308679044247
0.275106579065
0.226666346192
0.189089477062
0.147834077477
0.114362373948
0.0834947600961
0.0619403831661
0.0423595383763
0.0328453406692
0.01960580796
0.0127493673936
0.00862422306091
0.0066952467896
0.00358544453047
0.00231701042503
0.00160080008209
0.00316696404479
0.00128632585984
0.000653292576317
0.00165064446628
0.00665385322645
0.0018707846757
0.00406352989376
0.000229005876463
0.00121641450096
0.00010308779747
0.000197136905626
5.94814955548e-05
0.000121281249449
4.99944035255e-05
0.000210366401006
0.000216111860937
0.000311904586852
0.000159825925948
0.000292362587061
8.91334093467e-06
2.28223761951e-05
0.000220593239646
4.42878335889e-05
4.96747052239e-05
3.6255150917e-05
0.000120193180919
4.62191055703e-05
0.00105191662442
2.28054595937e-05
8.60819454829e-06
5.77216233069e-05
0.00013249242329
0.000121807286632
0.00012529848027
2.77385152003e-05
4.05353748647e-05
2.99900875689e-05
2.74074936897e-05
4.11808068748e-05
9.04063999769e-05
9.61426030699e-06
3.23451458826e-05
7.68165864429e-06
1.8762118998e-05
1.35892596518e-05
1.23533964143e-05
3.60392550647e-05
0.000177275680471
5.66119597352e-05
5.54044781893e-05
3.28715141222e-05
3.03897068079e-05
0.000398256321205
1.54146491695e-05
3.26341869368e-05
1.12667703434e-05
0.00153389654588
0.000209813879337
5.57125895284e-06
1.45396716107e-05
2.70876898867e-05
0.000552902230993
0.000955585564952
0.000449038459919
1.4441089661e-05
0.00012334510393
0.000755419663619
1.81761097338e-05
8.95309767657e-06
0.000284781504888
4.83670883114e-05
6.60954028717e-05
0.000124486236018
3.43490464729e-05
1.06848865471e-05
0.000398431817302
5.98054321017e-05
6.57676137052e-05
0.00181411812082
7.2054019256e-05
0.000182901261724
5.65535556234e-05
2.71310113931e-06
4.5063545258e-05
1.49591533045e-05
3.35676995746e-05
0.000164690238307
0.00109388842247
6.30968543192e-06
2.5967548936e-05
0.000252156838542
0.000112642563181
0.000102027741377
4.76265086036e-05
0.000131982931634
0.000620847626124
9.15052441997e-06
1.55295620061e-05
1.04837463368e-05
0.00712676579133
0.0001207573805
4.05663267884e-05
0.0240673627704
0.000180814022315
9.46263298829e-06
0.00011377883493
0.000448445876827
0.000240985944401
0.00607061944902
0.00199329573661
0.000203400646569
0.0149802817032
8.29854106996e-05
2.9898912544e-05
0.000189631027752
0.0341594368219
0.00822078250349
0.000137903698487
3.64384286513e-05
0.000131323860842
2.30279620155e-05
0.000536059145816
0.00347151677124
1.6568123101e-05
0.000134218644234
8.16970132291e-05
8.12903963379e-05
2.69699612545e-05
2.73998193734e-05
0.000152061591507
0.000691530643962
8.89079528861e-05
0.000168025522726
0.000264508882537
0.00164913781919
0.0124153094366
0.000176524510607
6.30409558653e-05
0.00161677063443
0.000498518580571
1.71007268364e-05
2.28009794228e-05
0.000167895501363
1.93728355953e-05
9.20338516153e-06
0.000142443313962
0.000126067374367
1.23555992104e-05
7.63289717725e-05
6.35509277345e-05
6.09863272985e-05
6.58612179905e-06
2.03826220968e-05
2.66259758064e-05
6.16353208898e-05
1.94338008441e-05
1.81079903996e-05
0.000167034653714
7.08004299668e-05
7.6229480328e-06
0.000148888721014
0.00252233981155
1.91945764527e-05
8.6396750703e-05
1.93784580915e-05
0.00206621503457
1.37715232995e-05
0.000112619316496
8.44996757223e-05
0.000100359196949
0.0108341732994
0.00379131012596
4.04267520935e-05
2.65233975369e-05
0.000222485716222
0.000263882888248
7.20810858184e-05
0.000539492524695
0.00371295469813
8.49347561598e-05
0.000147993268911
1.99197311304e-05
4.03274971177e-05
7.52408523113e-05
0.000200632508495
0.000447519298177
0.00179375056177
7.7852186223e-05
0.000851151591633
0.000644389947411
0.00230965344235
0.000278478633845
0.000212521728827
9.89713589661e-05
0.00189782783855
0.00172734505031
0.000308155227685
0.00325134699233
9.47067674133e-05
0.0030413698405
1.07431997094e-05
8.14582235762e-05
0.00075639464194
0.00014044890122
0.0010152021423
8.43769084895e-05
0.000192374776816
0.00312633253634
0.000127210223582
0.0194886680692
0.00679380819201
0.00540756294504
0.00183039426338
3.52929055225e-05
0.000899528153241
2.59062508121e-05
3.99478558393e-05
0.000190625505638
9.22725757846e-06
4.5096167014e-06
0.000215214779018
1.89119127754e-05
0.0076234950684
0.0022468608804
4.27192162533e-06
0.000117463074275
8.77901620697e-05
0.000108750580694
0.00181690219324
0.00148411898408
0.00510326726362
1.77466772584e-05
1.6414654965e-05
5.58588508284e-05
0.000112883222755
5.43515216123e-06
0.000342869840097
0.0149238388985
0.00010947490955
0.00110684591345
0.000287861534161
4.90757192892e-05
0.000122119992739
0.000194288586499
1.20955119201e-05
6.31532202533e-06
2.52571953752e-05
1.39380144901e-05
1.11796425699e-05
6.25517932349e-05
3.31182527589e-05
8.1715052147e-06
1.35399877763e-05
9.53081616899e-05
1.1602257473e-05
0.0003070802195
0.000111020090117
2.86351714749e-05
2.90888838208e-05
3.35394543072e-05
0.00208625826053
2.61742115981e-05
1.22951914818e-05
