0.688222289085
0.686584591866
0.688097715378
0.686155498028
0.691924750805
0.68673491478
0.688878655434
0.687481760979
0.690873146057
0.686423540115
0.684967279434
0.68768030405
0.685254335403
0.680830061436
0.686059653759
0.679193437099
0.685084044933
0.683589577675
0.680048108101
0.686051130295
0.685570180416
0.686908304691
0.681729376316
0.684762954712
0.677389144897
0.681144177914
0.678843557835
0.677602112293
0.681108415127
0.679185986519
0.682890236378
0.674711287022
0.683010816574
0.685305178165
0.68077558279
0.676692783833
0.681515038013
0.682818293571
0.678947210312
0.677708387375
0.676310300827
0.677863121033
0.67493981123
0.6797093153
0.67343467474
0.673381686211
0.679708063602
0.677133798599
0.676660776138
0.677836894989
