0.722829818726
0.713725328445
0.706856906414
0.720131754875
0.697701871395
0.699987053871
0.698394060135
0.683777272701
0.69928842783
0.725996494293
0.704663813114
0.694015741348
0.730728030205
0.704503118992
0.726550757885
0.710640966892
0.711878061295
0.705850720406
0.6914255023
0.704842746258
0.684087693691
0.722966194153
0.689395368099
0.719257235527
0.687065243721
0.686115682125
0.680465936661
0.678492724895
0.694053590298
0.685937941074
0.683459937572
0.692273318768
0.68074285984
0.676175534725
0.701078236103
0.676149249077
0.663742005825
0.694224357605
0.698412954807
0.685459315777
0.690793812275
0.673371851444
0.683289110661
0.693944811821
0.652384996414
0.660852968693
0.689916670322
0.68022865057
0.6726796031
0.687977492809
0.680628538132
0.670686721802
0.648692905903
0.686525821686
0.666494071484
0.678805530071
0.66725987196
0.668134450912
0.684529840946
0.6913408041
0.685304522514
0.678088009357
0.65505361557
0.662326097488
0.685384988785
0.662458181381
0.683940589428
0.662545382977
0.664646208286
0.669949948788
0.699010848999
0.653348982334
0.671670734882
0.674867630005
0.657321214676
0.676074385643
0.664814472198
0.668477416039
0.66854429245
0.656757831573
0.683127403259
0.66499632597
0.662912607193
0.67931830883
0.665884912014
0.674654126167
0.650388300419
0.683206021786
0.629208922386
0.662068963051
0.665062904358
0.674361348152
0.651742935181
0.671640634537
0.641460120678
0.64862549305
0.673736453056
0.662190556526
0.626682579517
0.671635329723
0.651529550552
0.656419098377
0.643807470798
0.659881234169
0.650143384933
0.642936885357
0.652146339417
0.638875961304
0.648534059525
0.644437909126
0.672734260559
0.650735020638
0.644998013973
0.633359313011
0.6510643363
0.658823907375
0.639159142971
0.633727967739
0.637205779552
0.626828253269
0.642137944698
0.610645890236
0.640484392643
0.641658306122
0.659236311913
0.644633829594
0.655018806458
0.63595610857
0.640069186687
0.628427743912
0.626535356045
0.643817126751
0.631638407707
0.645150363445
0.646684646606
0.643112242222
0.635049879551
0.616931796074
0.642779290676
0.641581475735
0.629635572433
0.623412311077
0.617999434471
0.623957693577
0.627106130123
0.631244242191
0.63193577528
0.615641534328
0.656698703766
0.621745765209
0.616819143295
0.63797712326
0.637408137321
0.614396035671
0.639617562294
0.631499052048
0.638857364655
0.651093840599
0.636404812336
0.627314448357
0.625935554504
0.637928903103
0.650060296059
0.621181309223
0.628278493881
0.632639229298
0.642187297344
0.62251740694
0.617829084396
0.62065923214
0.644844472408
0.617832064629
0.619267404079
0.63120162487
0.629834890366
0.632785856724
0.64025837183
0.603075444698
0.619677066803
0.637043893337
0.603834807873
0.623407363892
0.631967544556
0.606697499752
0.625751316547
0.628869116306
0.626751542091
0.609364271164
0.615052521229
0.597911059856
0.61407917738
0.622745811939
0.63671118021
0.607097148895
0.619163930416
0.606523692608
0.609968602657
0.612078487873
0.606553196907
0.594354093075
0.615048289299
0.619865357876
0.614602446556
0.62079846859
0.600719869137
0.601154029369
0.595534324646
0.647697627544
0.590651273727
0.61118632555
0.612812757492
0.625235974789
0.596865952015
0.599058628082
0.604506790638
0.61663210392
0.589764654636
0.603932023048
0.62455111742
0.60550558567
0.594710767269
0.600757479668
0.600138068199
0.606006920338
0.605180263519
0.624496996403
0.594823718071
0.615152180195
0.61385768652
0.608187019825
0.632464170456
0.596337497234
0.585783958435
0.598810315132
0.599649071693
0.6078799963
0.609634697437
0.592771112919
0.615005016327
0.628741085529
0.602891921997
0.606220006943
0.616876482964
0.603902339935
0.590246796608
0.587440729141
0.627736091614
0.618776261806
0.590806603432
0.606521368027
0.618797242641
0.605512499809
0.610850036144
0.588214755058
0.593671798706
0.590056240559
0.611990272999
0.600547015667
0.590876698494
0.585332632065
0.593622505665
0.596192955971
0.622815847397
0.593262851238
0.602545976639
0.59468460083
0.60061776638
0.584199428558
0.565061092377
0.579132199287
0.593616485596
0.580967724323
0.587595939636
0.61395406723
0.590160012245
0.585313439369
0.6021656394
0.601442039013
0.618239939213
0.603845238686
0.577687203884
0.584304571152
0.573368966579
0.609155595303
0.584784090519
0.593124330044
0.62045365572
0.599604308605
0.607725203037
0.58123332262
0.583881676197
0.595917522907
0.591643452644
0.589550495148
0.588439643383
0.591890156269
0.570567846298
0.585573017597
0.558969855309
0.591744840145
0.583930671215
0.601780354977
0.600804269314
0.594957649708
0.586519479752
0.577863872051
0.575190603733
0.600808143616
0.577426970005
0.590044558048
0.590648174286
0.597911953926
0.601725041866
0.575687110424
0.590502500534
0.5809212327
0.573494970798
0.575062155724
0.549986958504
0.572440326214
0.589660704136
0.609901309013
0.586444377899
0.579240441322
0.587425589561
0.583868503571
0.593553245068
0.594912946224
0.56797260046
0.576173722744
0.57079988718
0.596618235111
0.562079370022
0.558458447456
0.555699408054
0.5798843503
0.567178547382
0.577721774578
0.579576075077
0.572808325291
0.608436286449
0.582735657692
0.567822575569
0.557500123978
0.564227044582
0.569150686264
0.548332452774
0.561546683311
0.586954414845
0.592445909977
0.568127095699
0.563069999218
0.588112056255
0.559397339821
0.574401319027
0.579927325249
0.57945638895
0.569658517838
0.575967609882
0.586526334286
0.562299311161
0.568212211132
0.55662804842
0.546834647655
0.566141486168
0.593817830086
0.568302452564
0.58674043417
0.558897256851
0.560045957565
0.550379633904
0.557503223419
0.590444743633
0.549746334553
0.573275625706
0.551054656506
0.574205219746
0.559060752392
0.579288005829
0.575269818306
0.574928700924
0.546389937401
0.56644910574
0.5688123703
0.572911560535
0.55666911602
0.537867903709
0.575992882252
0.570892035961
0.539122641087
0.563953697681
0.567935407162
0.575188994408
0.574302256107
0.559041440487
0.584138274193
0.563800692558
0.542799949646
0.553540170193
0.566372036934
0.564697027206
0.57570040226
0.561324834824
0.561683595181
0.551130056381
0.558726906776
0.570497393608
0.568020880222
0.550407588482
0.560884356499
0.589214801788
0.574255168438
0.570429563522
0.567702829838
0.573618412018
0.555825591087
0.562148213387
0.544571220875
0.563835501671
0.574177145958
0.566841065884
0.562690019608
0.555983304977
0.547323703766
0.570835053921
0.565855681896
0.557110249996
0.545063316822
0.567378103733
0.556697368622
0.546101152897
0.557934999466
0.556867480278
0.559807658195
0.568436563015
0.564596116543
0.560101747513
0.552918970585
0.563466012478
0.552976727486
0.559144318104
0.546745955944
0.573250949383
0.576870441437
0.546303391457
0.536044895649
0.555083632469
0.56373500824
0.563334822655
0.567575156689
0.531886458397
0.559537708759
0.550267875195
0.552684009075
0.568019092083
0.535705685616
0.554067373276
0.557103216648
0.554263591766
0.55088275671
0.546685099602
0.560623466969
0.551667571068
0.541584014893
0.556619405746
0.550578474998
0.556008160114
0.565041482449
0.52773296833
0.558641254902
0.54213142395
0.55912321806
0.547980904579
0.544252455235
0.5689458251
0.560181617737
0.542428016663
0.556321322918
0.53883266449
0.546734750271
0.561681091785
0.528187990189
0.539521694183
0.563668966293
0.545843482018
0.553168296814
0.538481116295
0.559869885445
0.557698130608
0.534673988819
0.549601793289
0.559895038605
0.539287686348
0.55491656065
0.551902234554
0.53272241354
0.522844612598
0.553884088993
0.530868649483
0.542203068733
0.545978605747
0.548676073551
0.542976200581
0.53514790535
0.561152338982
0.549163579941
0.535651624203
0.551933765411
0.533199548721
0.56889051199
0.520133197308
0.546606063843
0.5582036376
0.524791300297
0.542651832104
0.556202411652
0.537318766117
0.552904844284
0.542185783386
0.544917941093
0.537884235382
0.535101890564
0.553906798363
0.536069452763
0.550182580948
0.55378305912
0.547194242477
0.514802992344
0.508217871189
0.557582199574
0.538007199764
0.530813336372
0.536944806576
0.54735571146
0.552223920822
0.549863576889
0.525838553905
0.526975333691
0.534421682358
0.529210090637
0.515297591686
0.54630279541
0.545760750771
0.52008920908
0.532851457596
0.539564311504
0.541268706322
0.535971581936
0.525568127632
0.523122668266
0.527117192745
0.541637599468
0.547061622143
0.528670430183
0.561016917229
0.525686562061
0.538248002529
0.557280182838
0.547876477242
0.545579612255
0.531980454922
0.519877851009
0.533558785915
0.53650957346
0.537267446518
0.51592451334
0.566362082958
0.529268562794
0.529762804508
0.518704235554
0.53330296278
0.520144045353
0.528168141842
0.527118086815
0.544331789017
0.530247449875
0.521293878555
0.527078032494
0.552980542183
0.544460356236
0.524125576019
0.512642741203
0.566602110863
0.513923108578
0.520369529724
0.540006458759
0.546047389507
0.513508558273
0.545238614082
0.48646530509
0.525027096272
0.527449846268
0.534580647945
0.530784368515
0.539959609509
0.53900873661
0.520359814167
0.509180665016
0.541815280914
0.554090261459
0.499037951231
0.528829574585
0.520827829838
0.515489816666
0.545449972153
0.523449122906
0.523190975189
0.511582612991
0.509653925896
0.550875782967
0.53053188324
0.51278167963
0.527694165707
0.538678050041
0.505697727203
0.534187197685
0.515630781651
0.505133032799
0.534134745598
0.524261057377
0.542223870754
0.544254779816
0.524479985237
0.517909109592
0.531992793083
0.519514739513
0.532814443111
0.534012377262
0.510219216347
0.528971612453
0.533110678196
0.50593316555
0.509879648685
0.537930428982
0.512904405594
0.515912175179
0.523020684719
0.515121400356
0.512452483177
0.537082374096
0.527897953987
0.53987622261
0.534615039825
0.535296976566
0.52861225605
0.505711317062
0.482455223799
0.519379913807
0.507499396801
0.51415425539
0.523399710655
0.527403891087
0.521857559681
0.531319081783
0.517025470734
0.501541018486
0.517533302307
0.519429564476
0.514931380749
0.497832477093
0.504760622978
0.515552103519
0.491430997849
0.521029949188
0.510741531849
0.522926032543
0.527911663055
0.517574489117
0.505424916744
0.491643160582
0.507419347763
0.50856089592
0.533011615276
0.500037252903
0.540424764156
0.516564488411
0.531349599361
0.523435652256
0.491766870022
0.534298539162
0.532422840595
0.494068056345
0.519752860069
0.513356566429
0.543633460999
0.515267848969
0.502653837204
0.498634666204
0.511424183846
0.496554523706
0.503740131855
0.497122853994
0.497542589903
0.523223221302
0.487214326859
0.54216581583
0.514631330967
0.499785780907
0.517439246178
0.520574271679
0.518899559975
0.514088451862
0.50966501236
0.502104282379
0.480352848768
0.525595903397
0.483005583286
0.515152812004
0.486448198557
0.521818816662
0.487034499645
0.503264665604
0.523408889771
0.517673194408
0.516622900963
0.499741524458
0.484711498022
0.500204741955
0.514441490173
0.508814632893
0.491539925337
0.510144114494
0.498511999846
0.490643233061
0.506771802902
0.475195288658
0.505596399307
0.498358756304
0.507881224155
0.492543637753
0.520372867584
0.519203424454
0.519322454929
0.522464871407
0.489285647869
0.507131040096
0.48327550292
0.529354989529
0.501145243645
0.489726364613
0.505769968033
0.502256155014
0.516789257526
0.502285599709
0.516359210014
0.515906751156
0.522850990295
0.477462440729
0.480887919664
0.505198419094
0.484904021025
0.490001559258
0.499881058931
0.503681778908
0.487538486719
0.495364665985
0.484233349562
0.492505699396
0.491480946541
0.511284708977
0.490044653416
0.52878922224
0.544434309006
0.528592467308
0.517636060715
0.506983160973
0.493099719286
0.509549856186
0.497062951326
0.478775799274
0.518301844597
0.497306853533
0.500902116299
0.494970589876
0.482855081558
0.483945608139
0.510020554066
0.50689458847
0.487056821585
0.491247117519
0.504346132278
0.501316547394
0.526129364967
0.485739767551
0.518968701363
0.504123151302
0.517103075981
0.482554137707
0.490192621946
0.486490488052
0.494430333376
0.490418404341
0.502061247826
0.513437509537
0.510112762451
0.478423774242
0.502695143223
0.492976278067
0.490107685328
0.517671227455
0.502442955971
0.500303268433
0.506962180138
0.492900788784
0.501333892345
0.487285971642
0.492376714945
0.510022580624
0.502810418606
0.495207071304
0.517773985863
0.509773910046
0.496147036552
0.483918279409
0.48467618227
0.500011086464
0.488677531481
0.493585377932
0.48938241601
0.489329427481
0.492335349321
0.477920681238
0.501429796219
0.481529861689
0.481199502945
0.491611003876
0.472169607878
0.502373099327
0.484310358763
0.494620233774
0.491722077131
0.462132364511
0.510501146317
0.507737219334
0.494599610567
0.509765863419
0.495680600405
0.464988380671
0.496520251036
0.516490161419
0.490863114595
0.497156977654
0.491312623024
0.49985396862
0.512505412102
0.50232642889
0.530820190907
0.457581579685
0.491399884224
0.487349718809
0.472882330418
0.503490924835
0.529034674168
0.478598684072
0.476541250944
0.509116172791
0.481938630342
0.484575212002
0.488005936146
0.493383497
0.528807461262
0.504535675049
0.497259736061
0.527576208115
0.484859198332
0.511550366879
0.500258266926
0.509017586708
0.511560559273
0.481426596642
0.490996956825
0.508394122124
0.476429253817
0.500118374825
0.455740630627
0.493645191193
0.50070309639
0.51413333416
0.492108464241
0.47842797637
0.504419267178
0.50241035223
0.506495058537
0.49010515213
0.52407515049
0.496271938086
0.49702450633
0.505477309227
0.493238836527
0.509922206402
0.474925160408
0.479880839586
0.492678493261
0.515018582344
0.495052665472
0.485050439835
0.494511961937
0.496327847242
0.494641005993
0.486137330532
0.498574525118
0.487265914679
0.498792856932
0.489111304283
0.508952915668
0.477292478085
0.487737298012
0.507111132145
0.499385148287
0.499507635832
0.52453070879
0.505722522736
0.489425003529
0.472659528255
0.490061551332
0.512113451958
0.48199981451
0.477222859859
0.501617670059
0.505286633968
0.490235328674
0.498816370964
0.504204452038
0.492755562067
0.495275884867
0.490536570549
0.484706610441
0.50534504652
0.491818636656
0.488456010818
0.484973371029
0.498418748379
0.502552509308
0.519992113113
0.506066799164
0.492320656776
0.492889106274
0.514073073864
0.467674612999
0.480084002018
0.497219264507
0.494419723749
0.508243918419
0.49256542325
0.490764051676
0.524817943573
0.500393390656
0.496496766806
0.486477136612
0.488349050283
0.484147459269
0.491616666317
0.48444467783
0.474132269621
0.511401712894
0.49890679121
0.504435777664
0.470289438963
0.485572844744
0.498991370201
0.491291165352
0.496598988771
0.475983709097
0.501815438271
0.527509212494
0.490593731403
0.48559191823
0.509130358696
0.490543097258
0.476548790932
0.468866944313
0.481850981712
0.489099502563
0.499548912048
0.497837096453
0.503383457661
0.49307090044
0.498446941376
0.477405756712
0.496346861124
0.491706967354
0.502016663551
0.48099014163
0.480484217405
0.490318924189
0.530130028725
0.497479319572
0.495811164379
0.495365917683
0.47214025259
0.501505613327
0.504420101643
0.523046076298
0.520245015621
0.489263057709
0.484534293413
0.484715610743
0.493435829878
0.511997640133
0.492611169815
