0.825335979462
0.767097294331
0.752327978611
0.715419769287
0.726305246353
0.775708913803
0.726951062679
0.685214579105
0.689490497112
0.689891815186
0.709994792938
0.698464393616
0.701464116573
0.693631052971
0.686442017555
0.678136527538
0.678713023663
0.695053040981
0.686364173889
0.68806540966
0.681440114975
0.670566082001
0.677886724472
0.6820089221
0.6865645051
0.681266307831
0.680593192577
0.701128423214
0.668401360512
0.683942675591
0.68456107378
0.688663840294
0.68016076088
0.677411317825
0.679986715317
0.675538361073
0.677247881889
0.682239234447
0.678139865398
0.673781812191
0.678992450237
0.671873092651
0.674236893654
0.663182914257
0.67137914896
0.682202219963
0.665228247643
0.677922546864
0.670447170734
0.679149329662
0.676893293858
0.665211439133
0.677193701267
0.664093852043
0.688201189041
0.672869741917
0.674090445042
0.662270724773
0.683817148209
0.672636628151
0.663839519024
0.673870682716
0.662494063377
0.671860694885
0.670305252075
0.663102626801
0.663628578186
0.669054865837
0.668328166008
0.662726342678
0.654810488224
0.680085837841
0.669555366039
0.665852308273
0.673278689384
0.684401333332
0.645866155624
0.662525773048
0.676531553268
0.680175483227
0.655759572983
0.688316583633
0.668435454369
0.674271762371
0.675243556499
0.664664983749
0.659299373627
0.655419945717
0.668042838573
0.659101068974
0.662085831165
0.675673604012
0.656126201153
0.663024187088
0.659698724747
0.657741189003
0.668557882309
0.675090789795
0.656275033951
0.655881285667
0.648135721684
0.659089326859
0.64024913311
0.69035243988
0.650660514832
0.674435198307
0.664929509163
0.659497022629
0.684756994247
0.665774285793
0.678304553032
0.668951928616
0.663449645042
0.672008693218
0.67275929451
0.652319848537
0.67092269659
0.648660302162
0.666536331177
0.672175109386
0.672109007835
0.662397265434
0.667304873466
0.6651673913
0.662222504616
0.642746686935
0.680234909058
0.693692326546
0.662544369698
0.645828306675
0.653377771378
0.666082561016
0.683152973652
0.66968947649
0.654204368591
0.671461462975
0.680622696877
0.677944600582
0.664360821247
0.661554634571
0.666373491287
0.671220958233
0.652543544769
0.668077766895
0.657080829144
0.667293488979
0.664996087551
0.656174242496
0.662760972977
0.672326803207
0.663066267967
0.636120319366
0.66927164793
0.68303757906
0.658056497574
0.664984107018
0.650653958321
0.675295472145
0.65564852953
0.692046821117
0.664851486683
0.649665892124
0.653305053711
0.65219604969
0.654482066631
0.68875181675
0.657991588116
0.648897945881
0.683767914772
0.643735349178
0.654650211334
0.677111208439
0.657979369164
0.645742177963
0.64691221714
0.66046077013
0.639684557915
0.66126614809
0.641710758209
0.643828690052
0.660187900066
0.658305704594
0.653917908669
0.643387496471
0.645669639111
0.650343298912
0.644227862358
0.647796630859
0.654892206192
0.648298680782
0.644987404346
0.656706631184
0.681240022182
0.669743061066
0.632805228233
0.68750667572
0.643473267555
0.64240437746
0.652796626091
0.664554476738
0.662034928799
0.642186462879
0.650919556618
0.677262663841
0.652523756027
0.662119805813
0.657889783382
0.641172409058
0.656990230083
0.657888114452
0.659867465496
0.635632097721
0.648299813271
0.661272644997
0.627263009548
0.643259704113
0.652974486351
0.647663474083
0.641540229321
0.627394378185
0.671583473682
0.637427508831
0.648174583912
0.643964648247
0.68412309885
0.660449802876
0.641110360622
0.621780157089
0.662464261055
0.667363762856
0.65089827776
0.633545815945
0.653670430183
0.632751584053
0.64262843132
0.665250658989
0.662693679333
0.640401721001
0.657314240932
0.647434055805
0.657808184624
0.63141566515
0.632515370846
0.640820920467
0.66864490509
0.656399905682
0.639351606369
0.634794235229
0.644564092159
0.672503352165
0.66040366888
0.660200476646
0.652970850468
0.670478284359
0.623548209667
0.625863432884
0.646789133549
0.649473786354
0.657808423042
0.613554477692
0.630332231522
0.652850091457
0.64209997654
0.64925968647
0.637480735779
0.662378072739
0.638889729977
0.632326066494
0.663363993168
0.643112182617
0.633257389069
0.673447608948
0.641003847122
0.642490446568
0.644729018211
0.631655454636
0.652971386909
0.650718748569
0.645485341549
0.626546263695
0.665596544743
0.64864397049
0.652334988117
0.665965676308
0.661341130733
0.668617188931
0.645673751831
0.65194272995
0.638358950615
0.625678837299
0.648310542107
0.664985239506
0.664476335049
0.639970123768
0.630866825581
0.670550167561
0.640952944756
0.633636832237
0.638351678848
0.656579911709
