0.824871480465
0.843657851219
0.870428919792
0.868720591068
0.805684626102
0.783739507198
0.760375738144
0.74512141943
0.72641825676
0.738938033581
0.722831606865
0.716240406036
0.697771072388
0.737325310707
0.718534588814
0.707470178604
0.669588387012
0.699986517429
0.669263005257
0.690226852894
0.724214434624
0.680189192295
0.675706505775
0.654422581196
0.672890424728
0.700021207333
0.64439022541
0.658537507057
0.667555272579
0.665115296841
0.630460262299
0.652395784855
0.633361399174
0.62251073122
0.653782367706
0.638777375221
0.634483158588
0.614795148373
0.624022006989
0.650321483612
0.657429754734
0.651987612247
0.59970664978
0.629930138588
0.615709424019
0.601509928703
0.644606590271
0.612746655941
0.571402668953
0.59338504076
0.624466896057
0.620527148247
0.599960684776
0.614437520504
0.628333568573
0.595504641533
0.605542123318
0.582020998001
0.617401778698
0.561309278011
0.591268122196
0.645686686039
0.619007825851
0.583332121372
0.567111968994
0.617349267006
0.602002203465
0.592822194099
0.579629302025
0.607361018658
0.573002278805
0.575954854488
0.577728390694
0.599803984165
0.562950670719
0.593703567982
0.565397799015
0.57870465517
0.543060958385
0.591270148754
0.553773999214
0.599094212055
0.562904477119
0.577172160149
0.567178308964
0.578988611698
0.530403256416
0.595312595367
0.55098849535
0.56173324585
0.593979775906
0.596275269985
0.596957266331
0.571584939957
0.556409835815
0.554530024529
0.556284606457
0.570714473724
0.624861359596
0.608624339104
0.564749419689
0.569776117802
0.594302177429
0.606143951416
0.565479397774
0.551438510418
0.598343610764
0.575447201729
0.568198502064
0.559887051582
0.569070518017
0.553561389446
0.566637098789
0.563594520092
0.515995085239
0.583535552025
0.571688711643
0.551204681396
0.536037027836
0.580572783947
0.536090731621
0.526552975178
0.532466590405
0.575714826584
0.569646477699
0.591630041599
0.571126699448
0.537034094334
0.575328111649
0.559499800205
0.563019990921
0.567685306072
0.596111357212
0.596064209938
0.558300495148
0.562480092049
0.577074766159
0.533851265907
0.558810055256
0.558280706406
0.598695755005
0.585251569748
0.550862252712
0.563480973244
0.581786453724
0.565403342247
0.543357253075
0.596016049385
0.559750914574
0.553818225861
0.582727909088
0.520078361034
0.549350857735
0.575084269047
0.608927488327
0.554223775864
0.533784866333
0.562913715839
0.548337638378
0.533205091953
0.540931046009
0.563497066498
0.544563353062
0.576538741589
0.568445384502
0.519188582897
0.569808840752
0.536757469177
0.545456647873
0.544124901295
0.539441823959
0.582801759243
0.551172971725
0.568711996078
0.521941781044
0.551069319248
0.577421784401
0.555003762245
0.559647858143
0.563356041908
0.543076336384
0.547687530518
0.563692986965
0.582931101322
0.564387798309
0.570527017117
0.566752314568
0.519099593163
0.526587188244
0.520972251892
0.568465471268
0.539499223232
0.521040737629
0.526212096214
0.540976345539
0.519640505314
0.549209713936
0.539949953556
0.571832716465
0.514459908009
0.543739855289
0.524322092533
0.532486140728
0.53655821085
0.542891263962
0.519045352936
0.503110647202
0.532684743404
0.562881469727
0.539350509644
0.57125467062
0.532151460648
0.540132939816
0.526040673256
0.5741994977
0.533380508423
0.555233776569
0.514497637749
0.559268057346
0.570780515671
0.570091664791
0.506446778774
0.547267615795
0.576389372349
0.545873403549
0.55789321661
0.555393218994
0.536985099316
0.55337613821
0.541819393635
0.563278734684
0.572644114494
0.561061263084
0.522774934769
0.563241958618
0.509799778461
0.540170967579
0.535882353783
0.543891370296
0.504684507847
0.553043663502
0.510988295078
0.541852414608
0.526875317097
0.549882829189
0.552145183086
0.569084405899
0.563343465328
0.521475970745
0.458579689264
0.528644025326
0.584728360176
0.548625469208
0.535080969334
0.55495518446
0.534348428249
0.558197975159
0.546310842037
0.539822518826
0.558491885662
0.535007953644
0.529211103916
0.544628381729
0.51518446207
0.552298545837
0.552476286888
0.499151051044
0.530990839005
0.543103456497
0.527622997761
0.514439344406
0.523285925388
0.558675467968
0.561412394047
0.555848121643
0.557847261429
0.568095862865
0.583365380764
0.564375817776
0.59975785017
0.542140483856
0.53290772438
0.538483083248
0.525968253613
0.523964345455
0.526629924774
0.555145382881
0.54589176178
0.539431631565
0.53124153614
0.523097991943
0.542242050171
0.551098585129
0.540250062943
0.54826849699
0.534008145332
0.558369219303
0.532010197639
0.548315823078
0.546993553638
0.545577704906
0.555803418159
0.55159932375
0.538304150105
0.55002617836
0.535308778286
0.542660355568
0.53341281414
0.510614037514
0.516874611378
0.569721639156
0.547933876514
0.526954650879
0.540289163589
0.553581357002
0.533549726009
0.509540438652
0.537820100784
0.5456340909
0.517162621021
0.539638578892
0.532973647118
0.508094668388
0.522637724876
0.532344520092
0.538326263428
0.504149258137
0.515292406082
0.555842280388
0.511353194714
0.499512672424
0.510018527508
0.520947158337
0.520615458488
0.50842911005
0.532169640064
0.54645138979
0.489338696003
0.556997597218
0.523403465748
0.542759954929
0.519184112549
0.464726567268
0.51196449995
0.545174360275
0.522845745087
0.51859754324
0.53352278471
0.550513207912
0.497816026211
0.565701365471
0.553259968758
0.517579317093
0.536765992641
0.542407274246
0.535277605057
0.544456899166
0.505285263062
0.547045171261
0.528027951717
0.556738674641
0.491248220205
0.519563615322
0.547713875771
0.558956325054
0.547671556473
0.566540002823
0.568759143353
0.529856622219
0.536877810955
0.500488340855
0.536950469017
0.53501367569
0.510303080082
0.561527788639
0.475345492363
0.503958106041
0.557605624199
0.519831836224
0.525303304195
0.556581676006
0.538949847221
0.550812125206
0.596009612083
0.564325332642
0.545974314213
0.531493425369
0.54088550806
0.534505903721
0.535337686539
0.527891159058
0.552985310555
0.542086005211
0.493497550488
0.498790532351
0.527235865593
0.521143078804
0.537825524807
0.535677790642
0.495794504881
0.525913238525
0.51481539011
0.566463172436
0.548679769039
0.522654354572
0.538950622082
0.518538415432
0.561467766762
0.507333219051
0.526196718216
0.501303017139
0.528258502483
0.548090398312
0.532565295696
0.514484107494
0.575070977211
0.540164232254
0.53659170866
0.524258613586
0.534820079803
0.52455252409
0.500283420086
0.49412253499
0.512171030045
0.523454606533
0.554188787937
0.551056146622
0.579893767834
0.523620724678
0.513854563236
0.502215564251
0.507722318172
0.540990233421
0.514384806156
0.487583398819
0.485853850842
0.499903023243
0.522393286228
0.482811182737
0.523043513298
0.545124053955
0.568012654781
0.51573485136
0.529323399067
0.495535552502
0.523081362247
0.519893348217
0.518168389797
0.528302907944
0.541100859642
0.522058308125
0.533013224602
0.512311697006
0.54230183363
0.535991191864
0.517424404621
0.532692372799
0.516127228737
0.532915174961
0.485574185848
0.54087293148
0.526362299919
0.535008013248
0.503578424454
0.501185953617
0.572472333908
0.54771733284
0.513071060181
0.536924481392
0.565223693848
0.51054674387
0.498903870583
0.563831210136
0.532577574253
0.531314790249
0.549022555351
0.477273136377
0.539877355099
0.544328033924
0.531980216503
0.540503740311
0.53520655632
0.490410298109
0.53436088562
0.522498369217
0.521028637886
0.51778447628
0.508755385876
0.566987395287
0.511454105377
0.528903663158
0.490710735321
0.450675040483
0.530470848083
0.487997442484
0.541528522968
0.515308618546
0.542442619801
0.524564325809
0.486267447472
