0.696051597595
0.695640206337
0.696386992931
0.695085704327
0.69448018074
0.694718360901
0.694962382317
0.694038331509
0.694341659546
0.694613397121
0.694100797176
0.693979084492
0.694132268429
0.694597661495
0.692961752415
0.692964076996
0.693216383457
0.692540764809
0.692728757858
0.692751705647
0.693248152733
0.692207455635
0.69217479229
0.691619157791
0.692082643509
0.692384898663
0.691751480103
0.69226795435
0.691344261169
0.692887961864
0.691101789474
0.691059410572
0.691784501076
0.6917796731
0.691744089127
0.692373454571
0.690697073936
0.691209793091
0.690552473068
0.691018223763
0.691023766994
0.690497040749
0.690996587276
0.690463423729
0.690201044083
0.690371751785
0.690300941467
0.689580857754
0.690032362938
0.689429461956
0.689663171768
0.689993560314
0.690682411194
0.688945949078
0.688089609146
0.689030885696
0.688873410225
0.689204216003
0.689266324043
0.689442455769
0.688931882381
0.688622772694
0.688464105129
0.688856840134
0.688035011292
0.688146054745
0.686987161636
0.68790358305
0.688399732113
0.687066555023
0.68694537878
0.687905430794
0.68748742342
0.687487065792
0.686943411827
0.686039626598
0.687120974064
0.686820447445
0.686453342438
0.685578107834
0.686217665672
0.686900317669
0.686045706272
0.686433196068
0.685847759247
0.685261487961
0.685364603996
0.686820447445
0.68603849411
0.684762954712
0.684987604618
0.684612572193
0.683953344822
0.685831189156
0.684301018715
0.684988975525
0.684399843216
0.683656573296
0.684198617935
0.683373749256
0.683196425438
0.682908654213
0.68334031105
0.683586537838
0.683496236801
0.681814849377
0.682037115097
0.682437479496
0.681459903717
0.682348310947
0.682042717934
0.682096004486
0.681022584438
0.681381523609
0.680171489716
0.681048572063
0.680881261826
0.679085552692
0.680849254131
0.681047022343
0.67949450016
0.679284751415
0.679804682732
0.678336024284
0.679934322834
0.678371965885
0.677343249321
0.678373754025
0.677086651325
0.677961826324
0.676626086235
0.677894234657
0.679580926895
0.676600754261
0.676805913448
0.675475478172
0.675837218761
0.675723791122
0.675326824188
0.67448091507
0.675149857998
0.674513936043
0.675863921642
0.674608826637
0.675046980381
0.671586215496
0.672378122807
0.673369467258
0.672609746456
0.673257648945
0.671440601349
0.672274231911
0.671243965626
0.671426415443
0.670872688293
0.672619462013
0.667779266834
0.671079397202
0.670193731785
0.668370187283
0.669143259525
0.668506443501
0.666848957539
0.667872428894
0.668483912945
0.669152259827
0.667554676533
0.66665917635
0.666788160801
0.665918290615
0.665850698948
0.666260361671
0.66625636816
0.660800933838
0.662730872631
0.664071440697
0.661582827568
0.66159504652
0.661586284637
0.663459599018
0.66347849369
0.661004066467
0.659942209721
0.660400271416
0.659064292908
0.658269584179
0.657865643501
0.657669723034
0.658460795879
0.658102273941
0.658519744873
0.656477928162
0.657471597195
0.654658854008
0.654823660851
0.652765572071
0.654048800468
0.653796374798
0.650322496891
0.65443533659
0.651516675949
0.651754617691
0.652143776417
0.647472083569
0.648332238197
0.650935471058
0.648365020752
0.648843586445
0.64785695076
0.646569609642
0.647504985332
0.645293474197
0.647130727768
0.646080195904
0.644717931747
0.644544303417
0.644591271877
0.643014013767
0.640747189522
0.643458068371
0.640698850155
0.639748632908
0.641732692719
0.639861106873
0.640743136406
0.641389369965
0.639457464218
0.638747632504
0.636345863342
0.637205600739
0.634726047516
0.632552683353
0.634845435619
0.635093033314
0.633390545845
0.631979465485
0.632464468479
0.62834995985
0.630432367325
0.630811750889
0.632360100746
0.62682980299
0.626922190189
0.626287698746
0.628418684006
0.628099322319
0.627536833286
0.626152098179
0.626166522503
0.625942528248
0.624025642872
0.621676504612
0.620918035507
0.622539699078
0.619795262814
0.622828483582
0.616041600704
0.612703382969
0.617061853409
0.614380419254
0.619298040867
0.61319321394
0.617236495018
0.609004676342
0.613107144833
0.611729443073
0.611422300339
0.609216988087
0.610165119171
0.610898077488
0.607095181942
0.610383033752
0.603698074818
0.605286300182
0.60822814703
0.59933167696
0.602913081646
0.602277040482
0.601991772652
0.600360691547
0.597401857376
0.598127484322
0.599624693394
0.598948359489
0.598283290863
0.599223315716
0.593824386597
0.593878865242
0.595728933811
0.590582072735
0.592508971691
0.587408840656
0.590062141418
0.586501061916
0.58833104372
0.584765315056
0.583866536617
0.585510969162
0.586811125278
0.584695637226
0.585801482201
0.580645143986
0.580846726894
0.580013394356
0.579512178898
0.582415163517
0.584390163422
0.579246938229
0.57761746645
0.571614205837
0.576155662537
0.577422976494
0.578652739525
0.569234788418
0.567814528942
0.575280189514
0.566366255283
0.569012463093
0.564214289188
0.565850913525
0.564862787724
0.565662145615
0.560799181461
0.564959287643
0.559572935104
0.55961304903
0.563396990299
0.5616787076
0.555574893951
0.556030154228
0.555719316006
0.559981644154
0.548152565956
0.555634379387
0.55576133728
0.549565315247
0.551417887211
0.549553275108
0.551823496819
0.547204017639
0.549752295017
0.545149743557
0.544183135033
0.544545412064
0.546225547791
0.541866600513
0.54098880291
0.537308216095
0.536494553089
0.534336447716
0.533073067665
0.539871454239
0.531292140484
0.542417824268
0.530174851418
0.527017533779
0.534435391426
0.529601812363
0.529429674149
0.528284668922
0.530736923218
0.536260187626
0.52166223526
0.524507582188
0.518563628197
0.523940324783
0.523711800575
0.518049716949
0.516636669636
0.522060334682
0.518241226673
0.51613765955
0.51368534565
0.516786694527
0.508419752121
0.510625839233
0.515231072903
0.501714229584
0.512867450714
0.507365763187
0.510857760906
0.504942834377
0.49889048934
0.502359688282
0.500042378902
0.500593245029
0.50844836235
0.499433040619
0.493027031422
0.499234676361
0.501423954964
0.497990310192
0.500088632107
0.499268084764
0.495616644621
0.487612754107
0.491561621428
0.493341952562
0.492676526308
0.487087905407
0.486710190773
0.490243703127
0.478497952223
0.485277533531
0.488999605179
0.477697223425
0.486061215401
0.480950772762
0.487733274698
0.482085734606
0.484744250774
0.483976304531
0.474553585052
0.473991215229
0.468900829554
0.466046780348
0.467903017998
0.471788495779
0.476958751678
0.471770495176
0.468227773905
0.467626184225
0.470976740122
0.460986018181
0.464769154787
0.461183190346
0.459872514009
0.46122816205
0.466460824013
0.462641060352
0.45667347312
0.457595020533
0.457147777081
0.455012708902
0.455954879522
0.457878112793
0.448637843132
0.451962202787
0.449729561806
0.451953649521
0.444278210402
0.448121488094
0.451381027699
0.443418204784
0.44750970602
0.443707883358
0.44089820981
0.440497308969
0.43798995018
0.438953310251
0.436594963074
0.4293795228
0.438288092613
0.445202797651
0.439829081297
0.434297800064
0.440958917141
0.431802749634
0.434601575136
0.430694788694
0.433232605457
0.421825051308
0.428444772959
0.421044409275
0.418251335621
0.421978026628
0.426722168922
0.424085825682
0.420479536057
0.417137503624
0.423111706972
0.420997589827
0.40782481432
0.418033868074
0.412339270115
0.41662299633
0.409119069576
0.412862867117
0.413295656443
0.412704944611
0.408214300871
0.405258536339
0.403803914785
0.411729842424
0.402794152498
0.41063284874
0.403335988522
0.408502876759
0.40867587924
0.410783976316
0.412787884474
0.39997074008
0.409060359001
0.411121636629
0.407071560621
0.399695634842
0.407218009233
0.402791082859
0.403031349182
0.407524287701
0.401589542627
0.399704575539
0.410009384155
0.41293695569
0.408023953438
0.407416731119
0.405554682016
0.404919147491
0.409899443388
0.398777246475
0.405956506729
0.411139726639
0.40039151907
0.403852373362
0.402711004019
0.406487703323
0.40072375536
0.405335634947
0.405910134315
0.40380948782
0.402975797653
0.397447228432
0.403885096312
0.393552988768
0.402586787939
0.404571890831
0.401420712471
0.403785288334
0.406671673059
0.398933082819
0.398578435183
0.404801040888
0.40123552084
0.40413081646
0.394762337208
0.407187342644
0.403009861708
0.406328737736
0.401064157486
0.404319435358
0.403586685658
0.403035908937
0.403301596642
0.40044093132
0.405371844769
0.405744373798
0.397322356701
0.400577008724
0.406388819218
0.404030710459
0.406447410583
0.397573769093
0.400850832462
0.40168017149
0.399020910263
0.403525829315
0.40303760767
0.398723572493
0.405991524458
0.402816563845
0.396029561758
0.398392021656
0.402791619301
0.392655611038
0.395503789186
0.398661851883
0.399120122194
0.400631606579
0.402432709932
0.396559417248
0.398068189621
0.397605329752
0.39656162262
0.401873856783
0.403899341822
0.400278776884
0.395332038403
0.401202052832
0.394858837128
0.391302347183
0.399692803621
0.402552455664
0.396857947111
0.395453095436
0.39721673727
0.404448658228
0.401539862156
0.395846843719
0.393883913755
0.397052973509
0.395080894232
0.395888179541
0.401222556829
0.403404861689
0.397573709488
0.394092470407
0.392396569252
0.39379259944
0.392588168383
0.39489659667
