0.667624175549
0.662776470184
0.648822367191
0.641850113869
0.634656369686
0.62449836731
0.627766251564
0.619738221169
0.608551084995
0.618217051029
0.574223160744
0.59377682209
0.578587591648
0.554078698158
0.562924861908
0.551938295364
0.531399726868
0.530413806438
0.519475400448
0.508920490742
0.501354813576
0.500199615955
0.503494203091
0.493956655264
0.486154645681
0.475358277559
0.444579273462
0.439582854509
0.453000426292
0.422817200422
0.407190948725
0.427245378494
0.40287271142
0.37272939086
0.353005796671
0.366265803576
0.400220990181
0.387010157108
0.357812672853
0.335386186838
0.345513045788
0.35524520278
0.367455273867
0.3014716506
0.334944218397
0.249134689569
0.322903901339
0.301863640547
0.313516497612
0.301533609629
0.277014195919
0.274480313063
0.260164737701
0.291364252567
0.256133377552
0.245172709227
0.226468980312
0.265328973532
0.214423909783
0.234233990312
0.219716072083
0.184287562966
0.208517327905
0.192162558436
0.179677113891
0.180385619402
0.183483362198
0.169393450022
0.122117437422
0.158750429749
0.159486979246
0.184304326773
0.111403904855
0.151175200939
0.186458289623
0.129788771272
0.119675472379
0.147011235356
0.12919588387
0.0957304686308
0.194691672921
0.130981996655
0.110660091043
0.111513927579
0.129388973117
0.105853296816
0.0843177586794
0.0989813953638
0.149045690894
0.0932895764709
0.095156647265
0.144246071577
0.112177193165
0.0788091123104
0.0858655422926
0.129353791475
0.0988553762436
0.104477129877
0.131483331323
0.0831265673041
0.0643021985888
0.118127599359
0.059357650578
0.0874010100961
0.0769910216331
0.0707466080785
0.0724388659
0.0895946472883
0.0720557793975
0.108602494001
0.056192047894
0.0533050261438
0.0575857162476
0.0911478847265
0.0758706256747
0.0543299801648
0.081354431808
0.0873404741287
0.0719873458147
0.0627362877131
0.0865282565355
0.0355782844126
0.0991762876511
0.0671260356903
0.0322431065142
0.0692242830992
0.0423534587026
0.0788158774376
0.0777143612504
0.062749505043
0.0370736122131
0.0687909796834
0.045242883265
0.0765727683902
0.0560706444085
0.0500458106399
0.0574379377067
0.0287633445114
0.0432965867221
0.0519509911537
0.0776794105768
0.0985482409596
0.0426633879542
0.0313003025949
0.0454097874463
0.0452559962869
0.0444019474089
0.0431560017169
0.0454486273229
0.0359417237341
0.0526364780962
0.0359768569469
0.0405125543475
0.0385435931385
0.0331844612956
0.0647787004709
0.0410987697542
0.0494939647615
0.047324616462
0.0469018667936
0.0534876137972
0.052188411355
0.0473712906241
0.060458727181
0.0516785867512
0.0200388133526
0.0169099420309
0.0751898661256
0.0531188026071
0.0673276409507
0.029092470184
0.0149113666266
0.0464734137058
0.0526611544192
0.0340741574764
0.0263720434159
0.058997195214
0.0563632026315
0.0315471477807
0.0314312800765
0.04110744223
0.0359526388347
0.0655178949237
0.0737442225218
0.0536504462361
0.0396410636604
0.00990048702806
0.0236316006631
0.0348777361214
0.0477876700461
0.0477748923004
0.0340268500149
0.0339779034257
0.0261101517826
0.0299972519279
0.0574726164341
0.0175298396498
0.0548809431493
0.0342721417546
0.047358430922
0.0233160629869
0.0323730371892
0.0264475140721
0.0359301492572
0.0278688240796
0.0336450114846
0.0293365903199
0.0395387969911
0.0259682163596
0.0467477440834
0.051887396723
0.0457482002676
0.0129909031093
0.0183382797986
0.0186763312668
0.034444924444
0.00771837634966
0.0256582312286
0.0954842939973
0.0196369700134
0.0443148761988
0.0132970446721
0.0658418759704
0.0242416411638
0.0183747783303
0.0229904353619
0.0126004423946
0.0101366294548
0.0191806238145
0.0290878973901
0.0245105233043
0.0537837147713
0.076710768044
0.0230171643198
0.0157310385257
0.00987839326262
0.0289906077087
0.026269396767
0.0196817424148
0.0647094100714
0.0417951717973
0.0334303751588
0.016138356179
0.0219923853874
0.0186522062868
0.0251241866499
0.0111902104691
0.0257455483079
0.0321033485234
0.0401457771659
0.042991541326
0.020734693855
0.0306659620255
0.0391160547733
0.0172457452863
0.0218929313123
0.0123409815133
0.00952744204551
0.016392737627
0.0330992937088
0.0258040558547
0.00599963311106
0.0330292060971
0.0258844774216
0.00551923830062
0.0377850718796
0.0440659746528
0.0644602552056
0.0494967028499
0.0451724231243
0.0249399729073
0.045351844281
0.02012565732
0.0369248837233
0.025068724528
0.00942616257817
0.00748268328607
0.0295510850847
0.0162823498249
0.0121558513492
0.0244894009084
0.0275069978088
0.0297768227756
0.0202348157763
0.0454865247011
0.0119700338691
0.0753426775336
0.0352540686727
0.0135917756706
0.0148680880666
0.0186883490533
0.00824380200356
0.0318636670709
0.0431970879436
0.0327735282481
0.00776203675196
0.0268213264644
0.00896200444549
0.00350437895395
0.0178300365806
0.0261374544352
0.0135659696534
0.00636559119448
0.0676993876696
0.0318585671484
0.0365884676576
0.0169197972864
0.0279645733535
0.0375796444714
0.023350501433
0.021912433207
0.0540151819587
0.027673125267
0.0215565804392
0.0592670217156
0.00949113257229
0.0171462502331
0.0119238831103
0.0223211515695
0.0307160206139
0.0323530957103
0.0294826924801
0.0588688142598
0.0383766703308
0.0428970679641
0.00871550105512
0.0593972504139
0.0292714182287
0.0113930599764
0.028972486034
0.0845013037324
0.0455831512809
0.0135835101828
0.0132261812687
0.0139637608081
0.00462505267933
0.0258481614292
0.00882008671761
0.0283410288393
0.0150548759848
0.0616001971066
0.0163724794984
0.0193851627409
0.00979753118008
0.0113806147128
0.0202043931931
0.0581864565611
0.0292141735554
0.0228696893901
0.0251464862376
0.0625312700868
0.00747883645818
0.0360763557255
0.0443697236478
0.0170889087021
0.00884841289371
0.0200047940016
0.0281805694103
0.0204534400254
0.0223488770425
0.0101299891248
0.0191631224006
0.00749766174704
0.0149235017598
0.0253880340606
0.0264075975865
0.0170304141939
0.0125946933404
0.0118815945461
0.0129768857732
0.00946908444166
0.0288279354572
0.00974995363504
0.00927932932973
0.0160001311451
0.0264519955963
0.0579921752214
0.0099426265806
0.0193088538945
0.0230969898403
0.0100097889081
0.0109668904915
0.0365091636777
0.0151148159057
0.00648972019553
0.0185716729611
0.0253308992833
0.00291096535511
0.0103037133813
0.00389269180596
0.0173943452537
0.00641720881686
0.0405932664871
0.0104026366025
0.0435749292374
0.00477790925652
0.0174578558654
0.0314687080681
0.00927309598774
0.0285817254335
0.0223957337439
0.0308103524148
0.0270606689155
0.0081666726619
0.01110125985
0.0212200116366
0.0395816117525
0.0390311256051
0.033003192395
0.0227894578129
0.0206675156951
0.0063860360533
0.0310225468129
0.0049248165451
0.0121879139915
0.00906878616661
0.0441074222326
0.0100438445807
0.00667380401865
0.0193000249565
0.0168354175985
0.0178697519004
0.0282678771764
0.00682681752369
0.0218907278031
0.0249010752887
0.00442198477685
0.0221527479589
0.0125704435632
0.0404915288091
0.0641029626131
0.0319376923144
0.0173352919519
0.0201215203851
0.0200762264431
0.0367839448154
0.0352531783283
0.00950941815972
0.0252748448402
0.00511841941625
0.0278144087642
0.0257841590792
0.025120569393
0.0202810186893
0.0340532250702
0.0252063199878
0.00665643857792
0.0086726192385
0.00280147441663
0.0132149681449
0.0213069692254
0.0105991084129
0.0270167309791
0.0209615472704
0.0305445026606
0.00848999246955
0.020135935396
0.0104562332854
0.0139974746853
0.0131093468517
0.0263050552458
0.0389575995505
0.00920452270657
0.00692728767172
0.0260739717633
0.00565413897857
0.009864654392
0.0121149495244
0.00645285565406
0.0180063936859
0.0131821576506
0.0100064240396
0.00974902883172
0.00387598481029
0.0256734285504
0.0170442312956
0.0226246062666
0.0136422459036
0.00948025006801
0.0175076816231
0.0280332826078
0.0100894356146
0.00979780964553
0.0260977074504
0.0261964146048
0.0128221465275
0.0190017148852
0.00441258773208
0.0511239394546
0.0113030448556
0.0063669658266
0.0141490288079
0.0288256108761
0.0329914018512
0.0154991187155
0.00892052054405
0.00466666556895
0.0550242438912
0.0307057853788
0.0128074157983
0.0220376122743
0.0221370887011
0.0164796635509
0.00632461905479
0.0400416068733
0.041898727417
0.0100111104548
0.0217156857252
0.0305521227419
0.0166172794998
0.00437818281353
0.0402415730059
0.00980988517404
0.0311940964311
0.0617444105446
0.00888928491622
0.0180599801242
0.00741270417348
0.00532092247158
0.00417413376272
0.0184835474938
0.00591894891113
0.0122203305364
0.0156707558781
0.0346234180033
0.00958627462387
0.0262005906552
0.0105861928314
0.034322347492
0.0594713427126
0.0194535143673
0.00205735024065
0.0127000873908
0.0136768389493
0.00930784642696
0.0137760108337
0.0224960669875
0.0147340623662
0.00291755865328
0.0592539906502
0.00564029393718
0.0205122642219
0.00791608076543
0.0441796481609
0.00558052165434
0.00495561677963
0.0154425194487
0.0142458509654
0.0538186132908
0.00435039307922
0.00794133171439
0.00971506722271
0.00377161288634
0.0293865464628
0.0173866730183
0.0386976860464
0.00535257672891
0.0140576353297
0.00575015135109
0.0223058182746
0.0149524863809
0.0350223556161
0.0495669431984
0.00462050549686
0.0346558019519
0.0361895635724
0.00638859486207
0.0360778868198
0.0183013230562
0.0256983097643
0.00427244883031
0.0241276323795
0.0139536112547
0.0117125036195
0.00819819699973
0.029441729188
0.0101645560935
0.0128246629611
0.0186923611909
0.00690914550796
0.00559063302353
0.0211602076888
0.0249699950218
0.00938013847917
0.0193883962929
0.00652485340834
0.0022033280693
0.0139895360917
0.00792138557881
0.00368639384396
0.0196623820812
0.0126601662487
0.00692506087944
0.00766478246078
0.0125428466126
0.00835736840963
0.0130975544453
0.0137154301628
0.00420782109722
0.0170346274972
0.0526710823178
0.0267874710262
0.0381264463067
0.00817021168768
0.00962531659752
0.0132687687874
0.0292996857315
0.0191927421838
0.0159584023058
0.00847074296325
0.00941602420062
0.02157012932
0.0262364298105
0.025700032711
0.0157124679536
0.0098096197471
0.0378170609474
0.0125306593254
0.00249603460543
0.0236760675907
0.0155257787555
0.00724752107635
0.0180579200387
0.00510628614575
0.0225350037217
0.0465762168169
0.0127936704084
0.0257458668202
0.00788797065616
0.00495154457167
0.0058517055586
0.0193728823215
0.0511606559157
0.0122891440988
0.0121558867395
0.0439245700836
0.0245995055884
0.00553117366508
0.0028159909416
0.00483957026154
0.0383729487658
0.0449522547424
0.0493703559041
0.00386436469853
0.0084242625162
0.0194160919636
0.0273701176047
0.0414467267692
0.0127679733559
0.00258188950829
0.0271449070424
0.0320086702704
0.00288043450564
0.00900055468082
0.0161369759589
0.0100372545421
0.035849288106
0.0114718452096
0.00680420035496
0.0113673079759
0.0137486420572
0.035238660872
0.0317060910165
0.00674404157326
0.00809180550277
0.00256336876191
0.00424246303737
0.00339796487242
0.0337763056159
0.0143232969567
0.0146876256913
0.0283523816615
0.0040747304447
0.0252733211964
0.02199995704
0.00267442199402
0.0108534684405
0.0150506300852
0.0140034174547
0.00612624688074
0.0183268878609
0.00805141683668
0.0278938021511
0.00469060242176
0.0153115307912
0.0400012396276
0.00586417363957
0.063551671803
0.0594523772597
0.0206694882363
0.00737860240042
0.00480472715572
0.0312337875366
0.0436106622219
0.0159190762788
0.00378915504552
0.0204968377948
0.0203529056162
0.0269788634032
0.00730068143457
0.0131798954681
0.00415218202397
0.0226806737483
0.00165721517988
0.0381313078105
0.0348840281367
0.00470587983727
0.0108195906505
0.012566071935
0.0275674182922
0.00576266599819
0.0265916828066
0.0367991439998
0.00597893260419
0.00228943512775
0.0192750878632
0.00392162892967
0.0823915153742
0.00360270938836
0.00290807313286
0.018552698195
0.00669843936339
0.00171750027221
0.00696592079476
0.0259330328554
0.00267727929167
0.00199723150581
0.00282624224201
0.00530488742515
0.00368295353837
0.0073081208393
0.00165978295263
0.0444269031286
0.00688561983407
0.00419002072886
0.0310307461768
0.00877778045833
0.0106993988156
0.0100112557411
0.00322093465365
0.0104752061889
0.0352786555886
0.00365626206622
0.0348261334002
0.00699542090297
0.0455183163285
0.0266774855554
0.0551731958985
0.00868201628327
0.0143314544111
0.0119948256761
0.00265913247131
0.0143598727882
0.0510600097477
0.0475683994591
0.0142300147563
0.00569964386523
0.0160273108631
0.0204108059406
0.00503762764856
0.0151909198612
0.00677333865315
0.0145269734785
0.020065587014
0.0292191393673
0.0180246345699
0.0236635431647
0.0067301238887
0.0392703600228
0.00841369666159
0.00109656632412
0.00794590543956
0.0026870786678
0.00362955476157
0.0730709135532
0.0123187527061
0.00484354188666
0.00424558855593
0.0248511619866
0.0062070437707
0.00614202581346
0.0256223715842
0.012633645907
0.0388679169118
0.00274463603273
0.0176409035921
0.0202926620841
0.0173132102937
0.0190062057227
0.00612145103514
0.011737014167
0.0170150734484
0.0095192398876
0.00789568386972
0.00409014848992
0.00300230132416
0.00447666412219
0.00477897794917
0.00413394114003
0.00415644887835
0.00599355064332
0.00688471039757
0.00485429307446
0.00238846149296
0.0055644614622
0.00507252151147
0.00258924346417
0.000811500940472
0.00781869515777
0.024865237996
0.00648033851758
0.0162121839821
0.00339065305889
0.00885793287307
0.00494376383722
0.0020444157999
0.00495345238596
0.017396768555
0.00310509069823
0.0609211437404
0.00402655964717
0.00224028970115
0.00226272898726
0.0046799890697
0.00530824065208
0.0235713142902
0.000804960320238
0.00547820236534
0.0238645840436
0.00359272980131
0.0121254017577
0.00362350349315
0.0352095402777
0.0106211444363
0.010501650162
0.0149812083691
0.00997726432979
0.0163946598768
0.00299387448467
0.0171323679388
0.0121955880895
0.0152825387195
0.00668241176754
0.0626339316368
0.00435550697148
0.0124219944701
0.0111762546003
0.0174415577203
0.0013416701695
0.0134737407789
0.00912590883672
0.00227249693125
0.00123967358377
0.00836175400764
0.0101468805224
0.00303555675782
0.0113505534828
0.0482625328004
0.00266751600429
0.0254947282374
0.0128731597215
0.0181360170245
0.0185210742056
0.00590854976326
0.0117982933298
0.00715255085379
0.0035241455771
0.00973168201745
0.009008619003
0.0255559962243
0.0103881582618
0.0208725519478
0.00343318586238
0.00411039870232
0.00236098770984
0.0146778328344
0.00852949265391
0.000536635809112
0.000790223071817
0.0156308207661
0.0218240972608
0.00206179847009
0.00509879458696
0.0125289531425
0.0113394036889
0.0267090927809
0.0102751264349
0.0278168860823
0.00535260234028
0.0116180237383
0.0161415748298
0.0179236344993
0.002570646815
0.013555184938
0.034226115793
0.0025861391332
0.0259397104383
0.0124403759837
0.0234360974282
0.00498101534322
0.00433138245717
0.00183431373443
0.0199704561383
0.021804291755
0.0110395364463
0.00390062248334
0.0106341997162
0.00668681133538
0.0102825341746
0.012081454508
0.0122234737501
0.0444436594844
0.00511047663167
0.00223211664706
0.00155409134459
0.0401026941836
0.0156411025673
0.00786025077105
0.0126442750916
0.0049798861146
0.00668589444831
0.00678103882819
0.00493855960667
0.0212169066072
0.0057461373508
0.0250080302358
0.0227979980409
0.00207833130844
0.0112745603547
0.0107524925843
0.000985393999144
0.00145814742427
0.0208820477128
0.00834429077804
0.00467866053805
0.0295310672373
0.00681279646233
0.00166259042453
0.00385516020469
0.00495613273233
0.00586488423869
0.011170597747
0.0150275686756
0.0294962022454
0.00278746592812
0.0135891670361
0.0192962698638
0.00518459361047
0.00808460917324
0.0160507597029
0.0219828821719
0.0016885518562
0.00811582338065
0.0197033975273
0.0109792677686
0.00580855458975
0.00189949909691
0.00954477395862
0.010030630976
0.005448771175
0.00331294210628
0.0098118968308
0.00653301971033
0.0141176180914
0.00654603308067
0.0129884304479
0.0119252018631
0.00353222922422
0.0435626320541
0.00583904003724
0.043997656554
0.00566822616383
0.00619512284175
0.0126902172342
0.0110615566373
0.0300841219723
0.0159073062241
0.00227973121218
0.00506445718929
0.00783601775765
0.0231965743005
0.0227603819221
0.00142899970524
0.0409621931612
0.0382666885853
0.010621403344
0.0272885989398
0.000599349092226
0.0311929881573
0.0171043556184
0.00866664201021
0.0024516521953
0.0358295403421
0.018812417984
0.0124915065244
0.00420871423557
0.0211545974016
0.00512568326667
0.0173028558493
0.00756113417447
