0.693132042885
0.692753434181
0.692340910435
0.691839993
0.691419899464
0.690968632698
0.690500378609
0.689980924129
0.689400553703
0.688702225685
0.687835097313
0.68663752079
0.685520768166
0.684070289135
0.682104051113
0.679773569107
0.676616847515
0.672299206257
0.668389201164
0.663703739643
0.654504835606
0.647052288055
0.637516081333
0.625469446182
0.612605988979
0.596114397049
0.574943602085
0.563491523266
0.546045541763
0.520590722561
0.498076736927
0.475632816553
0.454017072916
0.438884019852
0.421458482742
0.415775865316
0.398638516665
0.394820064306
0.3699477911
0.360079497099
0.367110729218
0.353033870459
0.331438064575
0.339836478233
0.339408844709
0.31386128068
0.321748197079
0.286420434713
0.287825703621
0.284332990646
0.282465279102
0.259714066982
0.265937536955
0.251614868641
0.243563726544
0.247552186251
0.227951899171
0.207809343934
0.228531807661
0.203100383282
0.167905166745
0.183886110783
0.154622286558
0.204368963838
0.179782167077
0.174355655909
0.18247808516
0.174377679825
0.117045678198
0.124698936939
0.121512591839
0.125608339906
0.0998859032989
0.133768111467
0.104850776494
0.104412905872
0.0771795585752
0.0872778892517
0.101564973593
0.107178941369
0.094538629055
0.0862936004996
0.11059641093
0.11017242074
0.143189549446
0.107609458268
0.148564040661
0.1440744102
0.091688528657
0.12761773169
0.145183667541
0.110078856349
0.0818269476295
0.0778127908707
0.0942654684186
0.0997382625937
0.0997422784567
0.0861732661724
0.0894127637148
0.0683272406459
0.11843136698
0.0863265246153
0.0696606785059
0.0665422007442
0.0823035463691
0.0694805681705
0.0999774262309
0.0966889485717
0.0711160600185
0.102906182408
0.0809039920568
0.0687792599201
0.0764951631427
0.0687223374844
0.0632873177528
0.0925174504519
0.120013736188
0.073691688478
0.097491428256
0.0876612588763
0.0646194070578
0.0762017890811
0.0929301530123
0.0796178504825
0.0570067539811
0.0615287236869
0.0676043182611
0.0985793620348
0.0578914098442
0.0738264322281
0.110735170543
0.0876687765121
0.0849822983146
0.0932153016329
0.0942211523652
0.0730599686503
0.076465472579
0.0825850069523
0.0623711757362
0.12071479857
0.0572589971125
0.0541407875717
0.0862476602197
0.0785927847028
0.083138845861
0.0629440322518
0.0772012546659
0.0541579462588
0.0923413038254
0.0638708099723
0.0799194052815
0.0707649365067
0.0787269622087
0.125191405416
0.0683107450604
0.087678052485
0.102508991957
0.050879381597
0.0815628692508
0.0575461313128
0.0919973105192
0.0668084174395
0.0848220065236
0.0586564056575
0.0681085288525
0.10482018441
0.0774114429951
0.0663908421993
0.0587601438165
0.0864828377962
0.0625665932894
0.0464648604393
0.0520283728838
0.0647076666355
0.0527939014137
0.0608386620879
0.07360714674
0.0384490787983
0.041895095259
0.0465191453695
0.0501188188791
0.0885869637132
0.0481101348996
0.0525893978775
0.0864877998829
0.0373674035072
0.0656703040004
0.0450771376491
0.0402960442007
0.0517207868397
0.0729427412152
0.0338798575103
0.0328735485673
0.0667016804218
0.0350119806826
0.0685829669237
0.0361256971955
0.0856122076511
0.053576182574
0.0525660738349
0.109441377223
0.0311774834991
0.0364443510771
0.0724607482553
0.0347967110574
0.0332619287074
0.0531306155026
0.0611293837428
0.0545866861939
0.0735557973385
0.06275536865
0.0376097261906
0.0340672284365
0.0371045432985
0.0342885442078
0.0312416236848
0.041674669832
0.0312281809747
0.0312011130154
0.0364890955389
0.050754353404
0.0336991250515
0.109606608748
0.040063880384
0.0357757247984
0.0335281901062
0.0623694062233
0.0317661240697
0.0541291721165
0.0543028712273
0.0296137481928
0.048592723906
0.0367109663785
0.0601689964533
0.0362159721553
0.0331792384386
0.048545755446
0.050972763449
0.056980624795
0.0387606136501
0.0544170513749
0.0306189116091
0.0615339279175
0.0303193610162
0.0669578760862
0.0442642308772
0.0300313066691
0.035488948226
0.0285805594176
0.048748627305
0.03162464872
0.0437917113304
0.0506970062852
0.0414452962577
0.0342825986445
0.0358243882656
0.0721460953355
0.059733659029
0.0513826645911
0.0777672827244
0.0635926052928
0.051344178617
0.039390604943
0.0379260890186
0.0386138409376
0.0564642474055
0.0302133522928
0.0335996709764
0.0349191613495
0.0356036387384
0.0547778494656
0.0303699187934
0.0288044400513
0.0324418470263
0.0634302273393
0.0415171869099
0.028820047155
0.0288939736784
0.0294191148132
0.0504059642553
0.0322329066694
0.0520905144513
0.0371663719416
0.0500036925077
0.0321237966418
0.0307331122458
0.0471759475768
0.0289773009717
0.0441748090088
0.0540401041508
0.0372179485857
0.0704095736146
0.0294896736741
0.0373770818114
0.0363903269172
0.0900074914098
0.04492585361
0.0288089942187
0.0518064722419
0.0429898500443
0.0284655764699
0.0319728814065
0.0804478898644
0.0316552184522
0.0511422939599
0.0652409419417
0.0633094236255
0.0584526397288
0.041360296309
0.0481700673699
0.0317859016359
0.0535493865609
0.029170634225
0.0459835901856
0.0309518370777
0.0287384055555
0.0470161437988
0.041009105742
0.0294194966555
0.0296212024987
0.0325859077275
0.0334557034075
0.0635107755661
0.0369927324355
0.0376819223166
0.0681454241276
0.0507490895689
0.0336140878499
0.0358068682253
0.0325297787786
0.0687931776047
0.0518239922822
0.0284456647933
0.0959650054574
0.0527947209775
0.0357496142387
0.0365015715361
0.0346197262406
0.0297405701131
0.0449625067413
0.056266579777
0.0445751510561
0.0319743938744
0.0295967757702
0.0372077077627
0.0718702077866
0.0438019484282
0.0430743582547
0.0376417785883
0.0396340303123
0.0301552359015
0.040462449193
0.0408160462976
0.0323861092329
0.0314482115209
0.0285616572946
0.0362549982965
0.0312758125365
0.0470183901489
0.0504028052092
0.04314718768
0.036018781364
0.0443795546889
0.0553250350058
0.0333648137748
0.0395660214126
0.0312442183495
0.0493783913553
0.0774542763829
0.0472840517759
0.0328303351998
0.0538815483451
0.0526358708739
0.0287310928106
0.0304352715611
0.0302634630352
0.029543781653
0.028636738658
0.0671918690205
0.030869923532
0.0498624518514
0.0312689729035
0.0381040796638
0.0338269807398
0.0289498530328
0.0333365052938
0.0295060649514
0.0289912484586
0.0296173412353
0.0623331293464
0.0282753035426
0.0321056842804
0.0293394997716
0.0286047682166
0.0328191295266
0.0340638644993
0.0516228154302
0.0296153984964
0.0507741272449
0.0291662383825
0.0523940138519
0.0292039401829
0.0377100855112
0.0303670223802
0.0751245096326
0.0282140094787
0.0280190482736
0.0283218771219
0.0299603901803
0.0646931678057
0.0282219164073
0.0301755834371
0.0621401332319
0.0550100505352
0.0280372090638
0.0350000485778
0.0483710728586
0.0284240785986
0.0378236211836
0.0284200776368
0.0297238528728
0.028494047001
0.0320302732289
0.0316965952516
0.0382363051176
0.0493977814913
0.0314996354282
0.0544104240835
0.0306131131947
0.0286442358047
0.0296012405306
0.0360482111573
0.028531992808
0.0617320090532
0.0312227103859
0.0337557420135
0.0289850458503
0.0283732898533
0.0287885852158
0.0440875403583
0.0404294542968
0.0284718442708
0.0335777997971
0.0288397874683
0.0431444011629
0.036623083055
0.0492853634059
0.0282596796751
0.0321454852819
0.0478540733457
0.0514764040709
0.0278535727412
0.0337595157325
0.0277916230261
0.0525027029216
0.0393596515059
0.02801422216
0.0339458547533
0.0486499071121
0.0312310270965
0.0286273099482
0.0367862433195
0.0280263721943
0.0285625923425
0.0390782766044
0.0308171529323
0.0316120125353
0.035485047847
0.0296931061894
0.0367074757814
0.0496134087443
0.0282731540501
0.0282030981034
0.0284217260778
0.0512802787125
0.0521657243371
0.057307023555
0.0364334620535
0.0436113774776
0.027676327154
0.0314316488802
0.0504391603172
0.0403185524046
0.0277226697654
0.0285749472678
0.034695174545
0.0278791505843
0.0301806945354
0.0305531471968
0.0502678491175
0.0284450072795
0.0283742342144
0.0503768846393
0.0283581819385
0.0514683276415
0.0277521219105
0.0499638170004
0.0848045498133
0.0280236322433
0.055591121316
0.0395704321563
0.0328474864364
0.0430339425802
0.0378875210881
0.0286841094494
0.0283134803176
0.047367207706
0.0451841801405
0.0271899458021
0.0986106991768
0.049508754164
0.0503341853619
0.0500913374126
0.0489157140255
0.0565597824752
0.0397481918335
0.0317069813609
0.0299867466092
0.0475284904242
0.0279707405716
0.0269384775311
0.0510863438249
0.071655832231
0.0266069825739
0.0498825721443
0.0270306188613
0.0264291539788
0.0267076715827
0.0377547182143
0.0263863820583
0.02639644593
0.0327808782458
0.0265848767012
0.0269983243197
0.0298528950661
0.0697767287493
0.0266298484057
0.0412292145193
0.0268357209861
0.0272829271853
0.0571761392057
0.0250883959234
0.0669363737106
0.050225365907
0.0259490963072
0.0625832229853
0.0275342985988
0.0418293178082
0.0497562140226
0.0275294799358
0.028926897794
0.047050178051
0.02445884794
0.0244790129364
0.0491529591382
0.0246586520225
0.0326748713851
0.0272207278758
0.0243333149701
0.028796095401
0.0245828498155
0.0240218322724
0.0386423245072
0.0235156975687
0.0506117530167
0.0285332147032
0.0287784710526
0.0584769845009
0.0218547433615
0.0515380688012
0.0276959836483
0.0217058584094
0.0283091366291
0.0260339286178
0.0181071590632
0.0219598840922
0.0586424060166
0.0315192565322
0.0169694628567
0.0289841350168
0.0156725905836
0.0197343472391
0.0218693297356
0.041739244014
0.0517645999789
0.0457138754427
0.0152876675129
0.0262712314725
0.0113321747631
0.0474490746856
0.0355290398002
0.00775542436168
0.00943864975125
0.0135826449841
0.0276484135538
0.0972823426127
0.0157198980451
0.0251542050391
0.0438920594752
0.0126122590154
0.0133229875937
0.0082889078185
0.00811046268791
0.0384077914059
0.0144155779853
0.069420710206
0.0261108670384
0.0309959612787
0.0115165421739
0.0348827689886
0.0389273278415
0.00638770125806
0.0799961090088
0.00380060821772
0.0078412797302
0.0508502088487
0.0032309431117
0.0449785515666
0.00640642968938
0.00569031434134
0.0274692233652
0.0196084976196
0.00455839652568
0.0141302291304
0.0120810251683
0.00483954511583
0.00902616884559
0.00427900953218
0.00922374334186
0.0831727012992
0.00905748829246
0.00627257535234
0.00883043184876
0.00344995781779
0.00166734529193
0.00246188696474
0.00996556412429
0.00176796712913
0.0131261898205
0.00199111155234
0.0112424362451
0.0184212327003
0.00802000053227
0.00123915448785
0.0126679707319
0.00434360606596
0.00649611325935
0.0287998821586
0.0389844663441
0.0159479808062
0.0142654730007
0.00131195981521
0.000915635668207
0.0117677180097
0.00175879325252
0.0203889030963
0.0226516555995
0.032316878438
0.0304279588163
0.00280131446198
0.0111346486956
0.00160904834047
0.0563221238554
0.00209410651587
0.0257985629141
0.00197891821153
0.00245809042826
0.0131963668391
0.00830916408449
0.00176891498268
0.0099672107026
0.00774331716821
0.00276037305593
0.0151090230793
0.0261947941035
0.0374340973794
0.00969589315355
0.0102105857804
0.00870831124485
0.00905632972717
0.00343373115174
0.0192518737167
0.0254425816238
0.0155781116337
0.0192559529096
0.00515400245786
0.0095700006932
0.00349954562262
0.00642951857299
0.000948936678469
0.00334722851403
0.00414912868291
0.0130396317691
0.0241283718497
0.00264426413924
0.000634652154986
0.0141479913145
0.00724246073514
0.00371631840244
0.00474123237655
0.00406453525648
0.00122994044796
0.0446754172444
0.0443904548883
0.0393653064966
0.000739480019547
0.00173242925666
0.0189582258463
0.0499723665416
0.0452226512134
0.000739052658901
0.0123017923906
0.0270180925727
0.029589606449
0.00668532913551
0.0182204600424
0.00133187754545
0.0562547110021
0.0680730640888
0.0112193627283
0.00418364303187
0.00290348823182
0.0178479701281
0.024774601683
0.00486350804567
0.0350201204419
0.036783028394
0.00946599803865
0.00320215988904
0.00530412374064
0.0295788105577
0.012607130222
0.00478613888845
0.0403562933207
0.0226513389498
0.00571055803448
0.00868561398238
0.0367810800672
0.0134441200644
0.00864254496992
0.0161023084074
0.00198587425984
0.00183708930854
0.0108457561582
0.00177326565608
0.0168304089457
0.00770592177287
0.00291486131027
0.0379611775279
0.0181555785239
0.030175505206
0.00144212169107
0.00838493555784
0.00645586242899
0.0111722862348
0.00182681693695
0.00143781246152
0.003719270695
0.00425864756107
0.00341428769752
0.00121666979976
0.0144377164543
0.000689506181516
0.0169883389026
0.00655270880088
0.000507849035785
0.0013146729907
0.0380353741348
0.00114559731446
0.000758268579375
0.00171808095183
0.000954314717092
0.00618844013661
0.00189640477765
0.0131827648729
0.00976637285203
0.00254104053602
0.00102915416937
0.000980149838142
0.0117823379114
0.00360407913104
0.00808585435152
0.0336776077747
0.0137253776193
0.00186462828424
0.00413167104125
0.0029630609788
0.000833780737594
0.0307127796113
0.00243102712557
0.000786394870374
0.0046394597739
0.0314402617514
0.0034831201192
0.00373204587959
0.0100388992578
0.00104506709613
0.00272160791792
0.014395294711
0.011012214236
0.0114422496408
0.0116405719891
0.00046766109881
0.000298511382425
0.00175962084904
0.00489664962515
0.00873657222837
0.00458701886237
0.00309073319659
0.0165464356542
0.00541118253022
0.00358209153637
0.0101651614532
0.00843440834433
0.00317373662256
0.0248831193894
0.00304035958834
0.0165626183152
0.0356999970973
0.000551569799427
0.0442045927048
0.00110710365698
0.000600444152951
0.00144453148823
0.000794903899077
0.0152681702748
0.0004947000416
0.00411129137501
0.000457144371467
0.000956600531936
0.00256016547792
0.00238565821201
0.000618128397036
0.0031216063071
0.00198631547391
0.00073943589814
0.000816579908133
0.00714244553819
0.000858424522448
0.0047304155305
0.001270629582
0.0115076517686
0.0145481526852
0.00223377463408
0.0019282088615
0.00056193547789
0.0438874363899
0.00401028897613
0.0367979817092
0.00661515910178
0.0327413827181
0.00038405059604
0.000723166798707
0.00659387465566
0.000501872389577
0.000662695907522
0.0112940967083
0.0324420668185
0.00131162896287
0.00478832656518
0.00970001611859
0.0147403748706
0.0240263454616
0.00240390002728
0.00156503601465
0.000624294450972
0.00326537480578
0.00577341299504
0.00104404822923
0.00136535894126
0.00119118543807
0.000765982607845
0.000460566021502
0.0010502996156
0.00272632716224
0.00150193925947
0.010108012706
0.001076731598
0.000441435258836
0.0036749523133
0.000821566500235
0.028987755999
0.0218412484974
0.000395736249629
0.00207943585701
0.0199364479631
0.0181049667299
0.00455191824585
0.00240715080872
0.0022949995473
0.000430267420597
0.00838799681515
0.00867911055684
0.00134956056718
0.00113832112402
0.00591854657978
0.0153851741925
0.00492668664083
0.0019739670679
0.00269294995815
0.0134102636948
0.00415202137083
0.011105587706
0.0020283178892
0.0342459082603
0.00182383065112
0.00406080530956
0.00402576196939
0.000237134401686
0.0308691319078
0.0009419915732
0.0526546761394
0.0288481116295
0.0062234448269
0.0198066458106
0.023468375206
0.00936143938452
0.0203212685883
0.00267778267153
0.0168729051948
0.00183728104457
0.00282661104575
0.00148200883996
0.0217665433884
0.00494657689705
0.000963031838182
0.00125359650701
0.00810015760362
0.0170831326395
0.00525968428701
0.00588179379702
0.00397910643369
0.00149080622941
0.00281519070268
0.00110648758709
0.00062866153894
0.000501871982124
0.00125082780141
0.00464311102405
0.000433974171756
0.000941328064073
0.00166239973623
0.00153089873493
0.000860969128553
0.000744715274777
0.000635480857454
0.001856519375
0.0114678945392
0.000288008071948
0.0435089208186
0.000377439660951
0.00135080004111
0.000288261653623
0.000178732982022
0.0174509808421
0.00237435894087
0.00026705180062
0.0168106891215
0.0155407721177
0.000816877291072
0.00408472539857
0.0132326791063
0.00053516990738
0.00078937021317
0.0145719088614
0.0366265624762
0.0392754822969
0.00044499951764
0.000821912661195
0.00549316452816
0.0292864535004
0.0173143036664
0.00603119004518
0.00656299013644
0.00484069716185
0.00228624977171
0.00210238806903
0.00915810279548
0.00699725188315
0.00539571465924
0.000414187583374
0.000515080057085
0.000440284493379
0.00178855913691
0.000975315750111
0.00553511548787
0.0319859050214
0.00819538533688
0.0157811567187
0.00588982738554
0.00675058551133
0.0030740397051
0.00385119300336
0.023895310238
0.00583684956655
0.00223777117208
0.0167080499232
0.000193694766494
0.000195223532501
0.000822175643407
0.000232342761592
0.00197396473959
0.000439484487288
0.0117753800005
0.0310180522501
0.000775847118348
0.0173136610538
0.0287718363106
0.0029713709373
0.112116582692
0.0188244022429
0.0171163864434
0.00143015210051
0.0236668996513
0.0201252885163
0.0538915917277
0.0298585873097
0.0196321140975
0.0155295711011
0.0071017020382
0.0293566845357
0.0144313974306
0.0373269505799
0.0274937395006
0.00171984045301
0.00226544914767
0.00406528683379
0.00395631743595
0.0100825289264
0.00395442312583
0.0159930679947
0.015034054406
0.0327653437853
0.0211891550571
0.0217010546476
0.00331952865236
0.0107501018792
0.00484554423019
0.00451299594715
0.00194432109129
0.0043560587801
0.00389017863199
0.0117768645287
0.0313004776835
0.0177990980446
0.000724294572137
0.00151177868247
0.00727485632524
0.0158946216106
0.00497418595478
0.00473291426897
0.031498581171
0.0154974563047
0.00171480048448
0.00164836389013
0.0031131778378
0.0111337089911
0.00365115981549
0.0139015289024
0.00922198221087
0.000731352018192
0.00297859613784
0.0092793693766
0.0437199026346
0.00147818424739
0.0122012244537
0.003835974494
0.0153680816293
0.000897963298485
0.00153172714636
0.0207037460059
0.00248625106178
0.00274978927337
0.00692908233032
0.0021353259217
0.0210795365274
0.00116856268141
0.0112717086449
0.00820271484554
0.00092944863718
0.00231754593551
0.00297372671776
0.00218085688539
0.00286265555769
0.000768605736084
0.00704347202554
0.00384135195054
0.015770368278
0.0311412066221
0.00330534554087
0.0012951225508
0.00174255773891
0.0165822021663
0.0195338930935
0.00132008385845
0.000855196034536
0.00450991140679
0.0281244143844
0.0505115129054
0.0170598626137
0.00993145350367
0.000618566293269
0.0298018008471
0.00151234550867
0.00142768793739
0.00476870778948
0.00488424953073
0.0304405670613
0.00524421548471
0.0127633726224
0.00241572014056
0.000475052976981
0.00343894492835
0.0328929685056
0.000348721398041
0.00931451562792
0.00801332946867
0.0241730138659
0.00100624491461
0.00352317048237
0.021758325398
0.00247217016295
0.0115622319281
0.00769265275449
0.000440731091658
0.00183129205834
0.000700586067978
0.000309697818011
0.0146469464526
0.000837121915538
0.0046498933807
0.00463037751615
0.000762032344937
0.0204503964633
0.00418866192922
0.00253623514436
0.000762873794883
0.00340817379765
0.00500080082566
0.0020655808039
0.0150643289089
0.00286890123971
0.00066225376213
0.000421033211751
0.0336485691369
0.00168900738936
0.0125510077924
0.000394096947275
0.00510562723503
0.0468969605863
0.00947282277048
0.000393271911889
0.000299157924019
0.0120193017647
0.00273999315687
0.0311879254878
0.0193827021867
0.0421135686338
0.00143990118522
0.00151095248293
0.00435460358858
0.00028889067471
0.0341265760362
0.0384907573462
0.031809642911
0.0075293709524
0.0475719310343
0.00987041369081
0.000568912946619
0.0227028187364
0.0313882827759
0.00167450052686
0.00188425846864
0.0143586033955
0.039330188185
0.0221360698342
0.0147634865716
0.002986344276
0.00141601811629
0.00378620857373
0.00188722170424
0.00220596627332
0.00578105915338
0.00401728786528
0.00672180345282
0.0061799120158
0.00345872342587
0.00587315438315
0.0014255142305
0.000920548161957
0.00106536690146
0.00620227726176
0.00112297176383
0.00118068105076
0.00481081847101
0.00185702485032
0.0197597946972
0.000703013443854
0.000843351182994
0.0059420671314
