0.717534065247
0.700613379478
0.694072961807
0.692260026932
0.691077053547
0.690441966057
0.689961671829
0.689643681049
0.689254701138
0.688890397549
0.688549935818
0.688233137131
0.687939405441
0.687668085098
0.687418520451
0.687190234661
0.686982631683
0.686794817448
0.68662583828
0.686475157738
0.686341524124
0.686224162579
0.686121940613
0.686033844948
0.6859588027
0.685895740986
0.685843586922
0.685801148415
0.685767352581
0.685741364956
0.685721933842
0.685708224773
0.685699343681
0.685694396496
0.685692608356
0.685693264008
0.685695886612
0.6856995821
0.685704290867
0.685709118843
0.685714185238
0.685719132423
0.685723304749
0.685727000237
0.685729980469
0.685732126236
0.685733675957
0.685734450817
0.685734272003
0.685733556747
0.685732185841
0.685730397701
0.685728192329
0.685725569725
0.685722827911
0.685719847679
0.685717046261
0.685714066029
0.685711145401
0.685708463192
0.685705840588
0.685703456402
0.685701370239
0.685699462891
0.685697972775
0.685696661472
0.685695469379
0.68569457531
0.685693800449
0.685693383217
0.68569290638
0.68569278717
0.685692608356
0.685692548752
0.685692608356
0.68569278717
0.68569290638
0.685692965984
0.685693204403
0.685693264008
0.685693383217
0.685693502426
0.685693502426
0.685693562031
0.68569368124
0.685693562031
0.68569368124
0.685693502426
0.685693562031
0.685693442822
0.685693383217
0.685693204403
0.685693144798
0.685693144798
0.685692965984
0.68569290638
0.685692846775
0.68569278717
0.68569278717
0.685692667961
0.685692608356
0.685692667961
0.685692608356
0.685692608356
0.685692548752
0.685692608356
0.685692608356
0.685692608356
0.685692608356
0.685692548752
0.685692608356
0.685692608356
0.685692608356
0.685692548752
0.685692608356
0.685692667961
0.685692608356
0.685692667961
0.685692667961
0.68569278717
0.685692548752
0.685692608356
0.685692608356
0.685692608356
0.685692608356
0.685692608356
0.685692548752
0.685692608356
0.685692608356
0.685692608356
0.685692548752
0.685692548752
0.685692608356
0.685692608356
0.685692608356
0.685692608356
0.685692608356
0.685692608356
0.685692608356
0.685692608356
0.685692608356
0.685692608356
0.685692548752
0.685692608356
0.685692608356
0.685692548752
0.685692608356
0.685692608356
0.685692608356
0.685692548752
0.685692608356
0.685692608356
0.685692608356
0.685692608356
0.685692608356
0.685692608356
0.685692608356
0.685692548752
0.685692608356
0.685692548752
0.685692608356
0.685692608356
0.685692608356
0.685692608356
0.685692608356
0.685692608356
0.685692548752
0.685692548752
0.685692608356
0.685692608356
0.685692608356
0.685692608356
0.685692608356
0.685692548752
0.685692548752
0.685692608356
0.685692608356
0.685692548752
0.685692608356
0.685692608356
0.685692489147
0.685692608356
0.685692608356
0.685692608356
0.685692608356
0.685692608356
0.685692608356
0.685692548752
0.685692608356
0.685692608356
0.685692608356
0.685692608356
0.685692608356
0.685692608356
0.685692548752
0.685692608356
0.685692608356
0.685692608356
0.685692608356
0.685692608356
0.685692489147
0.685692608356
0.685692608356
0.685692608356
0.685692608356
0.685692608356
0.685692548752
0.685692608356
0.685692548752
0.685692548752
0.685692608356
0.685692548752
0.685692608356
0.685692548752
0.685692608356
0.685692608356
0.685692608356
0.685692608356
0.685692608356
0.685692608356
0.685692608356
0.685692608356
0.685692608356
0.685692608356
0.685692608356
0.685692608356
0.685692608356
0.685692608356
0.685692608356
0.685692608356
0.685692489147
0.685692608356
0.685692608356
0.685692608356
0.685692608356
0.685692548752
0.685692608356
0.685692608356
0.685692608356
0.685692608356
0.685692667961
0.685692608356
0.685692608356
0.685692608356
0.685692608356
0.685692608356
0.685692608356
0.685692608356
0.685692608356
0.685692608356
0.685692608356
0.685692608356
0.685692608356
0.685692608356
0.685692608356
0.685692608356
0.685692608356
0.685692608356
0.685692608356
0.685692608356
0.685692608356
0.685692608356
0.685692608356
0.685692608356
0.685692608356
0.685692608356
0.685692608356
0.685692608356
0.685692608356
0.685692608356
0.685692608356
0.685692608356
0.685692608356
0.685692608356
0.685692608356
0.685692608356
0.685692608356
0.685692608356
0.685692608356
0.685692608356
0.685692608356
0.685692608356
0.685692608356
0.685692608356
0.685692608356
0.685692608356
0.685692608356
0.685692608356
0.685692608356
0.685692608356
0.685692608356
0.685692608356
0.685692608356
0.685692608356
0.685692608356
0.685692608356
0.685692608356
0.685692608356
0.685692608356
0.685692608356
