0.695532381535
0.695823848248
0.694886565208
0.693197727203
0.694006502628
0.693941414356
0.694381833076
0.694416761398
0.694230079651
0.694682359695
0.694370985031
0.69459092617
0.694630682468
0.69348603487
0.693896472454
0.694257795811
0.692639768124
0.693992733955
0.69385188818
0.693240702152
0.692898035049
0.693566024303
0.6926227808
0.692360341549
0.692157328129
0.693709671497
0.693142831326
0.692723095417
0.693051576614
0.693383932114
0.693879961967
0.693143367767
0.692230939865
0.692457377911
0.693575382233
0.692630648613
0.692032516003
0.693061172962
0.691912531853
0.692351460457
0.692568957806
0.692677140236
0.692354083061
0.692926943302
0.69201117754
0.692659974098
0.691857218742
0.691007018089
0.691508352757
0.691749930382
0.691896557808
0.690538823605
0.691259682178
0.691327631474
0.690716087818
0.690107703209
0.691145539284
0.691646516323
0.690888762474
0.690781772137
0.69114780426
0.69107145071
0.690489113331
0.691130340099
0.69140625
0.691727817059
0.690492212772
0.69067132473
0.690953850746
0.690917134285
0.691120624542
0.690862715244
0.690266251564
0.689696311951
0.690524220467
0.690407514572
0.690438091755
0.690551996231
0.69055634737
0.689437925816
0.689482629299
0.689919829369
0.690238535404
0.69014185667
0.690453886986
0.689576506615
0.689717948437
0.689910292625
0.688211560249
0.689562082291
0.688605010509
0.689615249634
0.68946158886
0.689893901348
0.688449561596
0.688145458698
0.68824416399
0.68878030777
0.688861727715
0.689061164856
0.6885638237
0.688657879829
0.687676787376
0.687312424183
0.688442647457
0.687288165092
0.687308132648
0.687525689602
0.687242686749
0.687639832497
0.687487244606
0.688254952431
0.68841612339
0.688222944736
0.688167691231
0.687965750694
0.68853276968
0.687527418137
0.687409758568
0.687020778656
0.687505781651
0.687655091286
0.686457276344
0.688313484192
0.688102602959
0.687805891037
0.685389816761
0.685738682747
0.684660375118
0.687077045441
0.687023341656
0.686414301395
0.686237633228
0.685327351093
0.687266647816
0.686752676964
0.686499774456
0.686260342598
0.685829639435
0.685576975346
0.685721933842
0.684987127781
0.68594533205
0.6851952672
0.684506773949
0.683771848679
0.685049831867
0.685838341713
0.685742795467
0.684384405613
0.686160445213
0.68562412262
0.682867109776
0.684690594673
0.684719324112
0.682581186295
0.684578061104
0.684197902679
0.684511303902
0.685211241245
0.683699250221
0.683746933937
0.683860659599
0.683433711529
0.682254552841
0.684496641159
0.68195950985
0.681508898735
0.683475255966
0.68354922533
0.683221280575
0.682594716549
0.680755198002
0.682270169258
0.680806517601
0.680032432079
0.682376921177
0.680611073971
0.680195569992
0.680226385593
0.680916249752
0.681477069855
0.680236756802
0.680428206921
0.680675983429
0.680797874928
0.681282162666
0.681200861931
0.679605782032
0.677420139313
0.678783595562
0.680581986904
0.68020260334
0.67916738987
0.677551984787
0.678222060204
0.677766144276
0.677775144577
0.678636729717
0.677144289017
0.676954686642
0.676788330078
0.676793813705
0.677975177765
0.677843570709
0.6774725914
0.678363323212
0.67656904459
0.675508618355
0.67578959465
0.674318790436
0.675436615944
0.67401599884
0.671373784542
0.675148487091
0.676274657249
0.672528624535
0.673591852188
0.674153983593
0.672275602818
0.671866297722
0.674710154533
0.675253748894
0.674270093441
0.669638156891
0.671523928642
0.671991169453
0.671969354153
0.670809209347
0.673622667789
0.668933331966
0.670893669128
0.667471528053
0.66655009985
0.670105338097
0.669006228447
0.66836220026
0.667518734932
0.667744636536
0.668676435947
0.666847586632
0.664112508297
0.667985141277
0.664922773838
0.661874771118
0.66661542654
0.662053346634
0.662437319756
0.66013610363
0.664022326469
0.663079679012
0.659650862217
0.663477182388
0.65883731842
0.661246418953
0.659497320652
0.663034796715
0.660893142223
0.662692308426
0.661416530609
0.658351838589
0.655751764774
0.658646762371
0.657014191151
0.654844164848
0.655100405216
0.658482849598
0.653257787228
0.657234609127
0.659509658813
0.658037424088
0.656912744045
0.653336763382
0.651555657387
0.651184678078
0.650089621544
0.652594089508
0.655714511871
0.648205399513
0.651601195335
0.645670950413
0.651610434055
0.6507178545
0.64513194561
0.647235751152
0.652090370655
0.646128118038
0.646118879318
0.645956814289
0.644900560379
0.645723581314
0.644796252251
0.642437458038
0.648987710476
0.645276010036
0.644854426384
0.641024827957
0.640328764915
0.64232313633
0.640254318714
0.632929682732
0.63761639595
0.635754704475
0.631561696529
0.638124585152
0.634273469448
0.627689361572
0.630391418934
0.626710534096
0.637699484825
0.624173700809
0.627111077309
0.631330251694
0.628327906132
0.630690991879
0.626997292042
0.623459815979
0.627633273602
0.629007339478
0.625222861767
0.621685743332
0.625826358795
0.627808630466
0.617952466011
0.626466929913
0.622385621071
0.619053125381
0.628538429737
0.624586582184
0.61903321743
0.619566202164
0.616851270199
0.616905748844
0.617089867592
0.610604763031
0.61807346344
0.61994189024
0.61396586895
0.607867777348
0.614439606667
0.613273382187
0.613930404186
0.608138084412
0.606102347374
0.609275341034
0.610818088055
0.611251831055
0.604911923409
0.60601067543
0.612060129642
0.606038451195
0.605256259441
0.603645384312
0.60041064024
0.603754639626
0.60015141964
0.602011263371
0.595917761326
0.608379423618
0.597949802876
0.590413808823
0.596445679665
0.588052213192
0.590296328068
0.593856155872
0.584940850735
0.588052451611
0.584942162037
0.585911810398
0.591411054134
0.587169826031
0.592884480953
0.577634811401
0.588555455208
0.582842886448
0.587379097939
0.592794179916
0.580938577652
0.577965080738
0.576324760914
0.576309561729
0.574337124825
0.585266828537
0.564577579498
0.57561558485
0.577601194382
0.572233021259
0.577962040901
0.574513554573
0.574833631516
0.581823706627
0.567625463009
0.570864319801
0.554178535938
0.560635685921
0.569857954979
0.563894033432
0.567099571228
0.556235551834
0.557291150093
0.55939668417
0.560756742954
0.55799382925
0.554758489132
0.539404630661
0.556197166443
0.562406420708
0.556416094303
0.55403316021
0.551604986191
0.570765674114
0.553647279739
0.560997486115
0.550191819668
0.538121938705
0.56809592247
0.536793887615
0.537603855133
0.537519931793
0.533099591732
0.5468942523
0.540434002876
0.535406291485
0.547481834888
0.534584105015
0.547962665558
0.540482878685
0.544943511486
0.540038228035
0.533162236214
0.537282645702
0.54434889555
0.528317987919
0.523115038872
0.533773481846
0.522535502911
0.53745085001
0.519483625889
0.526074767113
0.528591036797
0.516029477119
0.51388156414
0.513253390789
0.525524973869
0.515629947186
0.514115333557
0.522475600243
0.536692857742
0.519171416759
0.518786668777
0.514582037926
0.513474345207
0.509920537472
0.522974431515
0.495817124844
0.513947248459
0.497940719128
0.51074308157
0.499824941158
0.504651129246
0.508053123951
0.496996104717
0.496244341135
0.497265696526
0.48208758235
0.490050941706
0.501433372498
0.492587178946
0.501877486706
0.498468905687
0.497140169144
0.516557872295
0.498252302408
0.484724879265
0.487033218145
0.501600265503
0.500149548054
0.470999896526
0.478617459536
0.483023583889
0.488757401705
0.476914703846
0.480342686176
0.465204000473
0.484262555838
0.482716858387
0.4796205163
0.490644812584
0.49054864049
0.487608760595
0.476252883673
0.484676092863
0.471171021461
0.471421539783
0.452949851751
0.473482489586
0.462919354439
0.476549625397
0.481455624104
0.464377880096
0.491476178169
0.455517143011
0.460592389107
0.46453076601
0.466110169888
0.452646046877
0.44331663847
0.454888761044
0.448080003262
0.439000636339
0.455721378326
0.469085514545
0.483168005943
0.461703032255
0.461453318596
0.449206680059
0.447754055262
0.445125371218
0.437924146652
0.454462110996
0.437505364418
0.447192937136
0.477039963007
0.449126303196
0.431757599115
0.44960975647
0.445591032505
0.441363275051
0.44499990344
0.427398949862
0.444734603167
0.434044897556
0.413415759802
0.428288131952
0.427339732647
0.429859876633
0.425656616688
0.44953763485
0.44826772809
0.431175559759
0.401073485613
0.410945922136
0.430391252041
0.410335630178
0.434672474861
0.436415374279
0.409996002913
0.41748303175
0.411410450935
0.426770180464
0.410436153412
0.41789868474
0.409450948238
0.431840032339
0.427155286074
0.425806969404
0.387088060379
0.419757723808
0.421590954065
0.421198576689
0.4113484025
0.404779374599
0.401569247246
0.418810844421
0.40946739912
0.396773815155
0.382188737392
0.420696794987
0.415152013302
0.405381202698
0.409473836422
0.407107919455
0.383370608091
0.393386185169
0.40395128727
0.38635674119
0.399920731783
0.39452406764
0.394349306822
0.405835479498
0.397824168205
0.394443929195
0.376046031713
0.40673750639
0.366467505693
0.413329184055
0.397140681744
0.386866122484
0.395564824343
0.370613276958
0.357013076544
0.375987350941
0.392014801502
0.373400658369
0.399065494537
0.372562885284
0.395621538162
0.38211274147
0.383582353592
0.382265925407
0.374500483274
0.361411720514
0.374974161386
0.368430525064
0.369910150766
0.370910584927
0.368838787079
0.350648164749
0.377158939838
0.387799292803
0.369306474924
0.357441216707
0.365030437708
0.36151149869
0.366071969271
0.365040808916
0.360235512257
0.341618865728
0.338884562254
0.40035828948
0.348823279142
0.375658482313
0.334989696741
0.353324562311
0.328967571259
0.368757456541
0.365755438805
0.334154903889
0.34182664752
0.318666547537
0.367523938417
0.367809981108
0.363714367151
0.336128503084
0.361084491014
0.338260084391
0.361824303865
0.331650882959
0.350065886974
0.331007659435
0.359473466873
0.354392677546
0.357232064009
0.336651921272
0.314521372318
0.33581367135
0.297240287066
0.344987869263
0.34254938364
0.345058768988
0.332658112049
0.318550735712
0.318170189857
0.327015280724
0.290790557861
0.318615794182
0.31472119689
0.364811062813
0.331186830997
0.34619307518
0.314421206713
0.310262948275
0.332964718342
0.349333912134
0.31486555934
0.300744056702
0.330715239048
0.322192728519
0.30790707469
0.325826942921
0.310647308826
0.317642331123
0.354733645916
0.306696712971
0.316448777914
0.283260852098
0.312721192837
0.317856788635
0.319507628679
0.337649583817
0.306559503078
0.328750669956
0.330822080374
0.271908670664
0.337320774794
0.284619480371
0.305637419224
0.304244726896
0.323363393545
0.301583558321
0.303838133812
0.342635542154
0.317754894495
0.291953682899
0.320325821638
0.280408769846
0.309057027102
0.310727328062
0.285043507814
0.335678845644
0.333985924721
0.275013536215
0.314952075481
0.315702974796
0.324356406927
0.29964235425
0.276544481516
0.286305993795
0.313785165548
0.291806221008
0.300164073706
0.30474421382
0.293375015259
0.301320701838
0.32650578022
0.332550048828
0.305775851011
0.296533435583
0.307589262724
0.277564764023
0.287323921919
0.303713291883
0.269701093435
0.273984283209
0.294567018747
0.286802262068
0.285162001848
0.305712789297
0.299830913544
0.26852658391
0.298634082079
0.253196120262
0.306136667728
0.274790793657
0.29378759861
0.3006054461
0.269251227379
0.289381563663
0.279465556145
0.300119280815
0.26117837429
0.274509489536
0.288364946842
0.283300548792
0.275766074657
0.325148671865
0.286718636751
0.280261367559
0.291055351496
0.280274301767
0.248140498996
0.264712840319
0.248053431511
0.300021111965
0.252288192511
0.262044608593
0.282999694347
0.249695450068
0.259830087423
0.303037881851
0.292460888624
0.291275501251
0.280693769455
0.288109123707
0.303573846817
0.260342746973
0.273771733046
0.2428522259
0.249476477504
0.262117296457
0.255823135376
0.250493556261
0.285674363375
0.254880011082
0.261449158192
0.301485955715
0.2843978405
0.261717766523
0.268063575029
0.242524459958
0.2643840909
0.262897372246
0.258127003908
0.25544244051
0.277624845505
0.276572912931
0.254583775997
0.243283808231
0.252708077431
0.234389603138
0.266110062599
0.232790902257
0.266645073891
0.231196179986
0.24283272028
0.234270051122
0.248033925891
0.265313357115
0.253836244345
0.231089189649
0.264932483435
0.273645788431
0.215780988336
0.26691031456
0.220623150468
0.257093280554
0.254213958979
0.256061822176
0.280021876097
0.226784527302
0.238906338811
0.243419960141
0.257227778435
0.255545318127
0.252223044634
0.243147388101
0.234035924077
0.251454621553
0.230410575867
0.273833453655
0.255320847034
0.230185493827
0.24878513813
0.230609685183
0.257172822952
0.276675492525
0.271067857742
0.233778312802
0.25156673789
0.238067805767
0.267083466053
0.226638779044
0.234203353524
0.224462077022
0.260474234819
0.262280225754
0.226885035634
0.232538610697
0.235554918647
0.251880258322
0.223284825683
0.22520904243
0.241684168577
0.225409269333
0.224352538586
0.230591788888
0.227459251881
0.23986440897
0.274778872728
0.249453529716
0.23611292243
0.220108553767
0.229817256331
0.254958838224
0.252455145121
0.235585436225
0.22819557786
0.256914943457
0.257367283106
0.24457231164
0.219734743237
0.234178632498
0.242319226265
0.257538586855
0.242846116424
0.240085616708
0.222342669964
0.214460849762
0.26510900259
0.221801862121
0.237456068397
0.230623349547
0.214219033718
0.233923360705
0.205391705036
0.238349631429
0.241387158632
0.217891931534
0.233771011233
0.230510875583
0.279589533806
0.218427196145
0.214040786028
0.253891825676
0.222306370735
0.20057541132
0.268290013075
0.23724116385
0.259698718786
0.212871193886
0.223016798496
0.216150268912
0.231480836868
0.210290715098
0.205572992563
0.257937848568
0.226618096232
0.205669388175
0.208319053054
0.214373037219
0.266159385443
0.210932508111
0.208183690906
0.205080360174
0.248749747872
0.212742656469
0.216091677547
0.218902185559
0.242736667395
0.214962929487
0.223000571132
0.219252347946
0.209635108709
0.246368035674
0.243927970529
0.209645614028
0.214270174503
0.24375282228
0.221210315824
0.21935980022
0.198778137565
0.237159192562
0.224484160542
0.244124993682
0.224489748478
0.213082551956
0.18779245019
0.213132768869
0.188241049647
0.237186715007
0.18347774446
0.210054442286
0.202676579356
0.17269462347
0.239042833447
0.217214331031
0.220782727003
0.236390665174
0.189471840858
0.186881348491
0.242653056979
0.197344481945
0.186816245317
0.260963559151
0.214668720961
0.200673893094
0.231710478663
0.213436812162
0.178070276976
0.210277467966
0.205147996545
0.219205975533
0.223678767681
0.171498671174
0.212697133422
0.210876911879
0.197866082191
0.192783072591
0.220284506679
0.19767794013
0.180254638195
0.20590300858
0.191411495209
0.195051655173
0.205130085349
0.242807596922
0.197461143136
0.194890633225
0.218423381448
0.1964289397
0.176326140761
0.196813046932
0.213710695505
0.198749750853
0.21995447576
0.195729151368
0.201699435711
0.212065145373
0.241913959384
0.201986625791
0.185512989759
0.233090952039
0.209461897612
0.196389228106
0.21388605237
0.197857141495
0.191112831235
0.195733159781
0.225609272718
0.210018843412
0.248393699527
0.177094727755
0.211506143212
0.181259304285
0.204738751054
0.211806297302
0.195427015424
0.202723279595
0.204760476947
0.21893183887
0.226555123925
0.202152833343
0.174100622535
0.194565325975
0.232935726643
0.217246085405
0.2089073807
0.180058956146
0.182040840387
0.202455952764
0.184888139367
0.202561333776
0.190339207649
0.224168881774
0.197151184082
0.201766043901
0.208775371313
0.216882795095
0.195249199867
0.212408706546
0.239198043942
0.196352258325
0.224298834801
0.219178304076
0.22465570271
0.205571964383
0.232574447989
0.199831038713
0.226587429643
0.179701462388
0.155638575554
0.237076684833
0.209574073553
0.186786368489
0.164445117116
0.251683324575
0.240997940302
0.199141323566
0.236331552267
0.205157577991
0.232113689184
0.208364665508
0.154622226954
0.209566324949
0.173343896866
0.178258866072
0.200124487281
0.197941586375
0.210047841072
0.214503794909
0.187239840627
0.195099577308
0.158081054688
0.207805126905
0.185604035854
0.180598139763
0.194239318371
0.202268272638
0.230680957437
0.227084800601
0.173315063119
0.21466653049
0.219256177545
0.183405995369
0.231080502272
0.190214067698
0.215465635061
0.212736397982
0.217043921351
0.229805245996
0.219105228782
0.195354312658
0.195222809911
0.206227555871
0.215787157416
0.209687426686
0.189857512712
0.197095245123
0.167462348938
0.180104121566
0.198981568217
0.175263270736
0.208097621799
0.207380279899
0.209761917591
0.21573728323
0.170668050647
0.200792148709
0.19281706214
0.199504464865
0.231498852372
0.182933449745
0.196980327368
0.183293372393
0.192523226142
0.240197822452
0.188490986824
0.183021306992
0.223619744182
0.220024287701
0.198448434472
0.173408284783
0.222376510501
0.228813201189
0.219362959266
0.221463903785
0.205183908343
0.192489251494
0.215040609241
0.196948543191
0.175511732697
0.189288705587
0.230173796415
0.194468080997
0.177385643125
0.210097938776
0.188266217709
0.187831670046
0.185640618205
0.198200151324
0.217107787728
0.239351555705
0.209350794554
0.197141513228
0.266879975796
0.189219668508
0.189469978213
0.191524371505
0.213573917747
0.179464012384
0.188403084874
0.195319131017
0.168332844973
0.17679451406
0.179077848792
0.245969489217
0.215400308371
0.198898166418
0.194150671363
0.184746786952
0.205900803208
0.204965695739
0.214572146535
0.178402453661
0.227278918028
0.192976534367
0.190918818116
0.202130138874
0.211243882775
0.205340981483
0.171809777617
0.214507475495
0.227272480726
0.180271700025
0.235855653882
0.185805425048
0.217414036393
0.167415231466
0.183098316193
0.191084861755
0.235688611865
0.174797803164
0.191394820809
0.205705597997
0.186971902847
0.209282740951
0.234284073114
0.156160831451
0.213378533721
0.194718107581
0.224777474999
0.201991572976
0.167207434773
0.176535263658
0.192038863897
0.210138902068
0.197804406285
0.215737715364
0.219958230853
0.232052013278
0.171290501952
0.211135238409
0.226604402065
0.190787822008
0.175175979733
0.206082820892
0.190233394504
0.198599249125
0.162586152554
0.179489463568
0.182524517179
0.216944947839
0.198358222842
0.209448114038
0.199172839522
0.209012776613
0.195244506001
0.164064437151
0.231951266527
0.177720710635
