0.541463434696
0.56097561121
0.56097561121
0.56097561121
0.56097561121
0.56097561121
0.56097561121
0.56097561121
0.56097561121
0.56097561121
0.56097561121
0.56097561121
0.56097561121
0.56097561121
0.56097561121
0.56097561121
0.624390244484
0.614634156227
0.639024376869
0.634146332741
0.639024376869
0.619512200356
0.643902420998
0.648780465126
0.643902420998
0.663414657116
0.639024376869
0.678048789501
0.643902420998
0.692682921886
0.648780465126
0.624390244484
0.668292701244
0.687804877758
0.717073142529
0.678048789501
0.697560966015
0.731707334518
0.697560966015
0.707317054272
0.663414657116
0.668292701244
0.668292701244
0.697560966015
0.668292701244
0.68292683363
0.673170745373
0.707317054272
0.7121950984
0.707317054272
