0.693192958832
0.693009376526
0.692630767822
0.692439734936
0.692105472088
0.69193136692
0.691665709019
0.691429913044
0.691211283207
0.69096493721
0.690652549267
0.690456926823
0.690346479416
0.690050065517
0.689879119396
0.689564943314
0.689418315887
0.689211070538
0.68892121315
0.688694655895
0.688456475735
0.688183426857
0.688155114651
0.687957704067
0.687648117542
0.687370657921
0.687224924564
0.686903774738
0.686609208584
0.686686098576
0.686473429203
0.686174690723
0.686088144779
0.685720145702
0.685290694237
0.685053527355
0.684457182884
0.684422194958
0.683493256569
0.683563232422
0.683407843113
0.683050990105
0.682304620743
0.682208418846
0.681283712387
0.681000471115
0.679930508137
0.679013609886
0.678730666637
0.677125751972
0.676611483097
0.675153195858
0.674197614193
0.673511624336
0.672145664692
0.671161651611
0.671126186848
0.66778087616
0.66800558567
0.666492760181
0.665425360203
0.663101553917
0.661901712418
0.656295716763
0.659184575081
0.654740214348
0.651035368443
0.645086467266
0.647411763668
0.640115559101
0.639466941357
0.63458609581
0.632266700268
0.620541036129
0.619934439659
0.618224203587
0.607975423336
0.613769233227
0.609810054302
0.598824799061
0.598748326302
0.586390733719
0.575883388519
0.5663600564
0.579571545124
0.571703493595
0.547726213932
0.552014231682
0.555948853493
0.543132126331
0.532360911369
0.520419061184
0.521264791489
0.522295832634
0.495102733374
0.496296137571
0.507914304733
0.47829118371
0.495175033808
0.468626588583
0.464057266712
0.442597687244
0.432077884674
0.426094919443
0.431595593691
0.426439464092
0.415573269129
0.390931427479
0.401760876179
0.391523033381
0.389949113131
0.382232487202
0.353895097971
0.338604599237
0.314531177282
0.318587452173
0.337576001883
0.314054489136
0.32970187068
0.319822669029
0.261307358742
0.334031701088
0.292820125818
0.261478364468
0.297871053219
0.272195279598
0.27165979147
0.204859539866
0.246723860502
0.223926022649
0.241773858666
0.231058686972
0.23933558166
0.254181981087
0.19464738667
0.202458009124
0.231597527862
0.205485448241
0.206431910396
0.200289651752
0.220208659768
0.234821379185
0.292013853788
0.190355479717
0.164621680975
0.221666306257
0.190704628825
0.19205968082
0.222315892577
0.239214137197
0.198551461101
0.257109880447
0.202592357993
0.213547438383
0.174434646964
0.232675075531
0.231738656759
0.222004368901
0.175121247768
0.154503077269
0.176908165216
0.164933502674
0.197197318077
0.219260126352
0.216629341245
0.155072331429
0.130890995264
0.171313196421
0.175722524524
0.202645346522
0.16649992764
0.147503748536
0.163111522794
0.155462875962
0.18497492373
0.172254964709
0.241911590099
0.173545241356
0.148993760347
0.154105678201
0.173577919602
0.13450448215
0.175644755363
0.141513347626
0.173320621252
0.196041792631
0.119610406458
0.202182218432
0.179187044501
0.180411070585
0.215814232826
0.166712746024
0.165077388287
0.143979415298
0.182456985116
0.209275558591
0.184652209282
0.152429938316
0.198331817985
0.159519657493
0.164511784911
0.17068400979
0.163813710213
0.116924919188
0.161449596286
0.172747761011
0.154313266277
0.15141287446
0.15974521637
0.136598154902
0.186213389039
0.121337063611
0.185584589839
0.156027600169
0.188468232751
0.202968463302
0.19272223115
0.163127601147
0.148537501693
0.111624032259
0.134522110224
0.136164873838
0.118349678814
0.209155425429
0.163374066353
0.126445382833
0.193535968661
0.16184271872
0.145945861936
0.180915996432
0.16464343667
0.159067168832
0.115192577243
0.122404411435
0.180483371019
0.172407925129
0.184192895889
0.152790129185
0.150362432003
0.145507663488
0.116184793413
0.12693785131
0.21225965023
0.149824678898
0.104022234678
0.176781073213
0.215977415442
0.188945114613
0.150890126824
0.115887671709
0.156221628189
0.104092143476
0.159156948328
0.177283614874
0.200966849923
0.152657553554
0.161746770144
0.154733300209
0.180977761745
0.108854807913
0.173921823502
0.164784580469
0.132123410702
0.12480455637
0.164752081037
0.163062423468
0.197443917394
0.176336750388
0.152946472168
0.132332324982
0.153395682573
0.12902328372
0.130247399211
0.0642610341311
0.166184365749
0.173148959875
0.164597526193
0.11451049149
0.141202241182
0.126756086946
0.202697351575
0.115525372326
0.142303287983
0.143483221531
0.202869862318
0.11044190824
0.12404807657
0.205744698644
0.162586182356
0.205500945449
0.14768654108
0.125724360347
0.175376221538
0.161034151912
0.115164861083
0.121735930443
0.185435414314
0.143210321665
0.134040147066
0.125477522612
0.124346263707
0.123409919441
0.146773457527
0.229272291064
0.171935603023
0.135731205344
0.130180567503
0.145901799202
0.172113776207
0.126624345779
0.133014529943
0.143040254712
0.133860573173
0.113190747797
0.125236332417
0.0829614847898
0.118114471436
0.159212887287
0.148156866431
0.151226073503
0.171040266752
0.1851003021
0.149480774999
0.132144153118
0.130113855004
0.11294144392
0.112700559199
0.0587755031884
0.104669354856
0.116246983409
0.140654861927
0.167414739728
0.113468915224
0.0937992781401
0.119413599372
0.143885806203
0.151373267174
0.122892349958
0.112013116479
0.117680944502
0.190158233047
0.14315547049
0.139415532351
0.0821527987719
0.103205986321
0.147620111704
0.143359616399
0.162788689137
0.118986733258
0.147438958287
0.151356250048
0.113420084119
0.102329552174
0.130916252732
0.133322015405
0.126025259495
0.0870686769485
0.131235435605
0.102584123611
0.228516891599
0.137242332101
0.166234537959
0.135900974274
0.212720885873
0.11653328687
0.12346971035
0.141614556313
0.111556738615
0.178024619818
0.139342084527
0.154096931219
0.133238226175
0.146625727415
0.118643671274
0.123241871595
0.117436863482
0.0886803418398
0.155184388161
0.137140259147
0.120175264776
0.158124044538
0.138637527823
0.165898129344
0.0955497398973
0.125358045101
0.121830932796
0.112421780825
0.120269104838
0.128165692091
0.137371689081
0.11541647464
0.16318719089
0.099874407053
0.147344619036
0.16239413619
0.171039357781
0.194357305765
0.14359305799
0.188661843538
0.157755151391
0.104772403836
0.252683758736
0.142712175846
0.0703922137618
0.163114055991
0.123978294432
0.182507395744
0.126009270549
0.117839165032
0.122920833528
0.140908062458
0.136755079031
0.11896327883
0.183064460754
0.120094679296
0.126912415028
0.178780153394
0.136341452599
0.0915698185563
0.188893929124
0.12465364486
0.125117555261
0.137364149094
0.107973515987
0.109517477453
0.126508504152
0.153605237603
0.168047875166
0.103873714805
0.118096135557
0.136531457305
0.202922135592
0.0894041210413
0.125514611602
0.107435829937
0.126057863235
0.107768960297
0.137654528022
0.151734963059
0.072603456676
0.135619327426
0.103235125542
0.179757669568
0.117379136384
0.124715358019
0.177104860544
0.160678386688
0.129679307342
0.168718874454
0.178592219949
0.131783798337
0.134976476431
0.123965322971
0.161361545324
0.10064997524
0.128179237247
0.16183142364
0.150718912482
0.091387309134
0.104405455291
0.115106031299
0.168826371431
0.192612022161
0.104484148324
0.129165679216
0.190260589123
0.126229405403
0.124167434871
0.082371070981
0.144250273705
0.121711306274
0.148746237159
0.136310756207
0.124091416597
0.137300655246
0.16658526659
0.171489492059
0.160909667611
0.151487961411
0.14725586772
0.168993249536
0.142373919487
0.122660957277
0.219128102064
0.127958253026
0.164312049747
0.128474608064
0.232965230942
0.122582688928
0.117045074701
0.141828820109
0.0976840853691
0.120420120656
0.118757925928
0.106877617538
0.144710302353
0.0959926992655
0.106576889753
0.0642525479198
0.1198066324
0.146228820086
0.136922299862
0.121272578835
0.169402569532
0.150470927358
0.179808050394
0.123982310295
0.0950110852718
0.13708743453
0.190714463592
0.101151965559
0.153660222888
0.127570033073
0.107527643442
0.124801747501
0.125933751464
0.14958819747
0.118277803063
0.186645790935
0.118836283684
0.115015864372
0.142401784658
0.173720344901
0.126716241241
0.163043096662
0.161384478211
0.120325900614
0.104679115117
0.107756413519
0.109376311302
0.110923208296
0.145730048418
0.119124464691
0.118822723627
0.106537938118
0.141967400908
0.111297369003
0.089699998498
0.162966623902
0.182895898819
0.0979834645987
0.124695681036
0.14821100235
0.104015097022
0.0959169343114
0.0933359265327
0.131743311882
0.116921454668
0.143122792244
0.142832636833
0.129970535636
0.14259339869
0.100420698524
0.143631160259
0.132905229926
0.1514300704
0.137722074986
0.134295806289
0.133506029844
0.109598077834
0.148369595408
0.109465159476
0.0975908637047
0.123272389174
0.0984895676374
0.121500641108
0.112292967737
0.115714617074
0.14843454957
0.191856756806
0.159224197268
0.130710601807
0.101771570742
0.107305966318
0.14358818531
0.144638568163
0.108929142356
0.135359719396
0.193057999015
0.155242323875
0.110723167658
0.104951068759
0.132407858968
0.0924337282777
0.142429083586
0.0899374708533
0.112123198807
0.155551984906
0.122857108712
0.130962029099
0.102121047676
0.134218782187
0.156168222427
0.117521628737
0.138874351978
0.0931810364127
0.130568608642
0.112515583634
0.144002050161
0.131066247821
0.110646650195
0.136225476861
0.118697211146
0.142601817846
0.135674566031
0.111775487661
0.157911792397
0.181560009718
0.110429041088
0.163189545274
0.117109641433
0.100136063993
0.0739422217011
0.185145512223
0.139381662011
0.107412680984
0.114673279226
0.103012010455
0.182231098413
0.159062564373
0.0909634307027
0.108721129596
0.110060028732
0.114317692816
0.121138691902
0.13854573667
0.140194520354
0.0873851329088
0.152945846319
0.127364978194
0.0972391888499
0.11473993212
0.151029676199
0.0861971750855
0.142156630754
0.0901836305857
0.132737725973
0.134786248207
0.142771542072
0.0995371341705
0.152829498053
0.123258449137
0.109985888004
0.143493965268
0.104031920433
0.116788759828
0.123099967837
0.142306372523
0.150178149343
0.188130110502
0.188444972038
0.119744367898
0.0949135348201
0.126391604543
0.185408130288
0.178171291947
0.110857836902
0.179572358727
0.0897541791201
0.142694666982
0.105302706361
0.135802999139
0.112161070108
0.134488895535
0.114160269499
0.0874435454607
0.141631305218
0.136824712157
0.181133285165
0.122952006757
0.164388984442
0.120422951877
0.124380961061
0.117532290518
0.107498988509
0.149205446243
0.190092846751
0.108535252512
0.0896942541003
0.166514068842
0.13400670886
0.126060426235
0.147291332483
0.0951866209507
0.0947305038571
0.159339234233
0.122656494379
0.0968937948346
0.0986496135592
0.161807611585
0.149581030011
0.119004145265
0.0941970571876
0.147320494056
0.137610450387
0.100641146302
0.18019554019
0.18370115757
0.101658850908
0.1782451123
0.1425935179
0.153605088592
0.116065129638
0.107584886253
0.138557523489
0.118524737656
0.099427305162
0.125399559736
0.159108266234
0.114341817796
0.139046028256
0.104809097946
0.131529137492
0.134319067001
0.106642521918
0.119191326201
0.161156073213
0.15663869679
0.094686537981
0.0991876721382
0.0930438041687
0.0989823937416
0.120673015714
0.166107729077
0.0980195179582
0.0578195676208
0.119306564331
0.134298712015
0.074673473835
0.151643291116
0.097312733531
0.0929748341441
0.135279878974
0.100564874709
0.112745240331
0.113703198731
0.18410243094
0.146956846118
0.156266450882
0.126610711217
0.149388432503
0.123374648392
0.0975962355733
0.166005536914
0.148658499122
0.0779213607311
0.107109606266
0.143055513501
0.149254336953
0.162662804127
0.150474146008
0.177957430482
0.181730225682
0.150261685252
0.157658055425
0.148994982243
0.19296708703
0.096147172153
0.148817673326
0.127623140812
0.161587163806
0.125787332654
0.11221960187
0.151597365737
0.100370228291
0.129260346293
0.169581085443
0.0940694883466
0.0968009755015
0.149900794029
0.115834392607
0.172744527459
0.128004789352
0.116887919605
0.160704150796
0.118939109147
0.158390328288
0.163939982653
0.140265062451
0.109503775835
0.114877149463
0.11045409739
0.127415552735
0.0941020846367
0.099955432117
0.145159617066
0.152686312795
0.107272952795
0.115508794785
0.104328505695
0.085730522871
0.135672867298
0.160537973046
0.10706423223
0.152539491653
0.130408659577
0.146976798773
0.152030587196
0.103365756571
0.104700624943
0.115377940238
0.15075699985
0.137460619211
0.157915145159
0.106171451509
0.144725486636
0.100879661739
0.128030046821
0.0801071748137
0.0680289193988
0.0913498103619
0.114575006068
0.0696176886559
0.124068923295
0.146043986082
0.121351920068
0.121834889054
0.0963491648436
0.109041616321
0.152594164014
0.110071063042
0.117532327771
0.132308527827
0.092484459281
0.123522058129
0.155520647764
0.162046700716
0.13705663383
0.133046239614
0.116401858628
0.0924360975623
0.124422967434
0.151186332107
0.124185703695
0.13003924489
0.14080670476
0.131704136729
0.146677151322
0.0836348906159
0.12884862721
0.146220475435
0.129870921373
0.0807372331619
0.148033052683
0.103545032442
0.125125214458
0.120744623244
0.129475623369
0.100932128727
0.146753847599
0.133894950151
0.107800349593
0.118042379618
0.121425613761
0.111798718572
0.11125305295
0.198172017932
0.173522949219
0.183684378862
0.096276640892
0.12175168097
0.166152328253
0.122139051557
0.144513726234
0.0876140519977
0.13646940887
0.0885818973184
0.116528168321
0.139100879431
0.18039084971
0.144505545497
0.107315994799
0.123960055411
0.138769224286
0.127382308245
0.121141321957
0.109821267426
0.120083615184
0.12330058217
0.116578646004
0.135218352079
0.121821373701
0.089390322566
0.153127655387
0.164625138044
0.101929172873
0.0957041829824
0.0992839187384
0.121900141239
0.0999544486403
0.136072486639
0.131988734007
0.119954459369
0.0979053005576
0.10969132185
0.112562023103
0.100913725793
0.103605188429
0.141093015671
0.106133006513
0.108734101057
0.12441059947
0.173420831561
0.110520079732
0.106508739293
0.115358166397
0.194644600153
0.149630591273
0.117401212454
0.112480543554
0.115667536855
0.130667984486
0.129888355732
0.166665032506
0.112901695073
0.131985798478
0.0955250188708
0.132060840726
0.122422285378
0.0933112353086
0.0980610996485
0.104315176606
0.123541146517
0.0800172165036
0.087815515697
0.131133332849
0.118569761515
0.113185949624
0.0617700815201
0.130561217666
0.142043337226
0.131375238299
0.126981109381
0.152645975351
0.0953259319067
0.1023786515
0.128681868315
0.0895686000586
0.124864131212
0.111683301628
0.085149616003
0.131196647882
0.0990218743682
0.172382816672
0.108999282122
0.156500399113
0.114440269768
0.103987798095
0.138858780265
0.0749687626958
0.0851676315069
0.0943214446306
0.122223831713
0.10075404495
0.102764800191
0.129119351506
0.10913605243
0.104852512479
0.150121718645
0.0926105380058
0.148393377662
0.131303042173
0.110302321613
0.100585922599
0.0879029035568
0.126777470112
0.0783816725016
0.131606757641
0.101105548441
0.137387052178
0.0648381561041
0.151080742478
0.0721131190658
0.138315975666
0.16111548245
0.116164311767
0.151217937469
0.0907060205936
0.129845961928
0.137815788388
0.145487770438
0.107848294079
0.0916589125991
0.104141883552
0.0940163806081
0.124171055853
0.149099394679
0.205317497253
0.185625344515
0.105058021843
0.165113940835
0.0824948251247
0.0901132524014
0.130467861891
0.139554843307
0.106022305787
0.16745865345
0.150958493352
0.111238703132
0.139790087938
