0.541463434696
0.536585390568
0.473170727491
0.517073154449
0.497560977936
0.47804877162
0.517073154449
0.482926815748
0.517073154449
0.482926815748
0.468292683363
0.526829242706
0.536585390568
0.512195110321
0.517073154449
0.497560977936
0.531707346439
0.507317066193
0.47804877162
0.443902432919
0.502439022064
0.507317066193
0.517073154449
0.448780477047
0.521951198578
0.595121979713
0.556097567081
0.56097561121
0.482926815748
0.521951198578
0.512195110321
0.507317066193
0.551219522953
0.521951198578
0.56097561121
0.492682933807
0.531707346439
0.507317066193
0.512195110321
0.580487787724
0.517073154449
0.482926815748
0.473170727491
0.546341478825
0.502439022064
0.512195110321
0.463414639235
0.487804889679
0.570731699467
0.502439022064
0.531707346439
0.531707346439
0.507317066193
0.541463434696
0.556097567081
0.492682933807
0.575609743595
0.546341478825
0.512195110321
0.492682933807
0.487804889679
0.546341478825
0.517073154449
0.47804877162
0.526829242706
0.468292683363
0.487804889679
0.473170727491
0.565853655338
0.565853655338
0.492682933807
0.482926815748
0.526829242706
0.624390244484
0.546341478825
0.551219522953
0.541463434696
0.624390244484
0.517073154449
0.585365831852
0.570731699467
0.512195110321
0.546341478825
0.497560977936
0.521951198578
0.556097567081
0.512195110321
0.507317066193
0.531707346439
0.507317066193
0.468292683363
0.541463434696
0.512195110321
0.556097567081
0.531707346439
0.56097561121
0.580487787724
0.585365831852
0.575609743595
0.56097561121
0.565853655338
0.551219522953
0.56097561121
0.59024387598
0.570731699467
0.546341478825
0.482926815748
0.546341478825
0.600000023842
0.47804877162
0.492682933807
0.585365831852
0.56097561121
0.556097567081
0.463414639235
0.521951198578
0.507317066193
0.521951198578
0.556097567081
0.565853655338
0.531707346439
0.517073154449
0.600000023842
0.546341478825
0.546341478825
0.570731699467
0.556097567081
0.56097561121
0.551219522953
0.56097561121
0.624390244484
0.551219522953
0.60487806797
0.59024387598
0.546341478825
0.556097567081
0.541463434696
0.536585390568
0.570731699467
0.546341478825
0.556097567081
0.531707346439
0.512195110321
0.541463434696
0.521951198578
0.556097567081
0.541463434696
0.565853655338
0.531707346439
0.551219522953
0.492682933807
0.595121979713
0.551219522953
0.609756112099
0.595121979713
0.521951198578
0.507317066193
0.541463434696
0.556097567081
0.556097567081
0.575609743595
0.570731699467
0.585365831852
0.570731699467
0.517073154449
0.575609743595
0.56097561121
0.56097561121
0.595121979713
0.556097567081
0.565853655338
0.595121979713
0.648780465126
0.512195110321
0.546341478825
0.536585390568
0.502439022064
0.546341478825
0.570731699467
0.546341478825
0.556097567081
0.639024376869
0.600000023842
0.580487787724
0.614634156227
0.59024387598
0.556097567081
0.575609743595
0.541463434696
0.556097567081
0.60487806797
0.624390244484
0.580487787724
0.536585390568
0.595121979713
0.521951198578
0.570731699467
0.556097567081
0.497560977936
0.629268288612
0.575609743595
0.546341478825
0.59024387598
0.541463434696
0.521951198578
0.609756112099
0.600000023842
0.570731699467
0.614634156227
0.585365831852
0.575609743595
0.517073154449
0.609756112099
0.575609743595
0.512195110321
0.565853655338
0.512195110321
0.541463434696
0.585365831852
0.531707346439
0.565853655338
0.575609743595
0.600000023842
0.595121979713
0.546341478825
0.609756112099
0.565853655338
0.585365831852
0.580487787724
0.619512200356
0.565853655338
0.575609743595
0.619512200356
0.512195110321
0.639024376869
0.634146332741
0.556097567081
0.521951198578
0.614634156227
0.59024387598
0.59024387598
0.614634156227
0.570731699467
0.526829242706
0.609756112099
0.570731699467
0.575609743595
0.546341478825
0.551219522953
0.678048789501
0.60487806797
0.609756112099
0.585365831852
0.609756112099
0.585365831852
0.595121979713
0.575609743595
0.609756112099
0.609756112099
0.634146332741
0.643902420998
0.600000023842
0.580487787724
0.556097567081
0.609756112099
0.556097567081
0.556097567081
0.60487806797
0.575609743595
0.575609743595
0.56097561121
0.570731699467
0.585365831852
0.609756112099
0.536585390568
0.570731699467
0.56097561121
0.600000023842
0.600000023842
0.639024376869
0.600000023842
0.619512200356
0.648780465126
0.619512200356
0.546341478825
0.526829242706
0.580487787724
0.517073154449
0.580487787724
0.565853655338
0.697560966015
0.575609743595
0.619512200356
0.59024387598
0.614634156227
0.585365831852
0.619512200356
0.595121979713
0.570731699467
0.595121979713
0.614634156227
0.60487806797
0.56097561121
0.595121979713
0.60487806797
0.585365831852
0.570731699467
0.619512200356
0.575609743595
0.634146332741
0.512195110321
0.653658509254
0.570731699467
0.619512200356
0.60487806797
0.565853655338
0.60487806797
0.60487806797
0.619512200356
0.595121979713
0.575609743595
0.556097567081
0.614634156227
0.556097567081
0.595121979713
0.556097567081
0.653658509254
0.60487806797
0.595121979713
0.595121979713
0.565853655338
0.585365831852
0.585365831852
0.600000023842
0.619512200356
0.600000023842
0.59024387598
0.585365831852
0.643902420998
0.570731699467
0.575609743595
0.619512200356
0.60487806797
0.639024376869
0.619512200356
0.565853655338
0.653658509254
0.565853655338
0.639024376869
0.609756112099
0.619512200356
0.668292701244
0.624390244484
0.619512200356
0.570731699467
0.59024387598
0.546341478825
0.575609743595
0.600000023842
0.663414657116
0.546341478825
0.595121979713
0.619512200356
0.639024376869
0.556097567081
0.639024376869
0.648780465126
0.624390244484
0.668292701244
0.619512200356
0.585365831852
0.619512200356
0.629268288612
0.643902420998
0.585365831852
0.580487787724
0.658536612988
0.619512200356
0.624390244484
0.59024387598
0.59024387598
0.575609743595
0.634146332741
0.624390244484
0.634146332741
0.629268288612
0.59024387598
0.56097561121
0.629268288612
0.585365831852
0.653658509254
0.619512200356
0.643902420998
0.570731699467
0.643902420998
0.585365831852
0.648780465126
0.643902420998
0.614634156227
0.600000023842
0.629268288612
0.551219522953
0.653658509254
0.629268288612
0.575609743595
0.658536612988
0.653658509254
0.580487787724
0.575609743595
0.619512200356
0.639024376869
0.59024387598
0.648780465126
0.609756112099
0.643902420998
0.643902420998
0.600000023842
0.687804877758
0.60487806797
0.614634156227
0.59024387598
0.648780465126
0.59024387598
0.639024376869
0.643902420998
0.619512200356
0.609756112099
0.60487806797
0.59024387598
0.634146332741
0.60487806797
0.673170745373
0.585365831852
0.619512200356
0.634146332741
0.629268288612
0.629268288612
0.624390244484
0.60487806797
0.565853655338
0.624390244484
0.60487806797
0.609756112099
0.624390244484
0.600000023842
0.629268288612
0.619512200356
0.663414657116
0.68292683363
0.600000023842
0.624390244484
0.595121979713
0.619512200356
0.595121979713
0.614634156227
0.600000023842
0.585365831852
0.59024387598
0.575609743595
0.600000023842
0.614634156227
0.526829242706
0.585365831852
0.609756112099
0.629268288612
0.639024376869
0.639024376869
0.575609743595
0.600000023842
0.648780465126
0.541463434696
0.639024376869
0.595121979713
0.595121979713
0.619512200356
0.609756112099
0.663414657116
0.634146332741
0.643902420998
0.619512200356
0.643902420998
0.624390244484
0.585365831852
0.609756112099
0.600000023842
0.60487806797
0.624390244484
0.619512200356
0.575609743595
0.600000023842
0.60487806797
0.60487806797
0.59024387598
0.643902420998
0.60487806797
0.643902420998
0.619512200356
0.600000023842
0.595121979713
0.624390244484
