0.690810799599
0.688526451588
0.68468272686
0.681458711624
0.677910208702
0.670971393585
0.668597102165
0.660821259022
0.651489198208
0.649052917957
0.646051466465
0.63061696291
0.630070328712
0.620443344116
0.612077951431
0.60740250349
0.584481835365
0.582014083862
0.5746139884
0.555062949657
0.550026774406
0.547894537449
0.521863341331
0.516172528267
0.514360249043
0.487383663654
0.480052858591
0.46541801095
0.454937398434
0.446685910225
0.397698462009
0.409551471472
0.419805139303
0.382827877998
0.381829023361
0.377790302038
0.374514728785
0.390599280596
0.365929216146
0.346024662256
0.355679422617
0.307141065598
0.342907190323
0.323686897755
0.338748991489
0.313516914845
0.283754348755
0.289642602205
0.276042312384
0.3293607831
0.241253063083
0.29462942481
0.292447596788
0.351091921329
0.280334681273
0.290492743254
0.295694798231
0.253673017025
0.256381630898
0.321704059839
0.291515380144
0.314903080463
0.331523776054
0.287255346775
0.258421301842
0.242482274771
0.348348557949
0.318458676338
0.294629573822
0.255897939205
0.285082489252
0.372268080711
0.247021749616
0.27063664794
0.281462550163
0.279226064682
0.277542978525
0.227982863784
0.284016281366
0.282654523849
0.261732459068
0.265899479389
0.254548996687
0.227576687932
0.328362077475
0.257611006498
0.317607760429
0.325212240219
0.279223114252
0.262250214815
0.239268213511
0.27089458704
0.27578124404
0.308421105146
0.294911950827
0.257454931736
0.25750631094
0.245940640569
0.267178058624
0.280205219984
0.326996356249
0.279481321573
0.283345520496
0.314299046993
0.229241922498
0.261116653681
0.307949870825
0.261495500803
0.245799541473
0.283371150494
0.276029586792
0.292937815189
0.29091244936
0.242299944162
0.321678221226
0.279869049788
0.314040333033
0.29382956028
0.23883458972
0.293806582689
0.233704522252
0.303689211607
0.257006466389
0.264804601669
0.277336597443
0.281032651663
0.313460350037
0.246163025498
0.247943341732
0.238162711263
0.258568704128
0.266976982355
0.255437046289
0.287161767483
0.255877524614
0.237159505486
0.28271690011
0.299320399761
0.303126811981
0.219064071774
0.256985127926
0.263639718294
0.282616049051
0.259180575609
0.257033526897
0.178225949407
0.243557676673
0.229316562414
0.265903562307
0.242652863264
0.230605244637
0.329311460257
0.279941499233
0.251192033291
0.247070297599
0.254312843084
0.249080643058
0.285724699497
0.25423297286
0.262815475464
0.271301150322
0.239808052778
0.281006932259
0.234413549304
0.276268571615
0.242147341371
0.256006896496
0.256057560444
0.231913149357
0.230594724417
0.255780398846
0.241775766015
0.274418890476
0.256249457598
0.298750907183
0.212191238999
0.222073957324
0.251884698868
0.254978090525
0.230845376849
0.277683824301
0.242774382234
0.233711823821
0.256369531155
0.250736296177
0.250651896
0.232376784086
0.226963639259
0.226501092315
0.282509714365
0.310114920139
0.239960461855
0.214941367507
0.237762674689
0.235681951046
0.226004526019
0.255900859833
0.268473148346
0.226506322622
0.277591317892
0.265214979649
0.263018608093
0.228857427835
0.273063480854
0.283496558666
0.316909849644
0.223613679409
0.244799360633
0.233123257756
0.244329914451
0.225598707795
0.244834199548
0.252191841602
0.258247643709
0.256026506424
0.224064424634
0.297516971827
0.233760297298
0.247762277722
0.275630891323
0.22648230195
0.278940081596
0.248273462057
0.290899395943
0.197750598192
0.279879152775
0.296664178371
0.274910748005
0.229395523667
0.254645287991
0.238709390163
0.26459312439
0.214212700725
0.220665633678
0.229969471693
0.237574651837
0.272660404444
0.216992080212
0.215267911553
0.219671562314
0.214122116566
0.220932602882
0.226839497685
0.214586645365
0.227348104119
0.213632941246
0.264148533344
0.19075332582
0.283872067928
0.271287053823
0.248115390539
0.202315434813
0.215817719698
0.247985184193
0.23708383739
0.249995723367
0.254600316286
0.196979433298
0.265836685896
0.227641552687
0.266142696142
0.24850076437
0.250973165035
0.216623589396
0.319617897272
0.208545938134
0.263317972422
0.264286100864
0.261015295982
0.252063274384
0.223576724529
0.210044890642
0.224984019995
0.264448404312
0.296566963196
0.234021112323
0.225549429655
0.273836344481
0.200301617384
0.219897866249
0.237545147538
0.173809111118
0.237017095089
0.26111766696
0.257744908333
0.23869651556
0.274758845568
0.261738330126
0.236605003476
0.223015755415
0.199399664998
0.280464112759
0.210802033544
0.255051165819
0.263825565577
0.259228736162
0.275961786509
0.199595153332
0.208658576012
0.242810174823
0.23244856298
0.208137363195
0.268839478493
0.223309442401
0.190208747983
0.249651744962
0.263830900192
0.218830689788
0.242625236511
0.218723684549
0.269900918007
0.277275294065
0.223332509398
0.235108941793
0.236250042915
0.234135553241
0.200691670179
0.286866426468
0.198502495885
0.236061930656
0.205745011568
0.316516399384
0.181528255343
0.268649339676
0.217458978295
0.200906813145
0.238531351089
0.240573719144
0.232460573316
0.215009406209
0.216019228101
0.270573049784
0.176099568605
0.260558485985
0.271622896194
0.236266642809
0.181997850537
0.292940199375
0.230793908238
0.236494779587
0.269019544125
0.273531079292
0.211935207248
0.209988176823
0.209710910916
0.251849770546
0.246130466461
0.249292567372
0.20462590456
0.250796943903
0.278402000666
0.231243431568
0.225075080991
0.236416220665
0.243815928698
0.298128783703
0.255273252726
0.233545348048
0.242400214076
0.206380829215
0.2668864429
0.276439070702
0.219792097807
0.212024182081
0.194107204676
0.218422681093
0.205971315503
0.224949643016
0.198225036263
0.218646854162
0.265977889299
0.249164193869
0.268140107393
0.238973781466
0.18323983252
0.216441705823
0.272644519806
0.226409003139
0.231495410204
0.18519435823
0.250325113535
0.206665039062
0.254387170076
0.229317083955
0.235555887222
0.226387619972
0.309163630009
0.195756003261
0.284473925829
0.230644330382
0.204123154283
0.257481247187
0.215928837657
0.230936005712
0.24428896606
0.264691799879
0.237077072263
0.189237341285
0.20363137126
0.20039345324
0.241844251752
0.213799148798
0.216724902391
0.204582244158
0.218952268362
0.214017167687
0.243156805634
0.214281350374
0.194585695863
0.215383797884
0.259537756443
0.219857782125
0.231283083558
0.216121658683
0.235231503844
0.175934657454
0.195007488132
0.212173357606
0.198629841208
0.225052505732
0.272069871426
0.26683947444
0.21139511466
0.264234155416
0.235116705298
0.244602233171
0.238317355514
0.284148514271
0.183033719659
0.263282775879
0.210004046559
0.220816269517
0.237665146589
0.245537474751
0.251273840666
0.275298029184
0.199172243476
0.211454585195
0.1899869591
0.224627241492
0.262553304434
0.22240909934
0.232892289758
0.227232888341
0.238065317273
0.255478262901
0.211488604546
0.216508165002
0.22273299098
0.213419362903
0.281930088997
0.22669197619
0.199064984918
0.229596108198
0.226503059268
0.192368254066
0.212957963347
0.214504405856
0.179850310087
0.246871650219
0.285845339298
0.225636258721
0.206565275788
0.185850337148
0.172997355461
0.253533065319
0.198331266642
0.221762314439
0.190120562911
0.224461138248
0.238018736243
0.194160714746
0.258807241917
0.291542172432
0.223963350058
0.276165276766
0.261721253395
0.242037817836
0.214058384299
0.252787321806
0.239320129156
0.222461044788
0.238723754883
0.240566909313
0.269355475903
0.233096495271
0.211059316993
0.262484580278
0.262960106134
0.209172263741
0.238213956356
0.216091141105
0.191548421979
0.250757545233
0.244860842824
0.256400436163
0.233517587185
0.203737363219
0.184166938066
0.236154913902
