0.69318395853
0.692241251469
0.69130307436
0.690328359604
0.689295947552
0.688201189041
0.687063395977
0.685840368271
0.6845510602
0.683161020279
0.681678652763
0.680111169815
0.678434491158
0.676634550095
0.674717903137
0.672640323639
0.670350968838
0.667776703835
0.664847791195
0.661512434483
0.657759308815
0.653543591499
0.648937821388
0.643939554691
0.638544499874
0.632644951344
0.62610667944
0.619103431702
0.611683964729
0.60368347168
0.595111012459
0.585938513279
0.576043486595
0.56571996212
0.554962337017
0.543758094311
0.532103598118
0.520106673241
0.508997738361
0.498298674822
0.487716704607
0.477848112583
0.468471467495
0.459265947342
0.449945658445
0.440584570169
0.431835412979
0.424283593893
0.416649013758
0.409258544445
0.402680546045
0.396820217371
0.390975683928
0.385144591331
0.380288541317
0.37553101778
0.370708495378
0.365849852562
0.361313760281
0.356903582811
0.352099984884
0.3471596241
0.342183917761
0.33721446991
0.332103997469
0.326786279678
0.321624815464
0.316378086805
0.310799092054
0.305418729782
0.299953848124
0.294093698263
0.288604736328
0.282639861107
0.276955425739
0.271101683378
0.2650603652
0.259082257748
0.252782583237
0.24630099535
0.23994448781
0.23317989707
0.226613119245
0.219728589058
0.212881848216
0.205789506435
0.198554992676
0.191292122006
0.183931902051
0.176586836576
0.169278562069
0.162039071321
0.154795572162
0.147725656629
0.140795528889
0.134065896273
0.127421408892
0.121019616723
0.114863961935
0.108978606761
0.10335163027
0.0980657339096
0.0931016877294
0.0884731188416
0.0841520354152
0.0801436975598
0.0764569044113
0.0730565339327
0.0699397772551
0.0670782402158
0.0644325613976
0.0619852952659
0.059705067426
0.0575759746134
0.0555813312531
0.0537010207772
0.0519000813365
0.0501267425716
0.0483787916601
0.0467364527285
0.045057233423
0.0434512272477
0.0419016331434
0.0404701977968
0.0391758717597
0.0379818640649
0.0368983000517
0.0359108150005
0.0349994190037
0.0341556817293
0.0333736948669
0.0326589532197
0.0320024043322
0.0314271599054
0.0308908317238
0.0304173454642
0.0299778804183
0.0295925457031
0.0292474143207
0.02892793715
0.028645215556
0.0283893719316
0.0281614251435
0.0279568582773
0.0277700312436
0.0275986641645
0.0274433996528
0.0273034963757
0.0271778609604
0.0270662344992
0.0269655231386
0.0268730837852
0.0267891716212
0.0267133247107
0.0266450457275
0.0265823975205
0.02652300708
0.026468841359
0.0264178197831
0.0263709425926
0.0263281650841
0.0262885726988
0.0262508522719
0.0262145400047
0.0261874068528
0.0261601544917
0.0261361673474
0.0261036492884
0.0260772891343
0.0260456427932
0.0260294433683
0.0259965527803
0.0259718038142
0.0259512066841
0.0259243361652
0.0259066578001
0.0258764084429
0.0258600488305
0.0258352700621
0.0258063152432
0.0257896706462
0.0257579032332
0.0257394462824
0.0257115866989
0.0257011465728
0.0256848204881
0.0256725084037
0.0256451033056
0.0256464034319
0.0256241355091
0.0256130378693
0.0255801379681
0.0255854204297
0.0255453642458
0.025544764474
0.0255239717662
0.0254936218262
0.025484001264
0.0254530906677
0.0254338029772
0.0254124682397
0.0253937598318
0.0253812689334
0.0253730397671
0.0253560971469
0.0253356285393
0.0253206342459
0.0252998396754
0.0252779070288
0.025264814496
0.0252500157803
0.0252191796899
0.0252440422773
0.0252059660852
0.0252130180597
0.025195999071
0.0251602660865
0.0251381266862
0.0251268967986
0.0251039899886
0.0251087378711
0.0250938553363
0.0250591877848
0.0250394381583
0.0250440668315
0.0249997414649
0.0250036641955
0.0249879993498
0.024953564629
0.0249216575176
0.0249210633337
0.0248837452382
0.0248836874962
0.0248644016683
0.024827266112
0.0248255319893
0.0247932635248
0.0247714966536
0.0247610528022
0.0247319992632
0.0247023366392
0.024712851271
0.0246818643063
0.0246912259609
0.0246769394726
0.0246360264719
0.0245813690126
0.0246219411492
0.0245349947363
0.0245329719037
0.0245171748102
0.0244819894433
0.0244405250996
0.024435620755
0.0243915449828
0.0243742521852
0.0243518874049
0.0243172757328
0.02429414168
0.0242648217827
0.0242359340191
0.0242147520185
0.024185732007
0.0241676773876
0.0241523832083
0.0241417586803
0.0241054762155
0.0240571983159
0.0241006016731
0.0240263342857
0.0240359418094
0.0240188986063
0.0239741392434
0.0239120721817
0.023873956874
0.0239096786827
0.0238220337778
0.0238401927054
0.0238304883242
0.0237899646163
0.0237232726067
0.0236483011395
0.0236726533622
0.0235820300877
0.0235605202615
0.0235391389579
0.0234984401613
0.0234468560666
0.0234173350036
0.0233962871134
0.0233485251665
0.0233367662877
0.0233124922961
0.0232711937279
0.0232215113938
0.0231982469559
0.0231572818011
0.0231214575469
0.0230918973684
0.0230554230511
0.0230262670666
0.0229835156351
0.0229453295469
0.0229170657694
0.0228862203658
0.0228605661541
0.0228231158108
0.0227767471224
0.02276449278
0.0227077398449
0.0226802472025
0.0226422268897
0.0225957259536
0.0225655771792
0.0225152466446
0.022484479472
0.0224445722997
0.0224027764052
0.0223663114011
0.0223179254681
0.0222788713872
0.022234711796
0.02220014669
0.0221531353891
0.022112512961
0.0220654923469
0.0220363270491
0.0219977907836
0.0219726283103
0.021928768605
0.02186739631
0.0218141786754
0.0218098834157
0.021724531427
0.0217051096261
0.0216611661017
0.0215935520828
0.0215240344405
0.021520761773
0.0214296337217
0.0214013550431
0.0213592909276
0.0212986823171
0.0212321579456
0.0211717355996
0.0211459584534
0.0210657902062
0.0210180673748
0.0209704041481
0.0209113378078
0.0208464171737
0.0207865163684
0.0207367874682
0.0206683315337
0.0206288192421
0.020573310554
0.0204990860075
0.0204273592681
0.020387114957
0.0203035697341
0.0202587097883
0.0201936345547
0.0201079230756
0.0200008992106
0.0199694521725
0.0199201721698
0.0198575817049
0.0197899267077
0.0197061989456
0.0196041520685
0.0195219684392
0.0194500871003
0.0193783920258
0.0192955508828
0.0192184876651
0.0191372986883
0.0190655235201
0.0189872272313
0.0188896786422
0.0188079867512
0.0187162626535
0.0186357367784
0.018540898338
0.0184463597834
0.0183550883085
0.0182680115104
0.0181771460921
0.0180930569768
0.0180092155933
0.0178900212049
0.0177746731788
0.0176818966866
0.0175818540156
0.0175014026463
0.017398416996
0.017289403826
0.0171640682966
0.0170748643577
0.0169341824949
0.016828648746
0.0167230498046
0.0166001413018
0.0164737086743
0.0163727588952
0.016228178516
0.01608771272
0.0159273780882
0.0157536547631
0.0155717171729
0.0153928725049
0.0152107654139
0.0150329554453
0.0148352272809
0.0146288089454
0.0143977580592
0.0141994496807
0.0139842517674
0.0137594640255
0.0135273141786
0.0132801681757
0.0130208106712
0.0127555532381
0.012486143969
0.0122333494946
0.0119575290009
0.0116822198033
0.0114007750526
0.0111189922318
0.0108356410637
0.0105348490179
0.0102707622573
0.0100166266784
0.0097890291363
0.00955942086875
0.00933896377683
0.00926678907126
0.00917475391179
0.00906941946596
0.00895272661
0.00882414449006
0.00868592038751
0.00854144897312
0.00839353445917
0.00826937984675
0.00814172532409
0.00801098439842
0.00787724927068
0.00774051202461
0.0076008150354
0.00745778717101
0.00731119373813
0.00716078840196
0.00702195381746
0.00692609045655
0.00686024362221
0.00679409410805
0.00672776531428
0.00666602142155
0.00660584168509
0.00654638325796
0.00648748641834
0.0064290817827
0.00637128157541
0.00631377007812
0.00625634239987
0.00619899248704
0.00614151963964
0.00609235046431
0.00607879646122
0.00606528762728
0.00605188310146
0.00603859312832
0.00602543633431
0.0060124443844
0.00599968852475
0.00598718225956
0.00597490975633
0.00596288638189
0.00595110980794
0.0059396061115
0.00592837063596
0.00591737125069
0.00590659398586
0.00589601462707
0.0058856299147
0.00587542448193
0.00586539320648
0.00585552258417
0.00584579166025
0.0058362102136
0.00582676567137
0.00581745058298
0.00580825284123
0.00579917477444
0.00579019356519
0.00578131619841
0.00577253010124
0.00576382828876
0.00575520237908
0.00574665376917
0.00573818199337
0.00572977820411
0.00572145543993
0.00571328727528
0.00570517173037
0.00569710461423
0.00568908639252
0.00568110821769
0.00567317893729
0.00566529948264
0.00565747730434
0.00564969936386
0.00564194936305
0.00563424173743
0.00562655925751
0.00561891961843
0.00561131210998
0.00560373207554
0.00559618650004
0.00558866467327
0.00558117497712
0.00557371228933
0.0055662766099
0.00555886561051
0.00555148813874
0.00554413441569
0.00553680583835
0.00552950333804
0.00552222318947
0.00551496911794
0.00550774252042
0.00550053408369
0.00549335731193
0.00548619357869
0.0054790568538
0.00547194480896
0.00546485092491
0.00545778637752
0.00545073440298
0.00544371502474
0.00543670589104
0.00542972516268
0.00542276119813
0.00541582377627
0.00540889939293
0.00540199968964
0.00539511628449
0.00538826035336
0.00538142072037
0.00537460204214
0.00536779640242
0.00536101963371
0.00535425776616
0.00534751825035
0.00534079642966
0.00533409463242
0.00532741192728
0.00532074598595
0.00531410239637
0.00530993426219
0.00530148250982
0.00529484217986
0.00528854411095
0.00528224091977
0.00527593214065
0.00526961311698
0.00526328012347
0.00525693502277
0.00525058433414
0.00524422386661
0.00523786246777
0.00523150153458
0.00522514106706
0.005218797829
0.00521245971322
0.00520613230765
0.00519982120022
0.00519352592528
0.00518724415451
0.00518097914755
0.00517472717911
0.00516848964617
0.00516226468608
0.00515605462715
0.0051498580724
0.00514367595315
0.00513750687242
0.00513134710491
0.00512520642951
0.00511907506734
0.00511295907199
0.00510685099289
0.00510075967759
0.00509468559176
0.00508862128481
0.00508284382522
0.00507713109255
0.00507145142183
0.00506579922512
0.00506017776206
0.00505457492545
0.00504900282249
0.00504345074296
0.00503792567179
0.00503241457045
0.00502693140879
0.00502146221697
0.00501601677388
0.00501058762893
0.00500517245382
0.00499978056177
0.00499439891428
0.00498903775588
0.00498369103298
0.0049783536233
0.00497303809971
0.00496773188934
0.00496244383976
0.00495715951547
0.00495190173388
0.00494665186852
0.00494141736999
0.00493619265035
0.00493097864091
0.00492577767
0.00492059020326
0.00491541996598
0.00491025252268
0.00490510417148
0.00489996466786
0.00489483540878
0.00488971546292
0.00488461181521
0.00487951980904
0.00487443152815
0.0048693632707
0.00486430106685
0.00485925050452
0.00485421111807
0.00484918057919
0.00484416307881
0.00483915442601
0.0048341602087
0.00482916785404
0.00482419179752
0.0048192255199
0.00481427041814
0.0048093246296
0.00480438536033
0.00479945866391
0.00479454221204
0.00478963553905
0.00478474004194
0.00477985339239
0.00477497279644
0.00477010570467
0.00476524652913
0.00476039806381
0.00475556030869
0.00475072581321
0.00474590575323
0.00474109407514
0.00473629171029
0.00473150005564
0.00472671119496
0.00472193909809
0.00471717305481
0.00471242098138
0.00470766564831
0.00470293033868
0.00469819968566
0.00469348067418
0.00468876538798
0.00468405988067
0.00467936694622
0.0046746772714
0.00466999551281
0.00466532632709
0.00466066459194
0.00465671718121
0.0046515292488
0.00464704306796
0.00464254803956
0.00463804788888
0.00463354075328
0.00462903780863
0.0046245297417
0.00462001701817
0.00461550848559
0.00461099622771
0.00460648955777
0.00460198288783
0.0045974762179
0.0045929714106
0.00458846846595
0.00458397343755
0.00457948073745
0.00457498989999
0.0045705055818
0.00456602266058
0.00456154439598
0.00455707637593
0.0045526092872
0.00454814732075
0.00454369187355
0.00453924154863
0.00453479867429
0.0045303623192
0.00452592875808
0.00452150590718
0.00451708445325
0.0045126718469
0.00450826482847
0.00450386572629
0.00449946941808
0.00449508382007
0.00449069868773
0.00448632519692
0.00448195822537
0.00447759684175
0.0044732359238
0.00446889176965
0.00446582399309
0.00446319486946
0.00446060160175
0.00445804744959
0.00445552077144
0.00445302436128
0.00445055868477
0.0044481116347
0.00444568647072
0.00444328086451
0.00444089388475
0.0044385236688
0.00443616509438
0.00443382328376
0.0044314917177
0.00442917412147
0.00442686583847
0.004424569197
0.00442227721214
0.00441999686882
0.00441772397608
0.00441545248032
0.00441319169477
0.00441093510017
0.00440868875012
0.00440644053742
0.00440420070663
0.00440196460113
0.00439973548055
0.00439750542864
0.00439528096467
0.00439306162298
0.0043908492662
0.00438863318413
0.00438642269
0.00438421452418
0.00438200868666
0.00437980983406
0.00437760772184
0.00437541026622
0.0043732188642
0.00437102559954
0.00436883280054
0.00436664558947
0.00436446024105
0.00436227256432
0.00436009233817
0.00435791350901
0.0043557304889
0.00435355678201
0.00435138307512
0.00434920564294
0.00434703659266
0.00434486754239
0.00434270128608
0.00434053409845
0.00433836691082
0.00433620344847
0.00433404371142
0.00433188583702
0.00432972842827
0.0043275677599
0.00432541407645
0.0043232566677
0.00432110950351
0.00431895488873
0.00431680399925
0.00431465916336
0.00431251386181
0.00431036576629
0.00430822605267
0.0043060821481
0.00430394290015
0.00430180318654
0.00429966440424
0.00429753027856
0.00429539754987
0.00429325737059
0.00429112836719
0.00429091462865
0.00429070089012
0.00429048575461
0.00429027155042
0.00429005688056
0.00428984360769
0.00428963173181
0.00428941752762
0.00428920192644
0.00428898865357
0.00428877677768
0.00428856397048
0.00428835069761
0.00428813556209
0.00428792182356
0.00428770715371
0.00428749341518
0.00428727921098
0.00428706593812
0.00428685173392
0.00428663473576
0.00428641960025
0.00428620260209
0.00428598746657
0.00428577326238
0.00428555719554
0.00428533693776
0.0042851199396
0.00428490480408
0.00428468547761
0.00428447127342
0.00428425613791
0.00428403774276
0.00428382260725
0.00428360560909
0.00428338907659
0.00428316975012
0.00428295414895
0.00428273761645
0.00428251735866
0.00428229849786
0.00428208103403
0.00428186450154
0.00428164517507
0.00428142677993
0.00428120791912
0.00428098905832
0.0042807678692
0.0042805490084
0.00428032688797
0.0042801075615
0.00427988776937
0.00427966704592
0.00427944911644
0.00427922932431
0.00427900906652
0.00427879113704
0.00427856948227
0.00427834736183
0.0042781252414
0.00427790451795
0.00427768239751
0.00427746213973
0.00427724048495
0.00427701836452
0.00427679624408
0.00427657458931
0.00427635386586
0.00427613034844
0.00427590776235
0.00427568331361
0.00427545886487
0.00427523441613
0.00427500996739
0.00427478691563
0.00427456293255
0.00427434034646
0.0042741172947
0.00427389098331
0.0042736697942
0.0042734448798
0.0042732222937
0.00427299784496
0.00427277339622
0.00427254941314
0.00427232449874
0.00427209865302
0.00427187234163
0.00427164463326
0.00427142018452
0.0042711943388
0.00427096616477
0.00427073985338
0.00427051307634
0.00427028769627
0.0042700599879
0.00426983367652
0.00426960457116
0.00426937825978
0.00426915334538
0.00426892517135
0.00426869979128
0.00426846882328
0.00426824204624
0.00426801433787
0.0042677866295
0.00426755985245
0.00426732795313
0.00426709931344
0.00426687113941
0.00426664482802
0.00426641572267
0.00426618428901
0.00426595611498
0.00426572375
0.004265492782
0.00426526507363
0.00426503596827
0.00426480360329
0.00426457403228
0.00426434492692
0.00426411582157
0.00426388392225
0.00426365388557
0.00426342245191
0.00426319241524
0.00426296098158
0.0042627286166
0.00426249811426
0.00426226574928
0.00426203105599
0.00426180055365
0.00426156818867
0.00426133675501
0.00426110159606
0.00426087155938
0.00426063966006
0.00426040589809
0.00426017213613
0.00425993837416
0.0042597046122
0.00425946991891
0.00425923615694
0.00425900239497
0.00425876863301
0.00425853393972
0.00425829924643
0.00425806408748
0.00425783032551
0.00425759609789
0.00425736000761
0.00425712531433
0.0042568910867
0.00425665779039
0.00425642170012
0.0042561837472
0.0042559504509
0.00425571249798
0.00425547640771
0.00425524031743
0.00425500189885
0.00425476487726
0.00425452785566
0.00425429362804
0.00425405567512
0.00425381585956
0.0042535783723
0.0042533413507
0.00425310526043
0.00425286451355
0.00425262516364
0.00425238953903
0.00425215112045
0.00425191409886
0.0042516742833
0.00425143679604
0.00425119977444
0.00425096182153
0.00425072340295
0.00425047986209
0.00425024144351
0.00424999929965
0.00424975901842
0.0042495210655
0.00424927799031
0.00424903957173
0.00424879882485
0.00424855854362
0.0042483182624
0.00424807751551
0.0042478358373
0.00424759369344
0.00424735434353
0.00424711452797
0.00424687331542
0.00424663256854
0.00424638949335
0.00424614595249
0.00424590380862
