0.692653596401
0.691605806351
0.691096782684
0.689957082272
0.686515450478
0.685523211956
0.681772828102
0.678247272968
0.677576005459
0.673131644726
0.670856893063
0.667483985424
0.662242591381
0.661141514778
0.65639603138
0.653176665306
0.649779319763
0.643389880657
0.64180290699
0.637947738171
0.635389089584
0.628283560276
0.622090280056
0.622027337551
0.609466433525
0.604276180267
0.601289093494
0.600105702877
0.588175714016
0.589718937874
0.583240926266
0.580416917801
0.577241122723
0.563512861729
0.566359341145
0.5542973876
0.556347966194
0.54625338316
0.5378652215
0.538139641285
0.528750479221
0.526911854744
0.519264936447
0.516402363777
0.516063213348
0.506710231304
0.499902874231
0.488606065512
0.493269026279
0.490169167519
0.470092266798
0.4809666574
0.467192709446
0.462379962206
0.463010698557
0.465249508619
0.451488226652
0.450890213251
0.440501451492
0.430928736925
0.441793143749
0.439255416393
0.42628583312
0.421571195126
0.419555038214
0.414608180523
0.412267804146
0.399694740772
0.404231667519
0.402529358864
0.392073243856
0.393102884293
0.401411175728
0.383686631918
0.387206405401
0.37509483099
0.373097270727
0.37088355422
0.380203723907
0.366840600967
0.377508252859
0.360130608082
0.367486894131
0.346816390753
0.367886215448
0.351248681545
0.347344964743
0.33751347661
0.336884737015
0.342694342136
0.349655508995
0.336176395416
0.325767576694
0.329851776361
0.3333145082
0.321715861559
0.333579689264
0.315729290247
0.321832209826
0.305848479271
0.324073970318
0.326806932688
0.311178207397
0.32208609581
0.313304841518
0.303849190474
0.301643192768
0.306965380907
0.311125695705
0.310121804476
0.303824663162
0.306251376867
0.305763721466
0.297018110752
0.290866494179
0.292095959187
0.283816665411
0.293116211891
0.280727058649
0.290674209595
0.283785969019
0.283319950104
0.286906182766
0.285769850016
0.273467242718
0.297966063023
0.267347157001
0.274175345898
0.270513772964
0.268674463034
0.273160427809
0.275043666363
0.274412781
0.267024576664
0.266591489315
0.273649126291
0.263908594847
0.267341405153
0.278076797724
0.267516374588
0.256008058786
0.259605407715
0.265216559172
0.257998287678
0.268670529127
0.266488701105
0.259806245565
0.256418734789
0.250612795353
0.260303884745
0.251128077507
0.25091317296
0.243337497115
0.263131856918
0.248076587915
0.269569814205
0.247639134526
0.238280445337
0.246541664004
0.246514394879
0.248858496547
0.248009696603
0.234100088477
0.234934464097
0.239752843976
0.240074053407
0.246767506003
0.240331709385
0.239917233586
0.229730471969
0.24214091897
0.22799500823
0.23595623672
0.245771199465
0.24002584815
0.240284919739
0.230101644993
0.222508609295
0.241730108857
0.230295673013
0.239213526249
0.236460953951
0.230081498623
0.225407198071
0.237930074334
0.23592428863
0.236330211163
0.223022311926
0.217387318611
0.217024862766
0.215905085206
0.216895386577
0.227528050542
0.212508350611
0.231054589152
0.217456415296
0.210184037685
0.219771936536
0.213606268167
0.216042116284
0.213486239314
0.212113842368
0.211764216423
0.211088493466
0.214260607958
0.219169259071
0.208510518074
0.201922237873
0.205809548497
0.224385485053
0.209348201752
0.213663756847
0.212087646127
0.203051686287
0.213343843818
0.200983598828
0.21109212935
0.217353567481
0.199828594923
0.199873834848
0.205531537533
0.200574100018
0.204682588577
0.198293551803
0.208525314927
0.198187306523
0.203178331256
0.198427513242
0.20151117444
0.19763469696
0.189195662737
0.199179843068
0.189082145691
0.197567641735
0.189461037517
0.193313211203
0.197710677981
0.195307701826
0.199703216553
0.188370287418
0.198375046253
0.186727270484
0.182326450944
0.186544433236
0.193726405501
0.188822180033
0.188938319683
0.178012043238
0.185561090708
0.186207771301
0.179147556424
0.177599966526
0.187198996544
0.190032422543
0.192642450333
0.186453327537
0.174186259508
0.182120978832
0.190739810467
0.188100159168
0.187932491302
0.176669687033
0.190324649215
0.17495585978
0.186468169093
0.182622179389
0.179237738252
0.17999625206
0.188138201833
0.176382914186
0.186340779066
0.170663625002
0.181919708848
0.180356025696
0.190099284053
0.171118810773
0.17352476716
0.170990601182
0.180897638202
0.187302261591
0.175388261676
0.168828234076
0.174833551049
0.184408128262
0.169173300266
0.174513414502
0.19810757041
0.194424897432
0.164703771472
0.171316996217
0.167098194361
0.158633679152
0.165156364441
0.165272817016
0.162508949637
0.1723767519
0.165444642305
0.171552672982
0.166034340858
0.16491754353
0.1639996171
0.167592003942
0.164303556085
0.178942278028
0.160183608532
0.155978009105
0.162550657988
0.160552203655
0.158304646611
0.165308132768
0.156871959567
0.167424589396
0.162678644061
0.156690254807
0.157039776444
0.164127334952
0.168184161186
0.155410528183
0.154942631721
0.155659198761
0.164355501533
0.161543011665
0.161724701524
0.164484083652
0.170510903001
0.164822682738
0.162241816521
0.152876913548
0.163798749447
0.154386237264
0.163107603788
0.162850916386
0.150324955583
0.158189207315
0.1557071805
0.155174940825
0.152878940105
0.14819085598
0.148012965918
0.157006591558
0.155400007963
0.162961900234
0.147508665919
0.163488030434
0.149479195476
0.152273416519
0.156263619661
0.151896879077
0.151622772217
0.139946654439
0.148828342557
0.147221580148
0.14921104908
0.155993416905
0.144272267818
0.142706021667
0.156222239137
0.146371409297
0.145683586597
0.151852205396
0.16322799027
0.142173752189
0.147366687655
0.143665790558
0.145298331976
0.143349245191
0.145690903068
0.145517587662
0.151693955064
0.141121387482
0.146412134171
0.144205197692
0.160587474704
0.146563887596
0.134519442916
0.137670829892
0.144186332822
0.152814552188
0.137204423547
0.147844851017
0.152939125896
0.14135786891
0.138238474727
0.136773958802
0.136748373508
0.13417416811
0.129565015435
0.137621104717
0.128623530269
0.141348302364
0.147195309401
0.140964061022
0.134619966149
0.132038399577
0.132339388132
0.137775689363
0.137502089143
0.14161260426
0.139503866434
0.143469333649
0.129477918148
0.13502754271
0.127402946353
0.125242859125
0.128734618425
0.123383253813
0.122028425336
0.128791958094
0.136495128274
0.123581670225
0.133626669645
0.122666932642
0.124469831586
0.12420374155
0.122179552913
0.131440401077
0.134765446186
0.133795276284
0.122750893235
0.121760837734
0.126421973109
0.120153658092
0.118918314576
0.139065295458
0.127924472094
0.136208280921
0.11875924468
0.132608801126
0.124946109951
0.11921017617
0.12422119081
0.118705913424
0.122375972569
0.123804852366
0.122357532382
0.138471707702
0.123806297779
0.128329977393
0.118008010089
0.11808475107
0.116436950862
0.125932261348
0.127322986722
0.115869231522
0.121955730021
0.114010356367
0.120353348553
0.127484276891
0.123135834932
0.118418104947
0.12879858911
0.11803419888
0.135901376605
0.119133368134
0.113516964018
0.114313691854
0.115164227784
0.117572680116
0.11647657305
0.110873252153
0.127665698528
0.127053260803
0.121854700148
0.120377160609
0.112056232989
0.130389392376
0.117072820663
0.122903436422
0.123452849686
0.120358705521
0.117089919746
0.118061363697
0.126272365451
0.113036811352
0.120969250798
0.112416408956
0.117778591812
0.112422004342
0.121119968593
0.118642061949
0.105894133449
0.10857155174
0.114633433521
0.11624417454
0.104429103434
0.114196926355
0.115723960102
0.125742465258
0.106585599482
0.110495090485
0.115052610636
0.109425224364
0.109764248133
0.10532784462
0.110284872353
0.105855256319
0.112891502678
0.110696874559
0.108975887299
0.111903347075
0.108993187547
0.119025573134
0.103875488043
0.107718519866
0.128060340881
0.118322774768
0.109967924654
0.108869224787
0.108621664345
0.106177128851
0.106389097869
0.113874167204
0.105901971459
0.104837156832
0.112167276442
0.0979505181313
0.108724415302
0.10470829159
0.104862399399
0.107952065766
0.0985433980823
0.107734955847
0.107213161886
0.105139330029
0.113646104932
0.10484649241
0.0991083085537
0.104018568993
0.100788801908
0.106316849589
0.101947374642
0.101104773581
0.10104931891
0.107064798474
0.0997583866119
0.0950357839465
0.0973875150084
0.101874098182
0.109767824411
0.107913322747
0.100004129112
0.0993531420827
0.0994252488017
0.106994330883
0.101355500519
0.0953551158309
0.112227007747
0.105969645083
0.1103862077
0.0993392914534
0.101049624383
0.09577716887
0.0995782092214
0.0971547812223
0.0997510403395
0.0933907777071
0.0902104824781
0.104959718883
0.103186361492
0.094081401825
0.0935120359063
0.0949474051595
0.0932850316167
0.0919216647744
0.0925574153662
0.0895581692457
0.100382559001
0.0968034341931
0.096807397902
0.100629575551
0.0911975577474
0.0991352945566
0.0965055152774
0.104058668017
0.0895030349493
0.0931572169065
0.0968973860145
0.0899517685175
0.0970806479454
0.11087192595
0.100393362343
0.0898967310786
0.0916935801506
0.102778501809
0.0887169465423
0.0901167914271
0.0992854237556
0.0969348847866
0.102518096566
0.092116907239
0.0911500826478
0.101871915162
0.114139467478
0.0996707975864
0.0915550813079
0.0887710750103
0.0889326334
0.0950979590416
0.0875781700015
0.105770371854
0.0838503018022
0.0937635377049
0.104717247188
0.0925995782018
0.0998094305396
0.0846216678619
0.0914284288883
0.0829553157091
0.0967094451189
0.0981914252043
0.0931880474091
0.0993493795395
0.0864737555385
0.0890062451363
0.0832886472344
0.10416136682
0.0841573402286
0.0831264555454
0.0851766318083
0.0976470261812
0.0860538929701
0.0866422727704
0.0847230926156
0.0925926864147
0.09156101197
0.0854947641492
0.111494526267
0.0789162814617
0.0845007002354
0.081177175045
0.0879397019744
0.0904944837093
0.0942234843969
0.0912771821022
0.0822450593114
0.0864810794592
0.0804531723261
0.0785274356604
0.10574696213
0.0801674947143
0.0833391696215
0.0906363129616
0.0883606150746
0.0907951891422
0.08619453758
0.0903922766447
0.0862692594528
0.0858794674277
0.0817494541407
0.0852482840419
0.0809268206358
0.0875004082918
0.0818621739745
0.0809209048748
0.0881036818027
0.082876548171
0.0821845605969
0.0977180749178
0.0968681722879
0.0881912633777
0.0945393666625
0.0847685262561
0.0836191475391
0.0823394954205
0.112026073039
0.085482083261
0.0858168080449
0.0852388441563
0.0856146067381
0.0778360441327
0.0872645527124
0.0802558362484
0.0789059177041
0.0846471488476
0.0839746817946
0.0817625671625
0.0809859335423
0.0949983149767
0.0911007001996
0.0844848752022
0.0850186571479
0.082137607038
0.0818136259913
0.0880498439074
0.0937695205212
0.0843518301845
0.0789738446474
0.0815493166447
0.0861394256353
0.0784786343575
0.0810478031635
0.0894375145435
0.0868961066008
0.0911595523357
0.0804228335619
0.094574585557
0.0817336142063
0.0872035771608
0.0832649767399
0.079869993031
0.0881925225258
0.0903005897999
0.0821501016617
0.084629163146
0.0839073732495
0.103105016053
0.0783489719033
0.0811183825135
0.0840799957514
0.0813263431191
0.0843392908573
0.0861271470785
0.0857777819037
0.08274333179
0.0808906629682
0.084229297936
0.0868580117822
0.0975177884102
0.092843234539
0.0909355357289
0.0769951716065
0.0784392952919
0.088671952486
0.0770121216774
0.0947892144322
0.0833370685577
0.0823764801025
0.0967475920916
0.0853529646993
0.0789603814483
0.0800742208958
0.081251360476
0.0897564738989
0.0815365687013
0.0876588970423
0.0823931246996
0.0806709080935
0.0881426632404
0.0867608338594
0.0941069051623
0.0843325555325
0.0816538482904
0.0818933099508
0.0961476266384
0.0860140472651
0.0945442169905
0.085253238678
0.0936776101589
0.0813319161534
0.0859152078629
0.0806869566441
0.082259491086
0.0873356536031
0.0939669534564
0.0800260603428
0.0857900083065
0.0783937573433
0.0771922022104
0.0894113853574
0.0930627211928
0.0900465548038
0.0995157510042
0.0943178161979
0.0970316082239
0.0797123983502
0.0788124650717
0.0832231119275
0.0813232064247
0.0809158012271
0.0894246548414
0.0784557312727
0.0804026350379
0.0788892805576
0.0889545753598
0.0887902975082
0.0841138884425
0.0822025611997
0.081746391952
0.0778920128942
0.0842059031129
0.0821845456958
0.0919546112418
0.0860458388925
0.0755525827408
0.0823631584644
0.0963181033731
0.100928291678
0.0868696570396
0.0763099789619
0.0760284513235
0.0839004144073
0.0854678675532
0.0899592489004
0.0778332427144
0.087409697473
0.0797794088721
0.0792379900813
0.0813356563449
0.0972813367844
0.0808981731534
