0.693147242069
0.692516803741
0.692002892494
0.691217184067
0.690923690796
0.689548075199
0.688836991787
0.68747574091
0.687142431736
0.686296284199
0.685121834278
0.684462070465
0.683472692966
0.682048499584
0.679590046406
0.679656684399
0.677993834019
0.674904704094
0.674488663673
0.673225045204
0.670663654804
0.669484972954
0.666082322598
0.666398406029
0.664107084274
0.661406040192
0.656993210316
0.653332531452
0.65401828289
0.650021016598
0.651447117329
0.644395232201
0.646146297455
0.641978740692
0.635068595409
0.638692557812
0.630226373672
0.624849319458
0.629367291927
0.616774439812
0.616130888462
0.614432215691
0.618111610413
0.599611699581
0.598308742046
0.595787525177
0.590792655945
0.604096889496
0.58514302969
0.59484744072
0.571278274059
0.584513068199
0.56775867939
0.579059660435
0.587159454823
0.572641074657
0.554868161678
0.583713650703
0.580697536469
0.555709302425
0.570556282997
0.548597335815
0.572468101978
0.551850795746
0.557817161083
0.568593263626
0.55438631773
0.557664871216
0.562108576298
0.547144830227
0.552529394627
0.532157421112
0.528511464596
0.550598323345
0.539753854275
0.565393149853
0.534927129745
0.528833210468
0.537186264992
0.538571000099
0.553478837013
0.523808717728
0.523013949394
0.521917581558
0.517025887966
0.510791897774
0.520156502724
0.518015503883
0.550581037998
0.525444567204
0.510120213032
0.536059558392
0.519739449024
0.497204363346
0.52836817503
0.517577946186
0.509332716465
0.533275127411
0.510148644447
0.502652466297
0.524720788002
0.569236338139
0.544068992138
0.489488303661
0.521796166897
0.529110372066
0.509970426559
0.499648034573
0.540397882462
0.543961524963
0.496705144644
0.502623796463
0.503946840763
0.545640587807
0.561306715012
0.500613987446
0.498838245869
0.518170237541
0.544396102428
0.476156949997
0.474401980639
0.510624945164
0.535821557045
0.475742518902
0.510599851608
0.515880942345
0.534039378166
0.47991836071
0.501965582371
0.494662135839
0.485768169165
0.476577013731
0.489324808121
0.521190464497
0.47246208787
0.488592982292
0.485890448093
0.49777790904
0.468136191368
0.466094553471
0.516156554222
0.484250932932
0.504107713699
0.472509086132
0.485624432564
0.482627272606
0.472791939974
0.481950551271
0.453583478928
0.465191662312
0.487396746874
0.462736040354
0.47423273325
0.441707670689
0.508938133717
0.476286232471
0.474209666252
0.459690183401
0.449550539255
0.454761922359
0.48531627655
0.489308208227
0.465697795153
0.440654546022
0.502106964588
0.468487113714
0.451696485281
0.490871250629
0.462535172701
0.449685007334
0.435036599636
0.45551225543
0.461108058691
0.439855366945
0.486668914557
0.440415918827
0.466119617224
0.455800563097
0.493292987347
0.442585855722
0.430916160345
0.439350932837
0.440602809191
0.49746093154
0.450006961823
0.430791378021
0.446115344763
0.43912166357
0.484188139439
0.444040060043
0.467425763607
0.479577213526
0.424706578255
0.480690956116
0.427146583796
0.449885368347
0.436022162437
0.444981276989
0.4361127913
0.429667949677
0.482946395874
0.450898826122
0.459631621838
0.472050279379
0.445145905018
0.437171757221
0.489722490311
0.460224658251
0.412407070398
0.430995821953
0.434213191271
0.449922353029
0.449300765991
0.458364278078
0.466580659151
0.467219680548
0.477873712778
0.451132416725
0.436161696911
0.424114614725
0.425567626953
0.460140615702
0.435885608196
0.448823422194
0.455848038197
0.426944345236
0.399276137352
0.44874471426
0.429671943188
0.418006747961
0.432651638985
0.437602639198
0.451838344336
0.436317741871
0.434848427773
0.439536124468
0.457170724869
0.403982460499
0.446618318558
0.45201677084
0.443387210369
0.396086782217
0.390114605427
0.465464442968
0.458541065454
0.432709634304
0.43612536788
0.405674695969
0.415761947632
0.402650862932
0.427324384451
0.448705434799
0.417560994625
0.389405190945
0.406500458717
0.416495263577
0.429561257362
0.424568682909
0.437003344297
0.379250079393
0.433344572783
0.423677384853
0.449712097645
0.42676204443
0.417055368423
0.474533289671
0.469389110804
0.435543239117
0.415555506945
0.410714894533
0.420684784651
0.444781571627
0.39555734396
0.438237041235
0.41013199091
0.437608897686
0.413998126984
0.464801132679
0.39748826623
0.413984119892
0.402986437082
0.434945970774
0.44381082058
0.417047679424
0.400071829557
0.458811938763
0.402901619673
0.446573019028
0.43267121911
0.471665322781
0.436338573694
0.406875550747
0.411432474852
0.43840521574
0.434951335192
0.434456497431
0.414107531309
0.459849685431
0.452040016651
0.426069229841
