0.71695715189
0.731406807899
0.697486102581
0.693610012531
0.665722191334
0.674158930779
0.669938862324
0.67234057188
0.673200666904
0.666819036007
0.676572024822
0.670252978802
0.671659171581
0.676864266396
0.67912453413
0.667943298817
0.661814749241
0.674321472645
0.667285144329
0.663288116455
0.651813685894
0.676878392696
0.66918951273
0.655434131622
0.657390892506
0.686087608337
0.671281933784
0.66550719738
0.658336341381
0.656325340271
0.663794517517
0.660478830338
0.661784648895
0.656817913055
0.648473381996
0.651669561863
0.651671111584
0.670440554619
0.672371029854
0.652764439583
0.640074789524
0.646735429764
0.642641246319
0.648843288422
0.640810310841
0.639678120613
0.650229096413
0.64586108923
0.633806943893
0.64588868618
