0.732674479485
0.691345155239
0.651600062847
0.644323587418
0.625390648842
0.620608747005
0.608017504215
0.60540753603
0.586517572403
0.572940647602
0.559419155121
0.57142406702
0.539630353451
0.537623465061
0.503391087055
0.512874305248
0.524394333363
0.518531262875
0.514379799366
0.495431184769
0.447832405567
0.468994498253
0.465249359608
0.427711457014
0.427877426147
0.404846400023
0.408417195082
0.445513278246
0.420256346464
0.392392665148
0.408816635609
0.381469249725
0.35947406292
0.359790325165
0.373008430004
0.367161154747
0.395934909582
0.388984382153
0.337494641542
0.395262748003
0.347033381462
0.353618234396
0.333272308111
0.364651054144
0.32320150733
0.346138864756
0.346280813217
0.325659513474
0.352648705244
0.345339894295
0.300985187292
0.290351808071
0.304181098938
0.330853641033
0.299607992172
0.318688392639
0.321093082428
0.293169558048
0.3256098032
0.301140010357
0.283958077431
0.286253601313
0.265858560801
0.322787284851
0.332374274731
0.298818022013
0.248864591122
0.290699928999
0.262292653322
0.324612677097
0.27395477891
0.322518438101
0.260316759348
0.285335898399
0.238322779536
0.251332014799
0.250833928585
0.267409861088
0.278076022863
0.254397898912
0.262321442366
0.253864198923
0.274145036936
0.237011924386
0.247545182705
0.252269774675
0.228625327349
0.249155089259
0.269524842501
0.272416323423
0.272438555956
0.284158378839
0.2803568542
0.235194772482
0.237166970968
0.25882640481
0.216459840536
0.205406278372
0.232577472925
0.200284689665
0.300057113171
0.182468041778
0.198731511831
0.201377406716
0.252700597048
0.248032867908
0.218400403857
0.280109405518
0.237502917647
0.261754095554
0.220813170075
0.209287315607
0.256205290556
0.250653386116
0.226447835565
0.196150138974
0.216374188662
0.194792494178
0.199602514505
0.18944953382
0.2442612499
0.177347719669
0.215130925179
0.204002097249
0.22259581089
0.226436138153
0.225207582116
0.187922298908
0.205102652311
0.153529345989
0.192823946476
0.184694766998
0.165455073118
0.206849485636
0.20602414012
0.202852487564
0.208917200565
0.170047104359
0.184800118208
0.222342312336
0.21763394773
0.216327801347
0.251230686903
0.249823391438
0.221209362149
0.20269086957
0.234841018915
0.199274301529
0.164915665984
0.216708615422
0.213167741895
0.198701098561
0.235492572188
0.225012630224
0.163406744599
0.159080937505
0.168894425035
0.18772752583
0.177802950144
0.170183062553
0.196461126208
0.200181052089
0.200272902846
0.161102190614
0.171229496598
0.176203757524
0.180620312691
0.132829070091
0.183233231306
0.138682186604
0.245934456587
0.169757455587
0.200976058841
0.193101972342
0.143174842
0.141385510564
0.201199024916
0.142369940877
0.14526116848
0.161118283868
0.171121060848
0.211509734392
0.138543397188
0.148268476129
0.218887075782
0.139146432281
0.134843602777
0.163352459669
0.145499095321
0.18013933301
0.149740040302
0.137388750911
0.146296232939
0.170429751277
0.136722654104
0.171441093087
0.19686858356
0.162322446704
0.14772836864
0.146263301373
0.144450217485
0.173730820417
0.171274647117
0.117882028222
0.174181625247
0.108934819698
0.140329986811
0.179999619722
0.119723752141
0.145197093487
0.159981325269
0.204438522458
0.101063676178
0.146335959435
0.156090453267
0.123684942722
0.169917404652
0.13004103303
0.152954131365
0.167960882187
0.129581347108
0.114184655249
0.134778350592
0.189929336309
0.151797324419
0.124709621072
0.140692397952
0.124864496291
0.136847838759
0.138733416796
0.176501259208
0.150473743677
0.158240303397
0.115924991667
0.162065163255
0.118218071759
0.145667269826
0.192719757557
0.166766792536
0.132326886058
0.103083021939
0.16911534965
0.164309337735
0.097508892417
0.115848742425
0.100234538317
0.107193395495
0.141308903694
0.147567987442
0.173377379775
0.104785010219
0.145534068346
0.121502377093
0.086897931993
0.0982561334968
0.135883837938
0.100058473647
0.120784647763
0.0868671908975
0.141941651702
0.118941225111
0.130314946175
0.124711304903
0.109095975757
0.231094688177
0.128826677799
0.0977749302983
0.151528328657
0.116906367242
0.166079699993
0.113226860762
0.140056103468
0.151205599308
0.150193244219
0.170344263315
0.169967278838
0.157513439655
0.203382924199
0.139457061887
0.155348017812
0.093538030982
0.184219747782
0.125996246934
0.161359623075
0.0980310589075
0.1603474617
0.16172875464
0.15012216568
0.084894105792
0.127539023757
0.0837967395782
0.0837640538812
0.162873715162
0.146248742938
0.146840795875
0.101642690599
0.0955014973879
0.117961019278
0.12800784409
0.114268615842
0.180427491665
0.120729900897
0.152054786682
0.121809758246
0.0918226838112
0.104992114007
0.154508531094
0.150474593043
0.1129739061
0.151005193591
0.145051881671
0.180817976594
0.0886758416891
0.208473443985
0.103331848979
0.214003533125
0.0946758240461
0.122603558004
0.097179196775
0.0994280576706
0.0904528275132
0.126209422946
0.0952324271202
0.134639635682
0.0907905101776
0.0962148159742
0.105126693845
0.0792502090335
0.0908903479576
0.087760284543
0.189319700003
0.100479461253
0.0830443203449
0.0815058201551
0.0990183278918
0.0645926520228
0.129543051124
0.149660974741
0.237173259258
0.0870093032718
0.0931449830532
0.127577960491
0.102626889944
0.0948259308934
0.0758559703827
0.103508979082
0.123004548252
0.0968726277351
0.162756845355
0.103135079145
0.118786267936
0.139968186617
0.0718075931072
0.112447068095
0.140989467502
0.186146020889
0.109417773783
0.133859470487
0.126440003514
0.174444258213
0.130205214024
0.167044177651
0.115568608046
0.149204224348
0.0775725767016
0.105335660279
0.0960972681642
0.13101221621
0.0935516655445
0.123927921057
0.0961501225829
0.097434386611
0.128666192293
0.0779080465436
0.124450311065
0.132434666157
0.0950862243772
0.1357062608
0.0910430327058
0.110671646893
0.107596121728
0.0979220718145
0.0907343402505
0.0662726908922
0.0925900787115
0.0888582989573
0.101366572082
0.139745056629
0.131437286735
0.0714673697948
0.0884293168783
0.135138854384
0.180099189281
0.0810013264418
0.098849542439
0.11181461066
0.0874335095286
0.0554334819317
0.165588855743
0.11612405628
0.102534532547
0.085322022438
0.152819961309
0.0906220152974
0.0810739919543
0.154563680291
0.0549779385328
0.124100789428
0.123576156795
0.128027141094
0.121356204152
0.100480988622
0.0705373063684
0.113275572658
0.106485113502
0.13117057085
0.139994770288
0.112428180873
0.0979626998305
0.110117897391
0.140349075198
0.0520968176425
0.0795278474689
0.137325361371
0.125306457281
0.0849338322878
0.0840799435973
0.0606503933668
0.140056803823
0.0971392169595
0.153187006712
0.0723777115345
0.0787398070097
0.0851269066334
0.219078153372
0.0910829529166
0.0568861365318
0.118924751878
0.0900134593248
0.144730105996
0.111836366355
0.0762856304646
0.0694217160344
0.0723690763116
0.101898692548
0.152716502547
0.0821192488074
0.102003633976
0.149338468909
0.13918787241
0.0864894688129
0.102451726794
0.0862611979246
0.128884091973
0.0952758342028
0.103623978794
0.115331046283
0.0631274357438
0.131447643042
0.0745440945029
0.0743141025305
0.10657311976
0.0439554899931
0.0953353568912
0.114523358643
0.10246579349
0.137863129377
0.0848298147321
0.0615897476673
0.116208396852
0.077621653676
0.107634216547
0.125189051032
0.0879736468196
0.067351795733
0.110720343888
0.114680431783
0.0843910872936
0.0699321478605
0.0888613760471
0.124803386629
0.0938045680523
0.0946861803532
0.094039067626
0.075573220849
0.1198477
0.0865763425827
0.0677023604512
0.0529913306236
0.099750906229
0.0621958188713
0.118214897811
0.110028319061
0.0921773687005
0.119203455746
0.106235556304
0.139419689775
0.118873558939
0.185444205999
0.07553037256
