0.69313955307
0.6931027174
0.692877352238
0.692850232124
0.69254386425
0.693549871445
0.692521035671
0.692911267281
0.692817568779
0.693173289299
0.692960321903
0.691559135914
0.692678451538
0.69338876009
0.692484200001
0.692156672478
0.692320764065
0.692262589931
0.692202985287
0.691884338856
0.691229820251
0.692596971989
0.691801428795
0.691456258297
0.691550195217
0.691639065742
0.691840112209
0.691212713718
0.690841436386
0.691169381142
0.690489113331
0.690347075462
0.690125703812
0.690493524075
0.690059602261
0.690291106701
0.68925267458
0.689215660095
0.689211070538
0.688574194908
0.689248502254
0.689106106758
0.689503908157
0.688993453979
0.689131557941
0.688181579113
0.688184916973
0.688214242458
0.686173379421
0.687201082706
0.687681913376
0.686577796936
0.683766961098
0.684622585773
0.684405207634
0.684779644012
0.682620882988
0.682122707367
0.683502078056
0.683535397053
0.681871294975
0.681322038174
0.682292282581
0.68045347929
0.680984437466
0.680375397205
0.678474247456
0.678342700005
0.676579475403
0.678279459476
0.678418397903
0.677263140678
0.678746640682
0.677732169628
0.67859017849
0.674025535583
0.674389481544
0.673013210297
0.673328518867
0.66795361042
0.672452747822
0.671181261539
0.670604288578
0.669324398041
0.671605408192
0.670615434647
0.665685534477
0.66417324543
0.666213274002
0.665625870228
0.668085634708
0.661713242531
0.661497116089
0.661806821823
0.664107322693
0.664232850075
0.661454558372
0.65720975399
0.656992554665
0.656679749489
0.654272735119
0.652327358723
0.651675105095
0.651206731796
0.653621912003
0.65374147892
0.649931550026
0.653212964535
0.645223200321
0.650376796722
0.642771363258
0.642989456654
0.647748410702
0.645547270775
0.64981508255
0.644236326218
0.640645086765
0.641422152519
0.638727545738
0.639709591866
0.630913794041
0.64577460289
0.641846418381
0.636786043644
0.639077246189
0.636885046959
0.636612176895
0.632858216763
0.630167603493
0.63810312748
0.637427568436
0.638366103172
0.631460487843
0.631630122662
0.634201467037
0.634334206581
0.628844201565
0.627691924572
0.626249909401
0.623353600502
0.619557738304
0.625364422798
0.61906671524
0.635700106621
0.623259067535
0.62709492445
0.621368169785
0.615591943264
0.610788166523
0.625297427177
0.620428264141
0.626550197601
0.620472550392
0.613182485104
0.613224923611
0.624169051647
0.626608490944
0.627144575119
0.616265535355
0.622700154781
0.617902338505
0.614779412746
0.611632585526
0.621334373951
0.620060324669
0.613958716393
0.610545814037
0.610360145569
0.62372481823
0.616604328156
0.617721676826
0.612342834473
0.603924751282
0.606315076351
0.601819336414
0.59987616539
0.618584632874
0.614119291306
0.611686348915
0.607387423515
0.604313015938
0.615209460258
0.613258302212
0.600709438324
0.617242455482
0.600458443165
0.601481199265
0.605320572853
0.592401504517
0.59671074152
0.610457897186
0.599414229393
0.605594754219
0.595421850681
0.6072229743
0.59758323431
0.595261514187
0.59328776598
0.604077398777
0.600071370602
0.581614136696
0.596014380455
0.585293292999
0.593833982944
0.58921700716
0.610025465488
0.603253543377
0.590427577496
0.592629373074
0.589398026466
0.603831470013
0.600755751133
0.592242538929
0.587627470493
0.571531891823
0.582893431187
0.584355831146
0.594721734524
0.601318717003
0.580806255341
0.584909677505
0.580574572086
0.581123232841
0.576632916927
0.58630156517
0.58575206995
0.579641819
0.579829752445
0.578798234463
0.57488489151
0.580082416534
0.580452680588
0.574492871761
0.569070160389
0.573680579662
0.575807273388
0.578876554966
0.576498806477
0.571921765804
0.569034457207
0.561646640301
0.557369947433
0.56733083725
0.565876722336
0.564052522182
0.582477450371
0.563687562943
0.554366528988
0.57720464468
0.576812803745
0.566519737244
0.565485835075
0.552947342396
0.567399978638
0.5675137043
0.560662269592
0.555785179138
0.55827152729
0.563035666943
0.572521030903
0.558450102806
0.546970546246
0.558208942413
0.552739799023
0.555529534817
0.553087413311
0.539369225502
0.53687953949
0.567715585232
0.547370970249
0.550621449947
0.568871080875
0.532523691654
0.546204447746
0.551216542721
0.54611158371
0.526882171631
0.557425796986
0.543283760548
0.563749194145
0.536122620106
0.536243617535
0.525741994381
0.541170597076
0.545648813248
0.5207285285
0.522650301456
0.542626798153
0.527356564999
0.526526331902
0.510332047939
0.520895242691
0.529406189919
0.526921093464
0.525182723999
0.506684303284
0.517946541309
0.525749862194
0.532185673714
0.5040974617
0.538184046745
0.524577796459
0.51600086689
0.536473333836
0.513672709465
0.493846952915
0.510667622089
0.494821757078
0.505480051041
0.533811092377
0.501345932484
0.512847602367
0.51112729311
0.494499951601
0.522119402885
0.50427120924
0.529807925224
0.519365012646
0.494837939739
0.5242639184
0.493122518063
0.503091931343
0.49126803875
0.508137643337
0.50589710474
0.482115924358
0.48243239522
0.503841459751
0.50493055582
0.521710157394
0.50088852644
0.514251708984
0.486375838518
0.488622486591
0.475591272116
0.505318105221
0.49035230279
0.496060490608
0.481713205576
0.505240440369
0.499282062054
0.458584815264
0.488354504108
0.479164242744
0.480364739895
0.500823318958
0.483446121216
0.490001320839
0.477188050747
0.475764006376
0.459942698479
0.482516288757
0.463249474764
0.449341714382
0.468823105097
0.477265357971
0.452165186405
0.477638691664
0.465328007936
0.490938961506
0.45608958602
0.453595429659
0.467136144638
0.472420752048
0.456654250622
0.456633806229
0.466956168413
0.460883617401
0.485883802176
0.441899418831
0.437047630548
0.474099725485
0.445626527071
0.471304476261
0.452165901661
0.437241792679
0.46465075016
0.425612211227
0.43971607089
0.448879629374
0.457994818687
0.473140537739
0.435146391392
0.438316762447
0.432234942913
0.43960660696
0.430046796799
0.43558549881
0.434093654156
0.411728680134
0.435312569141
0.421165168285
0.441317200661
0.425359249115
0.422204971313
0.432059168816
0.422284752131
0.451737195253
0.438459336758
0.415559709072
0.440722793341
0.407823443413
0.438768684864
0.409587740898
0.414173603058
0.419150412083
0.393969267607
0.40974894166
0.408508360386
0.434882462025
0.418554127216
0.3978279531
0.412320762873
0.401156663895
0.391520619392
0.406604200602
0.379680067301
0.401990801096
0.403922885656
0.421586424112
0.397635370493
0.426875531673
0.392796963453
0.393893569708
0.3695730865
0.41870445013
0.392446905375
0.412427514791
0.424554973841
0.404063522816
0.383649587631
0.402764081955
0.395291447639
0.395116120577
0.394252985716
0.405701458454
0.388279974461
0.381008952856
0.419374555349
0.380996823311
0.391645431519
0.360135048628
0.387568771839
0.391465872526
0.409358024597
0.404225975275
0.382129877806
0.392733842134
0.407442182302
0.420727014542
0.422609239817
0.392589062452
0.396978020668
0.392256647348
0.37752071023
0.388331860304
0.382624328136
0.374612718821
0.377686411142
0.404727905989
0.369868576527
0.379339009523
0.366729140282
0.358145266771
0.375006020069
0.389284431934
0.379606038332
0.411857634783
0.403370708227
0.348247259855
0.373399466276
0.43846476078
0.338042259216
0.374522507191
0.369403064251
0.326173365116
0.369776666164
0.4115883708
0.347097605467
0.352007716894
0.399960845709
0.381713539362
0.385408759117
0.377375543118
0.366816610098
0.361483603716
0.370063215494
0.399891167879
0.402360498905
0.353330820799
0.359882235527
0.359433203936
0.347105622292
0.350161105394
0.378575086594
0.355506032705
0.37657469511
0.33818307519
0.335548877716
0.367349922657
0.360171705484
0.347493588924
0.359242498875
0.336465030909
0.351701617241
0.330751001835
0.355343073606
0.34822678566
0.348796069622
0.342849165201
0.351603925228
0.314578235149
0.385119408369
0.35201343894
0.347176611423
0.335823267698
0.355895698071
0.318343013525
0.351991266012
0.350366353989
0.351062893867
0.342021018267
0.329327732325
0.340635806322
0.409550249577
0.349747002125
0.383343279362
0.325941801071
0.387569069862
0.334394067526
0.360733538866
0.332925260067
0.354804188013
0.331385046244
0.351518034935
0.330221146345
0.353107362986
0.339427262545
0.351682424545
0.32777133584
0.363352864981
0.333650648594
0.315027743578
0.35733628273
0.311323612928
0.31328612566
0.329009056091
0.301886290312
0.346296370029
0.299928307533
0.279222935438
0.322583019733
0.340778619051
0.285977303982
0.371095955372
0.33744263649
0.336496710777
0.335710227489
0.339293956757
0.353723108768
0.331017106771
0.31338390708
0.314182072878
0.309754699469
0.331166744232
0.354194819927
0.322254896164
0.365802526474
0.333304554224
0.316071748734
0.340985924006
0.32408246398
0.288284480572
0.332819759846
0.294706285
0.322958499193
0.405735224485
0.286122500896
0.303349524736
0.317615151405
0.294529467821
0.316164940596
0.299596339464
0.36525696516
0.29146707058
0.29319691658
0.353896677494
0.379659354687
0.325552999973
0.297687441111
0.297400027514
0.307170808315
0.316182285547
0.282045841217
0.300625562668
0.293705433607
0.321948349476
0.299566209316
0.324407875538
0.28624227643
0.304733604193
0.395081579685
0.312844216824
0.319733709097
0.32125210762
0.313024759293
0.295578151941
0.327722400427
0.309976547956
0.314423650503
0.337521731853
0.29569286108
0.323028504848
0.335823923349
0.310432165861
0.287846595049
0.333368629217
0.347878068686
0.278264433146
0.272798269987
0.32840359211
0.28720676899
0.274075955153
0.327889412642
0.306277960539
0.315792322159
0.362688094378
0.302606195211
0.346417486668
0.289537519217
0.326440602541
0.311784952879
0.337456762791
0.302622675896
0.286939024925
0.302089482546
0.316398918629
0.27832326293
0.292511403561
0.309058874846
0.312118470669
0.300026416779
0.291209876537
0.256175100803
0.295032441616
0.294000566006
0.286977469921
0.300384879112
0.285840302706
0.297877043486
0.267908781767
0.276851177216
0.321235388517
0.302124172449
0.303571015596
0.278866171837
0.283000439405
0.303283572197
0.294896006584
0.297785460949
0.29487490654
0.306271016598
0.3088542521
0.342346936464
0.311634778976
0.305470019579
0.320932030678
0.323623597622
0.281417906284
0.355954647064
0.277164846659
0.296700805426
0.310648798943
0.28665599227
0.298904031515
0.312619030476
0.300235062838
0.314078271389
0.332839161158
0.324037760496
0.2744589746
0.279802948236
0.251853972673
0.324345201254
0.299228727818
0.331848889589
0.281803041697
0.284942895174
0.309097349644
0.24896903336
0.267808437347
0.298401653767
0.303168177605
0.290975928307
0.328514516354
0.254343032837
0.266023218632
0.349409252405
0.256604939699
0.331094920635
0.333108812571
0.342784464359
0.289666414261
0.317775011063
0.284894943237
0.288373321295
0.292551636696
0.275417387486
0.276213347912
0.328966975212
0.295560091734
0.321779578924
0.299522846937
0.28462189436
0.28565877676
0.330284297466
0.27178478241
0.304744333029
0.307413041592
0.327772200108
0.284219741821
0.268000394106
0.266819685698
0.290667444468
0.279734045267
0.280417352915
0.320082098246
0.306615501642
0.268122941256
0.274254351854
0.36341637373
0.288496404886
0.297613680363
0.30723553896
0.303191542625
0.281512081623
0.294592708349
0.285391569138
0.276211321354
0.357627987862
0.280368864536
0.295318156481
0.248145014048
0.30153542757
0.267236292362
0.285389453173
0.303192079067
0.285770058632
0.304422557354
0.266387969255
0.333999156952
0.285023421049
0.32252407074
0.274310201406
0.321762502193
0.304655343294
0.292365252972
0.282559126616
0.335118860006
0.351587921381
0.312617599964
0.287718325853
0.332770437002
0.305059820414
0.312388271093
0.29844212532
0.278073966503
0.330679476261
0.267821460962
0.292597413063
0.325753629208
0.284816324711
0.312299251556
0.288315743208
0.328090161085
0.277924060822
0.2975256145
0.264639467001
0.308334589005
0.321923822165
0.300257474184
0.315705984831
0.291335195303
0.299006849527
0.293130040169
0.316995829344
0.292382031679
0.267839938402
0.279825598001
0.254811793566
0.276777684689
0.330396026373
0.310115605593
0.259093016386
0.302815705538
0.331974506378
0.318037003279
0.288431793451
0.327301472425
0.257198750973
