0.675010859966
0.665920078754
0.657107174397
0.649077951908
0.641024231911
0.633138358593
0.62548738718
0.618389606476
0.611206293106
0.603918612003
0.596160233021
0.587844312191
0.579355895519
0.571198105812
0.562824845314
0.554061233997
0.54525077343
0.53648942709
0.527831077576
0.519190430641
0.510157823563
0.50081551075
0.491293251514
0.481693357229
0.472123891115
0.462182760239
0.451977849007
0.441895782948
0.431576609612
0.421131491661
0.410553485155
0.400388658047
0.390082001686
0.379631757736
0.369356155396
0.359191566706
0.348781615496
0.338211715221
0.32756793499
0.316833764315
0.306319534779
0.295818001032
0.28549349308
0.275014013052
0.265044391155
0.255589783192
0.246389448643
0.237254709005
0.228378996253
0.219900518656
0.211565673351
0.203733056784
0.19648642838
0.189077928662
0.181821539998
0.174481093884
0.167189478874
0.159895434976
0.152859315276
0.145753145218
0.139214262366
0.132933139801
0.1271584481
0.121728010476
0.116392299533
0.111526340246
0.106644533575
0.10205733031
0.0977141186595
0.0935773327947
0.0895761549473
0.0859792008996
0.0825780332088
0.07919164747
0.0759095326066
0.0726512596011
0.0692689418793
0.0661365613341
0.0630577355623
0.0600764676929
0.0572225898504
0.0544546693563
0.0516539588571
0.0489391386509
0.0462994910777
0.0437560752034
0.0414006710052
0.0392889454961
0.037381157279
0.0356823839247
0.0338803231716
0.0321640186012
0.0307904873043
0.0294502042234
0.028095073998
0.0268891174346
0.0258224494755
0.024704951793
0.0236227568239
0.0225721597672
0.0216582547873
0.0207564383745
0.0198581181467
0.0190588384867
0.0182315483689
0.0174272730947
0.0167207140476
0.0160326212645
0.0153391696513
0.0147439418361
0.0142058106139
0.0136684188619
0.0131624871865
0.0126390522346
0.0122231598943
0.0117934206501
0.0114356074482
0.0110699106008
0.0107167130336
0.0103861019015
0.0100588807836
0.00973552186042
0.00946854054928
0.00918777566403
0.00888300780207
0.00865336414427
0.00837601814419
0.00814338680357
0.00792855862528
0.00767775857821
0.0074651343748
0.00728418305516
0.00710846390575
0.00697687361389
0.00681754620746
0.00663252733648
0.00647976109758
0.00637907069176
0.00620181113482
0.00605855928734
0.00597553933039
0.00583909917623
0.00568964751437
0.00559660978615
0.00548586668447
0.00535797979683
0.00526380492374
0.00517109129578
0.00506510771811
0.00497049372643
0.00488144252449
0.0047995573841
0.00470671569929
0.00463439803571
0.0045461896807
0.0044660307467
0.00440824124962
0.00431452132761
0.004244659096
0.00418408913538
0.00411443319172
0.00404518935829
0.0039914236404
0.0039284909144
0.00385724636726
0.00380413699895
0.00376171595417
0.00369841302745
0.0036422458943
0.00359007157385
0.00354805868119
0.00349922990426
0.00345184211619
0.00340023823082
0.00335518526845
0.00330749317072
0.00327744428068
0.00323025765829
0.00317301158793
0.00315290433355
0.0031033330597
0.00306080281734
0.00302981887944
0.00298053352162
0.00294617260806
0.00291336025111
0.00287640793249
0.00284756091423
0.00281335948966
0.00277685653418
0.00275028333999
0.00271337898448
0.00267778080888
0.00266741518863
0.00263681239448
0.00258813775145
0.00256283255294
0.00253873225302
0.00250362837687
0.00247817276977
0.00245652603917
0.00242303498089
0.00239822105505
0.00237876712345
0.00234462204389
0.00232068495825
0.00229791062884
0.00227211602032
0.00224922597408
0.00222046207637
0.00219344254583
0.00216877344064
0.0021389152389
0.00210845191032
0.0020781676285
0.0020419661887
0.00201123114675
0.00197732471861
0.00194971833844
0.00191411387641
0.00188588083256
0.00185816548765
0.00182507140562
0.00179582717828
0.00177275587339
0.00173997646198
0.00171607441735
0.00168889120687
0.00166510429699
0.00164321961347
0.00162150652613
0.00159398291726
0.00157621141989
0.0015545146307
0.00153610529378
0.00151810154784
0.00150056637358
0.0014839960495
0.00146687508095
0.00145024817903
0.00143423490226
0.00141583685763
0.00140545517206
0.00139448151458
0.00137819256634
0.00136156869121
0.00135407305788
0.001338770031
0.00132649159059
0.00131146830972
0.00130262342282
0.00129027559888
0.00127542833798
0.00126789789647
0.00125658977777
0.00124252622481
0.00123028084636
0.00122341490351
0.00120944355149
0.00120201462414
0.00119183154311
0.00117550289724
0.00116993754636
0.00116298208013
0.00114795053378
0.00113976630382
0.00112974364311
0.00111665751319
0.00111102918163
0.00109936716035
0.00108602654655
0.00108321174048
0.00107483880129
0.00106463825796
0.00106003705878
0.00105031463318
0.00103496434167
0.00102386623621
0.00101496546995
0.00101115333382
0.00100396934431
0.000989680876955
0.000980595592409
0.000977349583991
0.00096629478503
0.000958137912676
0.000949387729634
0.000941990001593
0.000934928364586
0.000928190478589
0.000918806123082
0.000911755894776
0.000904804328457
0.000897655554581
0.000889509508852
0.000881848856807
0.000875927740708
0.000869092298672
0.000862541550305
0.000857224571519
0.000851848046295
0.000842607871164
0.000838194799144
0.000832276826259
0.000824085669592
0.000817734922748
0.000812290003523
0.000806872267276
0.000799645320512
0.000794016756117
0.000788167468272
0.000782661605626
0.000777473556809
0.000769783568103
0.000765362521634
0.000759193731938
0.000754188455176
0.000748902268242
0.000742614385672
0.000739586364944
0.000731875770725
0.000727491569705
0.00072365347296
0.000716488983016
0.000711921660695
0.000710149062797
0.000703667232301
0.000697752111591
0.000692518719006
0.000687441788614
0.000683179998305
0.000677974254359
0.000674492854159
0.000669765635394
0.000663081242237
0.000659022538457
0.000654154166114
0.000649171706755
0.000645475985948
0.000640321231913
0.000635488599073
0.000629028363619
0.000626349879894
0.00061927374918
0.000613150245044
0.000608484551776
0.000603210006375
0.000596640515141
0.000591765216086
0.000586347479839
0.000581201398745
0.000576325401198
0.000570630887523
0.000565008143894
0.000559691688977
0.000554859696422
0.000550812110305
0.000546287337784
0.000541624147445
0.000537716085091
0.000532960402779
0.000529500597622
0.000526708958205
0.000522523245309
0.000520724628586
0.000517055334058
0.00051173340762
0.000508206081577
0.000505511416122
0.000502580020111
0.000498645356856
0.000495694286656
0.000491938204505
0.000490182370413
0.000486666249344
0.000482556322822
0.000479522539536
0.00047574043856
0.000472743384307
0.000469703431008
0.000467672944069
0.000464089651359
0.000462753610918
0.000461419695057
0.000457296351669
0.000453130051028
0.000451191823231
0.000449055136414
0.000444899837021
0.000442706252215
0.000440216070274
0.00043677110807
0.000434574205428
0.00043216731865
0.000429643318057
0.00042699003825
0.000424796919106
0.000421642238507
0.000419046846218
0.000417397881392
0.000415223912569
0.000413245696109
0.000410846318118
0.000407917919802
0.000405073282309
0.000404977676226
0.000402009492973
0.000400048709707
0.000398284406401
0.000395163398935
0.000393380149035
0.000391194160329
0.000389179738704
0.000387654319638
0.000384167768061
0.000382548343623
0.000381007004762
0.000378149008611
0.000376087176846
0.000374088791432
0.000371922651539
0.000370190420654
0.000367770204321
0.000367290136637
0.000364042352885
0.000363795581507
0.000363541708793
0.000360589561751
0.000356604956323
0.000356641801773
0.000355132331606
0.000352247239789
0.000350926595274
0.000348580186255
0.000347368710209
0.000346493441612
0.000343911000527
0.000341940030921
0.00033955698018
0.000338439451298
0.000336664030328
0.000335371791152
0.00033373804763
0.000330944312736
0.000330265407683
0.000329522910761
0.000326566660078
0.00032498195651
0.00032338622259
0.000321578845615
0.000320183258737
0.000318390782923
0.000316307094181
0.000315076991683
0.000314544944558
0.000312532996759
0.000310865958454
0.000309492606902
0.000308616727125
0.000306391128106
0.000304928864352
0.000303197331959
0.000301716121612
0.000300294341287
0.000298454862786
0.000297727819998
0.000296051352052
0.000294232304441
0.000293965451419
0.000291419273708
0.000290678610327
0.000289796007564
0.000287604809273
0.00028607310378
0.000285111251287
0.000283882895019
0.000282291031908
0.000280704989564
0.000279634201434
0.00027796687209
0.000276980048511
0.000275726168184
0.000274505262496
0.000273497280432
0.000271564989816
0.000271044380497
0.000269225944066
0.000268659699941
0.000266835209914
0.000266445335001
0.00026560050901
0.000264189206064
0.000262747780653
0.000261311710346
0.00026013731258
0.000259060878307
0.000258274027146
0.000256652740063
0.000255548453424
0.000254342157859
0.000253714591963
0.000252379541053
0.00025132522569
0.000250591663644
0.000249207601883
0.000247954303632
0.000246803072514
0.000246177602094
0.000244781229412
0.000243673988734
0.000243363218033
0.00024209349067
0.000240537396166
0.00023988034809
0.00023892938043
0.000237530301092
0.000237057596678
0.000236149964621
0.000234829523833
0.000234231731156
0.000232664911891
0.000231647005421
0.000230966907111
0.000229795492487
0.00022864312632
0.000227929718676
0.000226830379688
0.000225785173825
0.000225301992032
0.000224175455514
0.000222982576815
0.00022246951994
0.0002214431006
0.00022022939811
0.000219543508138
0.000218839981244
0.000217810200411
0.000217060442083
0.000216042812099
0.000215634703636
0.000215041436604
0.000213835417526
0.000212730868952
0.000211821636185
0.000210769154364
0.000209839112358
0.000209110992728
0.000208400801057
0.000207788078114
0.000206654556678
0.000206114898901
0.000205234144232
0.00020404458337
0.000203494841116
0.000202876952244
0.000202142895432
0.00020125071751
0.000201056755031
0.000200075679459
0.000199327521841
0.000198710418772
0.000197624220164
0.000196915498236
0.000196237422642
0.000195400731172
0.000194802240003
0.000193909174413
0.000192900406546
0.000192367355339
0.000191572413314
0.000191017927136
0.00019019129104
0.000189239115571
0.000189366939594
0.00018835827359
0.00018720056687
0.000187050973182
0.000186313074664
0.000185398268513
0.000184379139682
0.000184059012099
0.000183665630175
0.00018243593513
0.000181733819772
0.000181019480806
0.00018069637008
0.000179993614438
0.000179007794941
0.000178398026037
0.000177981419256
0.000177085181349
0.000176224653842
0.000176040353836
0.000175337219844
0.000174311280716
0.000173907261342
0.000173203749
0.000172463391209
0.000171888605109
0.000171317689819
0.000170545463334
0.000169911829289
0.000169677194208
0.000168927552295
0.000168428043253
0.000167676364072
0.000167079851963
0.000166571975569
0.00016612491163
0.000165808130987
0.000165050296346
0.000164383382071
0.000163994714967
0.000163370248629
0.000162666896358
0.000162044161698
0.000161342541105
0.000161042771651
0.00016038857575
0.000160019015311
0.000159672563314
0.000158796756295
0.000158014605404
0.000158189650392
0.000157446615049
0.000156415611855
0.00015625206288
0.000155782530783
0.000154965848196
0.000154606605065
0.000154520210344
0.000153826171299
0.000152817039634
0.000152650027303
0.00015239273489
0.000151461950736
0.000150767635205
0.000150628533447
0.000150111940457
0.000149035622599
0.000149168932694
0.000149110943312
0.00014896565699
0.000148732593516
0.000148536244524
0.000148369115777
0.00014824027312
0.000148235922097
0.000148212799104
0.000148204038851
0.000148199833347
0.0001480961364
0.000147963146446
0.000147899801959
0.000147847444168
0.000147776954691
0.000147726590512
0.00014766046661
0.000147581493366
0.000147486789501
0.000147474114783
0.000147461410961
0.000147407845361
0.000147314596688
0.000147241749801
0.000147191938595
0.000147158410982
0.000147089594975
0.00014703006309
0.000146989754285
0.000146951773786
0.000146895414218
0.000146826729178
0.000146743477671
0.000146685837535
0.000146632883116
0.000146562699229
0.000146525067976
0.000146458856761
0.000146382459207
0.000146367528941
0.000146319056512
0.000146234975546
0.000146185266203
0.000146138481796
0.000146106234752
0.000146057034726
0.000145994810737
0.000145944359247
0.000145897662151
0.000145843383507
0.000145788464579
0.000145734404214
0.000145680314745
0.000145622427226
0.000145596030052
0.000145549871377
0.000145473793964
0.000145450292621
0.000145371057442
0.00014533715148
0.000145296857227
0.000145221580169
0.000145169004099
0.000145142650581
0.000145104000694
0.000145024212543
0.000144983932842
0.000144942343468
0.000144888836076
0.00014487504086
0.000144815741805
0.000144744946738
0.000144679463119
0.000144646430272
0.000144601523061
0.000144561912748
0.000144495250424
0.000144424295286
0.00014439545339
0.000144361809362
0.000144307763549
0.000144247096614
0.000144188146805
0.000144173798617
0.000144130535773
0.000144044999615
0.000143981873407
0.000143946468597
0.000143889512401
0.000143825265695
0.000143787896377
0.000143734156154
0.000143675439176
0.000143640194437
0.000143579061842
0.000143526209285
0.000143472760101
0.00014344434021
0.000143373821629
0.000143342083902
0.000143276905874
0.000143221725011
0.000143162746099
0.000143115699757
0.000143102573929
0.000143058001413
0.0001429929398
0.000142913457239
0.000142949982546
0.000142887365655
0.000142799937748
0.000142740391311
0.000142696328112
0.000142619537655
0.00014259503223
0.000142543387483
0.000142493459862
0.000142429809785
0.000142376346048
0.000142312361277
0.000142267977935
0.000142226810567
0.000142176577356
0.000142119097291
0.000142085715197
0.000142037824844
0.000141965691
0.000141930315294
0.000141852346133
0.000141847209306
0.000141786673339
0.00014170727809
0.000141696116771
0.000141653988976
0.0001415854058
0.000141504002386
0.000141460230225
0.000141424607136
0.000141381184221
0.000141315395012
0.000141282871482
0.000141248747241
0.000141157477628
0.000141113137943
0.000141084514325
0.000141027296195
0.000140952557558
0.000140912801726
0.000140876247315
0.000140840798849
0.000140756339533
0.000140725838719
0.000140720789204
0.000140612013638
0.000140546006151
0.000140543706948
0.000140486081364
0.000140412928886
0.000140342250234
