0.693269610405
0.692473948002
0.691573441029
0.690692424774
0.68988275528
0.689071416855
0.68827021122
0.687510192394
0.68684720993
0.686275780201
0.685867905617
0.685689926147
0.685631155968
0.685700953007
0.685692250729
0.685425043106
0.684996724129
0.683369576931
0.681667566299
0.678106248379
0.673928558826
0.666930019855
0.655457258224
0.639268755913
0.62259799242
0.598639905453
0.550964236259
0.530292987823
0.489342957735
0.46933183074
0.465925335884
0.461757004261
0.48138538003
0.441789060831
0.475522905588
0.456201732159
0.420205175877
0.442067921162
0.434374630451
0.434329360723
0.405079692602
0.440933674574
0.475314557552
0.390902906656
0.390475153923
0.409545868635
0.407476514578
0.396979510784
0.40180644393
0.41010722518
0.374374687672
0.398309111595
0.402166754007
0.385396659374
0.37972381711
0.416323363781
0.349329739809
0.366269618273
0.360114008188
0.356941044331
0.3709243536
0.363345235586
0.351955652237
0.379849016666
0.397400856018
0.381868094206
0.351427108049
0.332255214453
0.349971413612
0.359787136316
0.331491649151
0.338805794716
0.338738203049
0.330837279558
0.339250952005
0.32926222682
0.322991222143
0.3413015306
0.354548245668
0.344554841518
0.310928016901
0.33765155077
0.336082309484
0.396587461233
0.312528431416
0.303249537945
0.300379306078
0.313348829746
0.319520145655
0.304995656013
0.297853857279
0.318819642067
0.308360189199
0.296311050653
0.300930678844
0.29584056139
0.282801568508
0.350858151913
0.263983339071
0.247117057443
0.30911564827
0.266272008419
0.321558654308
0.276670187712
0.281284093857
0.303716152906
0.267374485731
0.269558876753
0.304017812014
0.315503686666
0.305624425411
0.326829254627
0.272604078054
0.310489475727
0.253917664289
0.261644721031
0.258521765471
0.293147474527
0.255466043949
0.320154130459
0.228547945619
0.256534636021
0.27373868227
0.257361710072
0.26255646348
0.286618113518
0.251047670841
0.220528766513
0.215111672878
0.235140472651
0.271769791842
0.228315189481
0.268995821476
0.239077612758
0.218285381794
0.271390914917
0.260878652334
0.244499906898
0.213344737887
0.243847355247
0.200276091695
0.242756769061
0.233658656478
0.26367482543
0.239392653108
0.236819639802
0.240439400077
0.201859727502
0.1935146451
0.211199223995
0.241031497717
0.215610042214
0.226452156901
0.260777771473
0.26717120409
0.192996457219
0.191466659307
0.209274888039
0.231974810362
0.179467245936
0.242351815104
0.220332562923
0.205648541451
0.181333363056
0.174559742212
0.209047332406
0.199869707227
0.202999398112
0.182427376509
0.219136685133
0.210619971156
0.183811351657
0.191418066621
0.233072549105
0.165583312511
0.176216423512
0.188453420997
0.215502113104
0.189123317599
0.217447683215
0.172351703048
0.173708513379
0.187086358666
0.220043286681
0.174198165536
0.228343948722
0.190706387162
0.191399380565
0.13722500205
0.149862468243
0.150260448456
0.177384525537
0.19383944571
0.19850024581
0.171510726213
0.226141095161
0.183740109205
0.188067942858
0.175221145153
0.163799658418
0.250507742167
0.186690017581
0.233489021659
0.191044911742
0.192454263568
0.227042645216
0.144302219152
0.173413977027
0.148523062468
0.131688296795
0.130768075585
0.196795359254
0.171458020806
0.16564078629
0.137084409595
0.147602036595
0.145854249597
0.182647928596
0.192454636097
0.155186057091
0.162679538131
0.130502983928
0.165004342794
0.17340284586
0.19615405798
0.14474029839
0.15043336153
0.165849715471
0.146728500724
0.150316566229
0.147271469235
0.163985550404
0.170483782887
0.143829718232
0.113289251924
0.17021985352
0.128374099731
0.137191951275
0.154590144753
0.167859226465
0.181605160236
0.0923373028636
0.152732267976
0.133421525359
0.192377522588
0.112135246396
0.171793788671
0.208374232054
0.114212684333
0.111556246877
0.137396559119
0.151646062732
0.114293634892
0.143074482679
0.11869032681
0.13814561069
0.151196435094
0.132254749537
0.167079091072
0.190814167261
0.129821866751
0.135316193104
0.167607575655
0.124668732285
0.155207335949
0.15145277977
0.153862088919
0.0959840938449
0.200362622738
0.125782564282
0.157271564007
0.142046526074
0.120574355125
0.107726380229
0.214559361339
0.144108206034
0.105110578239
0.084846444428
0.127399772406
0.11679263413
0.0807846263051
0.0710808485746
0.0533332377672
0.157151684165
0.110769823194
0.0588632337749
0.0209209807217
0.0845630019903
0.181665822864
0.071180537343
0.0925507321954
0.0701815262437
0.0617774948478
0.0910966843367
0.105507135391
0.113346129656
0.0852902308106
0.0560490600765
0.0709022805095
0.0770521089435
0.0751423984766
0.0644048377872
0.0890986770391
0.121129132807
0.112422339618
0.0737443864346
0.111892707646
0.0668479800224
0.0583553388715
0.0667203143239
0.0771251469851
0.0720861405134
0.0519700571895
0.0806801244617
0.149558022618
0.078659132123
0.105376377702
0.04900373891
0.056134134531
0.120963342488
0.0903045907617
0.106993213296
0.0572460405529
0.0736575499177
0.092365577817
0.0987764149904
0.0851729512215
0.0487574823201
0.0477254167199
0.0539826266468
0.0736370384693
0.0836624577641
0.0723637789488
0.071625597775
0.0492242723703
0.0448080673814
0.0742336064577
0.0374261885881
0.0747184827924
0.0823104605079
0.0626484453678
0.0319704227149
0.0574032589793
0.0308971777558
0.111551523209
0.0520401634276
0.102066747844
0.0433297455311
0.0849051773548
0.088477961719
0.0489341467619
0.0562552325428
0.0939824655652
0.0632968023419
0.0571988560259
0.124490916729
0.0575706213713
0.0762263536453
0.165455192327
0.0788986757398
0.103269167244
0.081594362855
0.0648981630802
0.0443370230496
0.144528687
0.0419973321259
0.0406539589167
0.0622944161296
0.0771344006062
0.0514550432563
0.0494809821248
0.0251941177994
0.0795330256224
0.134594470263
0.127507388592
0.123008228838
0.0937295854092
0.0576140061021
0.0437300130725
0.063119314611
0.0782019346952
0.0563056357205
0.0587827600539
0.0309541523457
0.0713365897536
0.0810035765171
0.113524854183
0.0284678041935
0.122087068856
0.0619035474956
0.10912398994
0.0639482811093
0.0984275192022
0.109564937651
0.0784757658839
0.0437180697918
0.064712099731
0.156238660216
0.0777947381139
0.0595489144325
0.0620091408491
0.0651437267661
0.0609199926257
0.0551494881511
0.0829979479313
0.0582885146141
0.0726477354765
0.0598204918206
0.105550572276
0.0917869135737
0.0367293767631
0.100430503488
0.0507489182055
0.0792578905821
0.0802315250039
0.127014562488
0.0710817947984
0.0526944696903
0.0982296913862
0.0392647348344
0.0683010518551
0.0466618426144
0.0748684331775
0.0679354444146
0.0318074189126
0.0253214612603
0.0572100766003
0.0516918636858
0.0794696509838
0.0644288361073
0.0383005402982
0.055046133697
0.0507730543613
0.0870780646801
0.080755494535
0.107514508069
0.0517762638628
0.115224055946
0.0573196597397
0.0699386894703
0.0411570854485
0.0585133619606
0.0455988571048
0.0341917909682
0.0884076356888
0.0715147405863
0.0411865599453
0.0558248832822
0.0603182204068
0.0731015354395
0.0419606380165
0.0462234579027
0.0410730019212
0.0507497154176
0.0445279926062
0.0217974595726
0.0588058643043
0.0518630705774
0.0488579161465
0.0591764785349
0.0629707351327
0.0529746450484
0.0416014827788
0.0650029778481
0.0920620039105
0.0953113660216
0.0967423319817
0.0997963249683
0.089681096375
0.0276201032102
0.0688799992204
0.0466316863894
0.063985362649
0.069575227797
0.0503206700087
0.0929504036903
0.0967721864581
0.0573781691492
0.0453280806541
0.0660957023501
0.082153365016
0.0890338420868
0.129454419017
0.0992921888828
0.122848786414
0.0740673989058
0.0804439708591
0.0509798564017
0.0622997544706
0.0604871176183
0.0839645639062
0.180532485247
0.067141726613
0.120422139764
0.0411989353597
0.0736828520894
0.0413821004331
0.0603558346629
0.0473469235003
0.0251867529005
0.0790700092912
0.168844476342
0.0791835859418
0.122185647488
0.0662558078766
0.0610543861985
0.116002187133
0.0748938843608
0.0761826634407
0.0354237146676
0.0913317427039
0.105879679322
0.0863455459476
0.0780986323953
0.0613141134381
0.069784514606
0.0510686561465
0.0578704699874
0.105531513691
0.0263188611716
0.0573451444507
0.0475085377693
0.0584530346096
0.0438487976789
0.0280134379864
0.0188670996577
0.100102186203
0.0978599190712
0.038745995611
0.0312942154706
0.0557060316205
0.0990549623966
0.0527586080134
0.0584066770971
0.0385039336979
0.0520372726023
0.0706519410014
0.072465442121
0.04295501858
0.0296791959554
0.0400837957859
0.0579337254167
0.0596077740192
0.0385267920792
0.0953660160303
0.0266523491591
0.136369422078
0.0704170018435
0.0297947581857
0.043769530952
0.0779315680265
0.0525771714747
0.0670946612954
0.0518644563854
0.0607192032039
0.0445283204317
0.0818523094058
0.0400374867022
0.0587490648031
0.0603732317686
0.0272705219686
0.0614949017763
0.0681645944715
0.0137971183285
0.0265104789287
0.10735693574
0.0496905148029
0.0605949312449
0.0481229647994
0.0537895187736
0.0685271173716
0.072566613555
0.0520494654775
0.0678755566478
0.0355991236866
0.0519437007606
0.0251225400716
0.0593425147235
0.0525533892214
0.0491231791675
0.0342971272767
0.0830127969384
0.113042131066
0.025867568329
0.0417034998536
0.0351768508554
0.140901789069
0.113719120622
0.0514378882945
0.0587515123188
0.0977334752679
0.0749441981316
0.0689556002617
0.0971614941955
0.0718649700284
0.0750913545489
0.103848226368
0.0533484853804
0.09213937819
0.0578139312565
0.0562483333051
0.0427329838276
0.0394409447908
0.0611992068589
0.0739987418056
0.0576948970556
0.0671949535608
0.0629813224077
0.0352146439254
0.0351317897439
0.0980003327131
0.0961915552616
0.0740346610546
0.0355110242963
0.0224480610341
0.0427039302886
0.0421015843749
0.0366812385619
0.0669252574444
0.0743674114347
0.0476614199579
0.0596682019532
0.0432011969388
0.0540251396596
0.0399423986673
0.0509173125029
0.0387983992696
0.0673558861017
0.0559046156704
0.0837268531322
0.0458985753357
0.072502784431
0.0558199025691
0.0404167547822
0.0374553017318
0.0543301291764
0.036182127893
0.0526293776929
0.0285603124648
0.0579182617366
0.0641820803285
0.0729652941227
0.032635435462
0.0239145327359
0.0154127730057
0.0268741715699
0.0481840223074
0.0625086724758
0.0512288920581
0.0385547205806
0.019596002996
0.041415527463
0.026235524565
0.0719023272395
0.0275837704539
0.0757809728384
0.0374621152878
0.0682491511106
0.0185350626707
0.0342246182263
0.0149409994483
0.0609081089497
0.0378880873322
0.106783278286
0.0688312798738
0.0506560616195
0.0831043124199
0.0488254651427
0.00727143650874
0.0389477387071
0.0466276668012
0.055902518332
0.0577538833022
0.0691030621529
0.0599592030048
0.0140012800694
0.024089358747
0.073319979012
0.0479137524962
0.0512836240232
0.0531016476452
0.0135110467672
0.0142477219924
0.071239925921
0.0216208714992
0.0185877643526
0.061650197953
0.0199248660356
0.0334387384355
0.0790410861373
0.0847099870443
0.043589502573
0.0442338511348
0.0173395872116
0.0119944196194
0.0270002782345
0.0533528067172
0.0397243127227
0.0822351500392
0.026891252026
0.0321593545377
0.055202037096
0.0408623032272
0.0176449026912
0.052488937974
0.0639033392072
0.0379869416356
0.0591642782092
0.0570878274739
0.0569322817028
0.023669950664
0.0590763017535
0.0805712416768
0.0863382816315
0.0196029655635
0.0607862398028
0.0467056147754
0.0558236762881
0.0574534609914
0.0142134604976
0.0686859562993
0.0189190506935
0.0262325070798
0.0503118485212
0.0555533207953
0.0264015402645
0.0663005113602
0.0532222650945
0.0661156028509
0.0844116061926
0.0131497960538
0.0325005948544
0.0824520289898
0.0325318798423
0.036319475621
0.0280287191272
0.0286225117743
0.0665282532573
0.0790042951703
0.0387339293957
0.0252962931991
0.0244245268404
0.0376600772142
0.0559390969574
0.0653900876641
0.0103223919868
0.06505382061
0.0189132615924
0.0618791133165
0.0642770752311
0.0472911931574
0.0751725360751
0.0429263599217
0.0192473139614
0.00934030208737
0.0596408396959
0.0674729570746
0.0444455780089
0.0474215373397
0.0232840403914
0.0647888109088
0.0367679148912
0.0591753572226
0.0174841955304
0.0206111241132
0.0596515759826
0.0491078160703
0.0597017556429
0.0361263751984
0.0413389019668
0.0129538346082
0.0747957974672
0.0123694315553
0.0387284457684
0.0364674888551
0.0611888356507
0.0216802321374
0.0438657961786
0.0297217573971
0.0288816224784
0.0259403176606
0.0542971044779
0.0560404621065
0.109000325203
0.0622288584709
0.0483335107565
0.0513474158943
0.0326460376382
0.0196682158858
0.0968918427825
0.0251520648599
0.0228132624179
0.0280623920262
0.0219770818949
0.0530391521752
0.0297000482678
0.0344280451536
0.0266107916832
0.0363476909697
0.0469529405236
