0.691281497478
0.691232681274
0.691112399101
0.690262198448
0.690899968147
0.689766347408
0.690464198589
0.690699279308
0.69000184536
0.689972341061
0.689616680145
0.689350306988
0.689102828503
0.689605951309
0.688980817795
0.688904762268
0.68887847662
0.687681913376
0.688067555428
0.688648700714
0.686792731285
0.688431680202
0.687275111675
0.688122987747
0.687029719353
0.687174141407
0.687739431858
0.686529934406
0.685772418976
0.685591518879
0.686209917068
0.686718285084
0.684255242348
0.684688746929
0.684199273586
0.682338893414
0.68444275856
0.684503674507
0.684231519699
0.683874666691
0.682234883308
0.682668626308
0.683887839317
0.684320509434
0.682881951332
0.682220697403
0.680981397629
0.682136893272
0.681959807873
0.680709242821
0.683087408543
0.679275751114
0.678884208202
0.679195821285
0.679807722569
0.679727673531
0.680899441242
0.679572939873
0.678899943829
0.678723871708
0.679014861584
0.6759313941
0.677657425404
0.676010489464
0.678097784519
0.673943996429
0.674500226974
0.675108015537
0.676842808723
0.672079145908
0.669276714325
0.675137400627
0.671173512936
0.671977579594
0.671327114105
0.670836746693
0.667804598808
0.670590281487
0.666959524155
0.669416487217
0.672197520733
0.669083654881
0.666093111038
0.669146120548
0.664176285267
0.666900217533
0.666139602661
0.664839446545
0.66634529829
0.663981080055
0.666691482067
0.664164185524
0.658457994461
0.661693990231
0.660141646862
0.661381542683
0.660424947739
0.660902678967
0.656347155571
0.653926193714
0.664243161678
0.657622098923
0.656427919865
0.658389151096
0.656922996044
0.65884667635
0.655843615532
0.65101903677
0.650921940804
0.653544783592
0.655155181885
0.65439915657
0.653885006905
0.650872826576
0.649557352066
0.650263249874
0.646356642246
0.650515735149
0.6483502388
0.646222889423
0.651240825653
0.645257055759
0.646382570267
0.648505151272
0.647578299046
0.648469209671
0.644514501095
0.64465290308
0.648047089577
0.645270645618
0.642060220242
0.644069671631
0.641210317612
0.644830405712
0.636012434959
0.640773952007
0.644617915154
0.640663862228
0.639967381954
0.637975335121
0.635052323341
0.642150640488
0.644091665745
0.637252867222
0.631650447845
0.635048091412
0.632123351097
0.641719400883
0.638314962387
0.634583353996
0.64131218195
0.632291078568
0.630704939365
0.63370770216
0.632661998272
0.63596957922
0.633447051048
0.640732526779
0.626504302025
0.628100454807
0.631835699081
0.632383823395
0.634845495224
0.630326032639
0.627979338169
0.634268701077
0.627489387989
0.631281256676
0.628538429737
0.63311624527
0.62228423357
0.625571727753
0.62755382061
0.629360377789
0.627369701862
0.632377386093
0.63541841507
0.62069183588
0.624881327152
0.620708465576
0.611184358597
0.628088951111
0.622635781765
0.622825086117
0.622815728188
0.628300786018
0.622097909451
0.618124365807
0.61441808939
0.615418553352
0.613886296749
0.621476352215
0.62045532465
0.615706384182
0.622710585594
0.617944359779
0.611810684204
0.617595255375
0.608007490635
0.608896613121
0.608467817307
0.613189816475
0.613612294197
0.605966508389
0.618176698685
0.616436839104
0.620378911495
0.60788410902
0.624055027962
0.624657928944
0.620973587036
0.607436001301
0.617737770081
0.609876334667
0.615673422813
0.604596674442
0.603816568851
0.615161716938
0.614609777927
0.610404670238
0.603277683258
0.608853459358
0.607245981693
0.610299885273
0.611462235451
0.615493357182
0.616175830364
0.595683693886
0.594678163528
0.603617846966
0.611103653908
0.610312819481
0.607275009155
0.614123106003
0.604464411736
0.608985006809
0.607866764069
0.601988554001
0.602652549744
0.602101445198
0.599140405655
0.599045217037
0.602273881435
0.601472318172
0.597056388855
0.605861365795
0.600625097752
0.597271084785
0.598241686821
0.604859352112
0.59839963913
0.59853297472
0.60753929615
0.587224662304
0.602978825569
0.595200896263
0.603488147259
0.600640654564
0.594175696373
0.596350371838
0.59648412466
0.602286219597
0.596014082432
0.598423719406
0.598037302494
0.596145510674
0.602890074253
0.598204255104
0.600531578064
0.594183325768
0.582830965519
0.589183330536
0.596778690815
0.595454394817
0.579745173454
0.589496433735
0.594662427902
0.573913693428
0.583449661732
0.586525499821
0.589314520359
0.597260177135
0.588547348976
0.594340860844
0.585758030415
0.599085330963
0.593547344208
0.584561824799
0.591465771198
0.583841979504
0.57851344347
0.586701750755
0.596750557423
0.582471966743
0.584794223309
0.582087516785
0.589627504349
0.582113444805
0.589970886707
0.590856134892
0.576758086681
0.58293312788
0.576269507408
0.578750252724
0.586985945702
0.575616657734
0.581544876099
0.585254967213
0.585542321205
0.595991432667
0.588318705559
0.581521391869
0.571558892727
0.568544328213
0.590928673744
0.573489904404
0.578102231026
0.588660120964
0.580455958843
0.58386951685
0.57233017683
0.580078184605
0.582804381847
0.570241212845
0.585000813007
0.579375207424
0.5735257864
0.588239967823
0.573521733284
0.579964458942
0.574391782284
0.559204161167
0.571291089058
0.560976743698
0.576372802258
0.574765086174
0.577152967453
0.569188773632
0.570595741272
0.576588153839
0.560219705105
0.555528581142
0.559918522835
0.555764079094
0.564147353172
0.557019948959
0.578925788403
0.56981754303
0.579509437084
0.562692582607
0.577559113503
0.562186360359
0.563697934151
0.557152450085
0.566147565842
0.551026821136
0.570090293884
0.555545985699
0.565434038639
0.568507134914
0.556474387646
0.569323301315
0.565303683281
0.560593724251
0.559752523899
0.5770804286
0.572095274925
0.577009499073
0.557329237461
0.553565621376
0.55273360014
0.565267622471
0.561378121376
0.555179417133
0.561836600304
0.560562312603
0.559985637665
0.554243147373
0.553814888
0.562556743622
0.550686776638
0.54980891943
0.567521154881
0.569591522217
0.547359645367
0.563132882118
0.544299185276
0.540848195553
0.555864691734
0.569862723351
0.570868551731
0.558842122555
0.545864284039
0.53470402956
0.55556756258
0.552260935307
0.571507453918
0.56078851223
0.561251223087
0.562983393669
0.556056380272
0.540689170361
0.551799952984
0.557119429111
0.547742903233
0.549520075321
0.549791932106
0.566925287247
0.553532361984
0.537268579006
0.540380597115
0.547474741936
0.558402359486
0.534289419651
0.529308915138
0.554914534092
0.57221353054
0.552616119385
0.540192246437
0.549902558327
0.543326616287
0.538581907749
0.542876064777
0.54716449976
0.567022919655
0.558667600155
0.53810697794
0.528051733971
0.551878035069
0.534813642502
0.561406493187
0.551546692848
0.545656502247
0.543478906155
0.564038217068
0.544070184231
0.557312011719
0.559623658657
0.542809188366
0.561615228653
0.538249850273
0.524486601353
0.549943029881
0.54762339592
0.54719388485
0.526126146317
0.525981545448
0.54707223177
0.547074556351
0.545418858528
0.526080489159
0.532737135887
0.526507019997
0.543162047863
0.529932796955
0.524699389935
0.5476552248
0.53390198946
0.546437978745
0.538964092731
0.555568575859
0.546546697617
0.533510446548
0.548524796963
0.529004991055
0.542682230473
0.545367896557
0.536516368389
0.548655509949
0.524649977684
0.519014775753
0.535726726055
0.538036167622
0.549637615681
0.533978819847
0.545881509781
0.5476962924
0.549613118172
0.528859019279
0.528308331966
0.506766915321
0.542632162571
0.535940587521
0.532551109791
0.519192099571
0.533831238747
0.537258625031
0.534568727016
0.537188947201
0.528600871563
0.544040858746
0.546661019325
0.537713646889
0.532849729061
0.5206797719
0.540045976639
0.537430167198
0.5212059021
0.524301290512
0.524887800217
0.508652031422
0.522191762924
0.527908623219
0.527657985687
0.542613863945
0.511677026749
0.53107136488
0.546007752419
0.503536999226
0.514933764935
0.534721016884
0.522900223732
0.535794973373
0.552542388439
0.520819544792
0.535411298275
0.513325750828
0.509354948997
0.539563298225
0.525501430035
0.533378243446
0.537024140358
0.516140043736
0.530930519104
0.517181158066
0.508775055408
0.524657964706
0.519779384136
0.523979723454
0.516468703747
0.512194514275
0.508037686348
0.498962372541
0.50384002924
0.533863067627
0.529505491257
0.514139890671
0.51003921032
0.502504944801
0.51184797287
0.547330439091
0.540453612804
0.522353291512
0.510110318661
0.489012420177
0.516995191574
0.512434720993
0.511177301407
0.50112003088
0.514740645885
0.529676496983
0.50323933363
0.518334686756
0.540633141994
0.50891661644
0.509974658489
0.525797307491
0.522574663162
0.502661406994
0.499062240124
0.506020784378
0.511933505535
0.523718476295
0.493015259504
0.515929043293
0.528162121773
0.522886157036
0.492604970932
0.513453841209
0.514831662178
0.5225289464
0.517202734947
0.4994764328
0.491198539734
0.496730297804
0.506662964821
0.501850605011
0.510081648827
0.508139908314
0.524879932404
0.516246676445
0.500481367111
0.5207670331
0.511437952518
0.529744565487
0.496060669422
0.514414846897
0.47923412919
0.488711953163
0.489894658327
0.503292381763
0.512645900249
0.505566060543
0.509494125843
0.521005153656
0.519869029522
0.511497020721
0.479049324989
0.496259897947
0.503501772881
0.520698726177
0.508045375347
0.506358206272
0.506998598576
0.487181395292
0.491624265909
0.506860673428
0.469585090876
0.499551177025
0.509722650051
0.483901113272
0.499132454395
0.516306519508
0.490471839905
0.499587982893
0.506263375282
0.510773718357
0.471436113119
0.502773284912
0.487812310457
0.47637373209
0.494383573532
0.489197432995
0.493579924107
0.488339036703
0.501920938492
0.488889485598
0.497513622046
0.478318929672
0.487776011229
0.477403193712
0.483433991671
0.466819643974
0.484065949917
0.489299833775
0.484327226877
0.480754882097
0.500546276569
0.520527362823
0.47415471077
0.483985692263
0.47961050272
0.480918556452
0.468450814486
0.497583329678
0.49881502986
0.492382764816
0.480076521635
0.490193873644
0.50547260046
0.497072577477
0.485358685255
0.487589210272
0.483158677816
0.500223040581
0.524972438812
0.465741455555
0.479362815619
0.513350844383
0.508111834526
0.479699939489
0.489798426628
0.507335662842
0.494080543518
0.483301907778
0.489507943392
0.482463508844
0.457841485739
0.467163980007
0.488614052534
0.489453166723
0.499828606844
0.490143597126
0.491000205278
0.477722048759
0.466556459665
0.470444232225
0.467318505049
0.48078122735
0.475816965103
0.498170912266
0.483286857605
0.447554469109
0.470035642385
0.485665112734
0.476497322321
0.464752614498
0.477701932192
0.458399891853
0.48341190815
0.464503735304
0.48980486393
0.493636459112
0.484591007233
0.464497119188
0.468055933714
0.467595994473
0.479301333427
0.479642689228
0.476524621248
0.483846485615
0.477562069893
0.480762571096
0.472455203533
0.479776591063
0.484648913145
0.450514823198
0.461119353771
0.460483461618
0.444647520781
0.462231934071
0.46021181345
0.457004159689
0.450459897518
0.477123945951
0.51081943512
0.471024483442
0.448357582092
0.477602511644
0.473708301783
0.505810201168
0.471115916967
0.496157884598
0.46926265955
0.477381825447
0.433723956347
0.51282030344
0.454756230116
0.468691945076
0.476600289345
0.460082143545
0.457172751427
0.486121714115
0.456622958183
0.489370435476
0.492408424616
0.470132380724
0.47208160162
0.475305467844
0.460772007704
0.457303404808
0.459735661745
0.4355276227
0.463282614946
0.479663968086
0.477677464485
0.448279887438
0.454062759876
0.473521620035
0.44800594449
0.452052593231
0.463209688663
0.470368057489
0.425896584988
0.458849936724
0.483141124249
0.42875418067
0.472579061985
0.445282131433
0.478486269712
0.462943226099
0.44686833024
0.456964790821
0.469096928835
0.441887259483
0.479383468628
0.466687619686
0.442341804504
0.458676755428
0.467667549849
0.445707559586
0.483576327562
0.453040003777
0.460353523493
0.447717666626
0.444466501474
0.472723513842
0.445297956467
0.452240139246
0.453021943569
0.429596066475
0.455046266317
0.437009215355
0.477305114269
0.461104989052
0.451576083899
0.460263609886
0.454376071692
0.438436955214
0.446900337934
0.463711410761
0.470038414001
0.468797147274
0.495535552502
0.47422426939
0.446084171534
0.439939111471
0.474539071321
0.438458770514
0.458028137684
0.46491676569
0.465252697468
0.451789677143
0.450407713652
0.45828935504
0.453126639128
0.467042922974
0.454277336597
0.466880857944
0.48577684164
0.428196281195
0.460530459881
0.458243399858
0.453861445189
0.456393241882
0.471915572882
0.442357689142
0.436432659626
0.468044042587
0.427675426006
0.457255601883
0.463241368532
0.452084571123
0.412193894386
0.457708120346
0.472305893898
0.429159671068
0.459931820631
0.422716885805
0.44613596797
0.453104943037
0.461909562349
0.443368762732
0.480060517788
0.451173126698
0.437928199768
0.48970079422
0.443165957928
0.456301540136
0.437746971846
0.457818418741
0.438946932554
0.449495017529
0.473812282085
0.441135317087
0.455829828978
0.464862197638
0.455844312906
0.438272982836
0.425872474909
0.450715571642
0.442726612091
0.464984834194
0.452286839485
0.471319466829
0.43932056427
0.456461727619
0.413315981627
0.426238298416
0.456475257874
0.444332748652
0.447990894318
0.455975860357
0.41780719161
0.474957078695
0.425909042358
0.458723068237
0.468228459358
0.447146594524
0.443778693676
0.434047609568
0.427593261003
0.454660564661
0.431814908981
0.446828007698
0.433560937643
0.436407357454
0.454025447369
0.440868318081
0.45114210248
0.451291829348
0.417202651501
0.456215828657
0.417901337147
0.437572807074
0.45750233531
0.426383912563
0.442970395088
0.447960823774
0.431648284197
0.455170840025
0.44836166501
0.458048939705
0.43594750762
0.428676784039
0.407421588898
0.440710127354
0.432826370001
0.444249480963
0.452043235302
0.46810773015
0.42738160491
0.437697589397
0.440259128809
0.436713367701
0.456614732742
0.429108023643
0.420394420624
0.390856325626
0.457573950291
0.421411544085
0.405458688736
0.406303524971
0.425876498222
0.465207755566
0.452287733555
0.451963067055
0.45193117857
0.481405347586
0.439595043659
0.4287994802
0.467896848917
0.440091580153
0.409265130758
0.43889388442
0.46695959568
0.43955385685
0.420223802328
0.451375454664
0.439854770899
0.437564730644
0.464423656464
0.423486471176
0.441800266504
0.399893790483
0.446442365646
0.431255280972
0.39514502883
0.407250702381
0.413834184408
0.415504336357
0.422329455614
0.442807525396
0.415796369314
0.416606396437
0.393561959267
0.395227491856
0.423968285322
0.436335533857
0.423897594213
0.401940345764
0.4009950459
0.390225291252
0.426703989506
0.379999399185
0.439943760633
0.42748862505
0.461725622416
0.425010740757
0.424734860659
0.386247843504
0.444452047348
0.412254482508
0.415087044239
0.437286198139
0.428285002708
0.380925625563
0.432500839233
0.428971081972
0.419658184052
0.417424917221
0.395036786795
0.434564143419
0.382785558701
0.393615394831
0.459592342377
0.404827654362
0.439635634422
0.474413990974
0.380494952202
0.417524307966
0.400237083435
0.428034633398
0.423982799053
0.421408832073
0.410128891468
0.434498339891
0.438101649284
0.41443708539
0.432618260384
0.43277361989
0.413175404072
0.407014995813
0.424445956945
0.398260116577
0.407400637865
0.406233936548
0.40169236064
0.39523422718
0.436268031597
