0.691651284695
0.693050086498
0.692456066608
0.692342460155
0.691167116165
0.691620588303
0.691045939922
0.691155135632
0.69215542078
0.691666662693
0.690930306911
0.691557228565
0.690644323826
0.690121412277
0.691155016422
0.69022321701
0.689712941647
0.690889656544
0.689607620239
0.691186964512
0.690072715282
0.69062846899
0.690237522125
0.689714372158
0.690033078194
0.690091848373
0.68922907114
0.688953101635
0.690143465996
0.690071940422
0.689874112606
0.689194262028
0.689890444279
0.689741313457
0.690353155136
0.689485490322
0.688864052296
0.688085198402
0.687961280346
0.688439548016
0.687692761421
0.688659787178
0.688579797745
0.688480734825
0.688679516315
0.689045548439
0.688036441803
0.688556075096
0.687493741512
0.687254667282
0.687794029713
0.686662912369
0.68811583519
0.687334775925
0.68713670969
0.688269197941
0.687957882881
0.686308205128
0.686449885368
0.687507092953
0.687190234661
0.687445163727
0.687455356121
0.686646640301
0.684809982777
0.685276985168
0.684713900089
0.687156796455
0.683272778988
0.685590565205
0.684059679508
0.685883760452
0.683733999729
0.683604419231
0.686136960983
0.685123324394
0.684053897858
0.685749471188
0.683732926846
0.683889985085
0.68116158247
0.681123316288
0.682483434677
0.682288587093
0.681171119213
0.679799616337
0.677305281162
0.680038690567
0.68106597662
0.682923674583
0.681549370289
0.678117871284
0.678672552109
0.681110978127
0.677476227283
0.679799973965
0.682263016701
0.677674055099
0.679462850094
0.681829154491
0.68018835783
0.67800194025
0.676277935505
0.674493253231
0.676018297672
0.675223827362
0.679954111576
0.673373401165
0.674599409103
0.673672735691
0.672273159027
0.671465158463
0.675073325634
0.672787725925
0.672682285309
0.672927975655
0.6741361022
0.673581361771
0.671051383018
0.670551776886
0.670150816441
0.66602230072
0.667381346226
0.667381644249
0.664037168026
0.664557278156
0.665030300617
0.666325390339
0.665968120098
0.66547524929
0.663746774197
0.661480724812
0.660586476326
0.662005186081
0.661993026733
0.660097360611
0.660787165165
0.660767197609
0.65524828434
0.661662101746
0.661582827568
0.653797566891
0.653602480888
0.65024793148
0.657613158226
0.658890128136
0.653165102005
0.654253482819
0.650929391384
0.65559720993
0.645884275436
0.654824137688
0.656947731972
0.647240519524
0.644273161888
0.64420580864
0.650284945965
0.652127027512
0.645474612713
0.651353657246
0.643122851849
0.639428257942
0.641651272774
0.649841964245
0.64020460844
0.642843842506
0.650977134705
0.639615237713
0.631129562855
0.64327198267
0.641024172306
0.640038907528
0.644043087959
0.636347472668
0.626808822155
0.633654773235
0.629436016083
0.638573646545
0.627752840519
0.629472970963
0.621679782867
0.626184523106
0.635627508163
0.637063503265
0.622998774052
0.615779817104
0.618777394295
0.622702896595
0.628458559513
0.614255487919
0.62687087059
0.624050021172
0.618866324425
0.626833438873
0.609904944897
0.61961042881
0.611718535423
0.612373530865
0.617274940014
0.606769323349
0.609701812267
0.614587783813
0.612038075924
0.616398513317
0.618481099606
0.611135840416
0.602689504623
0.599575579166
0.613235473633
0.619042992592
0.603507995605
0.603153526783
0.617855787277
0.594517230988
0.610318541527
0.595228016376
0.597859442234
0.611937463284
0.609649717808
0.608604550362
0.586738467216
0.592646479607
0.604809820652
0.590960502625
0.585921525955
0.592757582664
0.587588191032
0.596052706242
0.582136809826
0.600828051567
0.58210760355
0.593695878983
0.592840731144
0.592442035675
0.586912333965
0.572468817234
0.577363371849
0.596267700195
0.578791797161
0.579702436924
0.570833742619
0.591286718845
0.576221883297
0.573855221272
0.589612424374
0.577981114388
0.588814675808
0.573250353336
0.561711907387
0.557479500771
0.559880018234
0.571822404861
0.577369511127
0.581733286381
0.577811658382
0.572378754616
0.561942577362
0.561011195183
0.564068734646
0.573120713234
0.582304060459
0.550032615662
0.55477565527
0.553865373135
0.550569355488
0.574195742607
0.546229064465
0.578993916512
0.561798632145
0.553593873978
0.560630679131
0.560252249241
0.546260237694
0.554343163967
0.560654699802
0.546085059643
0.544602453709
0.562553167343
0.555352568626
0.547146618366
0.563156545162
0.56549757719
0.561085999012
0.557042300701
0.571770787239
0.546962201595
0.541427850723
0.538115143776
0.56599354744
0.548938572407
0.566903471947
0.559455931187
0.542841255665
0.529768168926
0.53758507967
0.543286502361
0.532322049141
0.529426693916
0.552721440792
0.550533056259
0.532083630562
0.53874450922
0.538170099258
0.531568706036
0.54196035862
0.543398439884
0.530362546444
0.532254397869
0.558695793152
0.537193179131
0.521333456039
0.536309123039
0.537928640842
0.537750124931
0.528415024281
0.53789049387
0.515455842018
0.538873255253
0.512581527233
0.513324916363
0.541243314743
0.498540103436
0.515641570091
0.52423286438
0.515717566013
0.526650309563
0.507753014565
0.54019266367
0.512814342976
0.510940492153
0.490953981876
0.552533090115
0.513718485832
0.501409232616
0.533440709114
0.534598588943
0.491637587547
0.520580291748
0.494077056646
0.518277585506
0.490572601557
0.485407024622
0.486966431141
0.507181704044
0.491324514151
0.519312858582
0.474108964205
0.497864872217
0.500834941864
0.483808159828
0.498587399721
0.489059954882
0.506112992764
0.492527574301
0.484719544649
0.46520191431
0.492137104273
0.498498916626
0.510479748249
0.498108953238
0.491688877344
0.519847929478
0.486849755049
0.520569980145
0.456800460815
0.483268618584
0.507728040218
0.50299012661
0.538420021534
0.503012239933
0.47911554575
0.455957114697
0.517210304737
0.484863400459
0.499545961618
0.460811108351
0.45913118124
0.512450218201
0.480413585901
0.515783131123
0.466657549143
0.471654683352
0.492246419191
0.478904545307
0.511384904385
0.511758208275
0.481576919556
0.459787219763
0.479843258858
0.469188451767
0.494417369366
0.454044818878
0.483426570892
0.45444843173
0.501715183258
0.490896493196
0.477461904287
0.448194026947
0.453285068274
0.476664543152
0.462592452765
0.460579484701
0.466925799847
0.472276031971
0.46412524581
0.456480592489
0.470294892788
0.460128188133
0.476506441832
0.434567183256
0.452590793371
0.460024356842
0.44938236475
0.457516252995
0.457034498453
0.46628266573
0.477510392666
0.461267709732
0.500901341438
0.449699133635
0.460377693176
0.431819558144
0.439982205629
0.457523107529
0.486553579569
0.445839643478
0.493651837111
0.455679893494
0.482880353928
0.456818252802
0.463888525963
0.480050176382
0.491332650185
0.483116328716
0.46634671092
0.438148617744
0.459979474545
0.476814389229
0.498460561037
0.456265568733
0.445864200592
0.475392341614
0.488796204329
0.467592179775
0.46112960577
0.442167669535
0.458230137825
0.449377208948
0.47898799181
0.452433228493
0.465091496706
0.467000007629
0.495366513729
0.456022381783
0.446304827929
0.466976672411
0.457581162453
0.442582815886
0.442845791578
0.469120830297
0.4809474051
0.474064946175
0.426630318165
0.45951756835
0.476129084826
0.484472125769
0.43874257803
0.43705573678
0.45869487524
0.490636318922
0.465275168419
0.48374196887
0.473177790642
0.467397749424
0.464410662651
0.44791200757
0.43496003747
0.501618385315
0.492527276278
0.439298599958
0.472722351551
0.465340137482
0.457241237164
0.435910701752
0.444936007261
0.437041431665
0.453798472881
0.520142972469
0.440899968147
0.497032433748
0.430482953787
0.473802298307
0.439996927977
0.474184066057
0.50574952364
0.427570909262
0.476769149303
0.430274009705
0.507930099964
0.450414896011
