0.68714517355
0.682750880718
0.676923334599
0.677004337311
0.677478790283
0.672223627567
0.672185063362
0.670694887638
0.6619836092
0.659705042839
0.646910905838
0.676911115646
0.663890123367
0.660939872265
0.654549717903
0.655949115753
0.639551579952
0.646715641022
0.628310501575
0.637332975864
0.635360181332
0.640033423901
0.635829865932
0.618479430676
0.632114708424
0.667902946472
0.623505890369
0.638258755207
0.624001383781
0.624464511871
0.608960092068
0.624753475189
0.616447031498
0.612514793873
0.603286862373
0.615193486214
0.600570201874
0.608324110508
0.588950574398
0.578263401985
0.588330984116
0.579378545284
0.570505559444
0.597919642925
0.59043854475
0.575643062592
0.596740841866
0.55234670639
0.575159966946
0.593676745892
