0.75986969471
0.743150353432
0.734925627708
0.773211300373
0.761051952839
0.717809736729
0.73476177454
0.733560204506
0.711929380894
0.723022460938
0.711957454681
0.71177905798
0.731011509895
0.69125187397
0.705661892891
0.688757836819
0.708224534988
0.698706865311
0.697712957859
0.710471093655
0.691375434399
0.696915984154
0.683986663818
0.696681082249
0.696359336376
0.686481237411
0.671801924706
0.688045442104
0.68891274929
0.686225354671
0.690191805363
0.696273446083
0.681588888168
0.679704785347
0.682997941971
0.689214587212
0.670563995838
0.679360389709
0.678267419338
0.671052217484
0.685556530952
0.674088716507
0.669745981693
0.665405035019
0.667310476303
0.68129324913
0.675572156906
0.66904014349
0.684074640274
0.678320765495
0.663587152958
0.68139487505
0.675769388676
0.676496386528
0.681519269943
0.668927609921
0.660943925381
0.680129945278
0.673066973686
0.661017358303
0.670838117599
0.663910508156
0.670348525047
0.671186625957
0.677269816399
0.655366003513
0.666374087334
0.646913409233
0.654908716679
0.662553012371
0.671695530415
0.662154734135
0.656161189079
0.673392236233
0.670990526676
0.657460868359
0.668595850468
0.665799975395
0.672026276588
0.665728330612
0.659535646439
0.662337660789
0.673010110855
0.667412161827
0.649956703186
0.644317924976
0.653396070004
0.652129411697
0.653207421303
0.640254020691
0.685186982155
0.661250889301
0.660960376263
0.661692976952
0.662351489067
0.64265692234
0.654705941677
0.660379111767
0.655148684978
0.638496935368
0.649115085602
0.647932827473
0.661213338375
0.656789660454
0.631105720997
0.650918483734
0.64474606514
0.652922868729
0.64744591713
0.653662860394
0.629726231098
0.643601417542
0.650447845459
0.640696883202
0.634520471096
0.662130951881
0.644462347031
0.645385026932
0.642055988312
0.654306828976
0.62305688858
0.632140755653
0.656375408173
0.638935089111
0.643199622631
0.634880244732
0.636010348797
0.640347063541
0.641754567623
0.644624054432
0.631899416447
0.638661146164
0.64847189188
0.639799535275
0.63557523489
0.612796247005
0.613074421883
0.661078155041
0.635750472546
0.662481248379
0.629117548466
0.630901038647
0.609462797642
0.631943106651
0.635138213634
0.634064555168
0.635049343109
0.611541748047
0.638825654984
0.637364804745
0.650169193745
0.634329617023
0.614765584469
0.628733336926
0.609650790691
0.614420294762
0.62753289938
0.605154633522
0.634444832802
0.636377394199
0.610871970654
0.611102759838
0.619553208351
0.594858467579
0.6406711936
0.617168605328
0.609483063221
0.612916529179
0.618657052517
0.611723303795
0.625163733959
0.644080102444
0.615910053253
0.641462624073
0.589213848114
0.617291152477
0.6306822896
0.619334459305
0.604255259037
0.604129910469
0.603164613247
0.598857700825
0.643516898155
0.613396525383
0.621165215969
0.61619246006
0.613918483257
0.606020271778
0.607361555099
0.647487878799
0.6123675704
0.617415070534
0.631735742092
0.585005879402
0.603657722473
0.602866828442
0.620919048786
0.610603272915
0.607104718685
0.610167443752
0.601689696312
0.60152810812
0.578279018402
0.603297293186
0.624736428261
0.613133788109
0.604694545269
0.587438523769
0.585593223572
0.630332827568
0.591832339764
0.61840069294
0.603724002838
0.596611618996
0.612063646317
0.585420846939
0.600822210312
0.587164103985
0.59389424324
0.622481226921
0.553271412849
0.599259853363
0.61478638649
0.595063269138
0.577055931091
0.585466623306
0.575632810593
0.600986361504
0.60356259346
0.617096960545
0.567985773087
0.611344277859
0.620419621468
0.619337260723
0.589586496353
0.582617580891
0.611880481243
0.616621792316
0.576727390289
0.610695540905
0.56518882513
0.586548984051
0.600215792656
0.609513580799
0.598972439766
0.62583732605
0.572951972485
0.583312988281
0.598891317844
0.596661925316
0.58773702383
0.587447702885
0.60621792078
0.57717949152
0.582952260971
0.599359095097
0.60143494606
0.583214759827
0.596557736397
0.583654403687
0.567518055439
0.542600750923
0.587056398392
0.562653124332
0.574826300144
0.604639649391
0.579082429409
0.59365773201
0.58440297842
0.585436940193
0.622404336929
0.568300962448
0.60586476326
0.613005101681
0.61106801033
0.543510198593
0.585057377815
0.598246693611
0.562372207642
0.611932575703
0.590125441551
0.592339813709
0.585845768452
0.610062301159
0.589980661869
0.582087576389
0.607817351818
0.584139287472
0.557160019875
0.564667463303
0.599896669388
0.614766538143
0.608073174953
0.566763162613
0.573931336403
0.535454750061
0.604476153851
0.583082377911
0.574233472347
0.562647521496
0.575555026531
0.625799834728
0.578782856464
0.570982456207
0.577105343342
0.576602160931
0.639694154263
0.571968436241
0.587777137756
0.598090589046
0.55684697628
0.585678756237
0.542501449585
0.586198806763
0.572574794292
0.593241631985
0.621150791645
0.569187223911
0.547465980053
0.578326046467
0.557211995125
0.570196926594
0.604838848114
0.572592139244
0.593715548515
0.568321347237
0.551702439785
0.592983365059
0.551537692547
0.566622912884
0.559041857719
0.579184949398
0.535627067089
0.555552423
0.589646816254
0.552155435085
0.55315297842
0.60872644186
0.59556889534
0.574544966221
0.571315824986
0.574488401413
0.566015183926
0.565681278706
0.574350178242
0.584493458271
0.582173466682
0.556427776814
0.598828971386
0.545434653759
0.578011870384
0.618645489216
0.567401349545
0.596391022205
0.562262415886
0.5725030303
0.576067209244
0.586099326611
0.549270987511
0.597334444523
0.559227228165
0.596122384071
0.571725845337
0.590920984745
0.590961277485
0.565932631493
0.565234303474
0.600728869438
0.546617269516
0.56476598978
0.560382843018
0.564342558384
0.567420363426
0.576805353165
0.55533772707
0.545030474663
0.595076799393
0.594769537449
0.573023915291
0.588126182556
0.570696532726
0.557472288609
0.563818335533
0.536432564259
0.577842056751
0.548283398151
0.55499869585
0.609623670578
0.559934020042
0.546920657158
0.563738286495
0.561935067177
0.569284439087
0.602675139904
0.587620139122
0.576020598412
0.557055294514
0.577680051327
0.602095425129
0.59573918581
0.536227166653
0.578977823257
0.579208433628
0.559297084808
0.559588313103
0.565163850784
0.556550860405
0.569909095764
0.577232122421
0.569098174572
0.56913536787
0.59052079916
0.595668077469
0.557801187038
0.562947809696
0.566496133804
0.546036124229
0.598822712898
0.55515897274
0.549862682819
0.546947658062
0.562916815281
0.564951360226
0.538216710091
0.57019931078
0.577489852905
0.557719290257
0.500752389431
0.547659993172
0.575094819069
0.563280940056
0.552969813347
0.568043768406
0.587102115154
0.549408257008
0.554108202457
0.564483344555
0.576588630676
0.57388240099
0.599222898483
0.579962670803
0.590677022934
0.578825056553
0.561040937901
0.579705297947
0.546293318272
0.545926272869
0.56301420927
0.596399724483
0.591975569725
0.581588685513
0.53941065073
0.550037384033
0.549073755741
0.560532093048
0.592753767967
0.564901530743
0.543393373489
0.569183170795
0.549575150013
0.584247767925
0.560328364372
0.597408115864
0.597253620625
0.593959629536
0.605987250805
0.577435672283
0.584590852261
0.536669790745
0.561429083347
0.534707248211
0.568990170956
0.580243825912
0.573742806911
0.574564814568
0.529674530029
0.563368856907
0.575950860977
0.559893667698
0.553630709648
0.567285954952
0.584243416786
0.568023145199
0.578577637672
0.560068666935
0.54579770565
0.584655106068
0.615304708481
0.553544580936
0.551582455635
0.607399046421
0.575128853321
0.544344007969
0.571459710598
0.575799763203
0.566746711731
0.603807687759
0.566933333874
0.566711187363
0.58503472805
