0.693209290504
0.693171799183
0.693111240864
0.693102002144
0.693039953709
0.693006396294
0.692931115627
0.692961931229
0.692898929119
0.692832291126
0.692786753178
0.692774355412
0.692718744278
0.69272339344
0.692628741264
0.692601203918
0.69259005785
0.692540585995
0.692459821701
0.692441999912
0.692405879498
0.69240295887
0.692347824574
0.69224524498
0.692211985588
0.692159831524
0.692129433155
0.692146122456
0.692015886307
0.691974818707
0.691960394382
0.691808581352
0.691766142845
0.691785871983
0.691755175591
0.691768169403
0.691698908806
0.691688120365
0.691550552845
0.691504299641
0.691325962543
0.691320717335
0.691290140152
0.691152870655
0.691291630268
0.691125929356
0.691079735756
0.69119989872
0.690890967846
0.690810918808
0.690605640411
0.690564274788
0.690306425095
0.690316259861
0.690029859543
0.689931035042
0.690116465092
0.689925909042
0.689857006073
0.689730763435
0.689609408379
0.689593493938
0.689197659492
0.689224541187
0.689134001732
0.689124584198
0.688764989376
0.688703298569
0.688544988632
0.688510775566
0.6882365942
0.688587903976
0.688058972359
0.68788588047
0.687961339951
0.687667191029
0.687234342098
0.687207341194
0.687015891075
0.687353491783
0.686970472336
0.686911523342
0.687061905861
0.686148166656
0.686079800129
0.686050117016
0.686052441597
0.685835361481
0.686018466949
0.685749053955
0.685689210892
0.685157120228
0.68499147892
0.685300409794
0.685112118721
0.684180736542
0.684880912304
0.684363663197
0.683747947216
0.68395614624
0.683216094971
0.683867096901
0.683585703373
0.683433592319
0.68335467577
0.682045817375
0.682739377022
0.68263399601
0.681151807308
0.682017862797
0.681093215942
0.681899666786
0.680873394012
0.681176006794
0.681109309196
0.680369317532
0.680215835571
0.680106878281
0.679565131664
0.67978066206
0.679997444153
0.678288817406
0.679069459438
0.678724765778
0.67876124382
0.677995324135
0.678569674492
0.677206397057
0.676449596882
0.676158905029
0.676720917225
0.677475512028
0.677329599857
0.675382912159
0.675898134708
0.675891697407
0.675332248211
0.674187481403
0.675099790096
0.674502253532
0.674043238163
0.674623787403
0.672164857388
0.672231853008
0.672721683979
0.673139154911
0.672818660736
0.671658873558
0.671174407005
0.670768380165
0.672108709812
0.671110570431
0.670817613602
0.669521927834
0.669532716274
0.66944026947
0.66898304224
0.667972445488
0.668668270111
0.667627692223
0.668041527271
0.666405081749
0.666959226131
0.665861546993
0.666206181049
0.665963351727
0.665854871273
0.665488243103
0.664696455002
0.663474321365
0.661661446095
0.662603616714
0.663050532341
0.662211894989
0.663396537304
0.662062048912
0.661179840565
0.661956489086
0.658926904202
0.659011304379
0.659884274006
0.65846157074
0.658446073532
0.657495319843
0.658458292484
0.65694975853
0.65689688921
0.654630482197
0.657081842422
0.655655741692
0.656664013863
0.655943274498
0.653393089771
0.654224216938
0.65457701683
0.652835011482
0.651217997074
0.652701199055
0.650577425957
0.651145398617
0.6507152915
0.65050971508
0.650296270847
0.649739205837
0.647206425667
0.64842414856
0.648382723331
0.648063421249
0.64642572403
0.64543402195
0.644309461117
0.646849691868
0.645280361176
0.640389800072
0.642356514931
0.643206238747
0.642836332321
0.642078816891
0.639277458191
0.638497233391
0.639562904835
0.640045762062
0.636560797691
0.639003455639
0.639316320419
0.633936285973
0.637792348862
0.634732484818
0.634473979473
0.635408222675
0.633312821388
0.63212877512
0.634602069855
0.632987141609
0.631013154984
0.630303740501
0.629579842091
0.632609426975
0.631192445755
0.629001319408
0.625607669353
0.627351880074
0.626830816269
0.6243968606
0.62383133173
0.624906003475
0.623846054077
0.621512651443
0.62114995718
0.623323082924
0.621994018555
0.621678709984
0.619540929794
0.617251992226
0.614328801632
0.614298820496
0.615957021713
0.614252626896
0.615663528442
0.614996314049
0.620050549507
0.613969802856
0.609936833382
0.611904263496
0.60985070467
0.612889409065
0.609811604023
0.606606960297
0.607187569141
0.607252597809
0.603856682777
0.60399055481
0.606739938259
0.603528082371
0.599609017372
0.602046966553
0.601506054401
0.602677941322
0.604390859604
0.599085450172
0.597952067852
0.597550272942
0.597015202045
0.594809889793
0.596634745598
0.599061012268
0.591440558434
0.594430208206
0.595742762089
0.59128844738
0.587071359158
0.585997104645
0.585093855858
0.589707136154
0.585615515709
0.584109842777
0.587278306484
0.585587441921
0.586670935154
0.584470629692
0.581640958786
0.58069306612
0.580235302448
0.576804101467
0.58240455389
0.574727296829
0.576112389565
0.572091281414
0.573606073856
0.575493633747
0.571542143822
0.570899784565
0.571313023567
0.569565832615
0.56966483593
0.56958013773
0.565775334835
0.566894173622
0.568027019501
0.565407395363
0.562900662422
0.563767969608
0.560537278652
0.563257455826
0.56236320734
0.565464675426
0.554671645164
0.554553806782
0.552239358425
0.551563739777
0.551207959652
0.551940262318
0.55281484127
0.551202595234
0.547863125801
0.550292551517
0.546505391598
0.553705215454
0.542587518692
0.539573013783
0.544917404652
0.54198974371
0.542745053768
0.537296891212
0.542501747608
0.540194451809
0.542142271996
0.533480167389
0.535380601883
0.535787343979
0.530156850815
0.532580077648
0.530332744122
0.525274336338
0.526381134987
0.526004552841
0.52723544836
0.522468626499
0.516290187836
0.515918731689
0.518853545189
0.516696631908
0.513951957226
0.517015039921
0.514849483967
0.514307141304
0.511061728001
0.513677477837
0.513374269009
0.509624004364
0.516991078854
0.511123895645
0.504913687706
0.50983864069
0.504359543324
0.500524699688
0.498714387417
0.506090760231
0.493010520935
0.498177200556
0.491381824017
0.494770377874
0.496745556593
0.496464580297
0.496410757303
0.491384655237
0.476041644812
0.490902781487
0.481089323759
0.492108613253
0.482518196106
0.483431786299
0.480165481567
0.486252427101
0.477690756321
0.485500961542
0.478330910206
0.470206737518
0.475200921297
0.475370526314
0.473361045122
0.471644103527
0.468177229166
0.461747765541
0.460446089506
0.46574023366
0.466595798731
0.461711525917
0.469821691513
0.466034978628
0.456113189459
0.452131032944
0.455282062292
0.457100391388
0.4641289711
0.452290594578
0.449225008488
0.456461727619
0.442108154297
0.45394808054
0.446620106697
0.448571920395
0.444135934114
0.440321087837
0.446357727051
0.433496385813
0.438638836145
0.445850729942
0.448537945747
0.442005217075
0.430387020111
0.441165238619
0.428221255541
0.432412356138
0.430380821228
0.424442023039
0.427285909653
0.421674400568
0.42360445857
0.42972651124
0.423262000084
0.412986278534
0.424569398165
0.421730190516
0.424817800522
0.411966204643
0.420044511557
0.414981216192
0.411169946194
0.405935198069
0.404265910387
0.402274131775
0.409511357546
0.40531668067
0.412485420704
0.413442701101
0.416881889105
0.404165565968
0.401526927948
0.39730322361
0.389239042997
0.384678065777
0.396117895842
0.393330037594
0.39439240098
0.38238927722
0.387171268463
0.386317849159
0.381597071886
0.379674851894
0.391788899899
0.38283970952
0.365116387606
0.385066270828
0.384956181049
0.372453719378
0.371512293816
0.368338525295
0.368781477213
0.378595858812
0.365051686764
0.373614042997
0.360739797354
0.358455389738
0.363741695881
0.354507118464
0.369674026966
0.363366633654
0.363418906927
0.357983618975
0.36405402422
0.360368669033
0.362207561731
0.342562943697
0.356056690216
0.344543904066
0.342775225639
0.351731419563
0.350498259068
0.345708191395
0.340675503016
0.347646415234
0.340281039476
0.354274094105
0.340316474438
0.341773360968
0.348424106836
0.338495463133
0.333177447319
0.335089862347
0.325299888849
0.333084732294
0.327060520649
0.332495838404
0.340360313654
0.326852798462
0.33125525713
0.32918548584
0.329367369413
0.316333830357
0.324331969023
0.322794705629
0.324815958738
0.324677556753
0.318165332079
0.306096941233
0.319719314575
0.311540991068
0.298603713512
0.296561390162
0.304839193821
0.314425647259
0.303849279881
0.322624325752
0.310586869717
0.302206426859
0.304907500744
0.295906186104
0.299144178629
0.299088925123
0.304118603468
0.284869223833
0.291848391294
0.305812716484
0.291368067265
0.304157972336
0.284764051437
0.287633150816
0.281133681536
0.282644301653
0.29674834013
0.27809253335
0.294497728348
0.28470030427
0.283169537783
0.284041911364
0.284823656082
0.295600026846
0.293735533953
0.282217115164
0.276425778866
0.283731848001
0.277592778206
0.288267791271
0.264597535133
0.28289860487
0.269740670919
0.28859013319
0.27639490366
0.266009956598
0.256722360849
0.274585336447
0.269136637449
0.261988639832
0.259677112103
0.27483138442
0.267735511065
0.269687175751
0.263804525137
0.258786141872
0.275198936462
0.275799781084
0.258742272854
0.252526372671
0.258270293474
0.247196510434
0.27122297883
0.259933292866
0.266845792532
0.249714002013
0.251819580793
0.240617260337
0.241113051772
0.249444380403
0.25169223547
0.26505947113
0.24105297029
0.24075050652
0.251590847969
0.238552853465
0.236971318722
0.241221934557
0.238990038633
0.240165024996
0.249035328627
0.246247261763
0.265986144543
0.229880064726
0.25078690052
0.227877870202
0.221469372511
0.235197752714
0.229054972529
0.234875455499
0.230569303036
0.240825265646
0.22350256145
0.231914609671
0.234458297491
0.245340764523
0.224384069443
0.205927371979
0.227737873793
0.238475725055
0.245732456446
0.22749607265
0.214906051755
0.219467520714
0.217718183994
0.219858631492
0.231171250343
0.215188935399
0.241406023502
0.225087493658
0.232204273343
0.212594524026
0.202921420336
0.207501262426
0.200578525662
0.223229378462
0.238021820784
0.207534357905
0.203950420022
0.223053112626
0.20556551218
0.204894840717
0.199221283197
0.201961874962
0.207248821855
0.191721811891
0.204074114561
0.187602385879
0.211158677936
0.212306916714
0.194350287318
0.213507503271
0.211030930281
0.202830508351
0.19178982079
0.210584372282
0.203093200922
0.205004140735
0.193750292063
0.188713297248
0.180186569691
0.19034306705
0.188315600157
0.192889466882
0.196955129504
0.191407814622
0.198821768165
0.197314366698
0.198952674866
0.186092317104
0.173012152314
0.184752121568
0.190513834357
0.188257277012
0.18807938695
0.182500556111
0.178128018975
0.170902684331
0.187793746591
0.188478812575
0.189342439175
0.184374585748
0.183540374041
0.171395540237
0.190827101469
0.179302275181
0.179690405726
0.205999463797
0.185727119446
0.183297351003
0.17527808249
0.173022255301
0.175147041678
0.170610010624
0.181519508362
0.168065160513
0.181201994419
0.175402641296
0.168518215418
0.180930316448
0.177654445171
0.173926308751
0.164709568024
0.141567021608
0.15909922123
0.164410382509
0.184838891029
0.165179520845
0.150700256228
0.157178342342
0.155218809843
0.154348447919
0.166572168469
0.155250802636
0.155694931746
0.18319568038
0.17476195097
0.16638417542
0.158106952906
0.161333963275
0.150465071201
0.15014269948
0.164518341422
0.151793658733
0.152268067002
0.140048921108
0.155822724104
0.157930254936
0.165360793471
0.158222556114
0.147841379046
0.141271561384
0.135377049446
0.161687523127
0.154907956719
0.147073730826
0.144016429782
0.166424006224
0.16003704071
0.158747628331
0.161305978894
0.159919276834
0.133582785726
0.136804386973
0.139029696584
0.144130051136
0.146348103881
0.131094381213
0.160400167108
0.159570604563
0.145108297467
0.154385045171
0.161114409566
0.146077901125
0.132590502501
0.124818347394
0.161333352327
0.15357875824
0.143705159426
0.132990866899
0.153317004442
0.161485061049
0.144324675202
0.141611427069
0.142960071564
0.142063856125
0.13577234745
0.142699629068
0.147117525339
0.135580569506
0.123315766454
0.137071564794
0.111591748893
0.141039997339
0.132238149643
0.155613914132
0.144460588694
0.133152261376
0.136748299003
0.126736730337
0.140327885747
0.149512276053
0.124693468213
0.126566872001
0.138296753168
0.127532124519
0.14231069386
0.126551300287
0.135139644146
0.127331957221
0.111253209412
0.137694492936
0.122751571238
0.146049052477
0.124112665653
0.16962851584
0.141471773386
0.125951230526
0.127258092165
0.131025701761
0.141600370407
0.121369257569
0.108474068344
0.121754139662
0.141407370567
0.118928462267
0.143326863647
0.127294376493
0.11471875757
0.137891039252
0.12454289943
0.129675894976
0.115865305066
0.118071429431
0.128151908517
0.122922644019
0.121522724628
0.113968901336
0.107689902186
0.124125897884
0.126508131623
0.133036017418
0.120355948806
0.111853398383
0.122597239912
0.122546859086
0.116185128689
0.104443505406
0.110735021532
0.119358427823
0.147916391492
0.0940021574497
0.114170312881
0.107613705099
0.112694136798
0.132339075208
0.11952316761
0.106377504766
0.1079999879
0.101933754981
0.134877413511
0.115951605141
0.116796761751
0.134800687432
0.127926185727
0.128242447972
0.118229106069
0.127496734262
0.108182430267
0.120910771191
0.102692499757
0.10396129638
0.132746055722
0.109717532992
0.139996230602
0.122256271541
0.120226122439
0.114682592452
0.102769114077
0.111753515899
0.110791265965
0.107882805169
0.113305009902
0.0948771759868
0.121718354523
0.0922249928117
0.0887545496225
0.134519636631
0.100164264441
0.122032962739
0.147463470697
0.127763837576
0.0982673242688
0.112345896661
0.100337050855
0.100688740611
0.105049088597
0.137186512351
0.127591773868
0.0968098118901
0.122084148228
0.104376576841
0.123870484531
0.0932108834386
0.109946891665
0.0955175831914
0.120496682823
0.0896076932549
0.10459189117
0.0954852029681
0.09851000458
0.0812560096383
0.10786652565
0.109713949263
0.0846389457583
0.0800810754299
0.0993762537837
0.0886434987187
0.0889540240169
0.108087956905
0.0905889347196
0.0934654772282
0.105839557946
0.0878342539072
0.0937001928687
0.101209111512
0.0961203128099
0.0954789891839
0.101640149951
0.0869828388095
0.076531752944
0.0845089778304
0.11137367785
0.0881009176373
0.106929503381
0.10114569217
0.134594500065
0.0963691547513
0.106357544661
0.0951978936791
0.0966378748417
0.112576879561
0.0988425314426
0.106962285936
0.107066296041
0.102518722415
0.103798061609
0.0928231403232
0.0899061784148
0.0988691598177
0.109822005033
0.09748416394
0.0865783244371
0.0785880833864
0.0826548114419
0.147623732686
0.117878295481
0.12300863862
0.0885046124458
0.089850820601
0.0977923423052
0.110073201358
0.0875188112259
0.0853381082416
0.0944055318832
0.102555930614
0.106181040406
0.0787720307708
0.0915649011731
0.0823031142354
0.107036791742
0.0902939736843
0.0939186662436
0.0847206115723
0.0787522792816
0.0809944048524
0.0776189863682
0.0959545969963
0.119137234986
0.079978838563
0.0953259244561
0.100461915135
0.0841767266393
0.0774857327342
0.101998545229
0.096649877727
0.0869952514768
0.095294162631
0.108835972846
0.0800612866879
0.0869679972529
0.0864463821054
0.0846730470657
0.0828278437257
0.0866518169641
0.0986022800207
0.0957612395287
0.0731105357409
0.0906674489379
0.0826127976179
0.0796597003937
0.085832208395
0.0794706791639
0.0717520862818
0.114088095725
0.109642989933
0.0843418613076
0.0758164972067
0.0807145088911
0.0704974755645
0.102815434337
0.0959631279111
0.102640651166
0.0831215828657
0.0868407264352
0.0815525129437
0.120954446495
0.123306900263
0.0930205285549
0.105988718569
0.0931854993105
0.0890441536903
0.072997674346
0.0945026800036
0.087030120194
0.0858443826437
0.103143796325
0.0858208835125
0.0971586480737
0.086322195828
0.0789244696498
0.0771312713623
0.102677807212
0.0845899283886
0.0945728570223
0.0963372662663
0.100377112627
0.0970307067037
0.0833042785525
0.0835505351424
0.0853471830487
0.108873732388
0.0773189812899
0.0842496827245
0.106566898525
0.0977668240666
0.0820418596268
0.0811451226473
0.0876790359616
0.0899262428284
0.100611411035
0.0834461972117
0.110445313156
0.0794707015157
0.0787240490317
0.0780323296785
0.083185210824
0.0917613133788
0.103502221406
0.0845550894737
0.0939392820001
0.0704185366631
0.0973136872053
0.110412701964
0.0891902074218
0.0833281204104
0.0762723013759
0.0917395502329
0.103860855103
0.0990995019674
0.0876409560442
0.118828937411
0.118001237512
0.0874935314059
0.100592032075
0.0765962824225
0.107731580734
0.0827936679125
0.101434402168
0.0805215910077
0.105768173933
0.100869521499
0.100979946554
0.108427546918
0.087456472218
0.0962075740099
0.0855046361685
0.0794808343053
0.094617806375
0.0963420048356
0.0852672085166
0.089290946722
0.0918024554849
0.0937798470259
0.0695103108883
0.0835962221026
0.0801711454988
0.110293827951
0.0926575809717
0.093539096415
0.0772688314319
0.094503864646
0.070432446897
0.083692535758
0.0883118733764
0.0826208516955
0.0926514565945
0.129711225629
0.0787508487701
0.0784462615848
0.066474199295
0.0772388130426
0.0872637331486
0.105805076659
0.0846878141165
0.0815286114812
0.0741898864508
0.0981267616153
0.0841799303889
0.0798239931464
0.091664865613
0.0935922637582
0.0880712270737
0.0720576420426
0.0936809182167
0.0837140977383
0.100247338414
0.083958722651
0.0899278372526
0.0948984101415
0.102778330445
0.0694326758385
0.0779835805297
0.110680706799
0.0780667588115
0.0855817943811
0.0885774195194
0.0686869770288
0.109725899994
0.0978245213628
0.0823417976499
0.0686361640692
0.0834335163236
0.114199139178
0.081709690392
0.0792956873775
0.0781011655927
0.0913795381784
0.109338335693
0.109261803329
0.0865974500775
0.0841070413589
0.069459028542
0.0782836526632
0.0693557187915
0.0800081640482
0.103283196688
0.0713645890355
0.0747640132904
0.0740484595299
0.0755396857858
0.0915234833956
0.0919116586447
0.104775816202
0.0778240561485
0.104403987527
0.139022901654
0.0775735899806
0.0972249135375
0.0935789644718
0.0980544090271
0.0938692614436
0.0742901861668
0.0820529833436
0.0815927013755
0.0808801427484
0.0707753375173
0.108761645854
0.0916695743799
0.0967598855495
0.0854158326983
0.0865523070097
0.0758417025208
0.0950861126184
0.0822297781706
0.0714510083199
0.0693680197001
0.0796269476414
0.0679865777493
0.0884036570787
0.0706232190132
0.0882460400462
0.0745355188847
0.0930458083749
0.0929127037525
0.0703428760171
0.0940612405539
0.0689696148038
0.0866839885712
0.0892498642206
0.0804062262177
0.0805134922266
0.0829558596015
0.0863349735737
0.100822463632
0.0632143169641
0.0917001888156
0.0767214819789
0.0881088078022
0.082315646112
0.0795899704099
0.12108772248
0.10074159503
0.0905556753278
0.103665046394
0.0754220560193
