1.35183429718
1.49315261841
1.53781795502
1.47319757938
1.4366928339
1.53972625732
1.63360476494
1.44156181812
1.54556632042
1.46559047699
1.55456972122
1.62100827694
1.58530509472
1.55939793587
1.46662533283
1.4863089323
1.52456593513
1.47351515293
1.47368228436
1.51986646652
1.5780133009
1.60663700104
1.50796091557
1.62886428833
1.43812966347
1.4273109436
1.51453435421
1.40512943268
1.64811205864
1.65435171127
1.55219876766
1.49114096165
1.40744781494
1.40276479721
1.45579254627
1.38128733635
1.4434466362
1.55517280102
1.51193892956
1.54717946053
1.57288122177
1.418841362
1.57155179977
1.56422948837
1.34105432034
1.53778481483
1.55308103561
1.44666564465
1.46053290367
1.49023079872
1.51472628117
1.32923996449
1.53695762157
1.55247330666
1.53158485889
1.65602266788
1.47782874107
1.5389829874
1.59847128391
1.53341960907
1.37783944607
1.32047390938
1.57401359081
1.39543664455
1.44010186195
1.5480556488
1.51766860485
1.56877052784
1.37879621983
1.61458551884
1.43893301487
1.59267580509
1.47082638741
1.34445381165
1.52814364433
1.4714152813
1.44784116745
1.46827244759
1.34711790085
1.47761631012
1.29976439476
1.42264378071
1.40504205227
1.45018315315
1.472230196
1.47291433811
1.26744532585
1.41812396049
1.26283633709
1.36508107185
1.51659810543
1.29232847691
1.48912918568
1.36329495907
1.4474312067
1.37760782242
1.57858252525
1.7265740633
1.47539031506
1.30227434635
1.31752717495
1.62654209137
1.42699122429
1.41751050949
1.40910255909
1.47391486168
1.46499156952
1.31369161606
1.30395042896
1.47206580639
1.41696000099
1.51526522636
1.42678058147
1.34238469601
1.44384908676
1.41029989719
1.48047053814
1.25666558743
1.50756251812
1.25159597397
1.30134153366
1.40495872498
1.3645170927
1.32451021671
1.4383854866
1.47490060329
1.52952742577
1.40444242954
1.44654333591
1.43302094936
1.67352056503
1.49256885052
1.49079561234
1.31981146336
1.45716810226
1.57089483738
1.45098829269
1.32362473011
1.48208725452
1.2763197422
1.32751381397
1.4439817667
1.39320361614
1.39811420441
1.46203303337
1.4260674715
1.35608375072
1.51022875309
1.49270153046
1.29636764526
1.40364217758
1.30043399334
1.27846980095
1.34290277958
1.51413273811
1.44485151768
1.43174540997
1.36486268044
1.37180328369
1.35300266743
1.28525066376
1.44728410244
1.43389809132
1.23950493336
1.49785518646
1.44495284557
1.13815689087
1.44366812706
1.26034379005
1.22932291031
1.28244662285
1.27246820927
1.33013677597
1.26945483685
1.34888720512
1.40766632557
1.43718326092
1.35337507725
1.31355547905
1.27380800247
1.50697374344
1.41478836536
1.21185600758
1.3403352499
1.43530321121
1.34747493267
1.35421824455
1.48908030987
1.24475550652
1.30747818947
1.26108932495
1.32782638073
1.24011600018
1.49663925171
1.3289693594
1.44472301006
1.51013112068
1.36514043808
1.33590590954
1.29102420807
