0.74019497633
0.766773223877
0.702379643917
0.651916801929
0.656272530556
0.644202530384
0.652161836624
0.6319860816
0.614353775978
0.630039215088
0.613422513008
0.599880099297
0.587524056435
0.613983333111
0.58047670126
0.599022328854
0.583755612373
0.557677388191
0.551395058632
0.557731986046
0.573648333549
0.54791110754
0.546051621437
0.539443910122
0.546254396439
0.528416693211
0.528342545033
0.538372635841
0.516247868538
0.525492966175
0.503945112228
0.50843757391
0.496388882399
0.525399982929
0.483983695507
0.471094757318
0.472862809896
0.483653217554
0.473060935736
0.467929601669
0.467456042767
0.461745411158
0.459478080273
0.441205441952
0.45925334096
0.469378322363
0.438255488873
0.457226276398
0.451070606709
0.444735854864
0.423031836748
0.427534520626
0.434301167727
0.405465960503
0.392667382956
0.421165496111
0.410465955734
0.394918292761
0.402147978544
0.373171925545
0.363071471453
0.402386188507
0.3821837008
0.382548958063
0.348998725414
0.367200374603
0.343127638102
0.37381285429
0.3393407166
0.350855976343
0.344594448805
0.299491137266
0.324888169765
0.324649482965
0.30678665638
0.338777720928
0.32207429409
0.311229884624
0.295007348061
0.307517379522
0.283955782652
0.273916840553
0.282411336899
0.292341083288
0.267027944326
0.253813177347
0.254595190287
0.24842184782
0.270953953266
0.248497366905
0.285859674215
0.229254379869
0.229791775346
0.251657426357
0.242131799459
0.208384856582
0.229452893138
0.217240974307
0.199089124799
0.215446293354
0.19787709415
0.207338884473
0.203306749463
0.204900860786
0.212306678295
0.194584280252
0.194444611669
0.18488535285
0.188249930739
0.209366768599
0.186696231365
0.162259727716
0.184949964285
0.17163272202
0.189682781696
0.164726570249
0.165134444833
0.191297844052
0.178460016847
0.165691405535
0.169876858592
0.177174195647
0.17725841701
0.148769780993
0.153897851706
0.169942080975
0.154588192701
0.123776711524
0.173737972975
0.152650639415
0.135982692242
0.146935343742
0.164678931236
0.152174264193
0.149814561009
0.117844045162
0.140128061175
0.134723350406
0.1247933954
0.114156886935
0.129295140505
0.129818737507
0.141112282872
0.122072510421
0.121126264334
0.132186278701
0.123217456043
0.118235446513
0.127434745431
0.123908556998
0.106053061783
0.104188926518
0.108894430101
0.0906983166933
0.118942685425
0.10524559021
0.105535700917
0.0933815762401
0.101948343217
0.10157700628
0.0913245603442
0.129281625152
0.116517566144
0.12665168941
0.112601228058
0.111364550889
0.0902976542711
0.09440010041
0.0905253365636
0.116636864841
0.11029060185
0.0817833840847
0.0942751988769
0.10423797369
0.103981651366
0.0897719860077
0.103084124625
0.0977170541883
0.0958278402686
0.0889870449901
0.0942873060703
0.0983224362135
0.0824580714107
0.11040277034
0.0993964970112
0.110208161175
0.079679608345
0.108602754772
0.106757991016
0.0737106502056
0.0909181535244
0.0890307947993
0.0971597284079
0.100709699094
0.105417102575
0.0972101911902
0.140337944031
0.084844596684
0.0970096439123
0.0974946469069
0.0889187753201
0.0831732675433
0.0939474403858
0.0594154633582
0.105515234172
0.104906447232
0.078215546906
0.0845863744617
0.103116326034
0.0996503159404
0.10779568553
0.0638743340969
0.0690420493484
0.094872392714
0.0638143271208
0.0766707807779
0.0760642290115
0.0548350512981
0.0763122662902
0.116195626557
0.127013757825
0.0735732391477
0.0835778787732
0.0809657052159
0.0656082555652
0.0776588320732
0.0545604601502
0.108887553215
0.0594862923026
0.10974098742
0.050386223942
0.0729573071003
0.0607176199555
0.0860854014754
0.0563493780792
0.0604901611805
0.0570549927652
0.064893938601
0.0891197770834
0.087179094553
0.0878822952509
0.0468797907233
0.0523602738976
0.0483618117869
0.0604877471924
0.091816291213
0.0598400719464
0.0630542710423
0.0481775738299
0.0600420497358
0.0533006340265
0.0538223721087
0.0533253476024
0.061258547008
0.0556036010385
0.059963747859
0.0739636644721
0.0503276772797
0.0714779645205
0.0867321491241
0.0505750328302
0.0672989785671
0.10002296418
0.0527352318168
0.0607784539461
0.071877039969
0.097771525383
0.091435611248
0.0432146042585
0.0713958516717
0.05089430511
0.0564102344215
0.0678580850363
0.0680454522371
0.0780585184693
0.0713896974921
0.0582348890603
0.050753980875
0.064849793911
0.0499956309795
0.0873631164432
0.0540286637843
0.054260827601
0.0629280805588
0.0810373723507
0.0622589588165
0.0617392733693
0.052170842886
0.0692373067141
0.0564293265343
0.0420364290476
0.045706577599
0.0429932847619
0.0780175700784
0.0445977076888
0.0579396486282
0.060962870717
0.0531896539032
0.0594985224307
0.0705868974328
