0.570731699467
0.609756112099
0.629268288612
0.653658509254
0.687804877758
0.702439010143
0.770731687546
0.72682929039
0.687804877758
0.780487775803
0.785365879536
0.800000011921
0.824390232563
0.819512188435
0.824390232563
0.843902468681
0.897560954094
0.873170733452
0.902438998222
0.907317101955
0.907317101955
0.912195146084
0.897560954094
0.921951234341
0.917073190212
0.946341454983
0.951219499111
0.892682909966
0.931707322598
0.926829278469
0.936585366726
0.951219499111
0.941463410854
0.946341454983
0.946341454983
0.965853631496
0.975609779358
0.965853631496
0.970731735229
0.975609779358
0.975609779358
0.970731735229
0.95609754324
0.985365867615
0.970731735229
0.975609779358
0.970731735229
0.970731735229
0.980487823486
0.985365867615
0.960975587368
0.980487823486
0.980487823486
0.970731735229
0.980487823486
0.980487823486
0.985365867615
0.980487823486
0.980487823486
0.985365867615
0.980487823486
0.980487823486
0.980487823486
0.975609779358
0.980487823486
0.985365867615
0.965853631496
0.960975587368
0.985365867615
0.980487823486
0.985365867615
0.980487823486
0.980487823486
0.980487823486
0.965853631496
0.985365867615
0.980487823486
0.985365867615
0.980487823486
0.980487823486
0.975609779358
0.970731735229
0.975609779358
0.985365867615
0.960975587368
0.980487823486
0.985365867615
0.985365867615
0.980487823486
0.985365867615
0.975609779358
0.980487823486
0.980487823486
0.985365867615
0.980487823486
0.970731735229
0.980487823486
0.980487823486
0.970731735229
0.965853631496
0.985365867615
0.970731735229
0.980487823486
0.980487823486
0.980487823486
0.975609779358
0.985365867615
0.965853631496
0.985365867615
0.970731735229
0.985365867615
0.980487823486
0.985365867615
0.980487823486
0.980487823486
0.975609779358
0.970731735229
0.980487823486
0.975609779358
0.970731735229
0.980487823486
0.975609779358
0.985365867615
0.975609779358
0.980487823486
0.980487823486
0.980487823486
0.985365867615
0.975609779358
0.985365867615
0.985365867615
0.985365867615
0.980487823486
0.985365867615
0.975609779358
0.980487823486
0.975609779358
0.985365867615
0.975609779358
0.980487823486
0.980487823486
0.985365867615
0.970731735229
0.985365867615
0.980487823486
0.975609779358
0.985365867615
0.980487823486
0.985365867615
0.975609779358
0.985365867615
0.985365867615
0.975609779358
0.980487823486
0.980487823486
0.975609779358
0.980487823486
0.975609779358
0.985365867615
0.985365867615
0.975609779358
0.980487823486
0.975609779358
0.985365867615
0.975609779358
0.985365867615
0.985365867615
0.980487823486
0.980487823486
0.985365867615
0.980487823486
0.985365867615
0.980487823486
0.985365867615
0.980487823486
0.985365867615
0.975609779358
0.980487823486
0.985365867615
0.985365867615
0.985365867615
0.985365867615
0.985365867615
0.985365867615
0.980487823486
0.980487823486
0.980487823486
0.985365867615
0.980487823486
0.985365867615
0.985365867615
0.980487823486
0.985365867615
0.985365867615
0.985365867615
0.985365867615
0.985365867615
0.985365867615
0.985365867615
0.980487823486
