0.693140029907
0.693109869957
0.693071842194
0.693041861057
0.693006932735
0.692979991436
0.692941427231
0.692917227745
0.692865133286
0.692832410336
0.692830622196
0.692758381367
0.692743241787
0.69271916151
0.692706823349
0.692648231983
0.692642271519
0.692594885826
0.69253474474
0.692468762398
0.692453503609
0.692389786243
0.692407846451
0.692319273949
0.692346692085
0.69220995903
0.692215561867
0.692161500454
0.692155957222
0.692169904709
0.691962838173
0.691953539848
0.691893875599
0.691963911057
0.691857159138
0.691876292229
0.691770851612
0.691817939281
0.691713035107
0.691704332829
0.691742658615
0.691545367241
0.691473543644
0.69152289629
0.691315591335
0.691368341446
0.691242039204
0.691310822964
0.691203773022
0.691070854664
0.691131234169
0.691053152084
0.690842330456
0.69098430872
0.690919876099
0.690829515457
0.690673172474
0.69062769413
0.690670192242
0.690719306469
0.690493643284
0.690357327461
0.690312147141
0.690447032452
0.690400004387
0.690222024918
0.690084040165
0.689961969852
0.689835250378
0.689535737038
0.689944088459
0.689841806889
0.689864993095
0.689604103565
0.689569175243
0.689607441425
0.689660847187
0.68957221508
0.689350783825
0.689147412777
0.688833475113
0.6891964674
0.688888132572
0.688658058643
0.688829600811
0.688843667507
0.688941597939
0.688746213913
0.688355922699
0.687818944454
0.688397467136
0.687989532948
0.68806707859
0.687841951847
0.688077688217
0.687976419926
0.687948226929
0.687500059605
0.687653183937
0.687784254551
0.687328577042
0.687283456326
0.687405645847
0.687058389187
0.68705457449
0.686753153801
0.68710488081
0.686568856239
0.686705648899
0.686417222023
0.68659132719
0.685878872871
0.685889184475
0.685955286026
0.68567109108
0.685524940491
0.684976100922
0.68534886837
0.685120642185
0.684436380863
0.685063481331
0.684946894646
0.684792220592
0.684657871723
0.684613764286
0.684241116047
0.683503448963
0.683362185955
0.683726549149
0.683246314526
0.683137476444
0.683201014996
0.68225723505
0.68292170763
0.683294296265
0.682752668858
0.682511270046
0.682163357735
0.682303965092
0.681721031666
0.682011604309
0.681433081627
0.681729376316
0.680884063244
0.681137025356
0.679919183254
0.680044472218
0.680024981499
0.680130660534
0.679591536522
0.679043889046
0.67952388525
0.679421186447
0.678760290146
0.678054213524
0.678171813488
0.678258001804
0.677189230919
0.677571058273
0.676648199558
0.677475631237
0.676901400089
0.677186667919
0.676244914532
0.67651039362
0.67502784729
0.675840198994
0.675262212753
0.674282968044
0.674030184746
0.674030780792
0.673405051231
0.674009084702
0.672496676445
0.673405051231
0.671890556812
0.672505676746
0.67107707262
0.671353459358
0.670353233814
0.670625925064
0.669606864452
0.671183824539
0.669310033321
0.668981254101
0.66789495945
0.669151425362
0.668149411678
0.666365146637
0.667034268379
0.666910409927
0.664735376835
0.66694766283
0.665954470634
0.664761126041
0.663593113422
0.664645016193
0.66359269619
0.664931535721
0.663134992123
0.662669122219
0.662685573101
0.660368323326
0.661686599255
0.660163938999
0.66047090292
0.659719645977
0.657735466957
0.658324897289
0.656937360764
0.658015787601
0.657050609589
0.656438231468
0.655436694622
0.653888702393
0.654621243477
0.653905272484
0.653159916401
0.652008771896
0.650869905949
0.651905417442
0.64944344759
0.651711165905
0.648960471153
0.646235704422
0.646705389023
0.644637644291
0.647300899029
0.644477963448
0.647171914577
0.645873069763
0.6438626647
0.643122255802
0.643589794636
0.642623841763
0.640884935856
0.642304480076
0.640258491039
0.638501286507
0.636476397514
0.638601303101
0.640490710735
0.633659720421
0.634833276272
0.63578337431
0.633215606213
0.633810400963
0.632558763027
0.63490229845
0.634961545467
0.629031121731
0.628975570202
0.630016922951
0.628930568695
0.628126502037
0.626973688602
0.627935647964
0.62487334013
0.624841034412
0.622435808182
0.621535658836
0.619839191437
0.623474001884
0.623877644539
0.620454132557
0.617965936661
0.617576599121
0.618421435356
0.619595587254
0.613056600094
0.612677037716
0.614122033119
0.60876172781
0.611424505711
0.607553184032
0.607769191265
0.604736089706
0.607179045677
0.606029987335
0.605912685394
0.604747414589
0.603410243988
0.598664462566
0.600608766079
0.598709464073
0.595295548439
0.59961014986
0.597790956497
0.592120945454
0.592087745667
0.593060255051
0.592464506626
0.588008999825
0.588164389133
0.586765825748
0.589959025383
0.586552023888
0.582084774971
0.583869576454
0.579882502556
0.580786347389
0.581875026226
0.577439069748
0.581495046616
0.579984068871
0.577863276005
0.574296176434
0.574094295502
0.570163846016
0.569071471691
0.568342030048
0.56778472662
0.5695078969
0.565349340439
0.561216890812
0.560210764408
0.56266695261
0.557806074619
0.559294700623
0.556712687016
0.555459082127
0.558079481125
0.551502048969
0.555529177189
0.544606983662
0.546344637871
0.550038278103
0.545485854149
0.549642801285
0.542604207993
0.550484359264
0.540713965893
0.534686028957
0.537724852562
0.534467816353
0.530451714993
0.536622881889
0.53007376194
0.528842151165
0.532302618027
0.520862460136
0.523584365845
0.526641905308
0.51843637228
0.522588193417
0.518708825111
0.519165217876
0.520448803902
0.510498464108
0.517509102821
0.50687879324
0.512589454651
0.50239855051
0.505758523941
0.504395961761
0.502761781216
0.503033578396
0.497548311949
0.492913633585
0.491918176413
0.494044572115
0.493271321058
0.485473334789
0.4914509058
0.487547188997
0.490036785603
0.486863255501
0.487719208002
0.475604921579
0.481756746769
0.480949997902
0.475617915392
0.467663377523
0.474869132042
0.474755138159
0.459630340338
0.46717107296
0.46757915616
0.45914888382
0.465874940157
0.458011001348
0.460463225842
0.455724418163
0.45990601182
0.452021867037
0.449107408524
0.448009848595
0.443804174662
0.448925435543
0.450364530087
0.441792756319
0.438381463289
0.441181689501
0.440671175718
0.439145982265
0.427454799414
0.432523339987
0.427729457617
0.434104323387
0.428322136402
0.419367015362
0.419196724892
0.419261902571
0.422671735287
0.421739578247
0.408200144768
0.417221188545
0.41332679987
0.410577505827
0.416159808636
0.410928428173
0.402214705944
0.404318660498
0.400701135397
0.395680099726
0.401837170124
0.396806418896
0.39763507247
0.396662980318
0.388422936201
0.389674335718
0.374812394381
0.380877315998
0.386132895947
0.38651034236
0.372867375612
0.36780154705
0.378399670124
0.357557594776
0.370357900858
0.383699655533
0.367433726788
0.367025971413
0.356600761414
0.36870315671
0.365410596132
0.352105408907
0.356752753258
0.36240208149
0.3590092659
0.339565813541
0.341537743807
0.347571372986
0.343528777361
0.349049925804
0.336451947689
0.342389136553
0.334734588861
0.351597517729
0.332444190979
0.354299932718
0.342806607485
0.321506887674
0.328270256519
0.330732911825
0.33640474081
0.321955263615
0.32752558589
0.320406407118
0.320170372725
0.31868070364
0.31516829133
0.32037961483
0.319280922413
0.313450425863
0.307817995548
0.311377465725
0.303188353777
0.31025865674
0.303263276815
0.308403074741
0.29840862751
0.297344833612
0.307714790106
0.288919329643
0.281642377377
0.273094981909
0.289809435606
0.284656405449
0.294937938452
0.292066723108
0.274714529514
0.283139377832
0.278465390205
0.282947778702
0.270551502705
0.270906656981
0.285171866417
0.277193158865
0.271271318197
0.261381387711
0.279834330082
0.261936604977
0.267659693956
0.264456748962
0.259132683277
0.254924654961
0.276186674833
0.276695132256
0.254060745239
0.250761032104
0.253630429506
0.248028948903
0.261314213276
0.241998925805
0.246252939105
0.245908975601
0.241397485137
0.234670951962
0.243039146066
0.229173839092
0.243829458952
0.249209463596
0.239131838083
0.241112411022
0.228847026825
0.248965770006
0.224704414606
0.234785869718
0.220058470964
0.227157890797
0.210494250059
0.223290711641
0.229739367962
0.211140364408
0.221470564604
0.227783501148
0.224614918232
0.227538883686
0.216156691313
0.22243206203
0.224405556917
0.227042451501
0.233534261584
0.209371522069
0.207300141454
0.209759637713
0.22290173173
0.22437889874
0.214197337627
0.221129149199
0.198847144842
0.223576486111
0.206477537751
0.212646201253
0.198396325111
0.207388207316
0.190422639251
0.207068815827
0.195736601949
0.199634611607
0.204190269113
0.193267166615
0.20377574861
0.207450062037
0.180364862084
0.20462910831
0.192215099931
0.208223521709
0.183734714985
0.18762691319
0.196559891105
0.188375011086
0.179284691811
0.179372549057
0.180337294936
0.203512743115
0.193924605846
0.18425488472
0.178674429655
0.192414924502
0.182846203446
0.186573401093
0.185629233718
0.163285821676
0.168622389436
0.197342202067
0.199184015393
0.160094857216
0.168601289392
0.164214774966
0.141347527504
0.184414416552
0.162313714623
0.164857581258
0.170036152005
0.180359706283
0.185928344727
0.155743822455
0.154003962874
0.154115527868
0.159652173519
0.187215775251
0.157891973853
0.149449780583
0.172333732247
0.170340508223
0.163457632065
0.17146115005
0.152568712831
0.173987075686
0.159852042794
0.182599976659
0.147971585393
0.155754551291
0.152491495013
0.181099534035
0.160767421126
0.139529451728
0.158606231213
0.151745229959
0.144969820976
0.161025702953
0.163548335433
0.140111431479
0.136128559709
0.149657562375
0.144298791885
0.147949919105
0.162526443601
0.146392956376
0.156847029924
0.165107965469
0.175585746765
0.141282439232
0.160362869501
0.129694089293
0.140496641397
0.142769917846
0.151411697268
0.128002807498
0.133816212416
0.148534834385
0.13538479805
0.145910397172
0.132628187537
0.137201502919
0.139018982649
0.146586075425
0.146080628037
0.160692155361
0.1281529814
0.151361003518
0.14056648314
0.15679641068
0.147612303495
0.142882093787
0.144278630614
0.127640798688
0.124203287065
0.119240917265
0.133347183466
0.147660925984
0.140292137861
0.131231024861
0.141215667129
0.114036075771
0.124226786196
0.133394822478
0.130131408572
0.129896759987
0.123642832041
0.162682786584
0.132827565074
0.123179405928
0.123987309635
0.109242543578
0.109003186226
0.146767705679
0.104942321777
0.122084267437
0.116838030517
0.134815648198
0.120233222842
0.1213555336
0.148213014007
0.151997789741
0.12715497613
0.120098851621
0.121905468404
0.106278471649
0.118875473738
0.120697952807
0.121670953929
0.126092210412
0.122587434947
0.114250041544
0.131133124232
0.129078611732
0.110894076526
0.137211561203
0.135028406978
0.101409710944
0.122029185295
0.126696139574
0.111906848848
0.140748471022
0.103593677282
0.144582614303
0.112257570028
0.120600484312
0.110171832144
0.115040205419
0.129184857011
0.103991009295
0.12951412797
0.115948870778
0.0983954742551
0.140162155032
0.12634113431
0.116723641753
0.124095864594
0.137982115149
0.128775134683
0.101649053395
0.0981244444847
0.100197225809
0.106685869396
0.106950119138
0.115310780704
0.126390129328
0.118074648082
0.131713062525
0.135651543736
0.118320591748
0.109118655324
0.10220657289
0.114445880055
0.107446707785
0.0942430719733
0.11131387949
0.115269303322
0.120380878448
0.10474331677
0.109849654138
0.109261371195
0.103338815272
0.113212674856
0.116472803056
0.113177329302
0.127085536718
0.0914896130562
0.0937194153666
0.107487887144
0.101978316903
0.101205147803
0.129743695259
0.108081743121
0.0968896821141
0.101161956787
0.130622550845
0.0858841463923
0.0999195948243
0.102558322251
0.0909510552883
0.0919368565083
0.0787872225046
0.0958554074168
0.148573711514
0.108068853617
0.109080038965
0.123415209353
0.103631712496
0.116123147309
0.0944164544344
0.116407059133
0.107618585229
0.114638350904
0.0946698635817
0.116361804307
0.0859295427799
0.0961231589317
0.105676941574
0.120183907449
0.09712151438
0.0984190776944
0.109728559852
0.0820011049509
0.10972943157
0.0946484878659
0.0895789340138
0.100323237479
0.0962790250778
0.124368034303
0.0957179442048
0.0907376557589
0.111698314548
0.114886723459
0.0803567394614
0.104398339987
0.0896311253309
0.110856734216
0.0926664471626
0.114922985435
0.10081898421
0.0846169367433
0.0984728336334
0.0968679115176
0.119767919183
0.121254935861
