0.69355237484
0.693199872971
0.692854702473
0.692498385906
0.692183613777
0.691980600357
0.691610395908
0.691323637962
0.691306293011
0.690446794033
0.690371453762
0.689630448818
0.689518392086
0.689091801643
0.688559174538
0.688022971153
0.687581717968
0.687075555325
0.686144888401
0.686043918133
0.685266911983
0.684561610222
0.683641076088
0.683104753494
0.682631492615
0.681576669216
0.680930376053
0.680215835571
0.679835557938
0.678637266159
0.678299486637
0.677000463009
0.67664116621
0.675075232983
0.67465788126
0.67398172617
0.672859013081
0.671706914902
0.671327769756
0.669986009598
0.668951690197
0.668830096722
0.66698974371
0.665882229805
0.664778828621
0.664324939251
0.663088917732
0.662144184113
0.661806941032
0.660370469093
0.658508718014
0.657362759113
0.656970083714
0.656415104866
0.655355930328
0.653504371643
0.651247441769
0.651237666607
0.65122038126
0.649581611156
0.647729873657
0.647056341171
0.644770801067
0.644155561924
0.643586933613
0.641066789627
0.640786826611
0.638714134693
0.638340950012
0.637278795242
0.636390507221
0.634737253189
0.633605062962
0.631199240685
0.630982041359
0.630469620228
0.627441465855
0.627263724804
0.62554204464
0.622941315174
0.622806370258
0.621138393879
0.620886027813
0.617886960506
0.617142438889
0.615801990032
0.613937795162
0.613294303417
0.611574590206
0.608285188675
0.607576310635
0.608362555504
0.605560481548
0.603497624397
0.602533996105
0.601473152637
0.599583506584
0.599479675293
0.596216738224
0.59531724453
0.593639373779
0.59363090992
0.590869545937
0.588793694973
0.588310599327
0.585090816021
0.583975791931
0.584188461304
0.581964731216
0.580341756344
0.579505503178
0.577349424362
0.575785934925
0.574671149254
0.572441220284
0.574018359184
0.57001465559
0.567820608616
0.568536758423
0.565542280674
0.565698444843
0.562998831272
0.560686051846
0.558036744595
0.558673560619
0.557637393475
0.554151415825
0.551105380058
0.552332758904
0.550752460957
0.547929644585
0.545528113842
0.547198593616
0.544943630695
0.546759605408
0.543425500393
0.540193080902
0.537496626377
0.536027133465
0.535801887512
0.53228521347
0.532624125481
0.530538737774
0.53054189682
0.528297662735
0.526957452297
0.52305406332
0.523429811001
0.522900164127
0.518446266651
0.516826868057
0.515707015991
0.518501400948
0.51264834404
0.512862026691
0.511626601219
0.511997699738
0.51057267189
0.505917370319
0.50708258152
0.50378125906
0.502894043922
0.501542568207
0.501866936684
0.498128086329
0.497963517904
0.493181705475
0.494816660881
0.492948204279
0.488303720951
0.484426498413
0.485099941492
0.48585614562
0.482497811317
0.478612244129
0.480228662491
0.47982993722
0.477562069893
0.474533379078
0.472108274698
0.475565761328
0.471861541271
0.467578709126
0.464832425117
0.462452888489
0.465629398823
0.466842204332
0.462907880545
0.460724949837
0.461125433445
0.45857745409
0.456357866526
0.457878470421
0.452358931303
0.451255023479
0.453483104706
0.448556393385
0.450681060553
0.449713647366
0.445684254169
0.441896677017
0.440846294165
0.44075268507
0.43875336647
0.435609400272
0.435889571905
0.433687984943
0.435040324926
0.431403189898
0.427115768194
0.429151207209
0.423770874739
0.421662777662
0.420435994864
0.422084748745
0.418090224266
0.419076681137
0.416839003563
0.416227310896
0.417291998863
0.409341067076
0.415413498878
0.413040369749
0.406932115555
0.404050946236
0.405699759722
0.404695510864
0.401287168264
0.395869344473
0.401834219694
0.397396951914
0.395257860422
0.393253982067
0.393588602543
0.390882432461
0.389645576477
0.388916522264
0.381987780333
0.386120915413
0.383431494236
0.379578590393
0.383186221123
0.381381720304
0.374965637922
0.378692209721
0.375865072012
0.374156534672
0.36910200119
0.37034791708
0.370072454214
0.36641857028
0.367710977793
0.359185814857
0.363487362862
0.362135618925
0.361098945141
0.358283787966
0.356573194265
0.353775680065
0.356477081776
0.350434660912
0.35245719552
0.350926309824
0.349429994822
0.350076973438
0.34568208456
0.342415034771
0.342888504267
0.343806952238
0.334761381149
0.340088993311
0.343264847994
0.335073471069
0.335993945599
0.330568999052
0.333265304565
0.330057650805
0.32648435235
0.326026439667
0.328676909208
0.325529456139
0.32157856226
0.322591483593
0.321032553911
0.320068150759
0.320469617844
0.318167299032
0.316686689854
0.315297037363
0.313758075237
0.309580147266
0.30841127038
0.303607553244
0.307081729174
0.30504232645
0.303812325001
0.303406924009
0.299162507057
0.299445658922
0.301362931728
0.295578211546
0.299785643816
0.295339733362
0.292211860418
0.294976681471
0.289038002491
0.285038530827
0.286644488573
0.284392207861
0.287775099277
0.284841001034
0.285536259413
0.276954114437
0.27867385745
0.277954697609
0.274598687887
0.279703021049
0.279575228691
0.276749968529
0.27589994669
0.27249905467
0.273280858994
0.271614968777
0.274494200945
0.263552695513
0.266984224319
0.264169991016
0.268179953098
0.263643056154
0.261420100927
0.25872439146
0.258562535048
0.260140627623
0.2569026649
0.252886176109
0.254511296749
0.258310616016
0.24831674993
0.250029593706
0.249761089683
0.246978312731
0.248392313719
0.249793708324
0.239977836609
0.245545759797
0.239510759711
0.237855374813
0.243907079101
0.237183064222
0.237851515412
0.238838195801
0.235439226031
0.236196860671
0.234581619501
0.236702129245
0.230005428195
0.230732351542
0.229126930237
0.228442639112
0.228463292122
0.222341924906
0.229641437531
0.224510937929
0.222862094641
0.223506376147
0.219891726971
0.22101777792
0.217727810144
0.211972132325
0.214362993836
0.218155875802
0.212870806456
0.210316151381
0.211947947741
0.211706325412
0.21541903913
0.210242450237
0.213173389435
0.20752723515
0.203459843993
0.201562047005
0.204300150275
0.205137297511
0.205820262432
0.202099442482
0.205843687057
0.203344285488
0.200793609023
0.195085287094
0.195553481579
0.191129922867
0.194248780608
0.196160048246
0.199229285121
0.190460965037
0.193769425154
0.194272086024
0.190524205565
0.186164245009
0.188751667738
0.183803081512
0.186451882124
0.184196040034
0.182352021337
0.183970794082
0.186924487352
0.181368753314
0.17937387526
0.181308314204
0.177705734968
0.176835671067
0.177276685834
0.175363972783
0.175921708345
0.176995843649
0.17697134614
0.170089945197
0.174717023969
0.168577432632
0.165836110711
0.168703317642
0.175826266408
0.166079297662
0.16947247088
0.172469720244
0.168042719364
0.168296918273
0.165500104427
0.162570863962
0.161695048213
0.163658902049
0.162682309747
0.163929671049
0.157594293356
0.163508236408
0.160662576556
0.154700547457
0.156148582697
0.153765335679
0.15663947165
0.150249868631
0.154889896512
0.151812687516
0.156550675631
0.154087990522
0.151587456465
0.150380015373
0.152864843607
0.150022253394
0.148031413555
0.148764267564
0.143393740058
0.149281531572
0.147649601102
0.143837198615
0.14433580637
0.144873157144
0.143350690603
0.140457808971
0.137504711747
0.145799249411
0.139938592911
0.142696812749
0.13462215662
0.137411028147
0.134967103601
0.134510815144
0.136681810021
0.136521309614
0.136375531554
0.133590474725
0.134894773364
0.13152821362
0.13103350997
0.128252506256
0.128817602992
0.128963455558
0.127937793732
0.127938464284
0.131808757782
0.130358204246
0.124653585255
0.122942470014
0.124164439738
0.12542450428
0.127023637295
0.120087631047
0.122161380947
0.124430380762
0.119823008776
0.11667983979
0.1177040115
0.123130276799
0.123338483274
0.117117740214
0.118717260659
0.119136206806
0.118425033987
0.117363162339
0.115452423692
0.114466153085
0.114667564631
0.115324646235
0.110447861254
0.115364223719
0.117107532918
0.115848645568
0.107682019472
0.108847312629
0.110930092633
0.111495472491
0.102313615382
0.107150517404
0.114975906909
0.106961749494
0.112668313086
0.106221213937
0.105971246958
0.109746195376
0.105640605092
0.105161823332
0.104965560138
0.105844683945
0.100795321167
0.102149404585
0.100616343319
0.103561639786
0.101676829159
0.101830765605
0.105073735118
0.100072063506
0.101068884134
0.0997075438499
0.10126400739
0.0945796892047
0.100138038397
0.0950846076012
0.0983481630683
0.0957583934069
0.0968692526221
0.0961048230529
0.0963407680392
0.0955940932035
0.0947717428207
0.097973883152
0.0923573970795
0.0920441821218
0.0929771065712
0.0940597727895
0.0941795557737
0.0937972962856
0.0931238010526
0.0906090736389
0.0904572308064
0.0895960479975
0.0883897393942
0.0880906283855
0.0904113650322
0.0889746844769
0.0884468927979
0.0895888507366
0.0862724110484
0.0907641500235
0.0895302221179
0.0872561186552
0.0915059000254
0.0885002911091
0.0853444337845
0.0840513110161
0.0868765115738
0.0857192277908
0.0886960178614
0.0834237262607
0.0853157043457
0.0808191969991
0.0835835710168
0.082205183804
0.0808556973934
0.081174634397
0.0797065719962
0.0784471109509
0.0792523473501
0.0779261961579
0.0786295160651
0.0811492949724
0.0807954743505
0.0794559642673
0.081757850945
0.0795996487141
0.0784841328859
0.0749618634582
0.0763732343912
0.0774053409696
0.076470091939
0.0796536356211
0.0737133100629
0.0746007785201
0.0751441568136
0.0757493525743
0.0780160278082
0.0765701830387
0.0719862952828
0.0730252191424
0.0717958286405
0.0717494413257
0.073704816401
0.0740146115422
0.0757607147098
0.0701358616352
0.0702396556735
0.0731299817562
0.0725263431668
0.0681102722883
0.0697234943509
0.0689924061298
0.0712912753224
0.0658122748137
0.0661757960916
0.0670662745833
0.0710635110736
0.0687378570437
0.0715110898018
0.0705352500081
0.0664506182075
0.0679593980312
0.0671997591853
0.0703789964318
0.0664341449738
0.0688366219401
0.0645301491022
0.0672242864966
0.065013512969
0.0667971298099
0.0672724843025
0.0630281195045
0.0625264644623
0.0613286048174
0.062550701201
0.0637829005718
0.0610517635942
0.0636696219444
0.0609657876194
0.0621555224061
0.0623743571341
0.0592660456896
0.0621525086462
0.0587945431471
0.0591853484511
0.0629009976983
0.0611796304584
0.0608203783631
0.0604522414505
0.0585313849151
0.0594955347478
0.0596552342176
0.0605115890503
0.0575969330966
0.0549345351756
0.0583487078547
0.0605990812182
0.0600644275546
0.0603423528373
0.0583178736269
0.0570176467299
0.0567543394864
0.0573344193399
0.0578889921308
0.0558646768332
0.0554785467684
0.0592452958226
0.0556390993297
0.055181030184
0.0530674383044
0.0549803860486
0.0540176220238
0.0547840036452
0.0531747713685
0.0521586611867
0.0524557195604
0.0555650703609
0.0530461929739
0.0538127049804
0.0517441816628
0.0535791181028
0.0521124862134
0.055832400918
0.0517167337239
0.0523297674954
0.0523430816829
0.0529209971428
0.0525900647044
0.0524326078594
0.0548253916204
0.0497524477541
0.050448384136
0.0529177039862
0.0486478768289
0.0527858994901
0.0503745488822
0.0512614138424
0.0497930049896
0.0489062331617
0.0484066456556
0.048817910254
0.0495721250772
0.0492165833712
0.0485303103924
0.0505121648312
0.0490029677749
0.0462805964053
0.0501612983644
0.0473584868014
0.04810115695
0.047145973891
0.0456389933825
0.0463403947651
0.0506038218737
0.0444683544338
0.045038882643
0.046504817903
0.0482153557241
0.0438039004803
0.0464858002961
0.0480166487396
0.0451159253716
0.0454409681261
0.0441929660738
0.0459344536066
0.0446711890399
0.0446017570794
0.0435858294368
0.0443753376603
0.043046310544
0.043660569936
0.0446006171405
0.0437954552472
0.0462724082172
0.0425874106586
0.0419693551958
0.0442283414304
0.0444562956691
0.0412070192397
0.0415974296629
0.043121561408
0.0443106964231
0.0425568930805
0.0416414774954
0.0392519049346
0.0394772849977
0.0403686240315
0.0417208001018
0.0426987893879
0.0424178503454
0.0413157083094
0.0434596650302
0.0414353199303
0.0408852472901
0.0387795232236
0.0390698052943
0.0443380773067
0.0399946346879
0.0388588085771
0.0374587439001
0.0401430651546
0.0387715995312
0.0406275503337
0.0398777574301
0.0428123474121
0.0382691696286
0.0395515449345
0.0384824797511
0.0371827743948
0.039077013731
0.0374689437449
0.0368277803063
0.038047362119
0.0386353805661
0.0385595820844
0.0384335592389
0.0379935018718
0.0390710681677
0.0372900664806
0.037069093436
0.0372813045979
0.0358631238341
0.0358326993883
0.0376993827522
0.0347412005067
0.0402189940214
0.0378154180944
0.0355848148465
0.0358104333282
0.035191681236
0.0357233732939
0.0368328765035
0.0364343300462
0.0372404120862
0.0338819846511
0.0365133993328
0.0343980379403
0.0364702492952
0.035672519356
0.0343189686537
0.0341113135219
0.034054979682
0.0356102064252
0.0338349640369
0.0359978415072
0.0359098799527
0.0333477891982
0.0355547443032
0.0357973277569
0.0373885817826
0.0348405428231
0.0336654186249
0.0359957702458
0.0347734317183
0.0375493019819
0.0354570634663
0.0384157076478
0.0354857295752
0.0333176553249
0.0350062288344
0.0364090055227
0.0356644243002
0.0327922962606
0.0335344560444
0.0356537923217
0.0342440679669
0.0361274667084
0.034673307091
0.0353124663234
0.0346899442375
0.0348134450614
0.0345890633762
0.0334559418261
0.0375994816422
0.0328015908599
0.0347202308476
0.0318194143474
0.0347842201591
0.0358379408717
0.034038849175
0.0331325568259
0.032760091126
0.0350991077721
0.0358609892428
0.0352350771427
0.0348480604589
0.0343501083553
0.0338016040623
0.0351665318012
0.0331146977842
0.0333575606346
0.0353174172342
0.0326527021825
0.0369933061302
0.0358295999467
0.0332080684602
0.0346748419106
0.0351673513651
0.0325037837029
0.0341183803976
0.031692545861
0.03408325091
0.0362433567643
0.0336317233741
0.0335313603282
0.0343480668962
0.0344761684537
0.0370764583349
0.033400747925
0.0317799597979
0.0358383506536
0.0330558493733
0.0367424786091
0.0337119735777
0.0356377735734
0.0341100469232
0.0339541845024
0.0333846397698
0.0339946821332
0.0356268063188
0.0364119186997
0.0339737795293
0.0329708568752
0.0333642810583
0.0332504920661
0.0349571295083
0.0333226248622
0.0348341725767
0.0365315973759
0.0340774133801
0.0334817245603
0.0325827412307
0.0352234207094
0.0344492569566
0.0331208780408
0.0318696126342
0.0351716466248
0.0333332903683
0.0341263636947
0.034196164459
0.0337117910385
0.0331062041223
0.0321464203298
0.0333361104131
0.0347776189446
0.0369166396558
0.0338750220835
0.0333464257419
0.0324314199388
0.032090049237
0.0326971411705
0.032476361841
0.0333166718483
0.0341196097434
0.0354210734367
0.0304321087897
0.0333386994898
0.0355787947774
0.0325999297202
0.0331022180617
0.0330879017711
0.0330027788877
0.0345627591014
0.032793097198
0.0318191424012
0.0327338501811
0.031681381166
0.0306549035013
0.0336544625461
0.0345327742398
0.0329516939819
0.0328785330057
0.0320458896458
0.0349863953888
0.0340224839747
0.0359179414809
0.0331923104823
0.0342033654451
0.0345140099525
0.0324346087873
0.0344582386315
0.032502066344
0.0334946364164
0.0331597775221
0.0323967039585
0.0334224775434
0.035859990865
0.0329973325133
0.0323179513216
0.0343695618212
0.0349786877632
0.0344027206302
0.0328404419124
0.033081445843
0.032829515636
0.034173168242
0.0331280604005
0.0339551344514
0.0329356268048
0.0311628244817
0.0327036194503
0.0344046838582
0.0322535037994
0.0340297669172
0.0329926386476
0.0317325405777
0.0357103385031
0.0320419743657
0.0346999950707
0.0326452441514
0.0328968949616
0.0312711708248
0.0319333896041
0.0338900275528
0.0320249758661
0.0331457182765
0.0324769243598
0.0355587303638
0.0309547893703
0.0335990600288
0.0330793224275
0.0309772491455
0.0318590849638
0.0362541489303
0.0333022885025
0.0342080779374
0.0332727953792
0.0328054390848
0.0319405570626
0.0303948149085
0.0316708013415
0.0331060513854
0.0337288305163
0.0314361415803
0.0352239646018
0.0325235873461
0.0331282690167
