0.693571746349
0.690911591053
0.68822491169
0.685815811157
0.684543728828
0.680944025517
0.677813768387
0.67691642046
0.675518751144
0.671152472496
0.670607626438
0.664367616177
0.660898149014
0.660044848919
0.658217430115
0.648290336132
0.643400013447
0.630705595016
0.622710287571
0.612321019173
0.611950874329
0.612779140472
0.600790083408
0.582581579685
0.562787473202
0.567729055882
0.565236926079
0.538071930408
0.540403366089
0.534754514694
0.522304952145
0.510871469975
0.521695196629
0.503789961338
0.493387877941
0.486584216356
0.480265289545
0.465094476938
0.466778129339
0.467926174402
0.439243197441
0.45715546608
0.442807078362
0.449864417315
0.45988252759
0.451274096966
0.455768674612
0.423292130232
0.408713549376
0.418141424656
0.468461096287
0.423245489597
0.397956073284
0.415258020163
0.421374201775
0.451024264097
0.411932438612
0.415986150503
0.393183082342
0.417822241783
0.379104942083
0.414737075567
0.444265633821
0.4048576653
0.422311842442
0.416147232056
0.385964840651
0.395949363708
0.413780778646
0.387613326311
0.369555562735
0.34963709116
0.372244566679
0.386050641537
0.392731785774
0.430138975382
0.367996275425
0.390788555145
0.357430696487
0.397364348173
0.372682183981
0.422084331512
0.389041334391
0.348082721233
0.32733514905
0.349729776382
0.408376157284
0.33490139246
0.368366926908
0.379319310188
0.363829642534
0.365300238132
0.356597691774
0.346449702978
0.349474340677
0.36188736558
0.340842485428
0.418444812298
0.356687217951
0.334422141314
0.35385748744
0.387634932995
0.328565239906
0.368988543749
0.352179676294
0.371010005474
0.351012766361
0.335231125355
0.305485606194
0.328290849924
0.345063298941
0.342089444399
0.300876051188
0.330248713493
0.322154968977
0.341607987881
0.339941382408
0.296855658293
0.35050585866
0.343758553267
0.330176055431
0.335090130568
0.301786631346
0.339067012072
0.338697403669
0.341006219387
0.353913456202
0.31107506156
0.338320285082
0.386492371559
0.371675431728
0.302622646093
0.357832700014
0.300492316484
0.330390274525
0.369569629431
0.345217823982
0.363396048546
0.321462571621
0.334889918566
0.361592441797
0.314184397459
0.313857287169
0.364647239447
0.31468090415
0.329965472221
0.330249756575
0.304629802704
0.335078120232
0.301130443811
0.274652093649
0.306629896164
0.362378776073
0.27954146266
0.295250236988
0.305492818356
0.309016615152
0.305863231421
0.318601757288
0.334172070026
0.293796271086
0.305218607187
0.353602230549
0.319705724716
0.310163736343
0.318449229002
0.320415616035
0.293517649174
0.295421570539
0.317777186632
0.314324438572
0.300251424313
0.299791276455
0.2938542068
0.294019460678
0.286487102509
0.283325135708
0.316340327263
0.282094448805
0.35651832819
0.289053857327
0.33146288991
0.337573051453
0.308234840631
0.316395610571
0.324752449989
0.281370818615
0.329041868448
0.325518548489
0.291677981615
0.331451207399
0.292818844318
0.298847317696
0.305269926786
0.31944450736
0.256133854389
0.317563921213
0.275732517242
0.301352441311
0.323356807232
0.268380731344
0.288428544998
0.338981509209
0.287924051285
0.279824078083
0.311270445585
0.327632129192
0.296120285988
0.301553040743
0.284238308668
0.30417817831
0.293504476547
0.288011491299
0.30750888586
0.28936702013
0.347322195768
0.301036775112
0.294378489256
0.335572332144
0.317595630884
0.306203901768
0.276236653328
0.265841454268
0.304060250521
0.262006402016
0.289871782064
0.320526719093
0.239846199751
0.288324475288
0.317274779081
0.290775924921
0.27970328927
0.312291920185
0.314130038023
0.299553990364
0.325009196997
0.281887382269
0.276284307241
0.306908041239
0.297021746635
0.246629878879
0.317732393742
0.259699553251
0.268500834703
0.236897468567
0.3134072721
0.27487808466
0.313910216093
0.306836843491
0.290672659874
0.306986182928
0.286628037691
0.303221434355
0.301723390818
0.297938555479
0.290136873722
0.262993186712
0.286523461342
0.231918156147
0.295797407627
0.267886757851
0.288497269154
0.302445650101
0.226786822081
0.291691243649
0.255176275969
0.286126971245
0.27377474308
0.338255822659
0.317464798689
0.250969588757
0.311132192612
0.285377532244
0.303457528353
0.236263424158
0.289819300175
0.281167924404
0.288339853287
0.259016245604
0.285532921553
0.289694130421
0.27219632268
0.293403983116
0.299565136433
0.280489861965
0.27860981226
0.319108873606
0.311880767345
0.299490183592
0.311629772186
0.27695608139
0.330005586147
0.246744170785
0.304249733686
0.266736447811
0.284430295229
0.263196527958
0.286996394396
0.258009850979
0.272813558578
