0.749029159546
0.753239452839
0.79070186615
0.755077064037
0.753052771091
0.728717207909
0.724070847034
0.720118999481
0.716570913792
0.707445681095
0.701270401478
0.6997423172
0.703366339207
0.70004183054
0.689109325409
0.703111767769
0.693176329136
0.693192660809
0.711338996887
0.685285687447
0.683384895325
0.680614590645
0.682871758938
0.676298737526
0.681832909584
0.683293163776
0.680831551552
0.670441091061
0.67861032486
0.671467244625
0.662557482719
0.671834826469
0.664867639542
0.671512663364
0.67613273859
0.653632462025
0.656334877014
0.646718382835
0.648155987263
0.631996691227
0.635002851486
0.657139778137
0.64683252573
0.646749436855
0.633567333221
0.661979734898
0.649114072323
0.645979881287
0.642354846001
0.663506031036
