0.698348462582
0.697968244553
0.698463618755
0.696411550045
0.698046565056
0.695084452629
0.694890618324
0.695018768311
0.693727612495
0.694275856018
0.69327044487
0.694547772408
0.69323182106
0.692035377026
0.691498994827
0.690882265568
0.69208085537
0.692210435867
0.691906094551
0.691712021828
0.691239655018
0.691152334213
0.690969049931
0.689560770988
0.689865708351
0.689558327198
0.688524663448
0.689192831516
0.690043985844
0.68937432766
0.68842291832
0.686142683029
0.68773150444
0.686284780502
0.6869597435
0.685809910297
0.684461355209
0.686247885227
0.684079051018
0.685584843159
0.685270786285
0.684103012085
0.683275163174
0.682695329189
0.682403683662
0.680946588516
0.680427193642
0.679160654545
0.679198086262
0.677588939667
0.67624849081
0.678194224834
0.675813376904
0.676110386848
0.675087988377
0.672674536705
0.672241330147
0.671079933643
0.671110749245
0.669194638729
0.666334748268
0.668214678764
0.666345059872
0.66531252861
0.663825631142
0.662670731544
0.665202498436
0.658840596676
0.66126704216
0.659347891808
0.656046569347
0.655816376209
0.652340769768
0.651043236256
0.650177299976
0.646653831005
0.645429432392
0.644947648048
0.649626731873
0.640820622444
0.6401501894
0.636090993881
0.637235164642
0.635762155056
0.634863495827
0.630161046982
0.630468130112
0.630758881569
0.625824034214
0.622306585312
0.6205265522
0.619790256023
0.619161367416
0.616273105145
0.612069189548
0.616157472134
0.609945952892
0.607772707939
0.607794463634
0.595441997051
0.596729159355
0.597493112087
0.59130179882
0.594639599323
0.598065793514
0.58702737093
0.584408998489
0.584957838058
0.584687113762
0.588835716248
0.578620374203
0.572194159031
0.572106122971
0.568166136742
0.570891797543
0.565187752247
0.564236462116
0.5606995821
0.55932456255
0.554358780384
0.55430907011
0.549814939499
0.546717882156
0.549738168716
0.551455199718
0.547622263432
0.536070048809
0.538143336773
0.532921791077
0.530642330647
0.53256124258
0.539638459682
0.526428043842
0.528201341629
0.52054554224
0.516595542431
0.510094821453
0.513090670109
0.508618712425
0.505509197712
0.508694708347
0.501222968102
0.50109565258
0.489582270384
0.496991336346
0.490320056677
0.488278836012
0.498970299959
0.48380574584
0.486608952284
0.480238169432
0.475500941277
0.47711288929
0.470504462719
0.474742203951
0.467925518751
0.471349179745
0.459908038378
0.463721126318
0.459529459476
0.45654052496
0.449843853712
0.465178281069
0.448697835207
0.437500059605
0.44785156846
0.446315854788
0.443950265646
0.440112680197
0.441603213549
0.430191606283
0.427867382765
0.429079592228
0.431290537119
0.425726145506
0.420512020588
0.417147010565
0.413122922182
0.413741320372
0.410351127386
0.403259128332
0.408951222897
0.406892329454
0.431261688471
0.401662170887
0.406096458435
0.398534923792
0.40131136775
0.397009283304
0.388339757919
0.388399004936
0.388714820147
0.393302440643
0.392690598965
0.379500299692
0.379960626364
0.382899999619
0.381861060858
0.366329133511
0.373672455549
0.367772758007
0.367925494909
0.372718751431
0.3703815341
0.367639124393
0.361948907375
0.366731137037
0.354663133621
0.35437181592
0.353649377823
0.359936475754
0.34990927577
0.354677408934
0.352914959192
0.348398536444
0.350635647774
0.344188660383
0.340141862631
0.338827937841
0.341995686293
0.328260481358
0.342247188091
0.332859456539
0.329477161169
0.327355891466
0.32754316926
0.325393944979
0.321087867022
0.322917968035
0.320570290089
0.312046200037
0.317827820778
0.308372914791
0.317506968975
0.31713527441
0.316585958004
0.306575208902
0.304010719061
0.308681815863
0.304071903229
0.298157930374
0.298769444227
0.299286186695
0.303364336491
0.294342339039
0.29161208868
0.28918787837
0.294221371412
0.28250965476
0.287714391947
0.291512906551
0.278079003096
0.278693944216
0.282983928919
0.276627421379
0.268287777901
0.275885283947
0.276051670313
0.262816876173
0.268745750189
0.27031224966
0.262779653072
0.263497322798
0.264412671328
0.26430028677
0.259725511074
0.258337706327
0.258013367653
0.259381949902
0.24945345521
0.254758685827
0.257101416588
0.252753049135
0.252455800772
0.248791366816
0.250215739012
0.244291484356
0.239057213068
0.235480263829
0.238556414843
0.239649519324
0.233315557241
0.234241813421
0.228754296899
0.228637769818
0.227394208312
0.224153205752
0.22477465868
0.226232036948
0.223875671625
0.217650920153
0.221277952194
0.222189813852
0.211465224624
0.209532469511
0.216737270355
0.211994826794
0.210825547576
0.210282728076
0.201998904347
0.201959818602
0.202425554395
0.2050601542
0.200680315495
0.196002155542
0.194211035967
0.191493332386
0.203769519925
0.192207887769
0.188543975353
0.189333543181
0.192803800106
0.190306767821
0.183880001307
0.181644752622
0.185476437211
0.187213912606
0.178623706102
0.191169589758
0.174208551645
0.171667277813
0.172324746847
0.173800393939
0.168442472816
0.173156917095
0.16659732163
0.173107653856
0.165899008512
0.165551975369
0.167586162686
0.164151668549
0.167934194207
0.162705808878
0.157642424107
0.158921286464
0.157930850983
0.150516018271
0.149275928736
0.154430299997
0.147073537111
0.153674423695
0.147683933377
0.144760295749
0.151332780719
0.147400572896
0.149336382747
0.154196023941
0.139706909657
0.141716763377
0.143570631742
0.136863619089
0.139409840107
0.142187014222
0.134520187974
0.140387460589
0.139008909464
0.132760539651
0.143707633018
0.13320979476
0.134919017553
0.125831097364
0.124780997634
0.127320408821
0.123437814415
0.126074895263
0.121131211519
0.122346773744
0.121050067246
0.117592729628
0.119151212275
0.118336893618
0.115566261113
0.121873691678
0.116842254996
0.112214513123
0.113488584757
0.113473840058
0.113586850464
0.111639633775
0.1117413342
0.106937982142
0.113817952573
0.106908909976
0.104943998158
0.105033650994
0.104649536312
0.106202811003
0.106774248183
0.0989256128669
0.0999509692192
0.114828787744
0.10004440695
0.0987628623843
0.0989533215761
0.102609530091
0.100561782718
0.095392562449
0.0976612344384
0.0979648157954
0.0992571413517
0.0953949540854
0.0921480506659
0.0917668044567
0.0943993479013
0.0891151428223
0.0904711559415
0.0877820700407
0.0963134244084
0.103749260306
0.0890665724874
0.0919387415051
0.0944951251149
0.09128100425
0.0895708501339
0.0886765420437
0.0843683406711
0.0857962295413
0.0857525169849
0.0840862393379
0.086039789021
0.0987981855869
0.0888474658132
0.0818090289831
0.0847651511431
0.0828431323171
0.0879933089018
0.0815593004227
0.0830451473594
0.0807933136821
0.0884681120515
0.0828304216266
0.0783016309142
0.0789962559938
0.0870020166039
0.080617800355
0.0812577903271
0.0769304707646
0.0791148841381
0.0815805643797
0.0753856822848
0.0834414213896
0.0790523067117
0.0856125131249
0.0773092806339
0.0856954604387
0.0756401121616
0.0818834900856
0.0753058865666
0.0726376771927
0.0737676694989
0.0716352388263
0.079362154007
0.0714836120605
0.0713256672025
0.075246296823
0.0711693391204
0.0691965743899
0.0792614743114
0.0720454379916
0.0693023726344
0.068832539022
0.0738955438137
0.0723220929503
0.0677358210087
0.066604912281
0.0670725256205
0.0689039304852
0.0695403069258
0.0664552897215
0.0667142942548
0.0709169656038
0.0656500756741
0.065654873848
0.0899361893535
0.0672937706113
0.0693655833602
0.0668214783072
0.063701979816
0.0667314976454
0.065827101469
0.073302231729
0.0624761618674
0.0686963871121
0.0629743412137
0.0633169487119
0.0648863986135
0.0694286972284
0.0604501068592
0.0602665580809
0.0660577714443
0.0609736330807
0.0620774254203
0.0564808733761
0.0618370883167
0.0681927502155
0.0619422569871
0.0563142001629
0.0535382442176
0.0546964593232
0.0518794767559
0.0555694550276
0.0513483732939
0.052715420723
0.0543518029153
0.0417784638703
0.0431640148163
0.0406686626375
0.042390525341
0.0385378077626
0.0441792868078
0.0414198301733
0.0386417508125
0.0363667011261
0.0365776121616
0.0356060341001
0.0364433303475
0.033813547343
0.0379602462053
0.0353935658932
0.0364737585187
0.0346708036959
0.0372804738581
0.0305502079427
0.0282199326903
0.0327784903347
0.0346230305731
0.0316429845989
0.0301393531263
0.0326858088374
0.0304520633072
0.0518681146204
0.0281018540263
0.0296441242099
0.0293233692646
0.0297563523054
0.0405087582767
0.0416736193001
0.0280839260668
0.0275849979371
0.0262807849795
0.0250468887389
0.0267268102616
0.0260015167296
0.0336764976382
0.0305284168571
0.0253880750388
0.0336927548051
0.0261201206595
0.0265099089593
0.0245145130903
0.0420842580497
0.0276113785803
0.024774806574
0.0231107287109
0.0326828733087
0.0235443674028
0.0233612060547
0.0228672400117
0.0237118769437
0.0253966264427
0.023286934942
0.0253743454814
0.0217060092837
0.0225887615234
0.0205485224724
0.023091332987
0.022327400744
0.0205564815551
0.0223817005754
0.0219827983528
0.0221846271306
0.0225696470588
0.0256451144814
0.0216749869287
0.0220275279135
0.0215706378222
0.0201412551105
0.0238216742873
0.0336346402764
0.0266504660249
0.0215323604643
0.0207237508148
0.022317269817
0.0204704888165
0.0329506993294
0.019624337554
0.0209174808115
0.0217007435858
0.0194622408599
0.0203340966254
0.0200995188206
0.022325553
0.0192589312792
0.0201068874449
0.0191981084645
0.0185031872243
0.0191008858383
0.018934186548
0.0190516579896
0.0194970015436
0.0196851547807
0.0274154040962
0.0196659862995
0.0185395348817
0.0180969741195
0.0221720561385
0.0179159864783
0.0185000263155
0.0186650343239
0.018046695739
0.01858394593
0.0197610836476
0.0228091515601
0.0171150565147
0.0203417856246
0.0177671201527
0.0180928856134
0.0179439634085
0.019668392837
0.0162256751209
0.0190225187689
0.0173830613494
0.0180456005037
0.0174098424613
0.018255494535
0.017565054819
0.0181700680405
0.0165055654943
0.0180620606989
0.0168784949929
0.0170750170946
0.0183409843594
0.0174701754004
0.017242051661
0.0155671145767
0.0173130948097
0.0186744835228
0.0372576974332
0.0166462454945
0.0164866745472
0.0167010594159
0.0176467336714
0.0167559124529
0.0170776434243
0.0172851998359
0.0173052027822
0.0165179632604
0.0165506470948
0.0164584182203
0.0166219361126
0.0166156757623
0.0169303398579
0.0163900628686
0.0166440606117
0.0172760486603
0.0166651923209
0.0092861186713
0.0163651965559
0.0165912248194
0.0163802467287
0.0163077265024
0.00807247124612
0.0162811279297
0.0164415687323
0.017444178462
0.0103313792497
0.0158182010055
0.0147353932261
0.0146350441501
0.00653302762657
0.00844679307193
0.0163214504719
0.0153798917308
0.00698833819479
0.00810779631138
0.0158841889352
0.01344651822
0.00687003368512
0.0150697007775
0.0103743737563
0.00585360545665
0.00529949739575
0.00515046855435
0.00743828294799
0.00599889736623
0.00585142476484
0.0057260747999
0.0077674491331
0.0272838268429
0.00574982445687
0.0050708972849
0.00526880705729
0.00501921167597
0.00538870599121
0.0051456275396
0.00475336890668
0.0155395278707
0.00532983103767
0.00519879022613
0.00459801498801
0.00465618120506
0.00498136878014
0.00484927743673
0.0051858285442
0.00493046734482
0.00546217989177
0.00450829416513
0.00471847224981
0.00571252498776
0.00422189896926
0.00422736862674
0.00892365537584
0.00432364176959
0.00447346270084
0.00588230974972
0.0040029832162
0.00378752266988
0.00746447499841
0.00400916300714
0.00387711729854
0.00448455335572
0.0123518351465
0.00364054646343
0.0042116260156
0.00417266227305
0.00466098915786
0.00368538242765
0.0192703902721
0.00396964186803
0.00382794812322
0.00352364312857
0.00333136320114
0.00369394989684
0.00361409015022
0.00337336654775
0.0037310984917
0.00544003490359
0.0067335665226
0.00403911247849
0.00438172742724
0.00361089361832
0.00609992770478
0.00820739660412
0.00339338392951
0.00329891499132
0.0175275914371
0.00353486184031
0.00372844096273
0.00360085302964
0.00388072873466
0.0190028548241
0.00393900834024
0.00343534396961
0.00323160528205
0.00321571878158
0.00523659447208
0.0235734581947
0.0118387639523
0.00374868721701
0.00498856557533
0.00317649240606
0.00294869346544
0.00862130150199
0.00379424449056
0.00351204816252
0.00419572833925
0.00769203528762
0.00334049761295
0.00364142446779
0.00440473249182
0.00335633708164
0.00277617783286
0.0212171673775
0.00389165990055
0.00297274440527
0.00298790400848
0.00333908945322
0.00314987497404
0.00278178462759
0.0027346550487
0.00308177364059
0.00323572964408
0.012208157219
0.00257352786139
0.00346250506118
0.00696420902386
0.00664515979588
0.00493013206869
0.00306119723246
0.00282123079523
0.00256025325507
0.00265908287838
0.00244533875957
0.00377218192443
0.00261888792738
0.00253568333574
0.00406058458611
0.00484266877174
0.00244613713585
0.00259238202125
0.0203538890928
0.00257220910862
0.00257314764895
0.00275363051333
0.00266971206293
0.00441215233877
0.00318519840948
0.00266463053413
0.00246456428431
0.00314795412123
0.00237231794745
0.00251525919884
0.00224315747619
0.00254127709195
0.00273629487492
0.00250872340985
0.00231329747476
0.00255725113675
0.00271747773513
0.0028685813304
0.00291935866699
0.00291369948536
0.00222667842172
0.00307402550243
0.00563182961196
0.00362740387209
0.00247779698111
0.00243108160794
0.00306172273122
0.00308154569939
0.00270149996504
0.00269481935538
0.00229235249572
0.00314023485407
0.00218979548663
0.00253437412903
0.00256613292731
0.00242264382541
0.00250682909973
0.00330630969256
0.00272716232575
0.00227298168465
0.0022897599265
0.00237014959566
0.00235879397951
0.00269807362929
0.00529356813058
0.00251755747013
0.00254611321725
0.00251382240094
0.00335273868404
0.00351056503132
0.00332008115947
0.0023451843299
0.00253043323755
0.00291969603859
0.00245656725019
0.00268279691227
0.00271777180023
0.00371123640798
0.00270201754756
0.00221939571202
0.00384936272167
0.00251482031308
0.00244567124173
0.00641200318933
0.0133801009506
0.0028464756906
0.00275929528289
0.00230419635773
0.00224343105219
0.00257454998791
0.00237965467386
0.00206491560675
0.0023347993847
0.00222123716958
0.0115995276719
0.00266063562594
0.0026635909453
0.00245652208105
0.00314346235245
0.00230001960881
0.0149096334353
0.00303905177861
0.00233451626264
0.00217560026795
0.00248914049007
0.00241747288965
0.00344271538779
0.00504789780825
0.00244274688885
0.0023677626159
0.00240201829001
0.00249352678657
0.00251276814379
0.00243521342054
0.00259605469182
0.00256869266741
0.00409361673519
0.00234120967798
0.00200062198564
0.00236036931165
0.00230438099243
0.00288219214417
0.00237475289032
0.00270648184232
0.00710466085002
0.00216049305163
0.0031086304225
0.00277104228735
0.00311858253554
0.0032182042487
0.00988866854459
0.00420644972473
0.00280581228435
0.00230053137057
0.00216851895675
0.00380006758496
0.00248019164428
0.00432269787416
0.00246121361852
0.00227315118536
0.00269037927501
0.00218841480091
0.00262303301133
0.00275087752379
0.00358917121775
0.00304976268671
0.00228137546219
0.00272558955476
0.00330528290942
0.00236450880766
0.016558514908
0.00234523019753
0.00308655737899
0.00270290835761
0.00602212408558
0.0156061789021
0.00254886155017
0.00381582533009
0.00249670026824
0.00240274937823
0.00319038727321
0.0063923173584
0.00239811697975
0.00275106425397
0.00231049326248
0.00425355089828
0.00219704327174
0.00206224364229
0.00261755706742
0.00212533818558
0.00431828247383
0.00217185541987
0.00303371157497
0.00281628104858
0.00189089006744
0.00234739179723
0.015168284066
0.00238823168911
0.00225536571816
0.00244252500124
0.00321737374179
0.00248086429201
0.00242329598404
0.0030597797595
0.00218985672109
0.00268497341312
0.00230885762721
0.00264377472922
0.00257383030839
0.00258472422138
0.00195899046957
0.00354412128218
0.00258711748756
0.00265838811174
0.0020278559532
0.010994865559
0.00231675407849
0.00227210344747
0.00571425817907
0.00251160841435
0.00259481137618
0.00288698798977
0.00320762139745
0.00255083758384
0.00217684148811
0.00218754378147
0.00280069978908
0.00220809155144
0.00232533295639
0.00229510874487
0.00417629722506
0.00287740142085
0.00226058228873
0.00235041114502
0.00236730696633
0.0019775906112
0.0022885305807
0.00216499553062
