0.787857949734
0.658098816872
0.593251287937
0.558461725712
0.536963641644
0.520111918449
0.506561875343
0.492011547089
0.476087421179
0.459916681051
0.444899618626
0.432137548923
0.421057492495
0.409411728382
0.398156762123
0.386070042849
0.374125033617
0.362369954586
0.350836992264
0.339044034481
0.32749530673
0.315646737814
0.303557932377
0.291948825121
0.280624717474
0.269315004349
0.257971078157
0.246355295181
0.234760686755
0.222895309329
0.21086089313
0.198682203889
0.186922058463
0.175465017557
0.164613932371
0.153608486056
0.143331736326
0.133440509439
0.123843245208
0.114779666066
0.106421165168
0.0987656414509
0.0917137116194
0.0850749984384
0.0787906497717
0.0726153180003
0.0670823603868
0.0618952773511
0.0568735040724
0.0521057955921
0.047483459115
0.0432785004377
0.0396215766668
0.036070112139
0.0328539684415
0.02999025397
0.0272123143077
0.02471155487
0.0224155448377
0.0203585159034
0.0184660796076
0.0167528279126
0.0152293518186
0.013801664114
0.0125494087115
0.0114517537877
0.0105446884409
0.00973876100034
0.00901448167861
0.00836693495512
0.00778114469722
0.00725442357361
0.0068120402284
0.0063755819574
0.00599714135751
0.00565662607551
0.00534685980529
0.00506338384002
0.00480634300038
0.00457322457805
0.00435684900731
0.00415775086731
0.00397321488708
0.00380111555569
0.0036415362265
0.00349385617301
0.00335504417308
0.00322494818829
0.00311148073524
0.00298629351892
0.00287670944817
0.00277318200096
0.00267442106269
0.00257885199971
0.00247877743095
0.00237971451133
0.00228243554011
0.00218852888793
0.00209732633084
0.00200764671899
0.00192150112707
0.00184014660772
0.00176460307557
0.00169305631425
0.00162707932759
0.00156639213674
0.00150967331138
0.00145689456258
0.00140760326758
0.00136148917954
0.00131821434479
0.00127718562726
0.00123860978056
0.00120183383115
0.00116667256225
0.00113324879203
0.00110153306741
0.00107181351632
0.00104365847073
0.00101696141064
0.000991509645246
0.000967627100181
0.000944835017435
0.000923060229979
0.000902371364646
0.000882807944436
0.000864140223712
0.000845966744237
0.000828596355859
0.00081213231897
0.000796511245426
0.000781436101533
0.000766785466112
0.000752680061851
0.000739120179787
0.000726089579985
0.000713562767487
0.00070140796015
0.00068964716047
0.000678283511661
0.000667297921609
0.000656638876535
0.000646302185487
0.000636294542346
0.000626601511613
0.000617120240349
0.000607956550084
0.000598998798523
0.000590276962612
0.0005817693891
0.000573534693103
0.000565579917748
0.000557733874302
0.000550077937078
0.000542667286936
0.000535380793735
0.000528183649294
0.000521244597621
0.000514462997671
0.000507780699991
0.000501232221723
0.000494872627314
0.000488673453219
0.000482583214762
0.000476577901281
0.000470674916869
0.000464898708742
0.000459255592432
0.000453749700682
0.000448324339231
0.000442993739853
0.000437794660684
0.000432717439253
0.000427699531429
0.000422811484896
0.00041798024904
0.000413258298067
0.000408643565606
0.000404115824495
0.000399662880227
0.000395269686123
0.000391023000702
0.000386820116546
0.000382673635613
0.000378636730602
0.000374675670173
0.000370750873117
0.000366918597138
0.000363131635822
0.00035939909867
0.000355754222255
0.00035215303069
0.000348628265783
0.000345166248735
0.000341764098266
0.000338388286764
0.000335070857545
0.000331808580086
0.000328642578097
0.000325504865032
0.000322379142744
0.000319320504786
0.000316309451591
0.000313352706144
0.000310418196023
0.000307548674755
0.000304714689264
0.000301919761114
0.000299188424833
0.000296477577649
0.000293795950711
0.000291159492917
0.00028856730205
0.000286004564259
0.00028348522028
0.00028097818722
0.000278503779555
0.000276069331449
0.000273655925412
0.000271277793217
0.000268945412245
0.000266634044237
0.00026433847961
0.000262093584752
0.000259876047494
0.000257690291619
0.000255522958469
0.000253383914242
0.000251267862041
0.000249181932304
0.000247122778092
0.000245108210947
0.000243115486228
0.000241132976953
0.000239188913838
0.000237271699007
0.000235369923757
0.000233495855355
0.000231642450672
0.000229820521781
0.000228007367696
0.000226220159675
0.000224470524699
0.000222751492402
0.000221035370487
0.000219340785407
0.000217679989873
0.000216025335249
0.000214396291994
0.000212788567296
0.000211198901525
0.000209642443224
0.000208100842428
0.000206573487958
0.000205069169169
0.000203579984372
0.00020212167874
0.000200684065931
0.000199261892703
0.000197850182303
0.000196447799681
0.000195055632503
0.000193692001631
0.000192349587451
0.000191009225091
0.000189692174899
0.000188391742995
0.000187096564332
0.000185813900316
0.000184552787687
0.000183318465133
0.000182089395821
0.000180852774065
0.000179652255611
0.000178459886229
0.000177282970981
0.00017611651856
0.000174959379365
0.000173810709384
0.000172672196641
0.000171562540345
0.000170454310137
0.000169371443917
0.00016829467495
0.000167216465343
0.000166152531165
0.000165104327607
0.000164074765053
0.000163050717674
0.00016201971448
0.000161015457707
0.000160019088071
0.00015903696476
0.000158061273396
0.000157094007591
0.000156129637617
0.00015517869906
0.000154239998665
0.000153308836161
0.000152385531692
