0.723671674728
0.720522403717
0.717443406582
0.723994553089
0.720888435841
0.704198896885
0.718790709972
0.698906123638
0.700108468533
0.707253336906
0.69688564539
0.695658147335
0.702746272087
0.707272410393
0.702226042747
0.688157021999
0.695828855038
0.687332808971
0.689958691597
0.67993491888
0.688471853733
0.685466468334
0.674709260464
0.681937038898
0.681882321835
0.689509272575
0.682689845562
0.679133117199
0.671683430672
0.679212033749
0.670361697674
0.673079013824
0.67626953125
0.678656458855
0.674423515797
0.67712444067
0.671456933022
0.664118230343
0.666527748108
0.670353114605
0.668058395386
0.666219711304
0.66115796566
0.663332760334
0.667486786842
0.66755014658
0.661252379417
0.668179154396
0.675791442394
0.662374794483
0.659869670868
0.669471859932
0.664652466774
0.664361178875
0.658273100853
0.652672886848
0.667282760143
0.650847971439
0.665170490742
0.65365332365
0.658178567886
0.643947899342
0.644553422928
0.651822566986
0.656812548637
0.650096237659
0.642792999744
0.653721213341
0.641912519932
0.649833142757
0.647548556328
0.633337855339
0.644358992577
0.643261790276
0.635777175426
0.628580629826
0.630718111992
0.633142769337
0.625401496887
0.627345860004
0.625630140305
0.622802436352
0.636247456074
0.613828122616
0.622741758823
0.634173870087
0.61265784502
0.626604199409
0.618325293064
0.620652318001
0.618663489819
0.619731426239
0.601097464561
0.63356256485
0.596387088299
0.612530767918
0.597771763802
0.601863741875
0.624843716621
0.60135358572
0.608136117458
0.606897592545
0.591559767723
0.596287429333
0.594974517822
0.592909812927
0.586925387383
0.586687266827
0.604917824268
0.603055536747
0.587247550488
0.594557464123
0.597062289715
0.58538043499
0.592969715595
0.592303335667
0.574772596359
0.588215768337
0.586359262466
0.579836308956
0.574586212635
0.574357151985
0.573124408722
0.565503537655
0.564238786697
0.571967065334
0.564583837986
0.569409251213
0.56280785799
0.577357113361
0.560365974903
0.549246370792
0.581863939762
0.559676885605
0.574184238911
0.542356193066
0.557257831097
0.551509678364
0.556464612484
0.553938806057
0.543382704258
0.559538304806
0.545093894005
0.55465722084
0.569207668304
0.539890408516
0.548267126083
0.554476499557
0.522730469704
0.544730782509
0.523763418198
0.551171779633
0.537238955498
0.539190292358
0.541871547699
0.521249234676
0.518533229828
0.524729788303
0.51367855072
0.532014489174
0.538329184055
0.522433936596
0.512701094151
0.523072421551
0.509978830814
0.509678661823
0.50967413187
0.49632832408
0.499113500118
0.5061160326
0.518302202225
0.488925248384
0.478518366814
0.509391963482
0.49733582139
0.478504002094
0.523344993591
0.520877540112
0.514678299427
0.508466005325
0.465212255716
0.470663130283
0.506082653999
0.471755921841
0.499749898911
0.490229099989
0.507460176945
0.472602188587
0.464334696531
0.459197700024
0.445467799902
0.451641947031
0.478825390339
0.441261231899
0.47341811657
0.477886378765
0.457860141993
0.441580861807
0.447922796011
0.432289630175
0.444295048714
0.432457834482
0.438375681639
0.417457163334
0.452411234379
0.449337482452
0.423075348139
0.460805386305
0.485456138849
0.40819889307
0.450997620821
0.43422472477
0.409503400326
0.461790919304
0.420396596193
0.423347979784
0.423030436039
0.424906015396
0.417692750692
0.420384138823
0.446801394224
0.428025990725
0.425246238708
0.442781299353
0.385559082031
0.399969488382
0.414969623089
0.408553272486
0.430388331413
0.396857172251
0.421947211027
0.391571849585
0.403195947409
0.405292928219
0.403541743755
0.382241517305
0.412082791328
0.425827175379
0.395777493715
0.426025182009
0.414716482162
0.414030939341
0.444983780384
0.379932612181
0.411159187555
0.366662085056
0.401488035917
0.379441946745
0.435551702976
0.409376561642
0.411439150572
0.430106043816
0.402319550514
0.396847426891
0.388786613941
0.398934781551
0.40494543314
0.392713159323
0.393714696169
0.392611026764
0.389077752829
0.379340559244
0.374708384275
0.382210940123
0.387040555477
0.38364815712
0.381481558084
0.393219798803
0.365045428276
0.405799895525
0.389283031225
0.393618404865
0.395583540201
0.358664900064
0.394718974829
0.407799810171
0.396118313074
0.409832656384
0.383152514696
0.405431240797
0.389110296965
0.397859036922
0.397837460041
0.399624228477
0.38164716959
0.39821267128
0.392087697983
0.40560862422
0.407597541809
0.387842863798
0.397528290749
0.374659717083
0.404701948166
0.368038266897
0.36139652133
0.404609709978
0.430990517139
0.365163207054
0.38614371419
0.35687687993
