0.692016899586
0.677479445934
0.66064029932
0.656707704067
0.651817440987
0.637434780598
0.632110357285
0.630492329597
0.627109706402
0.619870662689
0.624343276024
0.608021855354
0.606314301491
0.603332400322
0.597239851952
0.585871636868
0.589332342148
0.570598125458
0.580343186855
0.564335763454
0.576575219631
0.566943109035
0.562291443348
0.54687589407
0.558575689793
0.549910068512
0.541755378246
0.541453063488
0.542300760746
0.540944874287
0.516284406185
0.516441166401
0.523054480553
0.516244053841
0.517069995403
0.506545364857
0.486316800117
0.505995512009
0.499686479568
0.483543068171
0.483283996582
0.482229292393
0.456508427858
0.48008531332
0.476633578539
0.448964595795
0.452678322792
0.439982891083
0.438355445862
0.420621782541
0.401145815849
0.428359687328
0.408743292093
0.420740038157
0.407843828201
0.422147721052
0.42727252841
0.411638885736
0.380391031504
0.417963564396
0.406343609095
0.38253441453
0.389768570662
0.389030635357
0.38184979558
0.388122975826
0.394349694252
0.368114858866
0.37740495801
0.382195591927
0.392081797123
0.352492630482
0.358567923307
0.364410609007
0.378879636526
0.348022967577
0.343452781439
0.36000418663
0.377707958221
0.342040061951
0.350817680359
0.358443111181
0.33625626564
0.337295383215
0.342370897532
0.372920274734
0.325553536415
0.31985154748
0.32667273283
0.337013810873
0.329827696085
0.332196563482
0.345232993364
0.339300513268
0.337895452976
0.321162521839
0.319351494312
0.316021800041
0.314353764057
0.304799079895
0.321700900793
0.322794854641
0.335104376078
0.306097716093
0.342498034239
0.32153648138
0.297436445951
0.289007335901
0.326940625906
0.296599149704
0.309639751911
0.302317500114
0.334258973598
0.31359103322
0.313065141439
0.324406534433
0.296837151051
0.33243393898
0.30547952652
0.295280128717
0.322756052017
0.297596603632
0.303713798523
0.310830682516
0.304932296276
0.30032980442
0.288532823324
0.283469885588
0.290222644806
0.287220329046
0.303089261055
0.283413559198
0.287587463856
0.295364171267
0.304900914431
0.315414577723
0.302979111671
0.292405426502
0.33085000515
0.294661104679
0.289097368717
0.279802858829
0.271803021431
0.26983833313
0.272314190865
0.277456134558
0.261756777763
0.274564057589
0.291865587234
0.262172490358
0.273820072412
0.272993028164
0.294056206942
0.314607203007
0.266308456659
0.284088641405
0.258449047804
0.301692545414
0.250436544418
0.267927080393
0.253712326288
0.24786169827
0.277300775051
0.264589101076
0.262820988894
0.268725425005
0.252880632877
0.259026676416
0.290250599384
0.259077757597
0.263010770082
0.254961013794
0.322035551071
0.26476302743
0.269828945398
0.242285504937
0.243141278625
0.256368160248
0.259460002184
0.260709106922
0.245478674769
0.242469638586
0.253690034151
0.256810098886
0.234637260437
0.250323235989
0.265872836113
0.253685057163
0.254620760679
0.269671469927
0.243171453476
0.258998841047
0.23789717257
0.255667150021
0.259908735752
0.250245571136
0.249043539166
0.248453319073
0.249992832541
0.244711339474
0.256990760565
0.232977971435
0.252831310034
0.249621540308
0.227684721351
0.238940939307
0.256086587906
0.247655317187
0.238327533007
0.24271813035
0.223966181278
0.244160085917
0.247524410486
0.25907549262
0.257552981377
0.240742832422
0.24878257513
0.247470349073
0.239319324493
0.225414782763
0.230152592063
0.236913919449
0.240808740258
0.244693771005
0.222354203463
0.223836123943
0.243763253093
0.239797756076
0.272009938955
0.222993940115
0.224457710981
0.24498796463
0.221254467964
0.24040004611
0.220001071692
0.232074275613
0.226311251521
0.25749963522
0.253310531378
0.236978143454
0.235988751054
0.221907585859
0.28605055809
0.219937697053
0.258006483316
0.252403438091
0.212857469916
0.230091318488
0.22326657176
0.245800927281
0.242568463087
0.226714611053
0.2242975384
0.221255332232
0.221513912082
0.222689032555
0.22205427289
0.223912239075
0.218106597662
0.222217157483
0.215775728226
0.253660857677
0.218377634883
0.218684405088
0.241441607475
0.226939931512
0.221354261041
0.213564947248
0.216207265854
0.224686726928
0.243473783135
0.213057547808
0.235018715262
0.208287581801
0.273505449295
0.214589819312
0.23616668582
0.233102917671
0.221852451563
0.225120097399
0.232405945659
0.230219736695
0.234674170613
0.212367400527
0.21993046999
0.254875868559
0.236388489604
0.233469948173
0.215113610029
0.213118240237
0.234102278948
0.249963670969
0.227138161659
0.228795871139
0.212288305163
0.228301405907
0.2356518507
0.226687043905
0.219944238663
0.247691884637
