0.810917079449
0.855792224407
0.860228180885
0.834875762463
0.812229633331
0.802402198315
0.835182011127
0.843153774738
0.831069350243
0.791560411453
0.854739129543
0.799826323986
0.844686090946
0.80389714241
0.815385758877
0.826752364635
0.832486867905
0.794984340668
0.832643985748
0.795544266701
0.803860187531
0.859188497066
0.843322038651
0.802262604237
0.799434661865
0.806938409805
0.812875211239
0.800299227238
0.785299539566
0.800275623798
0.815050065517
0.815066456795
0.785740077496
0.794597804546
0.790760099888
0.755759716034
0.784985780716
0.803808271885
0.756892442703
0.784674942493
0.773627758026
0.795540928841
0.78443300724
0.804470598698
0.773665249348
0.775983572006
0.797938883305
0.783916115761
0.78539031744
0.796319305897
0.789564609528
0.780223727226
0.822601914406
0.772611439228
0.770691514015
0.827151238918
0.766710519791
0.763173043728
0.787096142769
0.762731134892
0.758253514767
0.764574885368
0.800339400768
0.774864554405
0.776100039482
0.733949005604
0.741521894932
0.805625736713
0.779933869839
0.773405373096
0.756429374218
0.780229270458
0.758998215199
0.73624253273
0.753999233246
0.756786286831
0.757445573807
0.771419167519
0.771851599216
0.723935902119
0.768233597279
0.759304583073
0.754548668861
0.764398872852
0.753696620464
0.790768563747
0.734214246273
0.770000338554
0.761281549931
0.741027593613
0.75311166048
0.753032267094
0.737740576267
0.77694106102
0.729012966156
0.76255941391
0.724800229073
0.760787904263
0.741723656654
0.780268132687
0.728636801243
0.748305916786
0.742287814617
0.759168446064
0.742582321167
0.746273458004
0.732706487179
0.742186188698
0.7295383811
0.760690748692
0.752824902534
0.782623291016
0.738952338696
0.748752355576
0.756934344769
0.712569832802
0.739675521851
0.738583087921
0.730902254581
0.747823119164
0.766842007637
0.740011811256
0.751002967358
0.74086868763
0.781393229961
0.710019767284
0.749046981335
0.72232657671
0.700769364834
0.740057528019
0.720382750034
0.744367361069
0.704080343246
0.760416448116
0.727781951427
0.71896392107
0.740178346634
0.753040313721
0.700065255165
0.710424184799
0.75110322237
0.750247240067
0.745833694935
0.716103255749
0.762075603008
0.747283816338
0.720057725906
0.743650496006
0.723282396793
0.747727870941
0.764931857586
0.730129182339
0.734004557133
0.704803049564
0.717198967934
0.740288734436
0.711509346962
0.736839950085
0.757518768311
0.720847249031
0.757927060127
0.760464131832
0.706165015697
0.711034715176
0.717101633549
0.776260137558
0.731701135635
0.730911612511
0.735400617123
0.754521667957
0.739280343056
0.754630506039
0.697663486004
0.714391469955
0.739962339401
0.723140656948
0.732943058014
0.726086258888
0.784563481808
0.712908387184
0.695198595524
0.716308295727
0.762407422066
0.705874025822
0.702604055405
0.738774716854
0.718779981136
0.706860721111
0.735330998898
0.734759092331
0.739795088768
0.698246598244
0.716739654541
0.732212662697
0.69464224577
0.720435678959
0.750330209732
0.742148697376
0.698327124119
0.738884925842
0.702367544174
0.734163284302
0.755114912987
0.726867377758
0.723035871983
0.719986617565
0.728143692017
0.739288210869
0.715711414814
0.696213066578
0.737695634365
0.69524538517
0.727346122265
0.710091352463
0.700118422508
0.725336909294
0.736562311649
0.68338727951
0.70705896616
0.754585385323
0.737293720245
0.736718773842
0.743639826775
0.693961262703
0.725475311279
0.704970061779
0.706326246262
0.68774074316
0.695990145206
0.694888234138
0.7026668787
0.702353894711
0.741784691811
0.715578377247
0.69467318058
0.70475435257
0.711638212204
0.698819518089
0.698385715485
0.722539365292
0.724687099457
0.710859954357
0.695874750614
0.723702311516
0.698767364025
0.696530103683
0.714786112309
0.697995662689
0.719063341618
0.737399637699
0.705278992653
0.674799799919
0.703331768513
0.709311723709
0.690248370171
0.699122071266
0.730550348759
0.710229873657
0.706682801247
0.705591440201
0.713194012642
0.698918104172
0.692571282387
0.698678612709
0.706886410713
0.696777939796
0.717017650604
0.719919025898
0.718430817127
0.701149404049
0.695263028145
0.702600240707
0.702650249004
0.715460479259
0.680773019791
0.703664183617
0.703656673431
0.679359793663
0.709245324135
0.679173469543
0.694867253304
0.68374055624
0.705414235592
0.706554532051
0.701147735119
0.715478360653
0.691177606583
0.72244977951
0.69066131115
0.717805504799
0.727001667023
0.714908957481
0.693692862988
0.698120951653
0.67758846283
0.697276294231
0.686705350876
0.68209528923
0.685446381569
0.724073588848
0.712288916111
0.67842823267
0.690023005009
0.676074147224
0.724198818207
0.695153594017
0.704715192318
0.7407964468
0.674049735069
0.680183768272
0.694268524647
0.693550229073
0.713502824306
0.699348688126
0.69258505106
0.679666817188
0.687085807323
0.669761717319
0.69263625145
0.690579771996
0.688445448875
0.683137178421
0.698220729828
0.705083250999
0.692333340645
0.693668842316
0.731782495975
0.702249825001
0.707144677639
0.687843561172
0.682406842709
0.680778086185
0.713042855263
0.700090050697
0.694636523724
0.708341777325
0.679722309113
0.688028156757
0.685814380646
0.69540566206
0.701601028442
0.677168667316
0.709591448307
0.679789185524
0.696009814739
0.703107237816
0.699283003807
0.678511977196
0.687050580978
0.691111028194
0.696648359299
0.682912528515
0.698595166206
0.686011910439
0.709077119827
0.671225249767
0.706024587154
0.697766423225
0.682999074459
0.691150426865
0.678158819675
0.690820753574
0.654595971107
0.704149663448
0.724789202213
0.696469247341
0.710294306278
0.700927853584
0.698435723782
0.671225786209
0.681375920773
0.67992657423
0.707864761353
0.681964874268
0.703781664371
0.662216722965
0.693938970566
0.673508524895
0.660625934601
0.708821117878
0.686187148094
0.69610118866
0.671951591969
0.689329504967
0.699065923691
0.673318266869
0.692359209061
0.684285104275
0.671143829823
0.659062385559
0.705292761326
0.685252547264
0.67018866539
0.682250082493
0.688409030437
0.679414093494
0.695960521698
0.689267873764
0.666760027409
0.680942118168
0.668982207775
0.669530928135
0.665416300297
0.702035903931
0.673542737961
0.688127338886
0.689831972122
0.674299955368
0.670511066914
0.699542403221
0.682378351688
0.675160765648
0.688466727734
0.677746295929
0.694737136364
0.658121526241
0.680166602135
0.700049698353
0.679238736629
0.699523091316
0.663040518761
0.665589690208
0.682322561741
0.675130605698
0.668805599213
0.682785570621
0.682683706284
0.659040749073
0.677282094955
0.661072015762
0.668559730053
0.692038416862
0.671575903893
0.690975666046
0.652577936649
0.701315999031
0.648019313812
0.679248929024
0.681546092033
0.693410754204
0.707268416882
0.681868672371
0.676405906677
0.693122804165
0.674410939217
0.677716076374
0.688096225262
0.684332787991
0.665438473225
0.685777962208
0.667657494545
0.681787252426
0.665898323059
0.673350393772
0.678158342838
0.68642771244
0.69955599308
0.676688432693
0.65276736021
0.668860018253
0.680076360703
0.69306075573
0.674884259701
0.662428677082
0.691194534302
0.683491528034
0.674401283264
0.664799392223
0.708623945713
0.680536806583
0.679297029972
0.676167607307
0.677410304546
0.687867105007
0.667495369911
0.665509402752
0.661656320095
0.663871526718
0.657134115696
0.669185936451
0.675470471382
0.683937191963
0.665642499924
0.693120598793
0.694646596909
0.643371164799
0.654032945633
0.667458713055
0.696887671947
0.679242253304
0.668049931526
0.679331421852
0.69140958786
0.700718283653
0.679718017578
0.687016487122
0.684856295586
0.667412817478
0.67263764143
0.674839794636
0.691837489605
0.684943377972
0.683539867401
0.677739739418
0.676595985889
0.658586442471
0.660956203938
0.669856309891
0.671208024025
0.682230591774
0.671103477478
0.683917403221
0.667584061623
0.670827746391
0.698507905006
0.665268182755
0.667568802834
0.680512905121
0.670619487762
0.669773161411
0.653387367725
0.657157480717
0.673844695091
0.663225352764
0.664880096912
0.716737627983
0.657076120377
0.670700132847
0.661077737808
0.671685218811
0.658248305321
0.655203938484
0.661906003952
0.66956192255
0.63607686758
0.673964500427
0.656627655029
0.669480323792
0.655059695244
0.669013917446
0.678347110748
0.681913554668
0.656904399395
0.659493505955
0.680817842484
0.669292032719
0.668849289417
0.680051803589
0.678819596767
0.668037950993
0.677509665489
0.689598739147
0.663479983807
0.671044766903
0.669599831104
0.683354020119
0.655279934406
0.669032394886
0.66403824091
0.676423966885
0.672665655613
0.64827299118
0.663890659809
0.65799933672
0.659693479538
0.659362792969
0.664774954319
0.674866914749
0.647448301315
0.670914232731
0.657965660095
0.653511822224
0.678394794464
0.705511868
0.646414935589
0.675809085369
0.650558233261
0.687623560429
0.668266355991
0.657217383385
0.676318526268
0.656943619251
0.663788437843
0.659339249134
0.68069088459
0.645781636238
0.669757008553
0.662349522114
0.670534908772
0.648676753044
0.671968758106
0.673101365566
0.660344421864
0.663714170456
0.650425434113
0.661194264889
0.673981308937
0.663563191891
0.652774393559
0.668416917324
0.655311226845
0.669205963612
0.684790432453
0.659607291222
0.655558764935
0.675390899181
0.647870779037
0.661580741405
0.651889383793
0.655191838741
0.65952205658
0.655338466167
0.684188902378
0.659301638603
0.654718995094
0.65786677599
0.671048045158
0.687673449516
0.666399419308
0.65427750349
0.666328072548
0.674050688744
0.650309205055
0.666116535664
0.649465024471
0.666713953018
0.668469667435
0.674976825714
0.644158244133
0.653109669685
0.650024473667
0.670545458794
0.647535800934
0.659109592438
0.651691436768
0.664545297623
0.654649913311
0.635991811752
0.645543813705
0.662411928177
0.643608152866
0.661557555199
0.65298473835
0.629638552666
0.658257901669
0.649843335152
0.661498725414
0.665415525436
0.665370047092
0.656778156757
0.63869035244
0.699207901955
0.660628139973
0.667549371719
0.65699082613
0.632636070251
0.653360962868
0.656266510487
0.650004148483
0.650268793106
0.654266476631
0.654774606228
0.661648333073
0.655346214771
0.65891546011
0.653731107712
0.644287824631
0.647049188614
0.653517186642
0.667586386204
0.64330214262
0.659672737122
0.65839189291
0.660109937191
0.67212331295
0.658918857574
0.648284316063
0.657219290733
0.671399533749
0.655053138733
0.648201227188
0.640716850758
0.666844904423
0.656323969364
0.681491136551
0.645651340485
0.657479703426
0.677853703499
0.662965476513
0.661191165447
0.660521268845
0.654758214951
0.652191758156
0.640970230103
0.656767964363
0.66642588377
0.660486936569
0.648384034634
0.654170811176
0.655630588531
0.657155871391
0.675058186054
0.646685659885
0.657483637333
0.641510426998
0.663779675961
0.641089737415
0.664448797703
0.663046181202
0.652540028095
0.676851451397
0.660407364368
0.684679448605
0.642126917839
0.664566278458
0.657158076763
0.655831694603
0.656547904015
0.644159257412
0.655344605446
0.662495672703
0.659007966518
0.660514771938
0.630720198154
0.658158779144
0.649866342545
0.64666479826
0.669499218464
0.659766495228
0.646924078465
0.653269648552
0.669882714748
0.638410925865
0.65357530117
0.653537511826
0.656414926052
0.650237798691
0.659875631332
0.647559642792
0.656192600727
0.664431631565
0.653864860535
0.664569973946
0.665037274361
0.649484157562
0.653081536293
0.658820688725
0.680177867413
0.654608309269
0.652871906757
0.671483695507
0.644320309162
0.64866733551
0.663551688194
0.65965294838
0.664448201656
0.676855742931
0.654387414455
0.645960092545
0.649604916573
0.666968345642
0.652860999107
0.668200969696
0.665788292885
0.650905013084
0.643267154694
0.641599357128
0.671404480934
0.649069428444
0.658587813377
0.657885491848
0.644755721092
0.676963567734
0.663101315498
0.64309412241
0.645284712315
0.644571959972
0.66102296114
0.660220265388
0.64005947113
0.660535216331
0.657815754414
0.656571865082
0.660999596119
0.634532868862
0.649631381035
0.64217710495
0.641657412052
0.657231628895
0.631909310818
0.657692074776
0.653476536274
0.663023114204
0.678955078125
0.684315741062
0.660435497761
0.645731925964
0.650392830372
0.668250918388
0.689813911915
