0.700335681438
0.641000509262
0.618273496628
0.581654071808
0.559129238129
0.541087031364
0.521815359592
0.502754151821
0.481953144073
0.472069352865
0.442948430777
0.459782004356
0.438571125269
0.431264579296
0.4063141644
0.399385988712
0.401529163122
0.383056789637
0.419647574425
0.352848321199
0.348088473082
0.372013658285
0.34534907341
0.338144510984
0.332465618849
0.309543401003
0.320646494627
0.326238572598
0.289077162743
0.304491847754
0.287028491497
0.301211833954
0.275073945522
0.299218535423
0.289053112268
0.239469215274
0.244578182697
0.268051505089
0.243734151125
0.249839544296
0.260592132807
0.256621301174
0.236240848899
0.233609810472
0.253490656614
0.225243240595
0.27062857151
0.217860266566
0.217869758606
0.199885964394
0.240452110767
0.234190315008
0.238992422819
0.196953132749
0.223367199302
0.236018210649
0.254750907421
0.210868746042
0.20881998539
0.187226906419
0.214915469289
0.203251838684
0.200467556715
0.176757141948
0.18986697495
0.200669303536
0.182232663035
0.195377364755
0.208650708199
0.196704030037
0.18791128695
0.207024812698
0.167722895741
0.206697151065
0.188849255443
0.198621794581
0.218925252557
0.186399921775
0.170622631907
0.165395855904
0.239227965474
0.180521637201
0.209064498544
0.198076874018
0.173070520163
0.197099223733
0.170654922724
0.176078468561
0.209411948919
0.209191188216
0.166965469718
0.180858254433
0.182317554951
0.186225816607
0.201956927776
0.198894560337
0.205287128687
0.202797219157
0.1800814569
0.175045624375
0.183804407716
0.173796713352
0.182955294847
0.181297913194
0.150346577168
0.14453214407
0.176697596908
0.156799003482
0.190521255136
0.161972224712
0.18259973824
0.211309075356
0.180878728628
0.153262987733
0.156722575426
0.149697035551
0.165684059262
0.196118205786
0.165710449219
0.16572958231
0.155990377069
0.171678900719
0.170441657305
0.188171908259
0.149744570255
0.165833666921
0.153786197305
0.128651842475
0.178895458579
0.14950235188
0.183055520058
0.156904831529
0.148623660207
0.17718051374
0.168310418725
0.150004088879
0.163825333118
0.130742713809
0.181115016341
0.152099519968
0.126950129867
0.141162931919
0.150137588382
0.145660802722
0.134555891156
0.127532526851
0.149614393711
0.145176067948
0.118483290076
0.121709346771
0.133025810122
0.15375046432
0.166246801615
0.151847913861
0.124102286994
0.126938521862
0.135831817985
0.123687706888
0.141265168786
0.136272698641
0.124619960785
0.124984666705
0.134227588773
0.115148350596
0.127851471305
0.12767983973
0.120396740735
0.117611132562
0.123602166772
0.151083543897
0.162205547094
0.108408562839
0.113843537867
0.13016462326
0.157913118601
0.115964449942
0.110527411103
0.115013301373
0.141315683722
0.145144015551
0.12290943414
0.142509847879
0.0963171795011
0.127510771155
0.117630898952
0.137921094894
0.106259837747
0.13592132926
0.109225928783
0.144068494439
0.111411251128
0.162631317973
0.119583651423
0.123950436711
0.135035514832
0.161074995995
0.155452340841
0.150114253163
0.111881360412
0.0850180536509
0.106393367052
0.13436922431
0.124795436859
0.136664330959
0.137685775757
0.124232910573
0.106135264039
0.138384521008
0.0989910215139
0.142141595483
0.119733653963
0.092428214848
0.123957432806
0.123035281897
0.116301365197
0.121508613229
0.108693808317
0.0955811738968
0.143974244595
0.145501688123
0.13066855073
0.118618354201
0.102887399495
0.135694295168
0.0761616304517
0.122611388564
0.0860524177551
0.100106619298
0.139502033591
0.0994670987129
0.108576908708
0.104506410658
0.0795908868313
0.0726587250829
0.116166032851
0.114952877164
0.104200333357
0.109200455248
0.0870934724808
0.0813689827919
0.0970571786165
0.130565211177
0.0948175415397
0.0811952576041
0.104889117181
0.122538991272
0.122159950435
0.0916098430753
0.0971598774195
0.11283609271
0.0714618563652
0.113276787102
0.0708398446441
0.0803212076426
0.106290884316
0.10546554625
0.105374619365
0.0897924080491
0.102378502488
0.132311522961
0.0689766779542
0.0978167951107
0.0907233804464
0.120717138052
0.0786544978619
0.13467900455
0.10562377423
0.0950721800327
0.0992612689734
0.110364988446
0.0964369624853
0.0494934506714
0.113482221961
0.0945183560252
0.107780076563
0.0988351926208
0.123814426363
0.0910349190235
0.0692689865828
0.0738722532988
0.0715953186154
0.074128434062
0.0990151837468
0.0854227170348
0.0991560667753
0.0926119014621
0.0591410622001
0.0616265796125
0.0527090020478
0.0980456024408
0.0659899637103
0.106675952673
0.0869314968586
0.127290070057
0.0898374766111
0.0597885213792
0.129667565227
0.072761811316
0.0710056722164
0.0572560615838
0.0573423914611
0.0680142715573
0.0939947888255
0.0732742026448
0.0741845071316
0.0410939827561
0.0502970330417
0.133124783635
0.0848794728518
0.0721707120538
0.07745026052
0.079138442874
0.121412977576
0.0736771300435
0.0466387942433
0.0927749201655
0.0488950014114
0.0480284765363
0.0633456259966
0.0591693408787
0.0716090202332
0.0863971412182
0.0391393341124
0.0585310384631
0.0879742950201
0.0931749492884
0.0862663462758
0.0456710346043
0.113188624382
0.129107385874
0.0699959695339
0.0967874974012
0.0783984139562
0.0987287759781
0.0905454009771
0.103041380644
0.0519243106246
0.119977772236
0.0672550722957
0.0771213844419
0.0631028786302
0.0471600368619
0.0435575246811
0.0972300991416
0.0811516270041
0.111902572215
0.0904948934913
0.0779694467783
0.0968001037836
0.0730632990599
0.0689999684691
0.0620259046555
0.0721903294325
0.0753617137671
0.0725487396121
0.0749993100762
0.0485704578459
0.0530094616115
0.0670285001397
0.0688315331936
0.107863098383
0.0534312166274
0.0988775193691
0.0608720779419
0.060648009181
0.0986092239618
0.0497259050608
0.0643531307578
0.0929589495063
0.045040268451
0.036125279963
0.0565070845187
0.0778897702694
0.0596117824316
0.0393373072147
0.0685706362128
0.104170560837
0.0698221698403
0.0431379117072
0.0531935431063
0.035995349288
0.062894038856
0.0506347604096
0.051331743598
0.050379306078
0.0670278742909
0.0464867390692
0.0797229036689
0.116494953632
0.073164626956
0.052479442209
0.0396592728794
0.0824595913291
0.0472786799073
0.0394403263927
0.0479750931263
0.0422708168626
0.116706937551
0.0554121918976
0.0509328767657
0.0750740244985
0.0580125674605
0.0371738485992
0.0504819266498
0.0669677853584
0.0574203804135
0.0380520895123
0.0561040006578
0.0684257075191
0.0321400687099
0.0448891296983
0.0474451854825
0.155575409532
0.0725936517119
0.0556388758123
0.0669211894274
0.0980870872736
0.0600735470653
0.0695165246725
0.0638649240136
0.0640159398317
0.0866664424539
0.0477079860866
0.101104930043
0.0623713806272
0.0417055822909
0.106642268598
0.0406821258366
0.0741988644004
0.0529003478587
0.0447739772499
0.0688031613827
0.0339769087732
0.0409600175917
0.062650591135
0.0621411688626
0.0565148182213
0.0503714308143
0.068013317883
0.0442899651825
0.0633798539639
0.0645928382874
0.0324673727155
0.0319668985903
0.0703904554248
0.0418222025037
0.053303424269
0.0953555777669
0.0483057573438
0.0327268280089
0.0374818667769
0.0731395408511
0.0458891317248
0.0744668096304
0.063307158649
0.0576852187514
0.0400383323431
0.0622274391353
0.0300167873502
0.0635121613741
0.0695565268397
0.0545878708363
0.0525464676321
0.0848121643066
0.0677256435156
0.0517651550472
0.0392412059009
0.0402326248586
0.0655027702451
0.062605433166
0.0876540988684
0.0535943955183
0.040886990726
0.108949206769
0.0684984922409
0.0690737739205
0.0423935167491
0.04412028566
0.0558227859437
0.0518800020218
0.0611149668694
0.0796980038285
0.0477214902639
0.0624548196793
0.0692938119173
0.0456054359674
0.0350214615464
0.0657786950469
0.0292167626321
0.0674975067377
0.0700065866113
0.0942289084196
0.0356584861875
0.0437158569694
0.0459039285779
0.034760478884
0.0328282564878
0.0509479045868
0.0818643346429
0.0424992628396
0.0700826719403
0.0655342042446
0.0512145422399
0.0751094296575
0.0630978420377
0.110389143229
0.0366726703942
0.051551990211
0.0523086041212
0.104861311615
0.0436738878489
0.0609700456262
0.0699298083782
0.0400708392262
0.0877105891705
0.0665306523442
0.0492070131004
0.0590044260025
0.0442445799708
0.0938730090857
0.0583927519619
0.0414682254195
0.0515471324325
0.0794538483024
0.0546706095338
0.0528795719147
0.0417999997735
0.105805233121
0.0702471733093
0.0553134456277
0.0447078160942
0.0430736541748
0.0606285557151
0.0747896358371
0.0769229307771
0.0473846010864
0.0576027669013
0.0644020661712
0.0487433820963
0.0505128912628
0.0711996033788
0.043700221926
0.0378879457712
0.0484995208681
0.0436045378447
0.0558156445622
0.044984087348
0.0412325933576
0.0553658045828
0.0442806147039
0.0448268800974
0.0528453961015
0.0953935012221
0.0483269989491
0.0687405094504
0.108956776559
0.0385271012783
0.0653097629547
0.0508645959198
0.0463756248355
0.0438535287976
0.0419695749879
0.0324757024646
0.041511181742
0.0460546165705
0.0476942658424
0.0321709178388
0.0379786193371
0.0742000639439
0.0455193780363
0.0450910367072
0.0431411080062
0.0501009747386
0.0348410382867
0.0626203641295
0.0497388057411
0.064083725214
0.0357415117323
0.109113194048
0.0286172777414
0.0313983522356
0.0492663607001
0.0347636565566
0.0732027217746
0.108072556555
0.0453734435141
0.0567237995565
0.0641165003181
0.062192838639
0.0636725798249
0.0456493198872
0.0523035824299
0.0684954971075
0.0559183433652
0.0698197260499
0.0413333624601
0.0330032482743
0.0480281189084
0.0900065749884
0.0755543336272
0.0659312903881
0.0296179801226
0.0910294353962
0.0501689314842
0.0617911368608
0.0393875464797
0.0556955672801
0.071508474648
0.0327935889363
0.0379600785673
0.0437698960304
0.0427063032985
0.0623822696507
0.091930270195
0.0586180649698
0.0855353176594
0.0460274778306
0.0379986725748
0.0379263274372
0.0777044668794
0.0427919328213
0.0690863355994
0.0640655308962
0.0711045488715
0.026609512046
0.064967893064
0.075608715415
0.0528389550745
0.0634268447757
0.102611549199
0.0351152867079
0.0480154827237
0.04736212641
0.0413903668523
0.0708690956235
0.0553447268903
0.0527819879353
0.0495006106794
0.0467216894031
0.053179718554
0.0264852903783
0.0490270107985
0.0308333467692
0.041390735656
0.0953217968345
0.0269635356963
0.0336937196553
0.0409990921617
0.0514353588223
0.0390290766954
0.0468035191298
0.0377956628799
0.0921029224992
0.0373580157757
0.0478971898556
0.0511604882777
0.0623779222369
0.0545176193118
0.0655550807714
0.0562301166356
0.0407196693122
0.0354403555393
0.0519679151475
0.0476745702326
0.0368667319417
0.0460825115442
0.036071434617
0.0547989681363
0.0434264577925
0.0586857832968
0.0471908524632
0.0343991294503
0.0288555473089
0.0508565194905
0.0402246676385
0.0429177619517
0.032230373472
0.0545861683786
0.0506240986288
0.0342297032475
0.0312319360673
0.045129943639
0.0366347953677
0.0864629298449
0.0372138358653
0.0329507961869
0.0459052883089
0.0662492886186
0.0460384748876
0.0361056737602
0.0458038747311
0.0467697419226
0.0344662517309
0.0439328253269
0.0438623651862
0.0385152585804
0.027723075822
0.0384687110782
0.0513953976333
0.0546871200204
0.0567281320691
0.0483024567366
0.0466634295881
0.0421751923859
0.0372530817986
0.0450901500881
0.0797741040587
0.0282231438905
0.0384834297001
0.0458055362105
0.0594540387392
0.0464536808431
0.0450895689428
0.0576741099358
0.0377000793815
0.0791645944118
0.0338362716138
0.043442171067
0.038514290005
0.0316986851394
0.0658183842897
0.0351126343012
0.0352894961834
0.0476187355816
0.0386961996555
0.0344350710511
0.0470553524792
0.0491845011711
0.0372866690159
0.053448792547
0.0888351649046
0.0549821071327
0.0519107989967
0.0328370593488
0.0805496200919
0.0590954236686
0.0304052680731
0.0457238443196
0.0396971106529
0.0421132035553
0.0741086155176
0.0642432123423
0.0406027808785
0.0471895970404
0.0625596493483
0.0517053231597
0.0583489947021
0.0559242330492
0.0358898080885
0.0433567129076
0.0377781838179
0.0352889373899
0.0642357841134
0.0300794672221
0.0315999425948
0.0314460247755
0.0388803817332
0.0439410433173
0.0420666858554
0.0592277534306
0.0331751480699
0.0300380457193
0.0497924089432
0.0550562404096
0.0331164039671
0.0339613929391
0.0546245314181
0.0471009425819
0.0502909459174
0.0454115569592
0.0459390319884
0.0294552966952
0.0527213215828
0.0525573641062
0.0495536476374
0.0570292212069
0.0506314970553
0.0270951874554
0.0603792518377
0.0541641153395
0.0377987846732
0.0687419101596
0.0333357192576
0.0313626229763
0.0270977281034
0.0608755424619
0.0518381074071
0.0549871399999
0.0534982345998
0.0365593098104
0.036925598979
0.0493437573314
0.0667178183794
0.0494694970548
0.053880892694
0.0466266721487
0.0371995940804
0.0322971642017
0.0438208989799
0.0402090288699
